2014-06-08 09:50:01+02;1569
2014-06-09 00:02:01+02;1599
2014-06-09 06:14:01+02;1589
2014-06-09 11:58:01+02;1569
2014-06-09 16:50:01+02;1599
2014-06-10 05:22:01+02;1529
2014-06-10 09:46:01+02;1509
2014-06-10 16:50:01+02;1569
2014-06-11 05:14:01+02;1509
2014-06-11 08:54:01+02;1499
2014-06-11 16:46:01+02;1579
2014-06-12 05:42:01+02;1509
2014-06-12 09:22:01+02;1499
2014-06-12 16:50:01+02;1599
2014-06-13 07:18:01+02;1559
2014-06-13 09:14:01+02;1549
2014-06-13 16:50:01+02;1609
2014-06-14 05:54:01+02;1569
2014-06-14 12:42:01+02;1529
2014-06-14 16:46:01+02;1599
2014-06-15 16:50:01+02;1629
2014-06-16 05:14:01+02;1579
2014-06-16 12:50:01+02;1549
2014-06-16 16:46:01+02;1609
2014-06-17 05:26:01+02;1589
2014-06-17 08:34:02+02;1539
2014-06-17 16:50:01+02;1599
2014-06-18 05:30:01+02;1579
2014-06-18 09:46:01+02;1539
2014-06-19 03:50:01+02;1609
2014-06-19 09:10:01+02;1539
2014-06-19 16:50:01+02;1609
2014-06-20 05:30:01+02;1589
2014-06-20 09:34:01+02;1549
2014-06-20 16:46:01+02;1609
2014-06-21 06:46:01+02;1599
2014-06-21 09:06:01+02;1549
2014-06-21 16:46:01+02;1609
2014-06-22 16:50:01+02;1639
2014-06-23 02:30:01+02;1619
2014-06-23 05:34:01+02;1589
2014-06-23 09:50:01+02;1559
2014-06-24 03:38:01+02;1619
2014-06-24 05:10:01+02;1579
2014-06-24 10:10:01+02;1569
2014-06-24 16:50:01+02;1629
2014-06-25 01:06:01+02;1619
2014-06-25 05:18:01+02;1599
2014-06-25 05:30:01+02;1599
2014-06-25 10:10:01+02;1569
2014-06-25 16:46:01+02;1629
2014-06-26 01:06:01+02;1619
2014-06-26 05:22:01+02;1609
2014-06-26 08:34:01+02;1559
2014-06-26 16:50:01+02;1619
2014-06-27 05:38:01+02;1589
2014-06-27 11:02:01+02;1559
2014-06-28 04:22:01+02;1619
2014-06-28 09:38:01+02;1559
2014-06-28 12:34:01+02;1549
2014-06-28 16:50:01+02;1609
2014-06-29 05:54:01+02;1569
2014-06-29 16:50:01+02;1629
2014-06-30 01:02:01+02;1619
2014-06-30 09:22:01+02;1589
2014-06-30 10:26:01+02;1549
2014-06-30 16:50:01+02;1609
2014-07-01 06:54:01+02;1599
2014-07-01 10:18:01+02;1549
2014-07-01 16:50:01+02;1609
2014-07-02 06:02:01+02;1599
2014-07-02 08:54:01+02;1549
2014-07-02 16:46:01+02;1609
2014-07-03 05:06:01+02;1599
2014-07-03 09:26:01+02;1559
2014-07-03 16:50:01+02;1619
2014-07-04 02:06:01+02;1609
2014-07-04 05:26:01+02;1599
2014-07-04 09:42:01+02;1559
2014-07-04 16:50:01+02;1619
2014-07-05 00:58:01+02;1609
2014-07-05 05:46:01+02;1609
2014-07-05 09:34:01+02;1559
2014-07-05 16:50:01+02;1619
2014-07-06 01:06:01+02;1609
2014-07-06 08:38:01+02;1569
2014-07-06 16:50:01+02;1629
2014-07-07 01:06:01+02;1609
2014-07-07 05:30:01+02;1589
2014-07-07 09:30:01+02;1549
2014-07-08 04:30:01+02;1609
2014-07-08 05:14:01+02;1579
2014-07-08 09:58:01+02;1539
2014-07-08 16:50:01+02;1599
2014-07-09 05:14:01+02;1569
2014-07-09 10:06:01+02;1519
2014-07-09 16:50:01+02;1599
2014-07-10 05:14:01+02;1589
2014-07-10 09:26:01+02;1539
2014-07-10 16:50:01+02;1599
2014-07-11 05:34:01+02;1579
2014-07-11 09:18:01+02;1539
2014-07-11 16:50:01+02;1599
2014-07-12 03:54:01+02;1589
2014-07-12 05:30:01+02;1589
2014-07-12 09:26:01+02;1539
2014-07-12 16:50:01+02;1599
2014-07-13 05:58:01+02;1549
2014-07-13 16:50:01+02;1609
2014-07-14 05:18:01+02;1549
2014-07-14 08:42:01+02;1529
2014-07-14 16:50:01+02;1589
2014-07-15 05:18:01+02;1579
2014-07-15 09:26:01+02;1539
2014-07-15 16:50:01+02;1599
2014-07-16 05:18:01+02;1549
2014-07-16 08:42:01+02;1519
2014-07-16 16:50:01+02;1579
2014-07-17 08:42:01+02;1569
2014-07-17 09:38:01+02;1539
2014-07-17 16:50:01+02;1599
2014-07-18 05:22:01+02;1579
2014-07-18 09:26:01+02;1529
2014-07-18 16:50:01+02;1589
2014-07-19 02:54:01+02;1529
2014-07-19 10:22:01+02;1509
2014-07-19 16:46:01+02;1569
2014-07-20 06:02:01+02;1519
2014-07-21 00:58:01+02;1579
2014-07-21 05:14:01+02;1529
2014-07-21 09:14:01+02;1509
2014-07-21 16:50:01+02;1579
2014-07-22 07:10:01+02;1569
2014-07-22 09:58:01+02;1519
2014-07-22 16:50:01+02;1579
2014-07-23 05:34:01+02;1569
2014-07-23 08:58:01+02;1509
2014-07-24 00:02:01+02;1579
2014-07-24 00:58:01+02;1579
2014-07-24 06:14:01+02;1569
2014-07-24 08:54:01+02;1509
2014-07-24 16:50:01+02;1579
2014-07-25 05:30:01+02;1559
2014-07-25 08:54:01+02;1519
2014-07-26 01:06:01+02;1579
2014-07-26 05:18:01+02;1519
2014-07-26 16:50:01+02;1579
2014-07-27 06:26:01+02;1529
2014-07-27 16:50:01+02;1589
2014-07-28 08:38:01+02;1569
2014-07-28 09:10:01+02;1519
2014-07-29 04:26:01+02;1579
2014-07-29 06:46:01+02;1569
2014-07-29 10:06:01+02;1509
2014-07-29 16:50:01+02;1579
2014-07-30 05:58:01+02;1559
2014-07-30 06:02:01+02;1549
2014-07-30 09:38:01+02;1509
2014-07-30 16:50:01+02;1579
2014-07-31 01:58:01+02;1579
2014-07-31 05:14:01+02;1569
2014-07-31 09:50:01+02;1519
2014-07-31 16:50:01+02;1579
2014-08-01 00:54:01+02;1579
2014-08-01 05:10:01+02;1559
2014-08-01 09:54:01+02;1529
2014-08-01 16:50:01+02;1589
2014-08-02 02:54:01+02;1579
2014-08-02 05:46:01+02;1579
2014-08-02 08:18:01+02;1519
2014-08-02 16:50:01+02;1579
2014-08-03 05:54:01+02;1529
2014-08-03 16:50:01+02;1589
2014-08-04 05:22:01+02;1539
2014-08-04 09:02:01+02;1519
2014-08-04 16:50:01+02;1579
2014-08-05 13:58:01+02;1569
2014-08-05 15:02:01+02;1509
2014-08-05 22:50:01+02;1569
2014-08-06 11:10:01+02;1569
2014-08-06 11:50:01+02;1549
2014-08-06 15:06:01+02;1509
2014-08-06 22:50:01+02;1569
2014-08-07 09:58:01+02;1559
2014-08-07 11:54:01+02;1529
2014-08-07 14:54:01+02;1509
2014-08-08 07:46:01+02;1569
2014-08-08 11:30:01+02;1549
2014-08-08 16:06:01+02;1499
2014-08-09 07:54:01+02;1569
2014-08-09 09:10:01+02;1569
2014-08-09 11:10:01+02;1549
2014-08-09 14:02:01+02;1539
2014-08-09 14:10:01+02;1509
2014-08-09 22:50:01+02;1569
2014-08-10 09:54:01+02;1519
2014-08-11 09:30:01+02;1579
2014-08-11 09:58:01+02;1579
2014-08-11 11:18:01+02;1539
2014-08-11 11:30:01+02;1539
2014-08-11 17:54:01+02;1529
2014-08-11 22:54:01+02;1589
2014-08-12 06:58:01+02;1579
2014-08-12 11:14:01+02;1549
2014-08-12 15:22:01+02;1519
2014-08-12 22:46:01+02;1579
2014-08-13 11:50:01+02;1549
2014-08-13 16:22:01+02;1499
2014-08-13 22:50:01+02;1559
2014-08-14 11:18:01+02;1529
2014-08-14 16:18:01+02;1499
2014-08-14 22:50:01+02;1559
2014-08-15 11:30:01+02;1549
2014-08-15 15:10:01+02;1509
2014-08-15 22:50:01+02;1569
2014-08-16 08:54:01+02;1559
2014-08-16 15:34:01+02;1509
2014-08-16 22:50:01+02;1569
2014-08-17 08:50:01+02;1509
2014-08-17 22:50:01+02;1569
2014-08-18 11:14:01+02;1559
2014-08-18 15:10:01+02;1489
2014-08-18 22:50:01+02;1559
2014-08-19 11:18:01+02;1549
2014-08-19 15:22:01+02;1509
2014-08-19 22:50:01+02;1569
2014-08-20 11:34:01+02;1559
2014-08-20 11:46:01+02;1559
2014-08-20 15:02:01+02;1499
2014-08-20 22:50:01+02;1559
2014-08-21 11:34:01+02;1539
2014-08-21 15:10:01+02;1499
2014-08-21 22:50:01+02;1569
2014-08-22 11:22:01+02;1559
2014-08-22 13:58:01+02;1539
2014-08-22 14:54:01+02;1499
2014-08-22 22:50:02+02;1569
2014-08-23 11:22:01+02;1559
2014-08-23 14:34:01+02;1499
2014-08-23 22:50:01+02;1569
2014-08-24 22:50:01+02;1599
2014-08-25 11:18:01+02;1549
2014-08-25 15:26:01+02;1509
2014-08-25 22:50:01+02;1579
2014-08-26 11:10:01+02;1559
2014-08-26 14:50:01+02;1519
2014-08-26 22:18:01+02;1579
2014-08-27 11:26:01+02;1559
2014-08-27 15:34:01+02;1519
2014-08-27 22:50:01+02;1579
2014-08-28 11:22:01+02;1519
2014-08-28 22:50:01+02;1579
2014-08-29 11:30:01+02;1559
2014-08-29 15:58:01+02;1519
2014-08-29 22:50:01+02;1579
2014-08-30 08:18:01+02;1519
2014-08-30 22:50:01+02;1579
2014-08-31 08:50:01+02;1519
2014-08-31 22:50:01+02;1579
2014-09-01 11:38:01+02;1559
2014-09-01 15:02:01+02;1519
2014-09-01 22:50:01+02;1579
2014-09-02 11:30:01+02;1559
2014-09-02 15:22:01+02;1509
2014-09-02 22:50:01+02;1579
2014-09-03 11:14:01+02;1529
2014-09-03 15:18:01+02;1509
2014-09-03 22:50:01+02;1579
2014-09-04 11:18:01+02;1509
2014-09-04 22:50:01+02;1579
2014-09-05 09:46:01+02;1579
2014-09-05 11:10:01+02;1559
2014-09-05 17:02:01+02;1519
2014-09-05 22:54:01+02;1599
2014-09-06 08:14:01+02;1569
2014-09-06 10:58:01+02;1569
2014-09-06 11:18:01+02;1559
2014-09-06 14:02:01+02;1519
2014-09-06 22:50:01+02;1589
2014-09-07 08:54:01+02;1519
2014-09-07 22:50:01+02;1589
2014-09-08 08:42:01+02;1569
2014-09-08 11:18:01+02;1559
2014-09-08 15:06:01+02;1529
2014-09-08 22:50:01+02;1589
2014-09-09 11:14:01+02;1579
2014-09-09 14:54:01+02;1519
2014-09-09 22:50:01+02;1579
2014-09-10 08:14:01+02;1569
2014-09-10 11:18:01+02;1559
2014-09-10 15:02:01+02;1519
2014-09-10 22:46:01+02;1589
2014-09-11 11:26:01+02;1559
2014-09-11 15:26:01+02;1519
2014-09-11 22:50:01+02;1579
2014-09-12 11:26:01+02;1559
2014-09-12 15:02:01+02;1529
2014-09-12 22:50:01+02;1589
2014-09-13 09:22:01+02;1579
2014-09-13 11:26:01+02;1569
2014-09-13 14:58:01+02;1519
2014-09-13 22:50:01+02;1579
2014-09-14 09:30:01+02;1579
2014-09-14 18:30:01+02;1559
2014-09-14 22:50:01+02;1609
2014-09-15 11:10:01+02;1559
2014-09-15 15:10:01+02;1539
2014-09-15 22:50:01+02;1599
2014-09-16 06:54:01+02;1589
2014-09-16 11:18:01+02;1579
2014-09-16 14:54:01+02;1519
2014-09-16 22:50:01+02;1579
2014-09-17 11:22:01+02;1579
2014-09-17 16:22:01+02;1529
2014-09-17 22:50:01+02;1589
2014-09-18 11:46:01+02;1579
2014-09-18 15:14:01+02;1509
2014-09-18 22:50:01+02;1569
2014-09-19 09:34:01+02;1509
2014-09-19 15:46:01+02;1499
2014-09-19 22:50:01+02;1569
2014-09-20 11:14:01+02;1519
2014-09-20 15:30:01+02;1509
2014-09-20 22:50:01+02;1569
2014-09-21 22:50:01+02;1599
2014-09-22 06:50:01+02;1589
2014-09-22 11:26:01+02;1559
2014-09-22 14:58:01+02;1519
2014-09-22 22:50:01+02;1579
2014-09-23 11:14:01+02;1569
2014-09-23 14:42:01+02;1519
2014-09-23 22:50:01+02;1579
2014-09-24 11:54:01+02;1559
2014-09-24 15:14:01+02;1519
2014-09-24 22:50:01+02;1579
2014-09-25 08:38:01+02;1569
2014-09-25 11:18:01+02;1559
2014-09-25 14:50:01+02;1509
2014-09-25 22:50:01+02;1569
2014-09-26 12:02:01+02;1559
2014-09-26 15:06:01+02;1509
2014-09-26 22:50:01+02;1569
2014-09-27 11:14:01+02;1559
2014-09-27 15:02:01+02;1519
2014-09-27 22:50:01+02;1579
2014-09-28 22:50:01+02;1599
2014-09-29 06:54:01+02;1579
2014-09-29 11:14:01+02;1559
2014-09-29 14:30:01+02;1539
2014-09-29 22:50:01+02;1599
2014-09-30 06:58:01+02;1579
2014-09-30 11:10:01+02;1559
2014-09-30 13:54:01+02;1559
2014-09-30 15:06:01+02;1509
2014-09-30 22:50:01+02;1569
2014-10-01 11:14:01+02;1549
2014-10-01 15:26:01+02;1519
2014-10-01 22:50:02+02;1579
2014-10-02 09:34:01+02;1569
2014-10-02 11:10:01+02;1569
2014-10-02 14:50:01+02;1529
2014-10-02 22:50:01+02;1589
2014-10-03 06:54:01+02;1579
2014-10-03 09:34:01+02;1579
2014-10-03 22:50:01+02;1609
2014-10-04 06:54:01+02;1579
2014-10-04 10:34:01+02;1569
2014-10-04 11:30:01+02;1569
2014-10-04 14:14:01+02;1519
2014-10-04 22:50:01+02;1579
2014-10-05 08:54:01+02;1519
2014-10-05 22:50:01+02;1579
2014-10-06 10:26:01+02;1579
2014-10-06 11:22:01+02;1549
2014-10-06 14:58:01+02;1499
2014-10-06 22:50:01+02;1569
2014-10-07 11:10:01+02;1539
2014-10-07 15:22:01+02;1499
2014-10-07 22:50:01+02;1569
2014-10-08 11:14:01+02;1559
2014-10-08 15:06:01+02;1499
2014-10-08 22:50:01+02;1569
2014-10-09 11:14:01+02;1499
2014-10-09 15:30:01+02;1489
2014-10-09 22:50:01+02;1549
2014-10-10 11:10:01+02;1529
2014-10-10 14:50:01+02;1499
2014-10-10 22:50:01+02;1559
2014-10-11 08:54:01+02;1549
2014-10-11 11:18:01+02;1529
2014-10-11 15:18:01+02;1529
2014-10-11 15:26:01+02;1499
2014-10-11 16:06:01+02;1499
2014-10-11 22:50:01+02;1559
2014-10-12 08:54:01+02;1529
2014-10-12 22:50:01+02;1569
2014-10-13 06:54:01+02;1559
2014-10-13 11:22:01+02;1539
2014-10-13 15:14:01+02;1499
2014-10-13 15:22:01+02;1489
2014-10-13 22:50:01+02;1549
2014-10-14 11:46:01+02;1529
2014-10-14 14:54:01+02;1489
2014-10-14 22:50:01+02;1549
2014-10-15 09:10:01+02;1539
2014-10-15 11:26:01+02;1529
2014-10-15 14:46:01+02;1479
2014-10-15 22:50:01+02;1519
2014-10-16 11:10:01+02;1519
2014-10-16 14:58:01+02;1479
2014-10-16 22:50:01+02;1499
2014-10-17 11:38:01+02;1499
2014-10-17 14:50:01+02;1459
2014-10-17 17:54:01+02;1449
2014-10-17 22:50:01+02;1499
2014-10-18 08:18:01+02;1459
2014-10-18 22:50:01+02;1499
2014-10-19 22:50:01+02;1499
2014-10-20 09:22:01+02;1499
2014-10-20 12:22:01+02;1469
2014-10-20 15:18:01+02;1449
2014-10-20 22:50:01+02;1499
2014-10-21 11:30:01+02;1479
2014-10-21 15:02:01+02;1449
2014-10-21 22:50:01+02;1499
2014-10-22 11:42:01+02;1489
2014-10-22 15:26:01+02;1449
2014-10-22 22:54:01+02;1499
2014-10-23 11:38:01+02;1479
2014-10-23 15:22:01+02;1439
2014-10-23 22:50:01+02;1499
2014-10-24 11:10:01+02;1489
2014-10-24 15:54:01+02;1449
2014-10-24 22:50:01+02;1499
2014-10-25 11:14:01+02;1479
2014-10-25 14:18:01+02;1459
2014-10-25 22:50:01+02;1509
2014-10-26 22:50:01+01;1509
2014-10-27 11:10:01+01;1479
2014-10-27 15:06:01+01;1449
2014-10-27 22:50:01+01;1509
2014-10-28 11:26:01+01;1479
2014-10-28 14:54:01+01;1449
2014-10-28 22:50:01+01;1509
2014-10-29 12:58:01+01;1479
2014-10-29 15:14:01+01;1449
2014-10-29 22:50:01+01;1509
2014-10-30 11:22:01+01;1479
2014-10-30 15:34:01+01;1449
2014-10-30 22:54:01+01;1509
2014-10-31 11:42:01+01;1479
2014-10-31 12:22:01+01;1449
2014-10-31 14:58:01+01;1449
2014-10-31 22:50:01+01;1509
2014-11-01 13:22:01+01;1449
2014-11-01 22:50:01+01;1509
2014-11-02 07:54:01+01;1449
2014-11-02 21:50:01+01;1509
2014-11-03 10:54:01+01;1489
2014-11-03 14:06:01+01;1439
2014-11-03 21:17:00+01;1439
2014-11-03 22:49:00+01;1499
2014-11-04 11:17:00+01;1469
2014-11-04 15:13:00+01;1449
2014-11-04 22:49:00+01;1509
2014-11-05 08:49:00+01;1429
2014-11-05 22:49:00+01;1489
2014-11-06 11:13:00+01;1479
2014-11-06 15:05:00+01;1429
2014-11-06 22:49:00+01;1489
2014-11-07 11:13:00+01;1479
2014-11-07 15:01:00+01;1449
2014-11-07 22:49:00+01;1509
2014-11-08 08:21:00+01;1449
2014-11-08 16:01:00+01;1429
2014-11-08 22:49:00+01;1499
2014-11-09 08:53:00+01;1449
2014-11-09 22:49:00+01;1509
2014-11-10 11:29:00+01;1469
2014-11-10 15:37:00+01;1429
2014-11-10 22:49:00+01;1499
2014-11-11 11:17:00+01;1499
2014-11-11 15:09:00+01;1459
2014-11-11 22:49:00+01;1519
2014-11-12 06:53:00+01;1509
2014-11-12 11:21:00+01;1479
2014-11-12 14:57:00+01;1409
2014-11-12 22:49:00+01;1489
2014-11-13 11:13:00+01;1459
2014-11-13 14:57:00+01;1439
2014-11-13 22:49:00+01;1499
2014-11-14 11:17:00+01;1479
2014-11-14 14:05:00+01;1409
2014-11-14 22:49:00+01;1489
2014-11-15 08:21:00+01;1409
2014-11-15 15:45:00+01;1399
2014-11-15 22:49:00+01;1489
2014-11-16 09:53:00+01;1409
2014-11-16 16:01:00+01;1389
2014-11-16 22:45:00+01;1489
2014-11-17 11:17:00+01;1449
2014-11-17 15:09:00+01;1409
2014-11-17 22:49:00+01;1489
2014-11-18 11:09:00+01;1449
2014-11-18 15:13:00+01;1409
2014-11-18 22:49:00+01;1479
2014-11-19 09:57:00+01;1459
2014-11-19 11:49:00+01;1459
2014-11-19 15:01:00+01;1429
2014-11-19 22:49:00+01;1489
2014-11-20 11:13:00+01;1429
2014-11-20 22:49:00+01;1489
2014-11-21 06:53:00+01;1479
2014-11-21 11:33:00+01;1459
2014-11-21 15:29:00+01;1419
2014-11-21 22:45:00+01;1479
2014-11-22 08:45:00+01;1419
2014-11-22 08:53:00+01;1419
2014-11-22 14:57:00+01;1409
2014-11-22 22:49:00+01;1479
2014-11-23 11:21:00+01;1419
2014-11-23 11:33:00+01;1409
2014-11-23 22:49:00+01;1479
2014-11-24 11:21:00+01;1459
2014-11-24 15:01:00+01;1419
2014-11-24 22:49:00+01;1479
2014-11-25 11:13:00+01;1459
2014-11-25 15:17:00+01;1409
2014-11-25 22:49:00+01;1479
2014-11-26 11:21:00+01;1449
2014-11-26 15:17:00+01;1399
2014-11-26 22:49:00+01;1469
2014-11-27 11:13:00+01;1459
2014-11-27 14:41:00+01;1379
2014-11-27 22:49:00+01;1459
2014-11-28 11:45:00+01;1439
2014-11-28 15:09:00+01;1389
2014-11-28 22:49:00+01;1449
2014-11-29 08:53:00+01;1389
2014-11-29 15:09:00+01;1389
2014-11-29 22:49:00+01;1449
2014-12-01 11:25:00+01;1389
2014-12-01 15:05:00+01;1379
2014-12-01 22:49:00+01;1439
2014-12-02 11:33:00+01;1419
2014-12-02 15:09:00+01;1359
2014-12-02 22:17:00+01;1419
2014-12-03 11:17:00+01;1399
2014-12-03 15:33:00+01;1379
2014-12-03 22:49:00+01;1429
2014-12-04 11:41:00+01;1379
2014-12-04 15:17:00+01;1349
2014-12-04 22:49:00+01;1409
2014-12-05 11:33:00+01;1399
2014-12-05 15:09:00+01;1359
2014-12-05 22:49:00+01;1419
2014-12-06 11:45:00+01;1409
2014-12-06 13:45:00+01;1359
2014-12-06 22:49:00+01;1419
2014-12-07 06:53:00+01;1409
2014-12-07 22:45:00+01;1419
2014-12-08 09:53:00+01;1409
2014-12-08 11:41:00+01;1399
2014-12-08 15:13:00+01;1359
2014-12-08 22:45:00+01;1419
2014-12-09 08:49:00+01;1409
2014-12-09 11:17:00+01;1399
2014-12-09 15:13:00+01;1339
2014-12-09 22:53:00+01;1399
2014-12-10 11:17:00+01;1379
2014-12-10 15:17:00+01;1329
2014-12-10 22:49:00+01;1389
2014-12-11 11:17:00+01;1379
2014-12-11 14:37:00+01;1339
2014-12-11 22:49:00+01;1389
2014-12-12 11:49:00+01;1369
2014-12-12 14:57:00+01;1319
2014-12-12 22:49:00+01;1379
2014-12-13 06:53:00+01;1369
2014-12-13 11:25:00+01;1359
2014-12-13 14:57:00+01;1319
2014-12-13 22:49:00+01;1379
2014-12-14 06:53:00+01;1369
2014-12-14 16:30:01+01;1369
2014-12-14 22:50:01+01;1379
2014-12-15 09:54:01+01;1369
2014-12-15 11:34:01+01;1349
2014-12-15 15:22:01+01;1299
2014-12-15 22:50:01+01;1359
2014-12-16 11:14:01+01;1339
2014-12-16 15:06:01+01;1309
2014-12-16 22:18:01+01;1369
2014-12-17 06:58:01+01;1359
2014-12-17 11:18:01+01;1309
2014-12-17 15:02:01+01;1299
2014-12-17 22:50:01+01;1339
2014-12-18 11:42:01+01;1319
2014-12-18 14:58:01+01;1289
2014-12-18 22:50:01+01;1349
2014-12-19 11:58:01+01;1319
2014-12-19 15:26:01+01;1289
2014-12-19 22:50:01+01;1349
2014-12-20 08:22:01+01;1289
2014-12-20 15:42:01+01;1269
2014-12-20 22:50:01+01;1339
2014-12-21 09:50:01+01;1289
2014-12-21 22:50:01+01;1349
2014-12-22 11:30:02+01;1309
2014-12-22 15:14:01+01;1269
2014-12-22 22:50:01+01;1329
2014-12-23 11:26:01+01;1309
2014-12-23 15:58:01+01;1259
2014-12-23 22:50:01+01;1319
2014-12-24 11:18:01+01;1279
2014-12-24 22:50:01+01;1339
2014-12-25 08:54:01+01;1319
2014-12-25 22:50:01+01;1349
2014-12-26 08:54:01+01;1319
2014-12-26 22:50:01+01;1349
2014-12-27 09:14:01+01;1319
2014-12-27 11:10:01+01;1299
2014-12-27 14:58:01+01;1269
2014-12-27 22:50:01+01;1329
2014-12-28 08:54:01+01;1269
2014-12-28 22:50:01+01;1329
2014-12-29 11:34:01+01;1309
2014-12-29 15:54:01+01;1269
2014-12-29 22:50:01+01;1329
2014-12-30 11:50:01+01;1299
2014-12-30 15:34:01+01;1269
2014-12-30 22:50:01+01;1329
2014-12-31 11:10:01+01;1309
2014-12-31 15:06:01+01;1269
2014-12-31 22:50:01+01;1329
2015-01-01 11:18:01+01;1269
2015-01-01 22:50:01+01;1329
2015-01-02 11:10:01+01;1319
2015-01-02 15:14:01+01;1259
2015-01-02 22:50:01+01;1319
2015-01-03 08:50:01+01;1259
2015-01-03 22:50:01+01;1319
2015-01-04 08:54:01+01;1259
2015-01-04 22:50:01+01;1319
2015-01-05 11:58:01+01;1309
2015-01-05 15:02:01+01;1249
2015-01-05 22:50:01+01;1309
2015-01-06 07:30:01+01;1309
2015-01-06 11:26:01+01;1279
2015-01-06 15:42:01+01;1259
2015-01-06 22:50:01+01;1319
2015-01-07 11:14:01+01;1309
2015-01-07 16:10:01+01;1259
2015-01-07 22:50:01+01;1319
2015-01-08 11:14:01+01;1299
2015-01-08 15:14:01+01;1259
2015-01-08 22:50:01+01;1319
2015-01-09 09:50:01+01;1309
2015-01-09 11:10:01+01;1299
2015-01-09 15:26:01+01;1259
2015-01-09 22:34:01+01;1319
2015-01-10 06:58:01+01;1299
2015-01-10 11:14:01+01;1299
2015-01-10 14:42:01+01;1249
2015-01-10 22:50:01+01;1309
2015-01-11 06:54:01+01;1299
2015-01-11 08:54:01+01;1249
2015-01-11 22:50:01+01;1309
2015-01-12 06:54:01+01;1299
2015-01-12 11:30:01+01;1299
2015-01-12 15:14:01+01;1239
2015-01-12 22:50:01+01;1299
2015-01-13 11:18:01+01;1289
2015-01-13 15:34:01+01;1249
2015-01-13 22:50:01+01;1309
2015-01-14 06:54:01+01;1289
2015-01-14 11:14:01+01;1289
2015-01-14 15:26:01+01;1229
2015-01-14 22:50:01+01;1289
2015-01-15 11:58:01+01;1269
2015-01-15 16:02:01+01;1259
2015-01-15 22:50:01+01;1309
2015-01-16 06:54:01+01;1299
2015-01-16 11:58:01+01;1289
2015-01-16 16:02:01+01;1249
2015-01-16 22:50:01+01;1309
2015-01-17 06:54:01+01;1289
2015-01-17 07:46:01+01;1249
2015-01-17 11:18:01+01;1249
2015-01-17 14:38:01+01;1239
2015-01-17 22:50:01+01;1299
2015-01-18 08:54:01+01;1239
2015-01-18 22:50:01+01;1299
2015-01-19 06:54:01+01;1289
2015-01-19 11:10:01+01;1279
2015-01-19 14:58:01+01;1229
2015-01-19 22:50:01+01;1299
2015-01-20 11:18:01+01;1279
2015-01-20 15:50:01+01;1229
2015-01-20 22:50:01+01;1299
2015-01-21 11:10:01+01;1279
2015-01-21 15:22:01+01;1229
2015-01-21 22:50:01+01;1299
2015-01-22 06:58:01+01;1289
2015-01-22 11:30:01+01;1239
2015-01-22 15:06:01+01;1219
2015-01-22 22:50:01+01;1299
2015-01-23 12:10:01+01;1259
2015-01-23 14:58:01+01;1229
2015-01-23 22:50:01+01;1289
2015-01-24 08:10:01+01;1229
2015-01-24 11:14:01+01;1229
2015-01-24 15:46:01+01;1209
2015-01-24 22:50:01+01;1299
2015-01-25 08:54:01+01;1229
2015-01-25 22:50:02+01;1299
2015-01-26 11:22:01+01;1229
2015-01-26 15:18:01+01;1209
2015-01-26 22:50:01+01;1299
2015-01-27 11:50:01+01;1249
2015-01-27 15:26:01+01;1209
2015-01-27 22:50:01+01;1299
2015-01-28 11:18:01+01;1269
2015-01-28 15:14:01+01;1229
2015-01-28 22:50:01+01;1289
2015-01-29 11:54:01+01;1289
2015-01-29 15:18:01+01;1239
2015-01-29 22:50:01+01;1309
2015-01-30 11:18:01+01;1279
2015-01-30 15:22:01+01;1239
2015-01-30 22:50:01+01;1299
2015-01-31 08:54:01+01;1239
2015-01-31 16:38:01+01;1229
2015-01-31 22:50:01+01;1309
2015-02-01 22:50:01+01;1339
2015-02-02 06:58:01+01;1319
2015-02-02 08:54:01+01;1309
2015-02-02 12:10:01+01;1289
2015-02-02 15:26:01+01;1259
2015-02-02 22:50:01+01;1319
2015-02-03 11:14:01+01;1289
2015-02-03 15:22:01+01;1269
2015-02-03 22:50:01+01;1359
2015-02-04 11:18:01+01;1299
2015-02-04 15:22:01+01;1279
2015-02-04 22:50:01+01;1369
2015-02-05 11:22:01+01;1339
2015-02-05 15:38:01+01;1289
2015-02-05 22:50:01+01;1359
2015-02-06 11:14:01+01;1309
2015-02-06 15:26:01+01;1269
2015-02-06 22:50:01+01;1359
2015-02-07 08:54:01+01;1279
2015-02-07 11:14:01+01;1269
2015-02-07 15:54:01+01;1259
2015-02-07 22:50:01+01;1369
2015-02-08 08:50:01+01;1279
2015-02-08 22:50:01+01;1369
2015-02-09 11:10:01+01;1329
2015-02-09 15:26:01+01;1279
2015-02-09 22:50:01+01;1369
2015-02-10 11:50:01+01;1309
2015-02-10 15:42:01+01;1269
2015-02-10 22:50:01+01;1379
2015-02-11 11:38:01+01;1309
2015-02-11 15:42:01+01;1299
2015-02-11 22:50:01+01;1379
2015-02-12 11:10:01+01;1359
2015-02-12 15:30:01+01;1289
2015-02-12 22:50:01+01;1379
2015-02-13 11:14:01+01;1349
2015-02-13 13:18:01+01;1289
2015-02-13 15:50:01+01;1289
2015-02-13 22:50:01+01;1389
2015-02-14 11:14:01+01;1349
2015-02-14 15:22:01+01;1299
2015-02-14 22:50:01+01;1389
2015-02-15 08:54:01+01;1349
2015-02-15 14:58:01+01;1319
2015-02-15 22:50:01+01;1389
2015-02-16 11:26:01+01;1359
2015-02-16 14:42:01+01;1309
2015-02-16 22:50:01+01;1389
2015-02-17 11:18:01+01;1359
2015-02-17 15:26:01+01;1309
2015-02-17 22:50:01+01;1389
2015-02-18 11:14:01+01;1359
2015-02-18 15:02:01+01;1309
2015-02-18 22:50:01+01;1389
2015-02-19 11:18:01+01;1359
2015-02-19 15:22:01+01;1319
2015-02-19 22:50:01+01;1389
2015-02-20 11:54:01+01;1359
2015-02-20 14:50:01+01;1299
2015-02-20 22:50:01+01;1379
2015-02-21 11:22:01+01;1349
2015-02-21 15:38:01+01;1279
2015-02-21 22:50:01+01;1399
2015-02-22 08:54:01+01;1349
2015-02-22 18:02:01+01;1279
2015-02-22 22:50:01+01;1399
2015-02-23 11:22:01+01;1349
2015-02-23 15:02:01+01;1299
2015-02-23 22:50:01+01;1399
2015-02-24 11:18:01+01;1359
2015-02-24 15:18:01+01;1329
2015-02-24 22:50:01+01;1389
2015-02-25 01:26:01+01;1389
2015-02-25 11:26:01+01;1369
2015-02-25 16:14:01+01;1329
2015-02-25 22:50:01+01;1399
2015-02-26 11:26:01+01;1359
2015-02-26 14:30:01+01;1329
2015-02-26 22:50:01+01;1389
2015-02-27 11:14:01+01;1369
2015-02-27 15:14:01+01;1329
2015-02-27 22:50:01+01;1409
2015-02-28 11:14:01+01;1389
2015-02-28 15:42:01+01;1329
2015-02-28 22:50:01+01;1419
2015-03-01 08:50:01+01;1389
2015-03-01 22:50:01+01;1449
2015-03-02 06:54:01+01;1419
2015-03-02 11:38:01+01;1379
2015-03-02 15:22:01+01;1339
2015-03-02 22:50:01+01;1419
2015-03-03 11:14:01+01;1389
2015-03-03 15:34:01+01;1339
2015-03-03 22:50:01+01;1429
2015-03-04 06:54:01+01;1419
2015-03-04 11:14:01+01;1389
2015-03-04 15:42:02+01;1339
2015-03-04 22:18:01+01;1429
2015-03-05 11:18:01+01;1399
2015-03-05 14:46:01+01;1359
2015-03-05 22:50:01+01;1429
2015-03-06 11:38:01+01;1399
2015-03-06 15:46:01+01;1349
2015-03-06 22:50:01+01;1429
2015-03-07 07:54:01+01;1349
2015-03-07 22:50:01+01;1439
2015-03-08 08:50:01+01;1349
2015-03-08 22:50:01+01;1439
2015-03-09 12:10:01+01;1399
2015-03-09 15:18:01+01;1359
2015-03-09 22:50:01+01;1439
2015-03-10 11:46:01+01;1409
2015-03-10 15:10:01+01;1359
2015-03-10 22:50:01+01;1439
2015-03-11 11:10:01+01;1389
2015-03-11 14:58:02+01;1359
2015-03-11 22:50:01+01;1439
2015-03-12 11:22:01+01;1389
2015-03-12 14:58:01+01;1349
2015-03-12 22:50:01+01;1439
2015-03-13 11:22:01+01;1379
2015-03-13 15:34:01+01;1359
2015-03-13 22:50:01+01;1449
2015-03-14 09:58:02+01;1449
2015-03-14 11:14:01+01;1409
2015-03-14 15:34:01+01;1349
2015-03-14 22:50:01+01;1449
2015-03-15 15:34:01+01;1409
2015-03-15 22:50:01+01;1469
2015-03-16 06:54:01+01;1449
2015-03-16 11:38:01+01;1409
2015-03-16 14:42:01+01;1369
2015-03-16 22:50:01+01;1449
2015-03-17 08:38:01+01;1439
2015-03-17 09:38:01+01;1429
2015-03-17 11:26:01+01;1419
2015-03-17 14:42:01+01;1369
2015-03-17 22:50:01+01;1429
2015-03-18 11:42:01+01;1399
2015-03-18 16:22:01+01;1349
2015-03-18 22:50:01+01;1419
2015-03-19 11:50:01+01;1419
2015-03-19 16:18:01+01;1319
2015-03-19 22:50:01+01;1429
2015-03-20 11:34:01+01;1379
2015-03-20 16:26:01+01;1339
2015-03-20 22:50:01+01;1429
2015-03-21 08:06:01+01;1379
2015-03-21 11:14:01+01;1369
2015-03-21 15:06:01+01;1339
2015-03-21 22:50:01+01;1429
2015-03-22 08:34:01+01;1339
2015-03-22 22:50:01+01;1429
2015-03-23 11:42:01+01;1409
2015-03-23 15:10:01+01;1349
2015-03-23 22:50:01+01;1429
2015-03-24 11:10:01+01;1399
2015-03-24 18:22:01+01;1349
2015-03-24 22:50:01+01;1429
2015-03-25 11:14:01+01;1409
2015-03-25 16:18:01+01;1349
2015-03-25 22:50:01+01;1439
2015-03-26 06:38:01+01;1429
2015-03-26 08:42:01+01;1409
2015-03-26 11:42:01+01;1349
2015-03-26 22:50:01+01;1439
2015-03-27 11:18:01+01;1409
2015-03-27 15:54:01+01;1359
2015-03-27 22:50:01+01;1459
2015-03-28 07:34:01+01;1369
2015-03-28 22:50:01+01;1459
2015-03-29 06:38:01+02;1399
2015-03-29 07:34:01+02;1369
2015-03-29 22:50:01+02;1459
2015-03-30 11:34:01+02;1409
2015-03-30 15:06:01+02;1359
2015-03-30 22:50:01+02;1459
2015-03-31 11:46:01+02;1409
2015-03-31 15:38:01+02;1359
2015-03-31 22:50:01+02;1439
2015-04-01 12:06:01+02;1419
2015-04-01 15:34:01+02;1359
2015-04-01 22:50:01+02;1449
2015-04-02 12:46:01+02;1429
2015-04-02 15:14:01+02;1359
2015-04-02 22:50:01+02;1449
2015-04-03 07:34:01+02;1359
2015-04-03 13:34:01+02;1349
2015-04-03 22:50:01+02;1449
2015-04-04 07:34:01+02;1359
2015-04-04 22:50:01+02;1449
2015-04-05 22:50:01+02;1479
2015-04-06 06:38:01+02;1479
2015-04-06 22:54:01+02;1479
2015-04-07 06:38:01+02;1479
2015-04-07 11:14:01+02;1429
2015-04-07 15:30:01+02;1369
2015-04-07 22:50:01+02;1449
2015-04-08 11:14:01+02;1419
2015-04-08 15:30:01+02;1379
2015-04-08 22:50:01+02;1459
2015-04-09 11:50:01+02;1379
2015-04-10 07:18:01+02;1449
2015-04-10 11:30:01+02;1439
2015-04-10 15:54:01+02;1379
2015-04-11 07:10:01+02;1439
2015-04-11 09:34:01+02;1379
2015-04-11 22:50:01+02;1459
2015-04-12 07:10:01+02;1379
2015-04-12 22:50:01+02;1459
2015-04-13 11:14:01+02;1419
2015-04-13 15:34:01+02;1369
2015-04-13 22:50:01+02;1459
2015-04-14 11:38:01+02;1429
2015-04-14 15:54:01+02;1389
2015-04-14 22:50:01+02;1469
2015-04-15 12:22:01+02;1429
2015-04-15 15:54:01+02;1379
2015-04-15 22:50:01+02;1469
2015-04-16 11:14:01+02;1439
2015-04-16 16:26:01+02;1389
2015-04-16 22:50:01+02;1479
2015-04-17 11:50:01+02;1449
2015-04-17 16:06:01+02;1399
2015-04-17 22:50:01+02;1479
2015-04-18 11:42:01+02;1459
2015-04-18 15:46:01+02;1419
2015-04-18 22:50:01+02;1479
2015-04-19 08:02:01+02;1419
2015-04-19 22:50:01+02;1479
2015-04-20 11:50:01+02;1469
2015-04-20 15:02:01+02;1409
2015-04-20 22:50:01+02;1489
2015-04-21 11:14:01+02;1459
2015-04-21 15:26:01+02;1409
2015-04-21 22:50:01+02;1489
2015-04-22 11:34:01+02;1459
2015-04-22 15:14:01+02;1429
2015-04-22 22:50:01+02;1489
2015-04-23 11:42:01+02;1469
2015-04-23 15:10:01+02;1409
2015-04-23 22:50:01+02;1479
2015-04-24 11:22:01+02;1459
2015-04-24 15:26:01+02;1409
2015-04-24 22:50:01+02;1499
2015-04-25 08:06:01+02;1409
2015-04-25 15:30:01+02;1409
2015-04-25 22:50:01+02;1499
2015-04-26 07:10:01+02;1409
2015-04-26 08:06:01+02;1409
2015-04-26 22:50:01+02;1499
2015-04-27 11:30:01+02;1459
2015-04-27 15:34:01+02;1429
2015-04-27 22:50:01+02;1499
2015-04-28 11:14:01+02;1479
2015-04-28 15:34:01+02;1429
2015-04-28 22:50:01+02;1499
2015-04-29 13:02:01+02;1479
2015-04-29 14:54:01+02;1419
2015-04-29 22:50:01+02;1489
2015-04-30 11:30:01+02;1479
2015-04-30 15:34:01+02;1419
2015-04-30 22:50:01+02;1489
2015-05-01 07:10:01+02;1429
2015-05-01 22:50:01+02;1489
2015-05-02 11:54:01+02;1479
2015-05-02 14:50:01+02;1429
2015-05-02 22:50:01+02;1499
2015-05-03 22:50:01+02;1529
2015-05-04 11:22:01+02;1489
2015-05-04 14:30:01+02;1429
2015-05-04 22:50:01+02;1499
2015-05-05 11:38:01+02;1489
2015-05-05 16:54:01+02;1429
2015-05-05 22:50:01+02;1499
2015-05-06 11:14:01+02;1489
2015-05-06 15:26:01+02;1429
2015-05-06 22:50:01+02;1509
2015-05-07 11:54:01+02;1429
2015-05-07 16:30:01+02;1419
2015-05-07 22:50:01+02;1499
2015-05-08 12:26:01+02;1489
2015-05-08 16:26:01+02;1409
2015-05-08 22:50:01+02;1479
2015-05-09 07:10:01+02;1419
2015-05-09 22:50:01+02;1479
2015-05-10 22:50:01+02;1509
2015-05-11 12:10:01+02;1479
2015-05-11 14:54:01+02;1409
2015-05-11 22:50:01+02;1479
2015-05-12 11:18:01+02;1479
2015-05-12 14:58:01+02;1419
2015-05-12 22:50:01+02;1479
2015-05-13 11:30:01+02;1479
2015-05-13 16:18:01+02;1419
2015-05-13 22:50:01+02;1489
2015-05-14 07:34:01+02;1429
2015-05-14 22:50:01+02;1489
2015-05-15 11:26:01+02;1489
2015-05-15 16:14:01+02;1399
2015-05-15 22:50:01+02;1479
2015-05-16 11:34:01+02;1479
2015-05-16 16:38:01+02;1399
2015-05-16 22:50:01+02;1489
2015-05-17 07:34:01+02;1479
2015-05-17 22:50:01+02;1519
2015-05-18 15:58:01+02;1419
2015-05-18 22:50:01+02;1489
2015-05-19 11:38:01+02;1489
2015-05-19 15:38:01+02;1409
2015-05-19 22:46:01+02;1479
2015-05-20 11:50:01+02;1469
2015-05-20 15:34:01+02;1399
2015-05-20 22:50:01+02;1479
2015-05-21 11:30:01+02;1479
2015-05-21 15:34:01+02;1409
2015-05-21 22:50:01+02;1489
2015-05-22 11:42:01+02;1479
2015-05-22 15:06:01+02;1409
2015-05-22 22:50:01+02;1499
2015-05-23 07:10:01+02;1419
2015-05-23 15:06:01+02;1409
2015-05-23 22:50:01+02;1499
2015-05-24 09:02:01+02;1419
2015-05-24 11:34:01+02;1409
2015-05-24 22:50:01+02;1499
2015-05-25 11:38:01+02;1409
2015-05-25 22:50:01+02;1499
2015-05-26 11:14:01+02;1449
2015-05-26 15:02:01+02;1419
2015-05-26 22:50:01+02;1509
2015-05-27 11:30:01+02;1459
2015-05-27 15:06:01+02;1419
2015-05-27 22:50:01+02;1499
2015-05-28 11:34:01+02;1459
2015-05-28 15:38:01+02;1429
2015-05-28 22:50:01+02;1489
2015-05-29 11:18:01+02;1449
2015-05-29 15:54:01+02;1419
2015-05-29 22:50:01+02;1489
2015-05-30 07:34:02+02;1429
2015-05-30 11:38:01+02;1419
2015-05-30 22:50:01+02;1499
2015-05-31 08:02:01+02;1429
2015-05-31 11:38:01+02;1419
2015-05-31 22:50:01+02;1499
2015-06-01 11:18:01+02;1469
2015-06-01 15:34:01+02;1419
2015-06-01 22:50:01+02;1499
2015-06-02 11:10:01+02;1479
2015-06-02 15:06:01+02;1429
2015-06-02 22:50:01+02;1519
2015-06-03 11:18:01+02;1479
2015-06-03 16:06:01+02;1439
2015-06-03 22:50:01+02;1509
2015-06-04 11:26:01+02;1439
2015-06-04 22:50:01+02;1499
2015-06-05 11:30:01+02;1439
2015-06-05 15:38:01+02;1429
2015-06-05 22:50:01+02;1489
2015-06-06 07:06:01+02;1449
2015-06-06 15:06:01+02;1409
2015-06-06 22:50:01+02;1489
2015-06-07 06:34:01+02;1409
2015-06-07 22:50:01+02;1489
2015-06-08 08:06:01+02;1409
2015-06-08 13:34:01+02;1399
2015-06-08 22:50:01+02;1489
2015-06-09 11:38:01+02;1459
2015-06-09 14:50:01+02;1429
2015-06-09 22:50:01+02;1499
2015-06-10 11:38:01+02;1469
2015-06-10 15:34:01+02;1419
2015-06-10 22:50:01+02;1499
2015-06-11 11:34:01+02;1459
2015-06-11 15:06:01+02;1419
2015-06-11 22:50:01+02;1519
2015-06-12 11:18:01+02;1509
2015-06-12 14:54:01+02;1439
2015-06-12 22:50:01+02;1519
2015-06-13 11:10:01+02;1479
2015-06-13 14:58:01+02;1449
2015-06-13 22:46:01+02;1519
2015-06-14 11:38:01+02;1449
2015-06-14 22:50:01+02;1519
2015-06-15 11:10:01+02;1489
2015-06-15 15:18:01+02;1439
2015-06-15 22:50:01+02;1519
2015-06-16 08:34:01+02;1509
2015-06-16 11:06:01+02;1489
2015-06-16 15:02:01+02;1429
2015-06-16 22:50:01+02;1519
2015-06-17 11:14:01+02;1469
2015-06-17 15:06:01+02;1429
2015-06-17 22:50:02+02;1519
2015-06-18 11:34:01+02;1489
2015-06-18 15:26:01+02;1439
2015-06-18 22:50:01+02;1519
2015-06-19 11:38:01+02;1489
2015-06-19 15:34:01+02;1439
2015-06-19 22:50:01+02;1519
2015-06-20 11:10:01+02;1499
2015-06-20 15:06:01+02;1419
2015-06-20 22:50:01+02;1499
2015-06-21 07:34:01+02;1419
2015-06-21 22:50:01+02;1499
2015-06-22 11:14:01+02;1479
2015-06-22 15:18:01+02;1419
2015-06-22 22:50:01+02;1509
2015-06-23 11:34:01+02;1479
2015-06-23 15:06:01+02;1419
2015-06-23 22:50:01+02;1489
2015-06-24 11:10:01+02;1479
2015-06-24 15:26:01+02;1439
2015-06-24 22:50:01+02;1499
2015-06-25 11:22:01+02;1499
2015-06-25 15:30:01+02;1409
2015-06-25 22:50:01+02;1509
2015-06-26 11:10:01+02;1479
2015-06-26 14:50:01+02;1419
2015-06-26 22:50:01+02;1499
2015-06-27 07:34:01+02;1419
2015-06-27 22:50:01+02;1499
2015-06-28 11:34:01+02;1419
2015-06-28 22:50:01+02;1499
2015-06-29 11:10:01+02;1479
2015-06-29 15:06:01+02;1409
2015-06-29 22:50:01+02;1499
2015-06-30 11:26:01+02;1479
2015-06-30 14:54:01+02;1409
2015-06-30 22:50:01+02;1499
2015-07-01 06:38:01+02;1419
2015-07-01 11:38:01+02;1409
2015-07-01 14:34:01+02;1409
2015-07-01 22:50:01+02;1509
2015-07-02 11:38:01+02;1499
2015-07-02 15:06:01+02;1449
2015-07-02 22:46:01+02;1509
2015-07-03 11:14:01+02;1499
2015-07-03 15:06:01+02;1429
2015-07-03 22:50:01+02;1519
2015-07-04 07:34:01+02;1429
2015-07-04 22:50:01+02;1529
2015-07-05 07:34:01+02;1429
2015-07-05 22:50:01+02;1529
2015-07-06 11:34:01+02;1489
2015-07-06 15:06:01+02;1429
2015-07-06 22:50:01+02;1529
2015-07-07 11:34:01+02;1499
2015-07-07 15:34:01+02;1439
2015-07-07 22:34:01+02;1529
2015-07-08 11:38:01+02;1499
2015-07-08 15:58:01+02;1459
2015-07-08 22:50:01+02;1529
2015-07-09 11:38:01+02;1529
2015-07-09 15:38:01+02;1459
2015-07-09 22:50:01+02;1519
2015-07-10 11:34:01+02;1459
2015-07-10 12:34:01+02;1489
2015-07-10 14:30:01+02;1459
2015-07-10 15:34:01+02;1449
2015-07-10 22:50:01+02;1509
2015-07-11 08:02:01+02;1489
2015-07-11 11:30:01+02;1469
2015-07-11 12:30:01+02;1499
2015-07-11 14:18:01+02;1469
2015-07-11 22:50:01+02;1529
2015-07-12 07:30:01+02;1469
2015-07-12 12:30:01+02;1499
2015-07-12 15:34:01+02;1469
2015-07-12 22:50:01+02;1529
2015-07-13 11:14:01+02;1499
2015-07-13 12:30:01+02;1529
2015-07-13 14:10:02+02;1499
2015-07-13 15:38:01+02;1469
2015-07-13 22:50:01+02;1529
2015-07-14 11:18:01+02;1469
2015-07-14 12:30:01+02;1499
2015-07-14 15:06:01+02;1449
2015-07-14 22:50:01+02;1509
2015-07-15 11:42:01+02;1479
2015-07-15 12:30:01+02;1509
2015-07-15 14:38:01+02;1479
2015-07-15 15:10:01+02;1459
2015-07-15 22:50:01+02;1489
2015-07-16 11:38:01+02;1459
2015-07-16 12:30:01+02;1489
2015-07-16 15:06:01+02;1449
2015-07-16 22:50:01+02;1469
2015-07-17 11:38:01+02;1469
2015-07-17 12:30:01+02;1469
2015-07-17 14:26:01+02;1469
2015-07-17 15:34:01+02;1449
2015-07-17 22:50:01+02;1479
2015-07-18 08:34:01+02;1469
2015-07-18 12:30:01+02;1479
2015-07-18 15:02:01+02;1459
2015-07-18 22:50:01+02;1479
2015-07-19 08:06:01+02;1459
2015-07-19 12:30:01+02;1479
2015-07-19 15:02:01+02;1459
2015-07-19 22:50:01+02;1479
2015-07-20 11:18:01+02;1479
2015-07-20 12:30:01+02;1479
2015-07-20 14:34:01+02;1479
2015-07-20 15:10:01+02;1439
2015-07-20 22:50:01+02;1479
2015-07-21 12:30:01+02;1499
2015-07-21 14:18:01+02;1479
2015-07-21 15:34:01+02;1449
2015-07-21 22:50:01+02;1499
2015-07-22 11:18:01+02;1469
2015-07-22 12:30:01+02;1489
2015-07-22 14:42:01+02;1469
2015-07-22 14:58:01+02;1449
2015-07-22 22:50:01+02;1499
2015-07-23 11:38:01+02;1469
2015-07-23 12:30:01+02;1479
2015-07-23 14:38:01+02;1459
2015-07-23 22:50:01+02;1479
2015-07-24 11:18:01+02;1479
2015-07-24 12:30:01+02;1479
2015-07-24 15:14:01+02;1439
2015-07-24 22:50:01+02;1469
2015-07-25 08:06:01+02;1439
2015-07-25 12:30:01+02;1469
2015-07-25 15:38:01+02;1439
2015-07-25 22:50:01+02;1469
2015-07-26 07:34:01+02;1439
2015-07-26 12:30:01+02;1469
2015-07-26 15:38:01+02;1439
2015-07-26 22:50:01+02;1469
2015-07-27 11:26:01+02;1459
2015-07-27 12:30:01+02;1469
2015-07-27 14:18:01+02;1459
2015-07-27 15:06:01+02;1439
2015-07-27 22:50:01+02;1469
2015-07-28 12:06:01+02;1459
2015-07-28 12:30:01+02;1459
2015-07-28 15:38:01+02;1439
2015-07-28 22:50:01+02;1459
2015-07-29 11:42:01+02;1459
2015-07-29 12:30:01+02;1459
2015-07-29 14:54:01+02;1419
2015-07-29 22:50:01+02;1449
2015-07-30 11:38:01+02;1419
2015-07-30 12:26:01+02;1449
2015-07-30 15:10:01+02;1419
2015-07-30 22:46:01+02;1459
2015-07-31 11:14:01+02;1439
2015-07-31 12:30:01+02;1459
2015-07-31 14:18:01+02;1439
2015-07-31 14:54:01+02;1409
2015-07-31 22:50:01+02;1469
2015-08-01 11:30:01+02;1449
2015-08-01 12:30:01+02;1479
2015-08-01 15:38:01+02;1409
2015-08-01 22:50:01+02;1469
2015-08-02 11:42:01+02;1409
2015-08-02 12:30:01+02;1439
2015-08-02 15:42:01+02;1409
2015-08-02 22:50:01+02;1469
2015-08-03 11:18:01+02;1439
2015-08-03 12:30:01+02;1469
2015-08-03 15:06:01+02;1419
2015-08-03 22:50:01+02;1479
2015-08-04 11:14:01+02;1439
2015-08-04 12:26:01+02;1469
2015-08-04 14:26:01+02;1439
2015-08-04 14:58:01+02;1419
2015-08-04 22:46:01+02;1469
2015-08-05 11:38:01+02;1449
2015-08-05 12:26:01+02;1459
2015-08-05 13:34:01+02;1449
2015-08-05 15:18:01+02;1409
2015-08-05 22:50:01+02;1459
2015-08-06 11:34:01+02;1419
2015-08-06 12:30:01+02;1449
2015-08-06 13:42:01+02;1419
2015-08-06 14:58:01+02;1409
2015-08-06 22:50:01+02;1469
2015-08-07 11:34:01+02;1429
2015-08-07 12:30:01+02;1459
2015-08-07 13:34:01+02;1429
2015-08-07 14:26:01+02;1419
2015-08-07 22:50:01+02;1459
2015-08-08 07:34:01+02;1419
2015-08-08 12:30:01+02;1439
2015-08-08 13:34:01+02;1419
2015-08-08 15:30:01+02;1409
2015-08-08 22:50:01+02;1439
2015-08-09 07:30:01+02;1409
2015-08-09 12:30:01+02;1439
2015-08-09 13:38:01+02;1409
2015-08-09 22:50:01+02;1439
2015-08-10 11:34:01+02;1429
2015-08-10 12:30:01+02;1449
2015-08-10 13:42:01+02;1429
2015-08-10 15:34:01+02;1409
2015-08-10 22:50:01+02;1449
2015-08-11 11:10:01+02;1429
2015-08-11 12:30:01+02;1449
2015-08-11 13:34:01+02;1429
2015-08-11 15:06:01+02;1409
2015-08-11 22:50:01+02;1439
2015-08-12 11:34:01+02;1389
2015-08-12 12:30:01+02;1419
2015-08-12 13:42:01+02;1389
2015-08-12 22:34:01+02;1419
2015-08-13 11:38:01+02;1399
2015-08-13 12:30:01+02;1419
2015-08-13 13:42:01+02;1399
2015-08-13 15:06:01+02;1379
2015-08-13 22:34:01+02;1419
2015-08-14 11:30:01+02;1399
2015-08-14 12:30:01+02;1419
2015-08-14 13:38:01+02;1399
2015-08-14 16:02:01+02;1379
2015-08-14 22:34:01+02;1419
2015-08-15 07:34:01+02;1379
2015-08-15 12:30:01+02;1409
2015-08-15 13:42:01+02;1379
2015-08-15 15:02:01+02;1379
2015-08-15 22:34:01+02;1409
2015-08-16 07:02:01+02;1379
2015-08-16 12:30:01+02;1409
2015-08-16 13:34:01+02;1379
2015-08-16 22:34:01+02;1409
2015-08-17 11:34:01+02;1399
2015-08-17 12:38:01+02;1409
2015-08-17 13:38:01+02;1399
2015-08-17 15:46:01+02;1389
2015-08-17 22:42:01+02;1409
2015-08-18 11:38:01+02;1389
2015-08-18 12:38:01+02;1409
2015-08-18 13:38:01+02;1389
2015-08-18 15:26:01+02;1379
2015-08-18 22:42:01+02;1409
2015-08-19 11:18:01+02;1399
2015-08-19 12:38:01+02;1409
2015-08-19 13:38:01+02;1399
2015-08-19 15:46:01+02;1379
2015-08-19 22:42:01+02;1409
2015-08-20 11:14:01+02;1379
2015-08-20 12:38:01+02;1399
2015-08-20 13:42:01+02;1379
2015-08-20 22:42:01+02;1399
2015-08-21 11:38:01+02;1399
2015-08-21 12:30:01+02;1399
2015-08-21 13:38:02+02;1399
2015-08-21 15:34:01+02;1359
2015-08-21 22:42:01+02;1379
2015-08-22 07:34:01+02;1359
2015-08-22 12:30:01+02;1369
2015-08-22 13:38:01+02;1359
2015-08-22 15:30:01+02;1339
2015-08-22 22:42:01+02;1369
2015-08-23 08:02:01+02;1339
2015-08-23 12:30:01+02;1369
2015-08-23 16:34:01+02;1339
2015-08-23 22:42:01+02;1369
2015-08-24 11:22:01+02;1359
2015-08-24 12:30:01+02;1369
2015-08-24 13:42:01+02;1359
2015-08-24 15:34:01+02;1339
2015-08-24 22:34:01+02;1369
2015-08-25 11:34:01+02;1339
2015-08-25 12:30:01+02;1349
2015-08-25 13:34:01+02;1339
2015-08-25 15:10:01+02;1329
2015-08-25 22:34:01+02;1349
2015-08-26 00:26:01+02;1349
2015-08-26 00:42:01+02;1349
2015-08-26 11:38:01+02;1349
2015-08-26 12:30:01+02;1349
2015-08-26 13:34:01+02;1349
2015-08-26 15:34:01+02;1319
2015-08-26 22:34:01+02;1339
2015-08-27 11:38:01+02;1319
2015-08-27 12:38:01+02;1329
2015-08-27 13:38:01+02;1319
2015-08-27 22:34:01+02;1329
2015-08-28 11:18:01+02;1329
2015-08-28 12:30:01+02;1349
2015-08-28 13:34:01+02;1329
2015-08-28 15:10:01+02;1319
2015-08-28 22:34:01+02;1349
2015-08-29 07:34:01+02;1329
2015-08-29 12:38:01+02;1359
2015-08-29 13:38:01+02;1329
2015-08-29 15:02:01+02;1329
2015-08-29 22:34:01+02;1359
2015-08-30 07:06:01+02;1339
2015-08-30 11:38:01+02;1329
2015-08-30 12:38:01+02;1359
2015-08-30 13:34:01+02;1329
2015-08-30 22:34:01+02;1359
2015-08-31 11:18:01+02;1329
2015-08-31 12:30:01+02;1359
2015-08-31 13:38:01+02;1329
2015-08-31 15:18:01+02;1309
2015-08-31 22:34:01+02;1359
2015-09-01 11:42:01+02;1339
2015-09-01 12:30:01+02;1369
2015-09-01 13:34:01+02;1339
2015-09-01 22:34:01+02;1359
2015-09-02 11:14:01+02;1339
2015-09-02 12:30:02+02;1369
2015-09-02 13:38:01+02;1339
2015-09-02 15:46:01+02;1319
2015-09-02 22:38:01+02;1369
2015-09-03 11:34:01+02;1339
2015-09-03 12:30:01+02;1359
2015-09-03 13:42:01+02;1339
2015-09-03 22:34:01+02;1359
2015-09-04 11:26:01+02;1339
2015-09-04 12:38:01+02;1369
2015-09-04 13:38:01+02;1339
2015-09-04 15:02:01+02;1319
2015-09-04 16:02:01+02;1299
2015-09-04 22:34:01+02;1359
2015-09-05 11:06:01+02;1339
2015-09-05 12:30:01+02;1369
2015-09-05 13:38:01+02;1339
2015-09-05 15:06:01+02;1329
2015-09-05 22:42:01+02;1369
2015-09-06 11:34:01+02;1329
2015-09-06 12:30:01+02;1359
2015-09-06 13:34:01+02;1329
2015-09-06 22:42:01+02;1369
2015-09-07 11:38:01+02;1329
2015-09-07 12:38:01+02;1359
2015-09-07 13:38:01+02;1329
2015-09-07 16:02:01+02;1309
2015-09-07 22:34:01+02;1369
2015-09-08 11:42:01+02;1349
2015-09-08 12:30:01+02;1359
2015-09-08 13:38:01+02;1349
2015-09-08 15:14:01+02;1309
2015-09-08 22:34:01+02;1359
2015-09-09 11:38:01+02;1329
2015-09-09 12:38:01+02;1359
2015-09-09 13:30:02+02;1329
2015-09-09 22:34:01+02;1369
2015-09-10 11:34:01+02;1339
2015-09-10 12:38:01+02;1369
2015-09-10 13:38:01+02;1339
2015-09-10 15:34:01+02;1329
2015-09-10 22:38:01+02;1369
2015-09-11 11:38:01+02;1359
2015-09-11 12:30:01+02;1369
2015-09-11 13:34:01+02;1359
2015-09-11 15:34:01+02;1319
2015-09-11 22:38:01+02;1369
2015-09-12 08:34:01+02;1319
2015-09-12 12:30:01+02;1349
2015-09-12 15:30:01+02;1309
2015-09-12 22:38:01+02;1359
2015-09-13 08:34:01+02;1309
2015-09-13 12:30:01+02;1339
2015-09-13 13:38:01+02;1309
2015-09-13 22:38:01+02;1359
2015-09-14 11:26:01+02;1309
2015-09-14 12:30:01+02;1339
2015-09-14 13:34:01+02;1309
2015-09-14 22:38:02+02;1359
2015-09-15 11:34:01+02;1339
2015-09-15 12:30:01+02;1349
2015-09-15 13:42:01+02;1339
2015-09-15 15:30:01+02;1309
2015-09-15 22:38:01+02;1349
2015-09-16 11:18:01+02;1339
2015-09-16 15:34:01+02;1309
2015-09-16 22:38:01+02;1339
2015-09-17 11:38:01+02;1309
2015-09-17 12:30:01+02;1339
2015-09-17 13:38:01+02;1309
2015-09-17 22:38:01+02;1359
2015-09-18 11:10:01+02;1349
2015-09-18 12:30:01+02;1349
2015-09-18 15:26:01+02;1349
2015-09-18 22:38:01+02;1349
2015-09-19 11:34:02+02;1349
2015-09-19 15:30:01+02;1319
2015-09-19 16:02:01+02;1319
2015-09-19 22:38:01+02;1349
2015-09-20 08:02:01+02;1329
2015-09-20 11:30:01+02;1319
2015-09-20 12:30:01+02;1349
2015-09-20 13:38:01+02;1319
2015-09-20 22:38:01+02;1349
2015-09-21 11:22:01+02;1339
2015-09-21 12:30:01+02;1349
2015-09-21 13:34:01+02;1339
2015-09-21 15:02:01+02;1319
2015-09-21 22:34:01+02;1349
2015-09-22 11:18:01+02;1319
2015-09-22 12:30:01+02;1349
2015-09-22 13:38:01+02;1319
2015-09-22 15:30:01+02;1309
2015-09-22 22:38:01+02;1349
2015-09-23 12:30:01+02;1359
2015-09-23 13:38:01+02;1349
2015-09-23 22:38:01+02;1359
2015-09-24 11:30:01+02;1339
2015-09-24 12:38:01+02;1359
2015-09-24 13:34:01+02;1339
2015-09-24 15:34:01+02;1309
2015-09-24 22:42:01+02;1359
2015-09-25 11:34:01+02;1309
2015-09-25 12:38:02+02;1339
2015-09-25 13:34:01+02;1309
2015-09-25 22:42:01+02;1339
2015-09-26 11:26:01+02;1329
2015-09-26 12:30:01+02;1349
2015-09-26 13:34:01+02;1329
2015-09-26 16:02:01+02;1299
2015-09-26 22:34:01+02;1349
2015-09-27 09:02:01+02;1309
2015-09-27 11:38:01+02;1299
2015-09-27 12:30:01+02;1329
2015-09-27 13:34:01+02;1299
2015-09-27 22:34:01+02;1349
2015-09-28 11:38:01+02;1329
2015-09-28 12:30:01+02;1349
2015-09-28 13:18:01+02;1329
2015-09-28 14:50:01+02;1309
2015-09-28 22:34:01+02;1349
2015-09-29 11:18:01+02;1339
2015-09-29 12:30:01+02;1339
2015-09-29 13:38:01+02;1339
2015-09-29 15:14:01+02;1309
2015-09-29 22:42:01+02;1339
2015-09-30 11:14:01+02;1309
2015-09-30 12:38:01+02;1329
2015-09-30 13:38:01+02;1309
2015-09-30 15:34:01+02;1279
2015-09-30 22:38:01+02;1329
2015-10-01 11:38:01+02;1309
2015-10-01 12:30:01+02;1339
2015-10-01 14:46:01+02;1309
2015-10-01 15:30:01+02;1279
2015-10-01 22:38:01+02;1339
2015-10-02 11:34:01+02;1309
2015-10-02 12:30:01+02;1339
2015-10-02 13:34:01+02;1309
2015-10-02 15:34:01+02;1279
2015-10-02 22:38:01+02;1339
2015-10-03 11:34:01+02;1279
2015-10-03 12:30:01+02;1309
2015-10-03 13:34:01+02;1279
2015-10-03 22:38:01+02;1339
2015-10-04 08:34:01+02;1289
2015-10-04 11:34:01+02;1279
2015-10-04 12:30:01+02;1309
2015-10-04 13:38:01+02;1279
2015-10-04 22:38:01+02;1339
2015-10-05 11:34:01+02;1309
2015-10-05 12:30:01+02;1329
2015-10-05 13:58:01+02;1309
2015-10-05 16:06:01+02;1269
2015-10-05 22:34:01+02;1329
2015-10-06 11:34:01+02;1299
2015-10-06 12:38:01+02;1329
2015-10-06 13:38:01+02;1299
2015-10-06 16:02:01+02;1259
2015-10-06 22:34:01+02;1319
2015-10-07 11:34:01+02;1309
2015-10-07 12:30:01+02;1339
2015-10-07 13:34:01+02;1309
2015-10-07 16:06:01+02;1279
2015-10-07 22:38:01+02;1339
2015-10-08 11:34:01+02;1279
2015-10-08 12:30:01+02;1309
2015-10-08 13:42:01+02;1279
2015-10-08 22:38:01+02;1339
2015-10-09 11:34:01+02;1289
2015-10-09 12:30:01+02;1319
2015-10-09 13:34:01+02;1289
2015-10-09 15:06:01+02;1279
2015-10-09 22:38:01+02;1339
2015-10-10 11:34:01+02;1309
2015-10-10 12:38:01+02;1339
2015-10-10 13:34:01+02;1309
2015-10-10 15:30:01+02;1279
2015-10-10 22:38:01+02;1339
2015-10-11 08:02:01+02;1289
2015-10-11 11:38:01+02;1279
2015-10-11 12:38:01+02;1309
2015-10-11 13:34:01+02;1279
2015-10-11 22:38:01+02;1339
2015-10-12 12:30:01+02;1349
2015-10-12 15:22:01+02;1279
2015-10-12 22:38:01+02;1339
2015-10-13 11:42:01+02;1279
2015-10-13 12:30:01+02;1309
2015-10-13 16:26:01+02;1289
2015-10-13 22:38:01+02;1349
2015-10-14 09:10:01+02;1299
2015-10-14 12:30:01+02;1329
2015-10-14 13:18:01+02;1329
2015-10-14 15:30:01+02;1279
2015-10-14 22:42:01+02;1329
2015-10-15 11:34:01+02;1309
2015-10-15 12:30:01+02;1329
2015-10-15 13:18:01+02;1309
2015-10-15 15:18:01+02;1279
2015-10-15 22:42:01+02;1329
2015-10-16 11:34:02+02;1309
2015-10-16 12:38:01+02;1319
2015-10-16 13:22:01+02;1309
2015-10-16 15:50:01+02;1269
2015-10-16 22:34:01+02;1319
2015-10-17 11:34:01+02;1309
2015-10-17 12:30:01+02;1329
2015-10-17 13:18:01+02;1309
2015-10-17 14:46:01+02;1279
2015-10-17 22:34:01+02;1329
2015-10-18 11:34:01+02;1279
2015-10-18 12:30:01+02;1309
2015-10-18 13:18:01+02;1279
2015-10-18 22:34:01+02;1329
2015-10-19 11:34:01+02;1309
2015-10-19 12:30:01+02;1329
2015-10-19 13:22:01+02;1309
2015-10-19 14:58:01+02;1259
2015-10-19 22:34:01+02;1319
2015-10-20 11:34:01+02;1309
2015-10-20 12:30:01+02;1319
2015-10-20 13:18:01+02;1309
2015-10-20 14:46:01+02;1259
2015-10-20 22:34:01+02;1319
2015-10-21 11:34:01+02;1299
2015-10-21 12:38:01+02;1309
2015-10-21 13:18:01+02;1299
2015-10-21 15:30:01+02;1249
2015-10-21 22:34:01+02;1309
2015-10-22 11:34:01+02;1279
2015-10-22 12:26:01+02;1309
2015-10-22 13:18:01+02;1279
2015-10-22 15:46:01+02;1239
2015-10-22 22:34:01+02;1299
2015-10-23 11:34:01+02;1279
2015-10-23 12:30:01+02;1309
2015-10-23 13:18:01+02;1279
2015-10-23 14:58:01+02;1239
2015-10-23 22:34:01+02;1299
2015-10-24 11:34:01+02;1299
2015-10-24 12:38:01+02;1329
2015-10-24 13:18:01+02;1299
2015-10-24 14:30:01+02;1249
2015-10-24 22:34:01+02;1309
2015-10-25 07:58:01+01;1259
2015-10-25 11:34:01+01;1249
2015-10-25 12:38:01+01;1279
2015-10-25 13:18:02+01;1249
2015-10-25 22:34:01+01;1309
2015-10-26 11:34:01+01;1299
2015-10-26 12:30:01+01;1329
2015-10-26 13:18:01+01;1299
2015-10-26 15:46:01+01;1259
2015-10-26 22:18:01+01;1319
2015-10-27 11:18:01+01;1299
2015-10-27 12:38:01+01;1329
2015-10-27 13:18:01+01;1299
2015-10-27 16:02:01+01;1249
2015-10-27 22:34:01+01;1309
2015-10-28 11:18:01+01;1299
2015-10-28 12:30:02+01;1319
2015-10-28 15:18:01+01;1299
2015-10-28 15:54:01+01;1269
2015-10-28 22:34:01+01;1319
2015-10-29 11:18:01+01;1269
2015-10-29 12:26:01+01;1299
2015-10-29 13:18:01+01;1269
2015-10-29 16:02:01+01;1239
2015-10-29 22:38:01+01;1309
2015-10-30 11:18:01+01;1289
2015-10-30 12:30:01+01;1319
2015-10-30 13:18:01+01;1289
2015-10-30 15:46:01+01;1259
2015-10-30 22:38:01+01;1319
2015-10-31 11:18:01+01;1309
2015-10-31 12:30:02+01;1339
2015-10-31 13:18:01+01;1309
2015-10-31 15:18:01+01;1279
2015-10-31 22:38:01+01;1339
2015-11-01 11:18:01+01;1279
2015-11-01 12:34:01+01;1309
2015-11-01 13:18:01+01;1279
2015-11-01 22:38:01+01;1339
2015-11-02 11:18:01+01;1309
2015-11-02 12:30:01+01;1339
2015-11-02 13:18:01+01;1309
2015-11-02 15:14:01+01;1279
2015-11-02 22:34:01+01;1339
2015-11-03 11:18:01+01;1319
2015-11-03 12:38:01+01;1349
2015-11-03 13:18:01+01;1319
2015-11-03 15:30:01+01;1289
2015-11-03 22:34:01+01;1349
2015-11-04 11:22:01+01;1319
2015-11-04 12:38:01+01;1349
2015-11-04 13:18:01+01;1319
2015-11-04 15:02:01+01;1289
2015-11-04 22:38:01+01;1349
2015-11-05 11:18:01+01;1329
2015-11-05 12:30:01+01;1359
2015-11-05 13:18:01+01;1329
2015-11-05 14:18:01+01;1299
2015-11-05 22:38:01+01;1359
2015-11-06 11:18:01+01;1329
2015-11-06 12:30:01+01;1359
2015-11-06 13:18:01+01;1329
2015-11-06 14:46:01+01;1299
2015-11-06 22:38:01+01;1359
2015-11-07 11:22:01+01;1339
2015-11-07 12:30:01+01;1369
2015-11-07 13:18:01+01;1339
2015-11-07 14:46:01+01;1279
2015-11-07 22:34:01+01;1339
2015-11-08 11:18:01+01;1279
2015-11-08 12:26:01+01;1309
2015-11-08 13:18:01+01;1279
2015-11-08 15:46:01+01;1269
2015-11-08 22:34:01+01;1339
2015-11-09 11:22:01+01;1329
2015-11-09 12:30:01+01;1359
2015-11-09 13:18:01+01;1329
2015-11-09 22:38:01+01;1369
2015-11-10 11:18:01+01;1339
2015-11-10 12:30:01+01;1369
2015-11-10 13:18:01+01;1339
2015-11-10 14:58:01+01;1319
2015-11-10 21:18:01+01;1379
2015-11-11 11:22:01+01;1339
2015-11-11 12:30:01+01;1369
2015-11-11 13:18:01+01;1339
2015-11-11 16:18:01+01;1329
2015-11-11 22:34:01+01;1379
2015-11-12 11:18:01+01;1339
2015-11-12 12:30:02+01;1369
2015-11-12 13:26:01+01;1339
2015-11-12 14:46:01+01;1329
2015-11-12 22:34:01+01;1369
2015-11-13 11:18:01+01;1339
2015-11-13 12:30:01+01;1359
2015-11-13 13:18:01+01;1339
2015-11-13 15:18:01+01;1309
2015-11-13 22:38:01+01;1359
2015-11-14 15:46:01+01;1299
2015-11-14 22:34:01+01;1339
2015-11-15 11:22:01+01;1299
2015-11-15 12:30:01+01;1329
2015-11-15 13:18:01+01;1299
2015-11-15 22:34:01+01;1339
2015-11-16 11:18:01+01;1329
2015-11-16 12:30:01+01;1339
2015-11-16 13:18:01+01;1329
2015-11-16 15:18:01+01;1299
2015-11-16 22:38:01+01;1339
2015-11-17 11:18:01+01;1329
2015-11-17 12:30:01+01;1329
2015-11-17 13:18:01+01;1329
2015-11-17 15:02:01+01;1269
2015-11-17 22:34:01+01;1329
2015-11-18 11:22:01+01;1309
2015-11-18 12:30:02+01;1329
2015-11-18 13:22:01+01;1309
2015-11-18 14:22:01+01;1269
2015-11-18 22:34:01+01;1329
2015-11-19 11:22:01+01;1309
2015-11-19 12:30:01+01;1339
2015-11-19 13:18:01+01;1309
2015-11-19 15:30:01+01;1279
2015-11-19 22:38:01+01;1339
2015-11-20 11:18:02+01;1309
2015-11-20 12:30:01+01;1339
2015-11-20 13:18:01+01;1309
2015-11-20 15:46:01+01;1269
2015-11-20 22:38:01+01;1329
2015-11-21 08:34:01+01;1279
2015-11-21 12:26:01+01;1309
2015-11-21 13:18:01+01;1269
2015-11-21 22:38:01+01;1329
2015-11-22 11:18:01+01;1269
2015-11-22 12:30:01+01;1299
2015-11-22 13:18:01+01;1269
2015-11-22 22:38:01+01;1329
2015-11-23 11:18:01+01;1309
2015-11-23 12:26:01+01;1339
2015-11-23 13:18:01+01;1309
2015-11-23 15:02:01+01;1289
2015-11-23 22:34:01+01;1339
2015-11-24 11:18:01+01;1309
2015-11-24 12:30:01+01;1329
2015-11-24 13:18:01+01;1309
2015-11-24 15:02:01+01;1269
2015-11-24 22:38:01+01;1329
2015-11-25 11:22:01+01;1309
2015-11-25 12:30:01+01;1339
2015-11-25 13:18:01+01;1309
2015-11-25 15:02:01+01;1289
2015-11-25 22:38:01+01;1349
2015-11-26 11:18:01+01;1329
2015-11-26 12:30:01+01;1349
2015-11-26 13:18:01+01;1329
2015-11-26 15:02:01+01;1289
2015-11-26 22:34:01+01;1349
2015-11-27 11:18:01+01;1329
2015-11-27 12:26:01+01;1349
2015-11-27 13:18:01+01;1329
2015-11-27 15:42:01+01;1269
2015-11-27 22:34:01+01;1329
2015-11-28 11:18:01+01;1309
2015-11-28 12:38:01+01;1339
2015-11-28 13:18:01+01;1309
2015-11-28 15:18:01+01;1279
2015-11-28 22:50:01+01;1339
2015-11-29 11:18:01+01;1279
2015-11-29 12:38:01+01;1309
2015-11-29 13:18:01+01;1279
2015-11-29 22:50:01+01;1339
2015-11-30 11:18:01+01;1319
2015-11-30 12:30:01+01;1349
2015-11-30 13:18:01+01;1319
2015-11-30 15:30:01+01;1269
2015-12-01 00:42:01+01;1329
2015-12-01 11:18:01+01;1319
2015-12-01 12:38:01+01;1349
2015-12-01 13:18:01+01;1319
2015-12-01 15:18:01+01;1269
2015-12-01 22:34:01+01;1329
2015-12-02 11:22:01+01;1309
2015-12-02 12:30:01+01;1339
2015-12-02 13:18:01+01;1309
2015-12-02 15:02:01+01;1269
2015-12-02 22:38:01+01;1329
2015-12-03 11:18:01+01;1269
2015-12-03 12:30:01+01;1299
2015-12-03 13:18:01+01;1269
2015-12-03 22:38:01+01;1329
2015-12-04 11:18:01+01;1299
2015-12-04 12:30:01+01;1319
2015-12-04 13:18:01+01;1299
2015-12-04 15:02:01+01;1259
2015-12-04 22:38:01+01;1319
2015-12-05 11:18:01+01;1259
2015-12-05 12:30:01+01;1289
2015-12-05 13:18:01+01;1259
2015-12-05 22:38:01+01;1309
2015-12-06 08:18:01+01;1269
2015-12-06 11:18:01+01;1259
2015-12-06 12:30:01+01;1289
2015-12-06 13:18:01+01;1259
2015-12-06 22:38:01+01;1309
2015-12-07 11:18:01+01;1299
2015-12-07 12:30:01+01;1309
2015-12-07 13:18:01+01;1299
2015-12-07 15:18:01+01;1249
2015-12-07 22:38:01+01;1309
2015-12-08 11:22:01+01;1279
2015-12-08 12:26:01+01;1299
2015-12-08 13:18:01+01;1279
2015-12-08 15:18:01+01;1219
2015-12-08 22:18:01+01;1279
2015-12-09 08:54:01+01;1229
2015-12-09 15:18:01+01;1209
2015-12-09 22:34:01+01;1219
2015-12-10 12:30:01+01;1249
2015-12-10 15:26:01+01;1209
2015-12-10 22:50:01+01;1269
2015-12-11 11:22:01+01;1259
2015-12-11 12:30:01+01;1289
2015-12-11 13:18:01+01;1259
2015-12-11 15:18:01+01;1229
2015-12-11 22:50:01+01;1289
2015-12-12 07:14:01+01;1239
2015-12-12 12:30:01+01;1269
2015-12-12 13:18:01+01;1239
2015-12-12 15:30:01+01;1229
2015-12-12 22:38:02+01;1289
2015-12-13 11:18:01+01;1229
2015-12-13 12:30:01+01;1259
2015-12-13 13:18:01+01;1229
2015-12-13 22:38:01+01;1289
2015-12-14 11:18:01+01;1269
2015-12-14 12:30:01+01;1299
2015-12-14 13:18:01+01;1229
2015-12-14 16:02:01+01;1229
2015-12-14 22:38:01+01;1289
2015-12-15 11:18:01+01;1259
2015-12-15 12:30:01+01;1289
2015-12-15 13:18:01+01;1259
2015-12-15 15:18:01+01;1229
2015-12-15 22:38:01+01;1289
2015-12-16 11:18:01+01;1269
2015-12-16 12:30:01+01;1289
2015-12-16 13:18:01+01;1269
2015-12-16 15:46:01+01;1229
2015-12-16 22:38:01+01;1289
2015-12-17 11:18:01+01;1269
2015-12-17 12:30:01+01;1289
2015-12-17 13:18:01+01;1269
2015-12-17 15:30:01+01;1229
2015-12-17 22:38:01+01;1289
2015-12-18 11:18:01+01;1249
2015-12-18 12:38:01+01;1279
2015-12-18 13:18:01+01;1249
2015-12-18 14:58:02+01;1249
2015-12-18 15:30:01+01;1219
2015-12-18 22:38:01+01;1279
2015-12-19 07:46:01+01;1229
2015-12-19 11:18:01+01;1219
2015-12-19 12:38:01+01;1249
2015-12-19 13:18:01+01;1219
2015-12-19 14:46:01+01;1209
2015-12-19 22:38:01+01;1269
2015-12-20 11:18:01+01;1209
2015-12-20 12:38:01+01;1239
2015-12-20 13:18:01+01;1209
2015-12-20 22:38:01+01;1269
2015-12-21 11:18:01+01;1229
2015-12-21 12:30:01+01;1259
2015-12-21 13:18:01+01;1229
2015-12-21 15:46:01+01;1219
2015-12-21 22:38:01+01;1279
2015-12-22 11:18:01+01;1249
2015-12-22 12:38:01+01;1279
2015-12-22 13:18:01+01;1249
2015-12-22 15:18:01+01;1209
2015-12-22 22:34:01+01;1269
2015-12-23 11:18:01+01;1259
2015-12-23 12:30:01+01;1279
2015-12-23 13:22:01+01;1259
2015-12-23 15:46:01+01;1209
2015-12-23 22:38:01+01;1269
2015-12-24 11:18:02+01;1239
2015-12-24 12:30:01+01;1269
2015-12-24 13:18:01+01;1209
2015-12-24 22:38:01+01;1269
2015-12-25 11:18:01+01;1209
2015-12-25 12:30:01+01;1239
2015-12-25 13:18:01+01;1209
2015-12-25 22:38:01+01;1269
2015-12-26 07:30:01+01;1219
2015-12-26 11:18:01+01;1209
2015-12-26 12:30:01+01;1239
2015-12-26 13:18:01+01;1209
2015-12-26 20:22:01+01;1209
2015-12-26 22:38:01+01;1269
2015-12-27 07:30:01+01;1219
2015-12-27 11:18:01+01;1209
2015-12-27 12:30:01+01;1239
2015-12-27 13:18:01+01;1209
2015-12-27 22:38:01+01;1269
2015-12-28 11:18:01+01;1249
2015-12-28 12:30:01+01;1279
2015-12-28 13:18:01+01;1249
2015-12-28 15:02:01+01;1209
2015-12-28 22:34:01+01;1269
2015-12-29 11:22:01+01;1249
2015-12-29 12:30:01+01;1279
2015-12-29 13:18:01+01;1249
2015-12-29 15:30:01+01;1209
2015-12-29 22:38:01+01;1269
2015-12-30 11:18:01+01;1249
2015-12-30 12:30:01+01;1279
2015-12-30 13:18:01+01;1249
2015-12-30 15:46:01+01;1209
2015-12-30 22:34:01+01;1269
2015-12-31 11:18:01+01;1259
2015-12-31 12:30:01+01;1289
2015-12-31 13:18:01+01;1259
2015-12-31 14:18:01+01;1239
2015-12-31 22:38:01+01;1289
2016-01-01 08:18:01+01;1239
2016-01-01 12:30:01+01;1269
2016-01-01 13:18:01+01;1239
2016-01-01 22:38:01+01;1289
2016-01-02 11:18:01+01;1259
2016-01-02 12:30:01+01;1289
2016-01-02 13:18:01+01;1259
2016-01-02 15:02:01+01;1209
2016-01-02 22:34:01+01;1269
2016-01-03 11:18:01+01;1209
2016-01-03 12:30:01+01;1239
2016-01-03 13:18:01+01;1209
2016-01-03 22:34:01+01;1269
2016-01-04 11:18:01+01;1239
2016-01-04 12:30:01+01;1269
2016-01-04 13:18:01+01;1239
2016-01-04 15:18:01+01;1209
2016-01-04 22:38:01+01;1269
2016-01-05 11:22:01+01;1249
2016-01-05 12:38:01+01;1279
2016-01-05 13:22:01+01;1249
2016-01-05 15:46:01+01;1209
2016-01-05 22:34:01+01;1279
2016-01-06 11:18:01+01;1209
2016-01-06 12:30:01+01;1239
2016-01-06 13:18:01+01;1209
2016-01-06 22:38:01+01;1279
2016-01-07 11:18:01+01;1259
2016-01-07 12:30:01+01;1289
2016-01-07 13:18:01+01;1219
2016-01-07 17:22:01+01;1219
2016-01-07 22:38:01+01;1279
2016-01-08 11:18:01+01;1239
2016-01-08 12:30:01+01;1269
2016-01-08 13:18:01+01;1239
2016-01-08 15:22:01+01;1209
2016-01-08 22:34:01+01;1269
2016-01-09 11:22:01+01;1249
2016-01-09 12:30:01+01;1269
2016-01-09 13:22:01+01;1249
2016-01-09 15:22:01+01;1209
2016-01-09 22:34:02+01;1269
2016-01-10 11:22:01+01;1209
2016-01-10 12:30:02+01;1239
2016-01-10 13:22:01+01;1209
2016-01-10 22:34:01+01;1269
2016-01-11 11:22:01+01;1249
2016-01-11 12:30:01+01;1269
2016-01-11 13:22:01+01;1249
2016-01-11 15:22:01+01;1199
2016-01-11 22:38:01+01;1259
2016-01-12 11:22:01+01;1249
2016-01-12 12:30:03+01;1259
2016-01-12 13:22:01+01;1249
2016-01-12 15:22:01+01;1209
2016-01-12 22:38:01+01;1259
2016-01-13 11:22:01+01;1249
2016-01-13 12:30:02+01;1259
2016-01-13 13:22:01+01;1249
2016-01-13 14:50:02+01;1209
2016-01-13 22:34:01+01;1259
2016-01-14 11:22:01+01;1249
2016-01-14 14:06:01+01;1239
2016-01-14 14:50:02+01;1209
2016-01-14 22:38:01+01;1249
2016-01-15 05:22:01+01;1239
2016-01-15 11:18:01+01;1219
2016-01-15 12:38:01+01;1249
2016-01-15 13:22:01+01;1219
2016-01-15 14:50:02+01;1189
2016-01-15 15:02:01+01;1139
2016-01-15 22:38:01+01;1219
2016-01-16 05:22:01+01;1219
2016-01-16 07:14:01+01;1179
2016-01-16 12:30:02+01;1209
2016-01-16 13:18:01+01;1189
2016-01-16 22:38:01+01;1249
2016-01-17 05:22:01+01;1239
2016-01-17 08:14:01+01;1199
2016-01-17 11:22:01+01;1189
2016-01-17 12:30:01+01;1219
2016-01-17 13:22:01+01;1189
2016-01-17 22:38:01+01;1249
2016-01-18 05:22:01+01;1189
2016-01-18 12:30:02+01;1219
2016-01-18 13:22:01+01;1189
2016-01-18 15:34:01+01;1179
2016-01-18 22:38:01+01;1239
2016-01-19 05:22:01+01;1229
2016-01-19 11:22:01+01;1219
2016-01-19 12:30:02+01;1239
2016-01-19 13:22:01+01;1219
2016-01-19 15:22:01+01;1169
2016-01-19 15:50:01+01;1139
2016-01-19 22:30:01+01;1209
2016-01-20 05:22:01+01;1209
2016-01-20 11:22:01+01;1209
2016-01-20 12:30:02+01;1239
2016-01-20 13:22:02+01;1209
2016-01-20 14:34:01+01;1179
2016-01-20 22:30:02+01;1239
2016-01-21 05:22:01+01;1239
2016-01-21 11:22:01+01;1219
2016-01-21 12:30:01+01;1249
2016-01-21 13:22:01+01;1219
2016-01-21 14:34:01+01;1189
2016-01-21 16:34:01+01;1179
2016-01-21 22:38:02+01;1239
2016-01-22 11:22:01+01;1219
2016-01-22 12:38:01+01;1249
2016-01-22 13:22:01+01;1219
2016-01-22 15:22:01+01;1179
2016-01-22 22:34:01+01;1239
2016-01-23 11:18:01+01;1219
2016-01-23 12:30:01+01;1249
2016-01-23 13:22:01+01;1219
2016-01-23 14:50:01+01;1179
2016-01-23 22:38:01+01;1239
2016-01-24 06:46:01+01;1189
2016-01-24 11:22:01+01;1179
2016-01-24 12:30:02+01;1209
2016-01-24 13:22:01+01;1179
2016-01-24 22:38:01+01;1239
2016-01-25 11:22:01+01;1209
2016-01-25 12:30:01+01;1239
2016-01-25 13:58:01+01;1209
2016-01-25 15:50:01+01;1179
2016-01-25 22:38:01+01;1239
2016-01-26 11:22:01+01;1229
2016-01-26 12:30:02+01;1259
2016-01-26 13:22:01+01;1229
2016-01-26 15:22:01+01;1189
2016-01-26 22:38:01+01;1249
2016-01-27 11:22:01+01;1229
2016-01-27 12:38:01+01;1249
2016-01-27 13:22:01+01;1229
2016-01-27 15:50:01+01;1189
2016-01-27 22:38:01+01;1249
2016-01-28 11:22:01+01;1229
2016-01-28 12:30:01+01;1249
2016-01-28 13:22:01+01;1229
2016-01-28 15:06:01+01;1189
2016-01-28 22:38:01+01;1249
2016-01-29 12:30:01+01;1269
2016-01-29 16:10:01+01;1189
2016-01-29 22:38:01+01;1249
2016-01-30 11:22:01+01;1229
2016-01-30 12:38:01+01;1259
2016-01-30 13:22:01+01;1229
2016-01-30 14:50:01+01;1189
2016-01-30 22:38:01+01;1249
2016-01-31 07:58:01+01;1199
2016-01-31 11:22:01+01;1189
2016-01-31 12:38:01+01;1219
2016-01-31 13:22:01+01;1189
2016-01-31 22:38:01+01;1249
2016-02-01 11:22:01+01;1229
2016-02-01 12:30:01+01;1259
2016-02-01 13:22:01+01;1229
2016-02-01 15:06:01+01;1189
2016-02-01 22:38:01+01;1249
2016-02-02 11:22:01+01;1229
2016-02-02 12:38:01+01;1259
2016-02-02 13:22:01+01;1229
2016-02-02 15:22:01+01;1189
2016-02-02 22:38:01+01;1249
2016-02-03 11:22:01+01;1229
2016-02-03 12:30:01+01;1239
2016-02-03 13:22:01+01;1229
2016-02-03 15:34:01+01;1199
2016-02-03 22:34:01+01;1239
2016-02-04 11:22:01+01;1199
2016-02-04 12:30:01+01;1229
2016-02-04 13:22:01+01;1199
2016-02-04 22:38:01+01;1229
2016-02-05 11:22:01+01;1209
2016-02-05 12:30:01+01;1239
2016-02-05 13:18:01+01;1209
2016-02-05 14:50:01+01;1169
2016-02-05 22:38:01+01;1229
2016-02-06 07:46:01+01;1169
2016-02-06 12:30:01+01;1199
2016-02-06 13:22:01+01;1179
2016-02-06 15:22:01+01;1169
2016-02-06 22:38:01+01;1229
2016-02-07 06:58:01+01;1169
2016-02-07 11:18:01+01;1169
2016-02-07 12:30:01+01;1199
2016-02-07 13:22:02+01;1169
2016-02-07 17:22:01+01;1159
2016-02-07 22:38:01+01;1219
2016-02-08 11:22:01+01;1209
2016-02-08 12:30:01+01;1239
2016-02-08 13:22:01+01;1209
2016-02-08 14:34:01+01;1169
2016-02-08 22:38:01+01;1229
2016-02-09 12:30:01+01;1229
2016-02-09 13:22:01+01;1209
2016-02-09 14:50:01+01;1169
2016-02-09 22:38:01+01;1229
2016-02-10 11:22:01+01;1209
2016-02-10 12:30:01+01;1209
2016-02-10 13:22:01+01;1209
2016-02-10 15:34:01+01;1169
2016-02-10 22:38:01+01;1209
2016-02-11 11:22:01+01;1209
2016-02-11 11:50:01+01;1149
2016-02-11 12:30:01+01;1179
2016-02-11 13:22:01+01;1149
2016-02-11 22:34:01+01;1199
2016-02-12 11:22:01+01;1179
2016-02-12 12:38:01+01;1209
2016-02-12 13:22:01+01;1179
2016-02-12 14:34:01+01;1149
2016-02-12 22:38:01+01;1209
2016-02-13 11:22:01+01;1169
2016-02-13 12:30:01+01;1199
2016-02-13 13:22:01+01;1169
2016-02-13 15:34:01+01;1149
2016-02-13 22:38:01+01;1209
2016-02-14 11:22:01+01;1149
2016-02-14 12:30:01+01;1179
2016-02-14 13:22:01+01;1149
2016-02-14 22:38:01+01;1209
2016-02-15 11:22:01+01;1149
2016-02-15 12:30:01+01;1179
2016-02-15 13:22:01+01;1149
2016-02-15 22:38:01+01;1209
2016-02-16 11:22:01+01;1179
2016-02-16 12:30:01+01;1209
2016-02-16 13:22:01+01;1179
2016-02-16 15:18:01+01;1149
2016-02-16 22:38:01+01;1209
2016-02-17 11:22:01+01;1189
2016-02-17 12:38:01+01;1219
2016-02-17 13:22:01+01;1189
2016-02-17 15:06:01+01;1149
2016-02-17 22:38:01+01;1209
2016-02-18 11:18:01+01;1179
2016-02-18 12:30:01+01;1209
2016-02-18 15:22:01+01;1149
2016-02-18 22:38:02+01;1209
2016-02-19 11:22:01+01;1179
2016-02-19 12:30:01+01;1209
2016-02-19 13:22:01+01;1179
2016-02-19 15:50:01+01;1149
2016-02-19 22:34:01+01;1209
2016-02-20 07:30:01+01;1179
2016-02-20 11:22:01+01;1169
2016-02-20 12:30:01+01;1199
2016-02-20 13:22:01+01;1169
2016-02-20 15:34:01+01;1149
2016-02-20 22:34:01+01;1209
2016-02-21 11:22:01+01;1149
2016-02-21 12:30:01+01;1179
2016-02-21 13:22:01+01;1149
2016-02-21 22:34:01+01;1209
2016-02-22 11:22:01+01;1189
2016-02-22 12:30:01+01;1209
2016-02-22 13:22:01+01;1189
2016-02-22 15:50:01+01;1139
2016-02-22 22:38:01+01;1199
2016-02-23 11:22:01+01;1169
2016-02-23 12:30:01+01;1189
2016-02-23 13:26:01+01;1169
2016-02-23 15:26:01+01;1159
2016-02-23 22:18:01+01;1219
2016-02-24 11:22:01+01;1179
2016-02-24 12:30:01+01;1199
2016-02-24 13:22:01+01;1179
2016-02-24 15:22:01+01;1149
2016-02-24 22:38:01+01;1209
2016-02-25 11:26:01+01;1179
2016-02-25 12:30:01+01;1199
2016-02-25 13:22:01+01;1179
2016-02-25 15:34:01+01;1149
2016-02-25 22:34:01+01;1209
2016-02-26 11:22:01+01;1179
2016-02-26 12:38:01+01;1199
2016-02-26 13:22:01+01;1179
2016-02-26 14:34:01+01;1149
2016-02-26 22:38:01+01;1209
2016-02-27 11:19:01+01;1169
2016-02-27 12:27:01+01;1189
2016-02-27 13:20:01+01;1169
2016-02-27 15:03:01+01;1139
2016-02-27 22:37:01+01;1209
2016-02-28 07:59:01+01;1159
2016-02-28 11:19:01+01;1139
2016-02-28 12:27:01+01;1159
2016-02-28 13:21:01+01;1139
2016-02-28 22:37:01+01;1209
2016-02-29 11:21:01+01;1189
2016-02-29 12:27:01+01;1209
2016-02-29 13:23:01+01;1139
2016-02-29 22:37:01+01;1209
2016-03-01 11:19:02+01;1179
2016-03-01 12:37:01+01;1199
2016-03-01 13:21:01+01;1179
2016-03-01 13:22:01+01;1169
2016-03-01 15:19:01+01;1159
2016-03-01 22:32:01+01;1219
2016-03-02 11:22:01+01;1189
2016-03-02 12:27:01+01;1209
2016-03-02 13:22:01+01;1189
2016-03-02 15:05:01+01;1159
2016-03-02 22:37:01+01;1219
2016-03-03 11:21:01+01;1169
2016-03-03 12:27:01+01;1189
2016-03-03 13:23:01+01;1169
2016-03-03 15:33:02+01;1149
2016-03-03 22:37:01+01;1209
2016-03-04 11:22:01+01;1179
2016-03-04 12:27:01+01;1199
2016-03-04 13:21:01+01;1179
2016-03-04 15:21:01+01;1159
2016-03-04 22:37:01+01;1219
2016-03-05 07:43:01+01;1169
2016-03-05 11:20:01+01;1159
2016-03-05 12:37:01+01;1179
2016-03-05 13:20:01+01;1159
2016-03-05 14:48:01+01;1139
2016-03-05 22:37:01+01;1199
2016-03-06 11:19:02+01;1139
2016-03-06 12:37:01+01;1159
2016-03-06 13:21:01+01;1139
2016-03-06 22:37:01+01;1199
2016-03-07 11:20:01+01;1189
2016-03-07 12:27:01+01;1209
2016-03-07 13:21:01+01;1189
2016-03-07 14:19:01+01;1149
2016-03-07 22:37:01+01;1209
2016-03-08 11:23:01+01;1199
2016-03-08 12:22:01+01;1229
2016-03-08 13:23:02+01;1199
2016-03-08 15:06:02+01;1149
2016-03-08 22:37:01+01;1209
2016-03-09 11:19:01+01;1199
2016-03-09 12:27:01+01;1219
2016-03-09 13:20:02+01;1199
2016-03-09 14:19:01+01;1169
2016-03-09 22:37:01+01;1229
2016-03-10 11:21:01+01;1199
2016-03-10 12:27:01+01;1219
2016-03-10 13:21:01+01;1199
2016-03-10 15:46:01+01;1169
2016-03-10 22:02:00+01;1229
2016-03-11 11:17:01+01;1209
2016-03-11 12:27:01+01;1229
2016-03-11 13:18:01+01;1209
2016-03-11 15:00:01+01;1179
2016-03-11 22:37:01+01;1239
2016-03-12 11:18:01+01;1219
2016-03-12 12:27:01+01;1239
2016-03-12 13:20:01+01;1219
2016-03-12 14:30:01+01;1179
2016-03-12 22:37:02+01;1239
2016-03-13 07:44:01+01;1179
2016-03-13 11:20:01+01;1179
2016-03-13 12:27:01+01;1199
2016-03-13 13:21:01+01;1179
2016-03-13 22:37:01+01;1239
2016-03-14 11:21:01+01;1219
2016-03-14 12:27:01+01;1239
2016-03-14 13:22:01+01;1219
2016-03-14 15:47:01+01;1169
2016-03-14 22:37:01+01;1229
2016-03-15 11:22:01+01;1219
2016-03-15 12:27:01+01;1239
2016-03-15 13:21:01+01;1219
2016-03-15 15:01:01+01;1169
2016-03-15 16:46:01+01;1129
2016-03-15 22:37:01+01;1219
2016-03-16 11:17:01+01;1169
2016-03-16 12:27:01+01;1189
2016-03-16 13:17:02+01;1169
2016-03-16 22:37:01+01;1229
2016-03-17 11:16:01+01;1169
2016-03-17 12:27:02+01;1189
2016-03-17 13:17:01+01;1169
2016-03-17 15:16:01+01;1149
2016-03-17 22:27:01+01;1219
2016-03-18 11:17:01+01;1199
2016-03-18 12:27:02+01;1219
2016-03-18 13:17:01+01;1199
2016-03-18 14:46:01+01;1159
2016-03-18 22:32:01+01;1219
2016-03-19 11:18:01+01;1199
2016-03-19 12:27:01+01;1219
2016-03-19 13:17:01+01;1199
2016-03-19 15:31:01+01;1149
2016-03-19 22:37:01+01;1229
2016-03-20 11:21:01+01;1149
2016-03-20 12:27:01+01;1169
2016-03-20 13:20:01+01;1149
2016-03-20 22:37:01+01;1229
2016-03-21 11:17:01+01;1199
2016-03-21 12:27:01+01;1219
2016-03-21 13:17:01+01;1199
2016-03-21 15:30:01+01;1179
2016-03-21 22:37:01+01;1239
2016-03-22 11:18:01+01;1219
2016-03-22 12:27:01+01;1239
2016-03-22 13:18:01+01;1219
2016-03-22 15:45:01+01;1169
2016-03-22 22:37:01+01;1229
2016-03-23 11:17:01+01;1219
2016-03-23 12:27:01+01;1239
2016-03-23 13:17:01+01;1219
2016-03-23 15:18:01+01;1189
2016-03-23 16:01:01+01;1189
2016-03-23 23:18:01+01;1249
2016-03-24 06:47:01+01;1249
2016-03-24 11:20:01+01;1229
2016-03-24 12:17:01+01;1229
2016-03-24 12:27:01+01;1249
2016-03-24 13:21:01+01;1229
2016-03-24 14:18:01+01;1229
2016-03-24 14:49:01+01;1189
2016-03-24 15:47:01+01;1189
2016-03-24 22:32:01+01;1249
2016-03-25 06:46:01+01;1249
2016-03-25 11:16:01+01;1189
2016-03-25 12:27:01+01;1209
2016-03-25 13:18:01+01;1189
2016-03-25 13:59:01+01;1189
2016-03-25 22:32:01+01;1249
2016-03-26 06:46:01+01;1249
2016-03-26 07:13:01+01;1199
2016-03-26 07:30:01+01;1199
2016-03-26 12:27:01+01;1219
2016-03-26 13:16:01+01;1199
2016-03-26 14:01:01+01;1199
2016-03-26 14:59:01+01;1189
2016-03-26 22:37:01+01;1259
2016-03-27 09:33:01+02;1209
2016-03-27 09:36:01+02;1209
2016-03-27 11:18:01+02;1189
2016-03-27 12:27:01+02;1209
2016-03-27 13:18:01+02;1189
2016-03-27 22:37:01+02;1259
2016-03-28 07:47:01+02;1259
2016-03-28 11:22:01+02;1189
2016-03-28 12:27:01+02;1209
2016-03-28 13:22:01+02;1189
2016-03-28 22:37:01+02;1259
2016-03-29 07:46:01+02;1259
2016-03-29 11:18:01+02;1249
2016-03-29 12:16:01+02;1249
2016-03-29 12:27:01+02;1269
2016-03-29 15:21:01+02;1179
2016-03-29 16:16:01+02;1179
2016-03-29 22:37:01+02;1259
2016-03-30 06:49:01+02;1259
2016-03-30 11:21:01+02;1219
2016-03-30 12:16:01+02;1219
2016-03-30 12:27:01+02;1239
2016-03-30 13:17:01+02;1219
2016-03-30 14:01:01+02;1219
2016-03-30 15:00:01+02;1199
2016-03-30 15:46:01+02;1199
2016-03-30 17:13:01+02;1199
2016-03-30 22:37:01+02;1279
2016-03-31 06:48:01+02;1279
2016-03-31 11:16:01+02;1199
2016-03-31 12:00:01+02;1199
2016-03-31 12:27:01+02;1219
2016-03-31 13:22:01+02;1199
2016-03-31 14:19:01+02;1199
2016-03-31 22:37:01+02;1279
2016-04-01 06:48:01+02;1279
2016-04-01 11:21:01+02;1229
2016-04-01 12:17:01+02;1229
2016-04-01 12:27:01+02;1249
2016-04-01 13:18:01+02;1229
2016-04-01 14:17:01+02;1229
2016-04-01 15:00:01+02;1199
2016-04-01 22:37:01+02;1269
2016-04-02 06:38:01+02;1269
2016-04-02 11:21:01+02;1259
2016-04-02 12:27:01+02;1279
2016-04-02 13:21:01+02;1259
2016-04-02 14:20:01+02;1259
2016-04-02 15:48:01+02;1189
2016-04-02 22:37:01+02;1259
2016-04-03 11:17:01+02;1189
2016-04-03 12:27:01+02;1209
2016-04-03 13:18:02+02;1189
2016-04-03 22:37:01+02;1259
2016-04-04 06:47:01+02;1259
2016-04-04 11:16:01+02;1239
2016-04-04 11:45:01+02;1199
2016-04-04 12:27:01+02;1219
2016-04-04 13:22:01+02;1199
2016-04-04 15:46:01+02;1189
2016-04-04 22:37:01+02;1269
2016-04-05 11:17:01+02;1229
2016-04-05 12:27:01+02;1249
2016-04-05 13:17:01+02;1229
2016-04-05 15:18:01+02;1199
2016-04-05 22:37:01+02;1259
2016-04-06 11:20:01+02;1229
2016-04-06 12:27:01+02;1249
2016-04-06 13:22:01+02;1229
2016-04-06 15:46:01+02;1199
2016-04-06 22:37:01+02;1259
2016-04-07 11:22:01+02;1219
2016-04-07 12:27:01+02;1239
2016-04-07 13:22:01+02;1219
2016-04-07 15:22:01+02;1199
2016-04-07 22:37:01+02;1259
2016-04-08 11:22:01+02;1229
2016-04-08 12:27:01+02;1249
2016-04-08 13:21:01+02;1229
2016-04-08 15:30:01+02;1189
2016-04-08 22:37:01+02;1259
2016-04-09 06:36:01+02;1189
2016-04-09 12:27:01+02;1209
2016-04-09 13:22:01+02;1199
2016-04-09 15:31:01+02;1199
2016-04-09 22:32:01+02;1269
2016-04-10 11:17:01+02;1199
2016-04-10 12:27:01+02;1219
2016-04-10 13:21:01+02;1199
2016-04-10 22:32:01+02;1269
2016-04-11 11:21:01+02;1249
2016-04-11 12:27:01+02;1269
2016-04-11 13:17:01+02;1249
2016-04-11 14:47:01+02;1209
2016-04-11 22:37:01+02;1269
2016-04-12 11:21:01+02;1249
2016-04-12 12:27:01+02;1269
2016-04-12 13:22:01+02;1249
2016-04-12 15:21:01+02;1209
2016-04-12 22:37:01+02;1279
2016-04-13 05:23:01+02;1279
2016-04-13 11:20:01+02;1269
2016-04-13 12:27:01+02;1289
2016-04-13 13:18:01+02;1269
2016-04-13 15:18:01+02;1229
2016-04-13 16:29:01+02;1229
2016-04-13 22:37:01+02;1289
2016-04-14 05:25:01+02;1289
2016-04-14 06:01:02+02;1289
2016-04-14 11:17:01+02;1269
2016-04-14 12:27:01+02;1289
2016-04-14 13:18:01+02;1269
2016-04-14 14:32:01+02;1229
2016-04-14 22:37:01+02;1289
2016-04-15 06:50:01+02;1289
2016-04-15 11:22:01+02;1289
2016-04-15 12:27:01+02;1309
2016-04-15 13:21:01+02;1289
2016-04-15 15:01:01+02;1239
2016-04-15 22:32:01+02;1299
2016-04-16 06:35:01+02;1299
2016-04-16 11:17:01+02;1289
2016-04-16 12:15:01+02;1289
2016-04-16 12:27:01+02;1309
2016-04-16 13:18:01+02;1289
2016-04-16 14:47:01+02;1239
2016-04-16 22:37:01+02;1299
2016-04-17 06:36:01+02;1299
2016-04-17 11:21:01+02;1239
2016-04-17 12:27:01+02;1259
2016-04-17 13:21:01+02;1239
2016-04-17 22:37:01+02;1299
2016-04-18 06:39:01+02;1299
2016-04-18 11:21:01+02;1289
2016-04-18 12:16:01+02;1289
2016-04-18 12:27:01+02;1309
2016-04-18 13:21:01+02;1289
2016-04-18 15:22:01+02;1229
2016-04-18 22:37:01+02;1289
2016-04-19 06:38:01+02;1289
2016-04-19 11:21:02+02;1289
2016-04-19 12:27:02+02;1299
2016-04-19 13:21:01+02;1289
2016-04-19 15:02:01+02;1219
2016-04-19 16:01:01+02;1219
2016-04-19 22:37:01+02;1279
2016-04-20 06:38:01+02;1279
2016-04-20 11:22:01+02;1259
2016-04-20 12:16:01+02;1259
2016-04-20 12:27:01+02;1279
2016-04-20 13:22:01+02;1259
2016-04-20 14:33:01+02;1259
2016-04-20 15:30:01+02;1219
2016-04-20 16:31:01+02;1219
2016-04-20 22:37:01+02;1279
2016-04-21 11:21:01+02;1229
2016-04-21 12:37:01+02;1249
2016-04-21 13:22:01+02;1229
2016-04-21 15:30:01+02;1209
2016-04-21 22:37:01+02;1279
2016-04-22 11:22:01+02;1229
2016-04-22 12:32:01+02;1249
2016-04-22 13:21:01+02;1229
2016-04-22 16:00:01+02;1219
2016-04-22 22:37:01+02;1289
2016-04-23 11:22:01+02;1279
2016-04-23 12:27:01+02;1299
2016-04-23 13:22:01+02;1279
2016-04-23 14:46:01+02;1249
2016-04-23 22:37:01+02;1309
2016-04-24 11:17:01+02;1249
2016-04-24 12:27:02+02;1269
2016-04-24 13:17:01+02;1249
2016-04-24 21:46:01+02;1249
2016-04-24 22:37:01+02;1309
2016-04-25 11:20:01+02;1279
2016-04-25 12:27:01+02;1299
2016-04-25 13:35:01+02;1279
2016-04-25 14:47:02+02;1229
2016-04-25 22:37:01+02;1299
2016-04-26 11:22:01+02;1299
2016-04-26 12:27:01+02;1319
2016-04-26 13:22:01+02;1299
2016-04-26 15:23:01+02;1259
2016-04-26 22:37:01+02;1319
2016-04-27 11:17:01+02;1299
2016-04-27 12:27:01+02;1319
2016-04-27 14:03:01+02;1299
2016-04-27 15:30:01+02;1259
2016-04-27 22:37:01+02;1319
2016-04-28 11:22:01+02;1299
2016-04-28 12:27:01+02;1319
2016-04-28 13:23:01+02;1299
2016-04-28 15:22:01+02;1259
2016-04-28 17:07:01+02;1259
2016-04-28 22:37:01+02;1319
2016-04-29 11:22:01+02;1309
2016-04-29 12:27:01+02;1329
2016-04-29 13:22:01+02;1309
2016-04-29 15:22:01+02;1269
2016-04-29 22:32:01+02;1329
2016-04-30 11:19:01+02;1259
2016-04-30 12:27:01+02;1279
2016-04-30 13:23:01+02;1259
2016-04-30 15:23:01+02;1249
2016-04-30 22:37:01+02;1309
2016-05-01 11:16:01+02;1249
2016-05-01 12:27:01+02;1269
2016-05-01 13:21:01+02;1249
2016-05-01 21:26:06+02;1249
2016-05-01 22:37:01+02;1309
2016-05-01 22:37:01+02;1309
2016-05-02 11:17:01+02;1279
2016-05-02 12:29:01+02;1299
2016-05-02 13:17:01+02;1279
2016-05-02 15:33:01+02;1259
2016-05-02 22:32:01+02;1319
2016-05-03 11:22:01+02;1309
2016-05-03 12:27:01+02;1329
2016-05-03 13:22:01+02;1309
2016-05-03 15:47:01+02;1269
2016-05-03 22:37:01+02;1329
2016-05-04 11:17:01+02;1299
2016-05-04 12:27:01+02;1319
2016-05-04 13:17:01+02;1299
2016-05-04 16:00:01+02;1249
2016-05-04 22:37:01+02;1309
2016-05-05 11:17:01+02;1249
2016-05-05 12:27:01+02;1269
2016-05-05 13:18:01+02;1249
2016-05-05 22:37:01+02;1309
2016-05-06 11:22:01+02;1289
2016-05-06 12:27:01+02;1309
2016-05-06 13:24:01+02;1289
2016-05-06 15:17:01+02;1249
2016-05-06 22:32:01+02;1309
2016-05-07 12:27:01+02;1309
2016-05-07 13:25:01+02;1309
2016-05-07 15:25:01+02;1249
2016-05-07 22:37:01+02;1309
2016-05-08 11:18:01+02;1249
2016-05-08 12:27:02+02;1269
2016-05-08 13:19:01+02;1249
2016-05-08 22:37:01+02;1309
2016-05-09 11:17:01+02;1299
2016-05-09 12:27:01+02;1309
2016-05-09 13:18:01+02;1299
2016-05-09 15:18:01+02;1249
2016-05-09 22:37:01+02;1309
2016-05-10 11:17:01+02;1249
2016-05-10 12:27:01+02;1269
2016-05-10 13:17:01+02;1249
2016-05-10 15:17:01+02;1239
2016-05-10 22:37:01+02;1299
2016-05-11 11:18:01+02;1239
2016-05-11 12:27:01+02;1259
2016-05-11 13:18:01+02;1239
2016-05-11 22:37:01+02;1299
2016-05-12 11:21:01+02;1239
2016-05-12 12:27:01+02;1259
2016-05-12 13:22:01+02;1239
2016-05-12 22:37:01+02;1299
2016-05-13 11:18:02+02;1279
2016-05-13 12:27:01+02;1299
2016-05-13 13:18:01+02;1279
2016-05-13 16:01:01+02;1249
2016-05-13 22:37:01+02;1309
2016-05-14 11:23:01+02;1289
2016-05-14 12:27:01+02;1309
2016-05-14 13:22:01+02;1289
2016-05-14 15:17:01+02;1259
2016-05-14 22:37:01+02;1319
2016-05-15 11:23:01+02;1259
2016-05-15 12:27:01+02;1279
2016-05-15 13:21:01+02;1259
2016-05-15 22:37:01+02;1319
2016-05-16 11:16:01+02;1259
2016-05-16 12:27:01+02;1279
2016-05-16 13:19:01+02;1259
2016-05-16 22:37:01+02;1319
2016-05-17 10:17:01+02;1259
2016-05-17 12:27:01+02;1279
2016-05-17 15:01:01+02;1259
2016-05-17 22:37:01+02;1319
2016-05-18 12:27:01+02;1339
2016-05-18 13:22:01+02;1319
2016-05-18 14:47:01+02;1299
2016-05-18 22:37:01+02;1349
2016-05-19 11:22:01+02;1329
2016-05-19 12:27:02+02;1349
2016-05-19 13:22:01+02;1329
2016-05-19 14:31:01+02;1299
2016-05-19 22:37:01+02;1349
2016-05-20 11:23:01+02;1329
2016-05-20 12:37:01+02;1349
2016-05-20 13:23:01+02;1329
2016-05-20 15:01:01+02;1279
2016-05-20 22:37:01+02;1339
2016-05-21 11:19:01+02;1329
2016-05-21 12:27:01+02;1349
2016-05-21 13:22:01+02;1329
2016-05-21 14:48:01+02;1299
2016-05-21 22:37:01+02;1349
2016-05-22 11:22:01+02;1299
2016-05-22 12:27:02+02;1319
2016-05-22 13:22:01+02;1299
2016-05-22 22:37:01+02;1349
2016-05-23 11:17:01+02;1319
2016-05-23 12:27:01+02;1339
2016-05-23 13:18:01+02;1319
2016-05-23 15:31:01+02;1279
2016-05-23 22:37:02+02;1339
2016-05-24 11:23:01+02;1299
2016-05-24 12:37:01+02;1319
2016-05-24 13:23:01+02;1299
2016-05-24 15:30:01+02;1269
2016-05-24 22:37:01+02;1329
2016-05-25 12:37:02+02;1349
2016-05-25 13:17:01+02;1329
2016-05-25 14:46:01+02;1299
2016-05-25 22:37:01+02;1359
2016-05-26 11:22:01+02;1299
2016-05-26 12:27:01+02;1319
2016-05-26 13:22:01+02;1299
2016-05-26 22:37:01+02;1359
2016-05-27 11:18:01+02;1329
2016-05-27 12:27:01+02;1349
2016-05-27 13:16:01+02;1329
2016-05-27 15:30:01+02;1279
2016-05-27 22:37:01+02;1339
2016-05-28 11:22:01+02;1299
2016-05-28 12:37:01+02;1319
2016-05-28 13:22:01+02;1299
2016-05-28 15:30:01+02;1279
2016-05-28 22:32:01+02;1339
2016-05-29 11:22:01+02;1279
2016-05-29 12:37:01+02;1299
2016-05-29 13:21:01+02;1279
2016-05-29 22:32:01+02;1339
2016-05-30 11:16:01+02;1329
2016-05-30 12:27:01+02;1349
2016-05-30 13:17:01+02;1329
2016-05-30 15:30:01+02;1289
2016-05-30 22:37:01+02;1369
2016-05-31 11:18:01+02;1319
2016-05-31 12:27:01+02;1339
2016-05-31 13:17:01+02;1319
2016-05-31 15:17:01+02;1289
2016-05-31 22:32:01+02;1369
2016-06-01 11:16:01+02;1319
2016-06-01 12:27:01+02;1339
2016-06-01 13:16:01+02;1319
2016-06-01 15:31:01+02;1299
2016-06-01 22:37:01+02;1379
2016-06-02 11:16:02+02;1329
2016-06-02 12:27:01+02;1349
2016-06-02 13:19:01+02;1329
2016-06-02 14:31:01+02;1309
2016-06-02 22:37:01+02;1379
2016-06-03 11:23:01+02;1349
2016-06-03 12:27:01+02;1359
2016-06-03 13:23:01+02;1349
2016-06-03 15:01:01+02;1309
2016-06-03 22:37:01+02;1379
2016-06-04 11:19:01+02;1309
2016-06-04 12:27:01+02;1329
2016-06-04 13:18:01+02;1309
2016-06-04 15:00:02+02;1289
2016-06-04 22:37:01+02;1369
2016-06-05 11:18:01+02;1289
2016-06-05 12:27:01+02;1309
2016-06-05 13:18:01+02;1289
2016-06-05 22:37:02+02;1369
2016-06-06 11:18:01+02;1349
2016-06-06 12:27:01+02;1359
2016-06-06 13:17:01+02;1349
2016-06-06 15:46:01+02;1289
2016-06-06 22:37:01+02;1369
2016-06-07 11:16:01+02;1339
2016-06-07 12:27:01+02;1349
2016-06-07 13:19:01+02;1339
2016-06-07 15:17:02+02;1299
2016-06-07 22:32:01+02;1369
2016-06-08 11:17:01+02;1329
2016-06-08 12:37:01+02;1349
2016-06-08 13:16:01+02;1329
2016-06-08 15:17:01+02;1289
2016-06-08 22:37:01+02;1369
2016-06-09 11:23:02+02;1329
2016-06-09 12:27:01+02;1349
2016-06-09 13:23:01+02;1329
2016-06-09 15:46:01+02;1289
2016-06-09 22:37:01+02;1369
2016-06-10 11:18:01+02;1339
2016-06-10 12:27:01+02;1359
2016-06-10 13:17:01+02;1339
2016-06-10 16:15:01+02;1279
2016-06-10 22:37:01+02;1359
2016-06-11 11:17:01+02;1339
2016-06-11 12:27:01+02;1349
2016-06-11 13:17:01+02;1339
2016-06-11 14:46:01+02;1299
2016-06-11 22:32:01+02;1369
2016-06-12 11:23:01+02;1299
2016-06-12 12:27:01+02;1319
2016-06-12 13:22:01+02;1299
2016-06-12 22:32:01+02;1369
2016-06-13 11:18:01+02;1329
2016-06-13 12:27:01+02;1349
2016-06-13 13:17:02+02;1329
2016-06-13 15:17:01+02;1289
2016-06-13 22:37:01+02;1369
2016-06-14 11:23:01+02;1339
2016-06-14 12:27:01+02;1349
2016-06-14 13:18:01+02;1339
2016-06-14 15:16:01+02;1279
2016-06-14 22:37:01+02;1359
2016-06-15 11:18:01+02;1329
2016-06-15 12:27:01+02;1339
2016-06-15 13:16:01+02;1329
2016-06-15 15:01:01+02;1289
2016-06-15 22:37:01+02;1359
2016-06-16 11:17:01+02;1309
2016-06-16 12:27:01+02;1329
2016-06-16 13:16:01+02;1309
2016-06-16 15:31:01+02;1279
2016-06-16 22:37:02+02;1359
2016-06-17 11:17:01+02;1299
2016-06-17 12:37:01+02;1319
2016-06-17 13:17:02+02;1299
2016-06-17 15:17:01+02;1269
2016-06-17 22:32:01+02;1349
2016-06-18 11:19:01+02;1279
2016-06-18 12:27:01+02;1299
2016-06-18 13:22:01+02;1279
2016-06-18 15:30:01+02;1279
2016-06-18 22:37:01+02;1359
2016-06-19 11:17:01+02;1279
2016-06-19 12:27:01+02;1299
2016-06-19 13:18:01+02;1279
2016-06-19 22:37:01+02;1359
2016-06-20 11:22:01+02;1289
2016-06-20 12:27:01+02;1309
2016-06-20 13:17:01+02;1289
2016-06-20 15:17:01+02;1279
2016-06-20 22:37:01+02;1359
2016-06-21 11:17:01+02;1319
2016-06-21 12:27:02+02;1339
2016-06-21 13:18:02+02;1319
2016-06-21 15:30:01+02;1259
2016-06-21 22:32:01+02;1339
2016-06-22 11:24:01+02;1299
2016-06-22 12:27:01+02;1319
2016-06-22 13:17:01+02;1299
2016-06-22 15:17:01+02;1279
2016-06-22 22:32:01+02;1359
2016-06-23 11:23:01+02;1279
2016-06-23 12:37:01+02;1299
2016-06-23 13:23:01+02;1279
2016-06-23 22:37:01+02;1359
2016-06-24 11:22:01+02;1319
2016-06-24 12:27:01+02;1339
2016-06-24 13:18:01+02;1319
2016-06-24 15:00:01+02;1309
2016-06-24 22:37:01+02;1369
2016-06-25 11:19:01+02;1339
2016-06-25 12:27:01+02;1349
2016-06-25 13:20:02+02;1339
2016-06-25 15:30:01+02;1289
2016-06-25 22:37:01+02;1369
2016-06-26 11:23:01+02;1289
2016-06-26 12:27:01+02;1309
2016-06-26 13:21:02+02;1289
2016-06-26 22:37:01+02;1369
2016-06-27 11:23:01+02;1339
2016-06-27 12:27:01+02;1349
2016-06-27 13:23:01+02;1339
2016-06-27 15:47:01+02;1289
2016-06-27 22:37:01+02;1369
2016-06-28 11:22:01+02;1329
2016-06-28 12:27:01+02;1339
2016-06-28 13:22:01+02;1329
2016-06-28 15:30:01+02;1279
2016-06-28 22:32:01+02;1359
2016-06-29 11:18:01+02;1309
2016-06-29 12:27:02+02;1329
2016-06-29 13:16:01+02;1309
2016-06-29 15:30:01+02;1269
2016-06-29 22:32:01+02;1349
2016-06-30 11:16:01+02;1319
2016-06-30 12:27:01+02;1339
2016-06-30 13:18:01+02;1319
2016-06-30 15:16:01+02;1289
2016-06-30 22:37:01+02;1359
2016-07-01 11:18:01+02;1309
2016-07-01 12:27:02+02;1329
2016-07-01 13:18:01+02;1309
2016-07-01 14:48:01+02;1269
2016-07-01 22:37:01+02;1349
2016-07-02 11:16:01+02;1309
2016-07-02 12:27:01+02;1329
2016-07-02 13:16:01+02;1309
2016-07-02 15:31:01+02;1279
2016-07-02 22:37:01+02;1349
2016-07-03 11:17:01+02;1279
2016-07-03 12:27:01+02;1299
2016-07-03 13:22:01+02;1279
2016-07-03 22:37:01+02;1349
2016-07-04 11:23:01+02;1309
2016-07-04 12:27:02+02;1329
2016-07-04 13:18:01+02;1309
2016-07-04 15:18:01+02;1279
2016-07-04 22:32:01+02;1349
2016-07-05 11:16:01+02;1319
2016-07-05 12:27:01+02;1329
2016-07-05 13:22:01+02;1319
2016-07-05 15:21:01+02;1289
2016-07-05 22:37:01+02;1359
2016-07-06 06:45:02+02;1339
2016-07-06 11:16:02+02;1299
2016-07-06 12:27:01+02;1309
2016-07-06 13:17:01+02;1299
2016-07-06 15:30:01+02;1259
2016-07-06 22:37:01+02;1329
2016-07-07 11:22:01+02;1279
2016-07-07 12:27:01+02;1299
2016-07-07 13:18:01+02;1279
2016-07-07 15:45:01+02;1249
2016-07-07 22:37:01+02;1329
2016-07-08 11:22:01+02;1289
2016-07-08 12:37:01+02;1299
2016-07-08 13:22:01+02;1289
2016-07-08 15:31:01+02;1239
2016-07-08 22:32:01+02;1319
2016-07-09 11:23:01+02;1289
2016-07-09 15:21:01+02;1269
2016-07-09 22:32:01+02;1309
2016-07-10 11:25:01+02;1269
2016-07-10 12:37:01+02;1289
2016-07-10 13:22:01+02;1269
2016-07-10 22:32:02+02;1309
2016-07-11 11:18:01+02;1289
2016-07-11 12:27:01+02;1299
2016-07-11 13:17:01+02;1289
2016-07-11 15:46:01+02;1249
2016-07-11 22:37:01+02;1319
2016-07-12 11:17:02+02;1259
2016-07-12 12:27:01+02;1279
2016-07-12 13:17:01+02;1259
2016-07-12 15:30:01+02;1229
2016-07-12 22:32:01+02;1309
2016-07-13 11:20:01+02;1259
2016-07-13 12:37:01+02;1279
2016-07-13 13:20:02+02;1259
2016-07-13 15:16:01+02;1229
2016-07-13 15:31:01+02;1229
2016-07-13 22:37:01+02;1309
2016-07-14 11:18:01+02;1269
2016-07-14 12:27:01+02;1289
2016-07-14 13:18:01+02;1269
2016-07-14 15:30:01+02;1239
2016-07-14 22:37:01+02;1319
2016-07-15 11:17:01+02;1269
2016-07-15 12:37:01+02;1289
2016-07-15 13:17:01+02;1269
2016-07-15 16:15:01+02;1239
2016-07-15 22:32:01+02;1319
2016-07-16 11:17:01+02;1279
2016-07-16 12:27:01+02;1299
2016-07-16 13:18:01+02;1279
2016-07-16 15:31:01+02;1249
2016-07-16 22:37:01+02;1329
2016-07-17 11:17:01+02;1249
2016-07-17 12:27:01+02;1269
2016-07-17 13:18:01+02;1249
2016-07-17 22:37:01+02;1329
2016-07-18 11:22:01+02;1279
2016-07-18 12:27:01+02;1299
2016-07-18 13:23:01+02;1279
2016-07-18 15:16:01+02;1259
2016-07-18 22:37:01+02;1329
2016-07-19 11:23:01+02;1279
2016-07-19 12:27:01+02;1299
2016-07-19 13:22:02+02;1279
2016-07-19 15:31:01+02;1239
2016-07-19 22:32:01+02;1319
2016-07-20 11:18:01+02;1289
2016-07-20 12:27:01+02;1299
2016-07-20 13:18:01+02;1289
2016-07-20 15:18:01+02;1289
2016-07-20 15:22:01+02;1239
2016-07-20 17:23:01+02;1239
2016-07-20 22:37:01+02;1319
2016-07-21 11:17:01+02;1279
2016-07-21 12:27:01+02;1299
2016-07-21 13:18:01+02;1279
2016-07-21 15:46:01+02;1239
2016-07-21 22:32:01+02;1319
2016-07-22 11:22:01+02;1279
2016-07-22 12:27:01+02;1299
2016-07-22 13:24:01+02;1279
2016-07-22 15:45:01+02;1239
2016-07-22 22:37:01+02;1319
2016-07-23 11:22:01+02;1279
2016-07-23 12:27:01+02;1289
2016-07-23 13:22:01+02;1279
2016-07-23 15:46:01+02;1239
2016-07-23 22:32:01+02;1309
2016-07-24 07:42:01+02;1299
2016-07-24 11:17:01+02;1239
2016-07-24 12:27:01+02;1259
2016-07-24 13:18:01+02;1239
2016-07-24 22:32:01+02;1309
2016-07-25 11:18:01+02;1239
2016-07-25 12:27:01+02;1259
2016-07-25 13:16:01+02;1239
2016-07-25 22:32:01+02;1319
2016-07-26 11:18:01+02;1269
2016-07-26 12:27:01+02;1289
2016-07-26 13:17:01+02;1269
2016-07-26 15:46:01+02;1229
2016-07-26 22:37:01+02;1309
2016-07-27 11:22:02+02;1269
2016-07-27 12:27:01+02;1289
2016-07-27 13:22:01+02;1269
2016-07-27 15:30:01+02;1239
2016-07-27 22:37:01+02;1309
2016-07-28 11:22:01+02;1259
2016-07-28 12:27:01+02;1279
2016-07-28 13:22:01+02;1259
2016-07-28 15:22:01+02;1229
2016-07-28 15:31:01+02;1229
2016-07-28 22:39:02+02;1309
2016-07-29 11:24:01+02;1269
2016-07-29 12:28:01+02;1289
2016-07-29 13:21:02+02;1269
2016-07-29 14:49:02+02;1229
2016-07-29 22:39:01+02;1309
2016-07-30 11:19:01+02;1239
2016-07-30 12:27:01+02;1259
2016-07-30 13:17:01+02;1239
2016-07-30 15:23:01+02;1219
2016-07-30 22:37:01+02;1299
2016-07-31 11:23:01+02;1219
2016-07-31 12:27:01+02;1239
2016-07-31 13:16:01+02;1219
2016-07-31 22:37:01+02;1299
2016-08-01 11:17:01+02;1259
2016-08-01 12:27:01+02;1279
2016-08-01 13:16:01+02;1259
2016-08-01 15:31:01+02;1219
2016-08-01 22:37:01+02;1299
2016-08-02 11:23:01+02;1279
2016-08-02 12:27:01+02;1299
2016-08-02 13:23:01+02;1279
2016-08-02 15:23:01+02;1229
2016-08-02 22:37:01+02;1299
2016-08-03 11:17:01+02;1289
2016-08-03 12:27:01+02;1299
2016-08-03 13:23:01+02;1289
2016-08-03 15:16:01+02;1229
2016-08-03 22:37:02+02;1299
2016-08-04 11:16:01+02;1279
2016-08-04 12:27:01+02;1299
2016-08-04 13:16:02+02;1279
2016-08-04 15:17:01+02;1239
2016-08-04 22:37:01+02;1319
2016-08-05 11:17:01+02;1299
2016-08-05 12:27:01+02;1319
2016-08-05 13:17:01+02;1299
2016-08-05 14:23:01+02;1299
2016-08-05 15:46:01+02;1239
2016-08-05 22:32:01+02;1319
2016-08-06 11:19:01+02;1309
2016-08-06 12:27:01+02;1329
2016-08-06 13:17:01+02;1309
2016-08-06 15:46:01+02;1239
2016-08-06 22:37:01+02;1319
2016-08-07 11:19:01+02;1239
2016-08-07 12:27:01+02;1259
2016-08-07 13:19:01+02;1239
2016-08-07 22:37:01+02;1319
2016-08-08 11:17:01+02;1259
2016-08-08 12:27:01+02;1279
2016-08-08 13:19:02+02;1259
2016-08-08 16:16:01+02;1229
2016-08-08 22:37:01+02;1309
2016-08-09 11:23:01+02;1279
2016-08-09 12:27:01+02;1299
2016-08-09 13:23:01+02;1279
2016-08-09 15:31:01+02;1229
2016-08-09 22:37:01+02;1309
2016-08-10 11:19:01+02;1279
2016-08-10 12:27:01+02;1299
2016-08-10 13:16:01+02;1279
2016-08-10 15:45:01+02;1229
2016-08-10 22:32:01+02;1309
2016-08-11 11:23:01+02;1279
2016-08-11 12:27:01+02;1299
2016-08-11 13:16:01+02;1279
2016-08-11 15:00:01+02;1229
2016-08-11 22:37:01+02;1309
2016-08-12 11:17:02+02;1279
2016-08-12 12:27:01+02;1299
2016-08-12 13:19:01+02;1279
2016-08-12 15:17:01+02;1229
2016-08-12 22:37:01+02;1309
2016-08-13 11:16:01+02;1269
2016-08-13 12:27:01+02;1289
2016-08-13 13:19:01+02;1269
2016-08-13 14:48:01+02;1229
2016-08-13 22:37:01+02;1309
2016-08-14 11:17:01+02;1229
2016-08-14 12:27:01+02;1249
2016-08-14 13:19:01+02;1229
2016-08-14 22:37:01+02;1309
2016-08-15 11:17:01+02;1269
2016-08-15 12:27:01+02;1289
2016-08-15 13:17:01+02;1269
2016-08-15 16:00:01+02;1239
2016-08-15 22:32:01+02;1319
2016-08-16 11:20:01+02;1289
2016-08-16 12:27:01+02;1309
2016-08-16 13:23:01+02;1289
2016-08-16 16:16:01+02;1239
2016-08-16 22:37:01+02;1319
2016-08-17 11:17:01+02;1299
2016-08-17 12:27:01+02;1319
2016-08-17 13:17:01+02;1299
2016-08-17 15:45:01+02;1249
2016-08-17 22:37:01+02;1329
2016-08-18 11:23:01+02;1279
2016-08-18 12:27:01+02;1299
2016-08-18 13:23:01+02;1279
2016-08-18 15:31:01+02;1239
2016-08-18 22:37:01+02;1319
2016-08-19 11:17:01+02;1239
2016-08-19 12:27:01+02;1259
2016-08-19 13:17:01+02;1239
2016-08-19 22:37:01+02;1319
2016-08-20 11:23:01+02;1289
2016-08-20 12:27:01+02;1309
2016-08-20 13:23:01+02;1289
2016-08-20 15:31:01+02;1259
2016-08-20 22:37:01+02;1339
2016-08-21 11:23:01+02;1259
2016-08-21 12:27:01+02;1279
2016-08-21 13:23:01+02;1259
2016-08-21 22:37:02+02;1339
2016-08-22 11:23:01+02;1299
2016-08-22 12:27:01+02;1319
2016-08-22 13:23:01+02;1299
2016-08-22 15:45:01+02;1259
2016-08-22 22:37:01+02;1349
2016-08-23 11:23:01+02;1289
2016-08-23 12:27:01+02;1309
2016-08-23 13:24:01+02;1289
2016-08-23 15:31:01+02;1259
2016-08-23 22:37:01+02;1349
2016-08-24 11:23:01+02;1269
2016-08-24 12:27:01+02;1289
2016-08-24 13:23:01+02;1269
2016-08-24 16:00:01+02;1239
2016-08-24 22:37:01+02;1329
2016-08-25 11:16:01+02;1289
2016-08-25 12:27:01+02;1309
2016-08-25 13:17:01+02;1289
2016-08-25 15:46:01+02;1229
2016-08-25 22:37:01+02;1319
2016-08-26 11:16:01+02;1289
2016-08-26 12:27:02+02;1309
2016-08-26 13:23:01+02;1289
2016-08-26 15:47:01+02;1259
2016-08-26 22:37:01+02;1349
2016-08-27 11:23:01+02;1299
2016-08-27 12:27:01+02;1319
2016-08-27 13:23:01+02;1299
2016-08-27 15:31:01+02;1249
2016-08-27 22:37:01+02;1339
2016-08-28 11:23:01+02;1249
2016-08-28 12:27:01+02;1269
2016-08-28 13:23:01+02;1249
2016-08-28 22:37:01+02;1339
2016-08-29 11:17:01+02;1299
2016-08-29 12:27:01+02;1319
2016-08-29 13:19:01+02;1299
2016-08-29 16:00:01+02;1249
2016-08-29 22:37:01+02;1339
2016-08-30 11:23:01+02;1279
2016-08-30 12:27:01+02;1299
2016-08-30 13:24:01+02;1279
2016-08-30 15:46:01+02;1249
2016-08-30 22:17:01+02;1339
2016-08-31 11:23:01+02;1299
2016-08-31 12:27:01+02;1319
2016-08-31 13:22:01+02;1299
2016-08-31 15:46:01+02;1259
2016-08-31 22:37:01+02;1349
2016-09-01 11:16:01+02;1299
2016-09-01 12:27:01+02;1319
2016-09-01 13:17:01+02;1299
2016-09-01 14:46:01+02;1269
2016-09-01 22:37:01+02;1349
2016-09-02 11:23:01+02;1299
2016-09-02 12:27:01+02;1319
2016-09-02 13:22:01+02;1299
2016-09-02 15:29:01+02;1259
2016-09-02 22:37:01+02;1339
2016-09-03 11:23:01+02;1299
2016-09-03 12:27:01+02;1319
2016-09-03 13:23:01+02;1299
2016-09-03 15:18:01+02;1259
2016-09-03 22:37:01+02;1339
2016-09-04 11:23:02+02;1259
2016-09-04 12:27:01+02;1279
2016-09-04 13:23:01+02;1259
2016-09-04 22:37:01+02;1339
2016-09-05 11:17:01+02;1289
2016-09-05 12:27:01+02;1309
2016-09-05 13:17:01+02;1289
2016-09-05 15:31:01+02;1249
2016-09-05 22:37:01+02;1339
2016-09-06 11:18:01+02;1299
2016-09-06 12:27:01+02;1299
2016-09-06 12:40:01+02;1319
2016-09-06 13:17:02+02;1299
2016-09-06 15:45:01+02;1249
2016-09-06 22:37:01+02;1339
2016-09-07 11:22:31+02;1299
2016-09-07 12:26:31+02;1319
2016-09-07 13:21:31+02;1299
2016-09-07 15:46:31+02;1249
2016-09-07 22:36:31+02;1339
2016-09-08 11:21:31+02;1289
2016-09-08 12:26:31+02;1309
2016-09-08 13:21:31+02;1289
2016-09-08 14:48:32+02;1249
2016-09-08 22:36:31+02;1339
2016-09-09 11:17:31+02;1289
2016-09-09 12:26:31+02;1309
2016-09-09 13:21:31+02;1289
2016-09-09 15:45:31+02;1239
2016-09-09 22:36:31+02;1329
2016-09-10 11:17:31+02;1299
2016-09-10 12:26:31+02;1319
2016-09-10 13:17:31+02;1299
2016-09-10 15:30:31+02;1269
2016-09-10 22:36:31+02;1359
2016-09-11 11:16:31+02;1269
2016-09-11 12:26:31+02;1289
2016-09-11 13:22:31+02;1269
2016-09-11 22:36:31+02;1359
2016-09-12 11:16:31+02;1309
2016-09-12 12:26:31+02;1329
2016-09-12 13:14:31+02;1309
2016-09-12 15:30:31+02;1259
2016-09-12 22:36:31+02;1349
2016-09-13 11:16:31+02;1279
2016-09-13 12:26:31+02;1299
2016-09-13 13:17:31+02;1279
2016-09-13 15:22:31+02;1259
2016-09-13 22:36:31+02;1349
2016-09-14 11:22:31+02;1279
2016-09-14 12:26:31+02;1299
2016-09-14 13:21:31+02;1279
2016-09-14 15:31:31+02;1259
2016-09-14 17:57:32+02;1259
2016-09-14 22:36:31+02;1349
2016-09-15 11:16:31+02;1279
2016-09-15 12:26:31+02;1299
2016-09-15 13:16:32+02;1279
2016-09-15 13:48:31+02;1279
2016-09-15 15:17:31+02;1259
2016-09-15 16:35:31+02;1259
2016-09-15 17:50:31+02;1259
2016-09-15 19:05:31+02;1259
2016-09-15 19:45:31+02;1259
2016-09-15 22:36:31+02;1349
2016-09-16 10:45:31+02;1349
2016-09-16 11:16:31+02;1289
2016-09-16 12:26:31+02;1309
2016-09-16 13:15:31+02;1289
2016-09-16 14:59:31+02;1259
2016-09-16 22:36:31+02;1349
2016-09-17 11:22:31+02;1289
2016-09-17 12:26:31+02;1309
2016-09-17 13:17:31+02;1289
2016-09-17 14:45:31+02;1259
2016-09-17 22:36:31+02;1349
2016-09-18 11:21:31+02;1259
2016-09-18 12:26:31+02;1279
2016-09-18 13:21:31+02;1259
2016-09-18 14:54:31+02;1259
2016-09-18 16:15:31+02;1259
2016-09-18 17:32:31+02;1259
2016-09-18 18:44:31+02;1259
2016-09-18 19:30:31+02;1259
2016-09-18 22:36:31+02;1349
2016-09-19 11:16:31+02;1279
2016-09-19 12:26:31+02;1299
2016-09-19 13:22:31+02;1279
2016-09-19 15:00:31+02;1249
2016-09-19 22:36:31+02;1339
2016-09-20 11:16:31+02;1309
2016-09-20 12:26:31+02;1329
2016-09-20 13:16:31+02;1309
2016-09-20 15:29:31+02;1279
2016-09-20 22:31:31+02;1359
2016-09-21 11:22:31+02;1319
2016-09-21 12:26:31+02;1339
2016-09-21 13:16:31+02;1319
2016-09-21 15:00:31+02;1269
2016-09-21 22:36:31+02;1349
2016-09-22 11:17:31+02;1299
2016-09-22 12:26:31+02;1319
2016-09-22 13:16:31+02;1299
2016-09-22 14:59:31+02;1259
2016-09-22 22:36:31+02;1349
2016-09-23 11:23:31+02;1289
2016-09-23 12:26:31+02;1309
2016-09-23 13:23:31+02;1289
2016-09-23 15:21:31+02;1259
2016-09-23 22:36:31+02;1349
2016-09-24 11:21:31+02;1309
2016-09-24 12:26:31+02;1329
2016-09-24 13:21:31+02;1309
2016-09-24 22:31:31+02;1359
2016-09-25 11:21:31+02;1279
2016-09-25 12:26:31+02;1299
2016-09-25 13:21:31+02;1279
2016-09-25 22:31:31+02;1359
2016-09-26 11:16:31+02;1319
2016-09-26 12:26:31+02;1339
2016-09-26 13:21:31+02;1319
2016-09-26 15:31:31+02;1279
2016-09-26 22:36:31+02;1359
2016-09-27 11:16:31+02;1319
2016-09-27 12:26:31+02;1339
2016-09-27 13:17:31+02;1319
2016-09-27 15:45:31+02;1259
2016-09-27 22:36:31+02;1349
2016-09-28 11:16:31+02;1309
2016-09-28 12:26:31+02;1329
2016-09-28 13:16:31+02;1309
2016-09-28 15:29:31+02;1259
2016-09-28 22:36:31+02;1349
2016-09-29 11:16:31+02;1309
2016-09-29 12:26:31+02;1329
2016-09-29 13:15:31+02;1309
2016-09-29 14:46:31+02;1259
2016-09-29 22:36:31+02;1349
2016-09-30 11:22:31+02;1289
2016-09-30 12:26:31+02;1309
2016-09-30 13:22:31+02;1289
2016-09-30 15:22:31+02;1249
2016-09-30 22:36:31+02;1339
2016-10-01 11:22:31+02;1279
2016-10-01 12:26:31+02;1299
2016-10-01 13:22:31+02;1279
2016-10-01 15:14:31+02;1259
2016-10-01 22:36:31+02;1349
2016-10-02 11:16:31+02;1259
2016-10-02 12:26:31+02;1279
2016-10-02 13:16:31+02;1259
2016-10-02 22:36:31+02;1349
2016-10-03 11:15:31+02;1259
2016-10-03 12:26:31+02;1279
2016-10-03 13:17:31+02;1259
2016-10-03 22:36:31+02;1349
2016-10-04 11:18:31+02;1259
2016-10-04 12:26:31+02;1279
2016-10-04 13:15:31+02;1259
2016-10-04 22:31:31+02;1349
2016-10-05 11:21:31+02;1279
2016-10-05 12:26:31+02;1299
2016-10-05 13:22:31+02;1279
2016-10-05 15:30:31+02;1259
2016-10-05 22:36:31+02;1349
2016-10-06 11:21:31+02;1299
2016-10-06 12:26:31+02;1319
2016-10-06 13:21:31+02;1299
2016-10-06 15:22:31+02;1269
2016-10-06 22:36:31+02;1359
2016-10-07 11:17:31+02;1309
2016-10-07 12:26:31+02;1329
2016-10-07 13:21:31+02;1309
2016-10-07 15:45:31+02;1269
2016-10-07 22:36:31+02;1359
2016-10-08 11:16:31+02;1329
2016-10-08 12:26:31+02;1349
2016-10-08 13:21:31+02;1329
2016-10-08 15:21:31+02;1289
2016-10-08 22:31:31+02;1379
2016-10-09 11:16:31+02;1289
2016-10-09 12:26:31+02;1309
2016-10-09 13:21:31+02;1289
2016-10-09 22:31:31+02;1379
2016-10-10 11:17:31+02;1309
2016-10-10 12:26:31+02;1329
2016-10-10 13:23:31+02;1309
2016-10-10 15:22:31+02;1279
2016-10-10 22:31:31+02;1369
2016-10-11 11:15:31+02;1309
2016-10-11 12:26:31+02;1329
2016-10-11 13:15:31+02;1309
2016-10-11 15:15:31+02;1279
2016-10-11 22:36:31+02;1369
2016-10-12 11:17:31+02;1319
2016-10-12 12:26:31+02;1339
2016-10-12 13:17:31+02;1319
2016-10-12 15:17:31+02;1279
2016-10-12 22:36:31+02;1369
2016-10-13 11:16:31+02;1309
2016-10-13 12:26:31+02;1329
2016-10-13 13:21:31+02;1309
2016-10-13 15:22:31+02;1279
2016-10-13 22:36:31+02;1369
2016-10-14 11:16:31+02;1309
2016-10-14 12:26:31+02;1329
2016-10-14 13:22:31+02;1309
2016-10-14 15:21:31+02;1279
2016-10-14 22:36:31+02;1369
2016-10-15 15:50:07+02;1279
2016-10-15 22:38:31+02;1369
2016-10-16 11:15:31+02;1279
2016-10-16 12:26:31+02;1299
2016-10-16 13:17:31+02;1279
2016-10-16 22:36:31+02;1369
2016-10-17 11:15:31+02;1319
2016-10-17 12:26:31+02;1339
2016-10-17 13:20:31+02;1319
2016-10-17 15:29:31+02;1269
2016-10-17 22:36:31+02;1359
2016-10-18 11:16:31+02;1319
2016-10-18 12:25:31+02;1339
2016-10-18 13:23:31+02;1319
2016-10-18 15:21:31+02;1279
2016-10-18 22:36:31+02;1339
2016-10-19 11:22:31+02;1319
2016-10-19 12:26:31+02;1339
2016-10-19 13:21:31+02;1319
2016-10-19 15:21:31+02;1279
2016-10-19 22:31:31+02;1369
2016-10-20 11:15:31+02;1319
2016-10-20 12:26:31+02;1339
2016-10-20 13:17:31+02;1319
2016-10-20 15:00:31+02;1289
2016-10-20 22:36:31+02;1379
2016-10-21 11:17:31+02;1319
2016-10-21 12:26:31+02;1339
2016-10-21 13:17:31+02;1319
2016-10-21 15:15:31+02;1279
2016-10-21 22:36:31+02;1369
2016-10-22 11:17:31+02;1329
2016-10-22 12:26:31+02;1349
2016-10-22 13:22:31+02;1329
2016-10-22 14:47:31+02;1289
2016-10-22 22:36:31+02;1379
2016-10-23 11:16:31+02;1289
2016-10-23 12:26:31+02;1309
2016-10-23 13:16:31+02;1289
2016-10-23 22:36:31+02;1379
2016-10-24 11:23:31+02;1319
2016-10-24 12:26:31+02;1339
2016-10-24 13:16:31+02;1319
2016-10-24 15:17:31+02;1289
2016-10-24 22:36:31+02;1379
2016-10-25 11:16:32+02;1319
2016-10-25 12:26:31+02;1339
2016-10-25 13:16:31+02;1319
2016-10-25 15:16:31+02;1289
2016-10-25 22:30:31+02;1379
2016-10-26 11:22:31+02;1319
2016-10-26 12:26:31+02;1339
2016-10-26 13:16:31+02;1319
2016-10-26 15:46:31+02;1289
2016-10-26 22:36:31+02;1379
2016-10-27 11:16:31+02;1319
2016-10-27 12:26:31+02;1339
2016-10-27 13:22:31+02;1319
2016-10-27 15:30:31+02;1289
2016-10-27 22:36:31+02;1379
2016-10-28 11:17:31+02;1319
2016-10-28 12:26:31+02;1339
2016-10-28 12:41:31+02;1339
2016-10-28 13:16:31+02;1319
2016-10-28 14:46:31+02;1299
2016-10-28 22:36:31+02;1389
2016-10-29 11:17:31+02;1319
2016-10-29 12:26:31+02;1339
2016-10-29 13:16:31+02;1319
2016-10-29 14:45:31+02;1299
2016-10-29 22:36:31+02;1389
2016-10-30 11:15:32+01;1299
2016-10-30 12:26:31+01;1319
2016-10-30 13:16:31+01;1299
2016-10-30 22:36:31+01;1389
2016-10-31 11:21:31+01;1299
2016-10-31 12:26:31+01;1319
2016-10-31 13:17:31+01;1299
2016-10-31 22:36:31+01;1379
2016-11-01 11:22:31+01;1299
2016-11-01 12:26:31+01;1319
2016-11-01 13:21:31+01;1299
2016-11-01 22:31:31+01;1369
2016-11-02 11:16:31+01;1319
2016-11-02 12:26:31+01;1339
2016-11-02 13:22:31+01;1319
2016-11-02 14:47:31+01;1299
2016-11-02 22:36:31+01;1379
2016-11-03 11:16:31+01;1319
2016-11-03 12:26:31+01;1339
2016-11-03 13:17:31+01;1319
2016-11-03 14:46:31+01;1289
2016-11-03 22:36:31+01;1369
2016-11-04 11:15:31+01;1319
2016-11-04 12:26:31+01;1339
2016-11-04 13:22:31+01;1319
2016-11-04 15:21:31+01;1289
2016-11-04 22:36:31+01;1369
2016-11-05 11:23:32+01;1319
2016-11-05 12:26:31+01;1339
2016-11-05 13:27:31+01;1319
2016-11-05 14:30:31+01;1299
2016-11-05 17:45:31+01;1269
2016-11-05 22:31:31+01;1359
2016-11-06 11:16:31+01;1269
2016-11-06 12:26:31+01;1289
2016-11-06 13:15:31+01;1269
2016-11-06 22:31:31+01;1359
2016-11-07 11:17:31+01;1309
2016-11-07 12:26:31+01;1329
2016-11-07 13:16:31+01;1309
2016-11-07 14:29:31+01;1289
2016-11-07 22:36:31+01;1359
2016-11-08 11:16:31+01;1319
2016-11-08 12:26:31+01;1339
2016-11-08 13:21:31+01;1319
2016-11-08 14:29:31+01;1289
2016-11-08 22:16:31+01;1349
2016-11-09 11:17:32+01;1309
2016-11-09 12:26:31+01;1329
2016-11-09 13:18:31+01;1309
2016-11-09 14:45:31+01;1269
2016-11-09 22:36:31+01;1349
2016-11-10 11:18:31+01;1299
2016-11-10 12:26:31+01;1319
2016-11-10 13:19:31+01;1299
2016-11-10 14:45:31+01;1279
2016-11-10 22:31:31+01;1339
2016-11-11 11:17:31+01;1299
2016-11-11 12:25:31+01;1319
2016-11-11 13:17:31+01;1299
2016-11-11 14:45:32+01;1279
2016-11-11 22:36:31+01;1349
2016-11-12 11:17:31+01;1309
2016-11-12 12:26:31+01;1329
2016-11-12 13:18:31+01;1269
2016-11-12 22:36:31+01;1349
2016-11-13 11:17:31+01;1269
2016-11-13 12:26:31+01;1289
2016-11-13 13:18:31+01;1269
2016-11-13 22:36:31+01;1349
2016-11-14 11:16:31+01;1299
2016-11-14 12:26:32+01;1319
2016-11-14 13:16:31+01;1299
2016-11-14 15:44:31+01;1259
2016-11-14 16:59:31+01;1249
2016-11-14 22:36:31+01;1339
2016-11-15 11:16:31+01;1279
2016-11-15 12:26:31+01;1299
2016-11-15 13:16:31+01;1279
2016-11-15 15:29:31+01;1249
2016-11-15 22:36:31+01;1339
2016-11-16 11:18:31+01;1289
2016-11-16 12:26:31+01;1309
2016-11-16 13:17:31+01;1289
2016-11-16 15:17:31+01;1249
2016-11-16 22:31:31+01;1339
2016-11-17 11:17:31+01;1279
2016-11-17 12:26:31+01;1309
2016-11-17 13:19:31+01;1279
2016-11-17 15:16:31+01;1249
2016-11-17 22:31:31+01;1339
2016-11-18 11:17:31+01;1289
2016-11-18 12:26:31+01;1309
2016-11-18 13:18:32+01;1289
2016-11-18 15:29:31+01;1249
2016-11-18 22:36:31+01;1339
2016-11-19 11:17:31+01;1289
2016-11-19 12:26:31+01;1309
2016-11-19 13:18:31+01;1289
2016-11-19 15:17:31+01;1249
2016-11-19 22:31:31+01;1339
2016-11-20 11:15:31+01;1249
2016-11-20 12:26:32+01;1269
2016-11-20 13:15:31+01;1249
2016-11-20 22:31:31+01;1339
2016-11-21 11:15:31+01;1289
2016-11-21 12:26:31+01;1309
2016-11-21 13:15:31+01;1289
2016-11-21 15:15:31+01;1249
2016-11-21 22:36:31+01;1339
2016-11-22 11:16:31+01;1299
2016-11-22 12:26:31+01;1319
2016-11-22 13:16:31+01;1299
2016-11-22 15:16:31+01;1259
2016-11-22 22:16:31+01;1349
2016-11-23 11:17:31+01;1309
2016-11-23 12:26:31+01;1329
2016-11-23 13:16:31+01;1309
2016-11-23 15:29:31+01;1269
2016-11-23 22:36:31+01;1359
2016-11-24 11:16:31+01;1319
2016-11-24 12:26:31+01;1339
2016-11-24 13:19:31+01;1319
2016-11-24 15:30:31+01;1259
2016-11-24 22:31:31+01;1349
2016-11-25 11:17:31+01;1319
2016-11-25 12:26:31+01;1339
2016-11-25 13:18:31+01;1319
2016-11-25 15:00:31+01;1279
2016-11-25 22:31:31+01;1369
2016-11-26 11:16:31+01;1319
2016-11-26 12:26:31+01;1339
2016-11-26 13:15:31+01;1319
2016-11-26 15:00:31+01;1269
2016-11-26 22:36:31+01;1359
2016-11-27 11:15:31+01;1269
2016-11-27 12:26:31+01;1289
2016-11-27 13:15:31+01;1269
2016-11-27 22:36:31+01;1359
2016-11-28 11:16:31+01;1319
2016-11-28 12:26:31+01;1339
2016-11-28 13:15:31+01;1319
2016-11-28 15:16:31+01;1269
2016-11-28 22:36:31+01;1359
2016-11-29 11:18:31+01;1319
2016-11-29 12:26:31+01;1339
2016-11-29 13:17:31+01;1319
2016-11-29 15:59:31+01;1249
2016-11-29 22:31:31+01;1339
2016-11-30 08:06:31+01;1339
2016-11-30 11:17:31+01;1309
2016-11-30 12:26:31+01;1329
2016-11-30 13:17:31+01;1309
2016-11-30 16:38:31+01;1249
2016-11-30 22:26:31+01;1339
2016-12-01 11:20:31+01;1319
2016-12-01 12:26:31+01;1339
2016-12-01 13:15:32+01;1319
2016-12-01 15:15:31+01;1279
2016-12-01 22:36:32+01;1369
2016-12-02 11:17:31+01;1329
2016-12-02 12:27:31+01;1359
2016-12-02 13:17:31+01;1329
2016-12-02 15:17:31+01;1299
2016-12-02 22:36:31+01;1389
2016-12-03 11:16:31+01;1319
2016-12-03 12:27:31+01;1339
2016-12-03 13:16:32+01;1319
2016-12-03 14:59:31+01;1299
2016-12-03 22:36:31+01;1389
2016-12-04 11:15:32+01;1299
2016-12-04 12:27:31+01;1319
2016-12-04 13:16:31+01;1299
2016-12-04 22:36:31+01;1389
2016-12-05 11:17:31+01;1339
2016-12-05 12:27:31+01;1359
2016-12-05 13:18:31+01;1339
2016-12-05 15:17:31+01;1299
2016-12-05 22:36:31+01;1389
2016-12-06 11:17:31+01;1309
2016-12-06 12:27:31+01;1329
2016-12-06 13:17:31+01;1309
2016-12-06 15:16:31+01;1279
2016-12-06 22:36:31+01;1369
2016-12-07 11:17:31+01;1319
2016-12-07 12:27:31+01;1339
2016-12-07 13:17:31+01;1319
2016-12-07 16:29:31+01;1299
2016-12-07 22:36:31+01;1389
2016-12-08 11:20:31+01;1319
2016-12-08 12:27:31+01;1339
2016-12-08 13:16:31+01;1319
2016-12-08 14:59:31+01;1289
2016-12-08 22:36:31+01;1379
2016-12-09 11:18:31+01;1319
2016-12-09 12:27:31+01;1349
2016-12-09 13:19:31+01;1319
2016-12-09 15:44:31+01;1289
2016-12-09 22:36:31+01;1379
2016-12-10 11:21:31+01;1339
2016-12-10 12:27:31+01;1359
2016-12-10 13:20:31+01;1339
2016-12-10 14:59:31+01;1299
2016-12-10 22:36:31+01;1389
2016-12-11 12:27:31+01;1409
2016-12-11 22:36:31+01;1409
2016-12-12 11:17:32+01;1339
2016-12-12 12:27:31+01;1359
2016-12-12 13:17:31+01;1339
2016-12-12 15:44:31+01;1289
2016-12-12 22:36:31+01;1379
2016-12-13 12:27:31+01;1399
2016-12-13 14:06:31+01;1319
2016-12-13 16:04:31+01;1299
2016-12-13 22:36:31+01;1389
2016-12-14 11:21:31+01;1319
2016-12-14 12:27:31+01;1339
2016-12-14 16:34:31+01;1299
2016-12-14 22:36:31+01;1389
2016-12-15 11:13:31+01;1329
2016-12-15 12:27:31+01;1349
2016-12-15 13:17:31+01;1329
2016-12-15 15:45:31+01;1289
2016-12-15 22:36:31+01;1379
2016-12-16 12:15:31+01;1329
2016-12-16 12:27:32+01;1359
2016-12-16 13:16:31+01;1329
2016-12-16 15:59:31+01;1299
2016-12-16 22:36:31+01;1389
2016-12-17 11:17:31+01;1349
2016-12-17 12:27:31+01;1369
2016-12-17 13:16:31+01;1349
2016-12-17 15:29:31+01;1299
2016-12-17 22:36:31+01;1389
2016-12-18 11:16:31+01;1299
2016-12-18 12:27:31+01;1319
2016-12-18 13:18:31+01;1299
2016-12-18 14:19:31+01;1299
2016-12-18 22:36:31+01;1389
2016-12-19 11:15:31+01;1359
2016-12-19 12:27:31+01;1379
2016-12-19 13:16:31+01;1359
2016-12-19 15:30:31+01;1309
2016-12-19 22:36:31+01;1399
2016-12-20 11:17:31+01;1369
2016-12-20 12:27:31+01;1389
2016-12-20 13:18:31+01;1369
2016-12-20 15:44:31+01;1309
2016-12-20 22:36:31+01;1399
2016-12-21 11:17:31+01;1359
2016-12-21 12:27:31+01;1379
2016-12-21 13:17:31+01;1359
2016-12-21 15:15:31+01;1319
2016-12-21 22:36:31+01;1409
2016-12-22 11:17:31+01;1359
2016-12-22 12:27:31+01;1379
2016-12-22 13:16:31+01;1359
2016-12-22 15:44:31+01;1319
2016-12-22 22:36:31+01;1409
2016-12-23 11:17:31+01;1369
2016-12-23 12:27:31+01;1399
2016-12-23 13:17:31+01;1369
2016-12-23 15:59:31+01;1319
2016-12-23 22:36:31+01;1409
2016-12-24 11:15:31+01;1369
2016-12-24 12:27:31+01;1389
2016-12-24 13:15:31+01;1369
2016-12-24 14:15:31+01;1359
2016-12-24 22:36:31+01;1449
2016-12-25 13:12:31+01;1359
2016-12-25 22:36:31+01;1449
2016-12-26 11:16:31+01;1359
2016-12-26 12:27:31+01;1379
2016-12-26 13:15:31+01;1359
2016-12-26 22:36:31+01;1449
2016-12-27 11:18:31+01;1339
2016-12-27 12:27:31+01;1359
2016-12-27 13:17:31+01;1339
2016-12-27 15:45:31+01;1329
2016-12-27 22:36:31+01;1419
2016-12-28 11:16:31+01;1379
2016-12-28 12:27:31+01;1399
2016-12-28 13:15:31+01;1379
2016-12-28 15:17:31+01;1319
2016-12-28 22:36:31+01;1409
2016-12-29 11:17:31+01;1379
2016-12-29 12:27:31+01;1399
2016-12-29 13:17:31+01;1379
2016-12-29 15:45:31+01;1329
2016-12-29 22:36:31+01;1419
2016-12-30 11:18:31+01;1389
2016-12-30 12:27:31+01;1409
2016-12-30 13:19:31+01;1389
2016-12-30 15:29:31+01;1329
2016-12-30 22:36:31+01;1419
2016-12-31 11:16:31+01;1389
2016-12-31 12:27:31+01;1409
2016-12-31 13:16:31+01;1389
2016-12-31 14:59:31+01;1349
2016-12-31 22:36:31+01;1439
2017-01-01 11:14:31+01;1349
2017-01-01 12:27:31+01;1369
2017-01-01 13:15:31+01;1349
2017-01-01 22:36:31+01;1439
2017-01-02 11:15:31+01;1379
2017-01-02 12:27:31+01;1399
2017-01-02 13:16:31+01;1379
2017-01-02 15:30:31+01;1349
2017-01-02 22:36:31+01;1439
2017-01-03 11:16:31+01;1379
2017-01-03 12:27:31+01;1399
2017-01-03 13:15:31+01;1379
2017-01-03 15:16:31+01;1339
2017-01-03 22:36:31+01;1429
2017-01-04 11:16:31+01;1379
2017-01-04 12:27:31+01;1399
2017-01-04 13:18:31+01;1379
2017-01-04 15:29:31+01;1339
2017-01-04 22:36:31+01;1429
2017-01-05 11:18:31+01;1379
2017-01-05 12:27:31+01;1399
2017-01-05 13:18:31+01;1379
2017-01-05 15:18:31+01;1349
2017-01-05 22:36:31+01;1439
2017-01-06 11:16:31+01;1389
2017-01-06 12:27:31+01;1409
2017-01-06 13:15:31+01;1389
2017-01-06 15:18:31+01;1349
2017-01-06 22:36:31+01;1439
2017-01-07 11:18:31+01;1389
2017-01-07 12:27:31+01;1409
2017-01-07 13:17:31+01;1389
2017-01-07 15:19:31+01;1349
2017-01-07 22:36:31+01;1439
2017-01-08 11:17:31+01;1349
2017-01-08 12:27:31+01;1369
2017-01-08 13:15:31+01;1349
2017-01-08 22:36:31+01;1439
2017-01-09 11:16:31+01;1389
2017-01-09 12:27:31+01;1409
2017-01-09 13:17:31+01;1389
2017-01-09 15:59:31+01;1349
2017-01-09 22:36:31+01;1439
2017-01-10 11:17:31+01;1399
2017-01-10 12:27:31+01;1419
2017-01-10 13:19:31+01;1399
2017-01-10 15:45:31+01;1349
2017-01-10 22:36:31+01;1439
2017-01-11 11:17:31+01;1379
2017-01-11 12:27:31+01;1399
2017-01-11 13:16:31+01;1379
2017-01-11 15:45:31+01;1339
2017-01-11 22:36:31+01;1429
2017-01-12 11:18:31+01;1379
2017-01-12 12:27:31+01;1399
2017-01-12 13:18:31+01;1379
2017-01-12 14:45:31+01;1339
2017-01-12 15:57:31+01;1289
2017-01-12 22:36:31+01;1379
2017-01-13 05:44:31+01;1379
2017-01-13 11:18:31+01;1379
2017-01-13 12:27:31+01;1399
2017-01-13 13:19:31+01;1379
2017-01-13 15:31:31+01;1349
2017-01-13 22:36:31+01;1439
2017-01-14 11:20:31+01;1389
2017-01-14 12:27:31+01;1409
2017-01-14 13:18:31+01;1389
2017-01-14 15:17:31+01;1349
2017-01-14 22:36:31+01;1439
2017-01-15 11:16:31+01;1349
2017-01-15 12:27:31+01;1369
2017-01-15 13:15:31+01;1349
2017-01-15 22:36:31+01;1439
2017-01-16 11:18:31+01;1389
2017-01-16 12:27:31+01;1409
2017-01-16 13:18:31+01;1389
2017-01-16 15:14:31+01;1349
2017-01-16 15:32:31+01;1299
2017-01-16 22:36:31+01;1389
2017-01-17 05:42:31+01;1389
2017-01-17 11:15:31+01;1389
2017-01-17 12:27:31+01;1409
2017-01-17 13:16:31+01;1389
2017-01-17 15:48:31+01;1289
2017-01-17 22:36:31+01;1389
2017-01-18 05:43:31+01;1389
2017-01-18 11:18:31+01;1389
2017-01-18 12:27:31+01;1409
2017-01-18 13:15:31+01;1389
2017-01-18 14:16:31+01;1349
2017-01-18 22:36:31+01;1439
2017-01-19 11:15:31+01;1369
2017-01-19 12:27:31+01;1389
2017-01-19 13:18:31+01;1369
2017-01-19 15:29:31+01;1329
2017-01-19 22:36:31+01;1419
2017-01-20 11:18:31+01;1379
2017-01-20 12:27:31+01;1399
2017-01-20 13:17:31+01;1379
2017-01-20 15:00:32+01;1329
2017-01-20 22:36:31+01;1419
2017-01-21 11:17:31+01;1379
2017-01-21 12:27:31+01;1399
2017-01-21 13:16:31+01;1379
2017-01-21 14:17:31+01;1339
2017-01-21 22:36:31+01;1429
2017-01-22 11:17:31+01;1339
2017-01-22 12:27:31+01;1359
2017-01-22 13:18:31+01;1339
2017-01-22 22:36:31+01;1429
2017-01-23 11:16:31+01;1369
2017-01-23 12:27:31+01;1389
2017-01-23 13:16:31+01;1369
2017-01-23 15:15:31+01;1349
2017-01-23 22:36:31+01;1439
2017-01-24 11:18:31+01;1379
2017-01-24 12:27:31+01;1399
2017-01-24 13:17:31+01;1379
2017-01-24 15:00:31+01;1349
2017-01-24 22:36:31+01;1439
2017-01-25 11:17:31+01;1359
2017-01-25 12:27:31+01;1379
2017-01-25 13:19:31+01;1359
2017-01-25 15:29:31+01;1339
2017-01-25 22:36:31+01;1429
2017-01-26 11:17:31+01;1339
2017-01-26 12:27:31+01;1369
2017-01-26 13:17:31+01;1339
2017-01-26 22:36:31+01;1429
2017-01-27 11:18:31+01;1389
2017-01-27 12:27:31+01;1419
2017-01-27 13:18:31+01;1389
2017-01-27 14:56:31+01;1289
2017-01-27 15:45:31+01;1289
2017-01-27 22:36:31+01;1389
2017-01-28 11:17:31+01;1389
2017-01-28 12:27:31+01;1409
2017-01-28 13:16:31+01;1399
2017-01-28 15:44:31+01;1339
2017-01-28 22:36:31+01;1429
2017-01-29 11:15:31+01;1339
2017-01-29 12:27:31+01;1359
2017-01-29 13:16:31+01;1339
2017-01-29 22:36:31+01;1429
2017-01-30 11:15:31+01;1379
2017-01-30 12:27:31+01;1399
2017-01-30 13:17:31+01;1379
2017-01-30 15:30:31+01;1329
2017-01-30 22:36:31+01;1419
2017-01-31 11:17:31+01;1389
2017-01-31 12:27:31+01;1409
2017-01-31 13:17:31+01;1389
2017-01-31 15:16:31+01;1339
2017-01-31 22:36:31+01;1429
2017-02-01 11:19:31+01;1389
2017-02-01 12:27:31+01;1409
2017-02-01 13:18:31+01;1389
2017-02-01 15:45:32+01;1329
2017-02-01 22:36:31+01;1419
2017-02-02 11:18:31+01;1329
2017-02-02 12:27:31+01;1359
2017-02-02 13:18:31+01;1329
2017-02-02 15:45:31+01;1319
2017-02-02 22:36:31+01;1409
2017-02-03 11:17:31+01;1389
2017-02-03 12:27:32+01;1419
2017-02-03 13:16:31+01;1389
2017-02-03 15:17:31+01;1339
2017-02-03 22:36:31+01;1429
2017-02-04 11:17:31+01;1389
2017-02-04 12:27:31+01;1409
2017-02-04 13:18:31+01;1389
2017-02-04 15:00:31+01;1359
2017-02-04 22:36:31+01;1449
2017-02-05 11:17:31+01;1359
2017-02-05 12:27:31+01;1379
2017-02-05 13:15:31+01;1359
2017-02-05 22:36:31+01;1449
2017-02-06 11:15:31+01;1389
2017-02-06 12:27:31+01;1409
2017-02-06 13:17:31+01;1389
2017-02-06 16:39:31+01;1339
2017-02-06 16:45:31+01;1339
2017-02-06 22:36:31+01;1429
2017-02-07 11:15:31+01;1389
2017-02-07 12:27:31+01;1409
2017-02-07 13:16:31+01;1389
2017-02-07 15:18:31+01;1339
2017-02-07 22:36:31+01;1429
2017-02-08 11:17:31+01;1389
2017-02-08 12:27:31+01;1409
2017-02-08 13:17:31+01;1389
2017-02-08 15:29:31+01;1329
2017-02-08 22:36:31+01;1419
2017-02-09 11:17:31+01;1349
2017-02-09 12:27:31+01;1379
2017-02-09 13:18:31+01;1349
2017-02-09 15:18:31+01;1339
2017-02-09 22:36:31+01;1429
2017-02-10 11:17:31+01;1389
2017-02-10 12:27:31+01;1419
2017-02-10 13:18:31+01;1389
2017-02-10 15:45:31+01;1339
2017-02-10 22:36:31+01;1429
2017-02-11 11:15:31+01;1389
2017-02-11 12:27:31+01;1419
2017-02-11 13:16:31+01;1389
2017-02-11 15:15:31+01;1349
2017-02-11 22:36:31+01;1439
2017-02-12 11:16:31+01;1349
2017-02-12 12:27:31+01;1379
2017-02-12 13:17:31+01;1349
2017-02-12 22:36:31+01;1449
2017-02-13 11:15:31+01;1389
2017-02-13 12:27:31+01;1409
2017-02-13 13:15:31+01;1389
2017-02-13 15:45:31+01;1349
2017-02-13 22:36:31+01;1439
2017-02-14 11:19:31+01;1389
2017-02-14 12:42:31+01;1409
2017-02-14 13:35:31+01;1389
2017-02-14 15:47:31+01;1359
2017-02-14 22:36:32+01;1449
2017-02-15 11:18:31+01;1399
2017-02-15 12:42:31+01;1419
2017-02-15 13:34:31+01;1399
2017-02-15 15:19:31+01;1359
2017-02-15 22:36:31+01;1449
2017-02-16 11:19:31+01;1399
2017-02-16 12:42:31+01;1429
2017-02-16 13:35:31+01;1399
2017-02-16 15:20:31+01;1359
2017-02-16 22:36:31+01;1449
2017-02-17 11:19:31+01;1389
2017-02-17 12:42:31+01;1409
2017-02-17 13:33:31+01;1389
2017-02-17 15:20:31+01;1359
2017-02-17 22:36:31+01;1449
2017-02-18 11:16:31+01;1399
2017-02-18 12:42:31+01;1419
2017-02-18 13:33:31+01;1399
2017-02-18 15:17:31+01;1359
2017-02-18 22:36:31+01;1449
2017-02-19 11:19:31+01;1359
2017-02-19 12:42:31+01;1379
2017-02-19 13:31:31+01;1359
2017-02-19 22:36:31+01;1449
2017-02-20 09:46:31+01;1429
2017-02-20 11:18:31+01;1389
2017-02-20 12:42:31+01;1409
2017-02-20 13:33:31+01;1389
2017-02-20 15:30:31+01;1349
2017-02-20 22:36:31+01;1439
2017-02-21 11:30:31+01;1349
2017-02-21 12:42:31+01;1369
2017-02-21 13:33:31+01;1349
2017-02-21 14:33:31+01;1339
2017-02-21 22:36:31+01;1429
2017-02-22 11:19:31+01;1389
2017-02-22 12:42:31+01;1419
2017-02-22 13:17:31+01;1419
2017-02-22 13:34:31+01;1389
2017-02-22 14:33:31+01;1389
2017-02-22 15:32:31+01;1339
2017-02-22 16:30:31+01;1339
2017-02-22 22:36:31+01;1429
2017-02-23 11:18:31+01;1389
2017-02-23 12:42:31+01;1409
2017-02-23 13:34:31+01;1389
2017-02-23 15:31:31+01;1349
2017-02-23 16:30:31+01;1349
2017-02-23 22:36:31+01;1439
2017-02-24 11:18:31+01;1389
2017-02-24 12:42:31+01;1419
2017-02-24 13:17:31+01;1419
2017-02-24 13:35:31+01;1389
2017-02-24 14:34:31+01;1389
2017-02-24 15:48:31+01;1359
2017-02-24 16:46:31+01;1359
2017-02-24 22:36:31+01;1449
2017-02-25 11:19:31+01;1389
2017-02-25 12:42:31+01;1409
2017-02-25 13:31:31+01;1389
2017-02-25 14:34:31+01;1389
2017-02-25 15:16:31+01;1349
2017-02-25 16:17:31+01;1349
2017-02-25 22:36:31+01;1439
2017-02-26 11:19:31+01;1349
2017-02-26 12:42:31+01;1369
2017-02-26 14:47:31+01;1369
2017-02-26 15:04:31+01;1349
2017-02-26 15:59:31+01;1349
2017-02-26 22:36:31+01;1439
2017-02-27 11:16:31+01;1389
2017-02-27 12:17:31+01;1389
2017-02-27 12:42:31+01;1419
2017-02-27 13:32:31+01;1389
2017-02-27 14:32:31+01;1389
2017-02-27 15:16:31+01;1349
2017-02-27 16:00:31+01;1349
2017-02-27 22:36:31+01;1439
2017-02-28 11:19:31+01;1399
2017-02-28 12:42:31+01;1429
2017-02-28 13:41:31+01;1399
2017-02-28 14:46:31+01;1399
2017-02-28 15:18:31+01;1349
2017-02-28 16:16:31+01;1349
2017-02-28 22:36:31+01;1439
2017-03-01 11:19:31+01;1379
2017-03-01 12:42:31+01;1409
2017-03-01 13:16:31+01;1409
2017-03-01 13:34:31+01;1379
2017-03-01 14:34:31+01;1379
2017-03-01 15:30:31+01;1339
2017-03-01 16:30:31+01;1339
2017-03-01 22:38:41+01;1429
2017-03-02 11:18:31+01;1379
2017-03-02 12:16:31+01;1379
2017-03-02 12:42:31+01;1409
2017-03-02 13:34:31+01;1379
2017-03-02 14:33:31+01;1379
2017-03-02 15:32:31+01;1339
2017-03-02 16:29:31+01;1339
2017-03-02 22:36:31+01;1429
2017-03-03 11:20:31+01;1379
2017-03-03 12:17:32+01;1379
2017-03-03 12:42:31+01;1409
2017-03-03 13:34:31+01;1379
2017-03-03 14:36:31+01;1379
2017-03-03 15:21:31+01;1339
2017-03-03 16:18:31+01;1339
2017-03-03 22:36:31+01;1429
2017-03-04 11:18:31+01;1379
2017-03-04 12:17:31+01;1379
2017-03-04 12:42:31+01;1409
2017-03-04 13:35:31+01;1379
2017-03-04 14:33:31+01;1379
2017-03-04 15:20:31+01;1339
2017-03-04 16:16:31+01;1339
2017-03-04 22:36:31+01;1429
2017-03-05 11:15:31+01;1339
2017-03-05 12:15:31+01;1339
2017-03-05 12:42:31+01;1369
2017-03-05 13:32:31+01;1339
2017-03-05 14:33:31+01;1339
2017-03-05 22:36:31+01;1429
2017-03-06 11:16:31+01;1379
2017-03-06 12:15:31+01;1379
2017-03-06 12:42:31+01;1409
2017-03-06 13:32:31+01;1379
2017-03-06 14:32:31+01;1379
2017-03-06 15:47:31+01;1319
2017-03-06 16:45:31+01;1319
2017-03-06 22:36:31+01;1409
2017-03-07 11:19:31+01;1369
2017-03-07 12:17:31+01;1369
2017-03-07 12:42:31+01;1399
2017-03-07 13:36:31+01;1369
2017-03-07 14:46:31+01;1369
2017-03-07 15:03:31+01;1319
2017-03-07 15:59:31+01;1319
2017-03-07 22:36:31+01;1409
2017-03-08 11:20:31+01;1379
2017-03-08 12:17:31+01;1379
2017-03-08 12:42:31+01;1409
2017-03-08 13:34:31+01;1379
2017-03-08 14:34:31+01;1379
2017-03-08 15:47:31+01;1319
2017-03-08 16:46:31+01;1319
2017-03-08 22:36:31+01;1409
2017-03-09 11:16:31+01;1319
2017-03-09 12:18:31+01;1319
2017-03-09 12:42:31+01;1349
2017-03-09 13:31:31+01;1319
2017-03-09 14:33:31+01;1319
2017-03-09 14:46:31+01;1309
2017-03-09 22:36:31+01;1399
2017-03-10 05:45:31+01;1399
2017-03-10 11:19:31+01;1369
2017-03-10 12:17:31+01;1369
2017-03-10 12:42:31+01;1399
2017-03-10 13:34:31+01;1369
2017-03-10 14:33:31+01;1369
2017-03-10 14:46:31+01;1329
2017-03-10 15:44:31+01;1329
2017-03-10 22:36:31+01;1419
2017-03-11 11:16:31+01;1379
2017-03-11 12:16:31+01;1379
2017-03-11 12:42:32+01;1409
2017-03-11 13:32:31+01;1379
2017-03-11 14:32:31+01;1379
2017-03-11 14:47:31+01;1329
2017-03-11 15:45:31+01;1329
2017-03-11 22:36:31+01;1419
2017-03-12 05:14:31+01;1349
2017-03-12 06:16:31+01;1349
2017-03-12 11:17:31+01;1329
2017-03-12 12:15:32+01;1329
2017-03-12 12:42:31+01;1359
2017-03-12 13:33:31+01;1329
2017-03-12 14:32:31+01;1329
2017-03-12 22:36:31+01;1419
2017-03-13 11:16:31+01;1369
2017-03-13 12:17:31+01;1369
2017-03-13 12:42:31+01;1399
2017-03-13 13:33:31+01;1369
2017-03-13 14:34:31+01;1369
2017-03-13 15:31:31+01;1319
2017-03-13 16:31:31+01;1319
2017-03-13 22:36:31+01;1409
2017-03-14 11:19:31+01;1359
2017-03-14 12:17:31+01;1359
2017-03-14 12:42:31+01;1389
2017-03-14 13:36:31+01;1359
2017-03-14 14:52:31+01;1359
2017-03-14 15:49:31+01;1299
2017-03-14 16:45:31+01;1299
2017-03-14 22:36:31+01;1389
2017-03-15 11:18:31+01;1349
2017-03-15 12:19:31+01;1349
2017-03-15 12:42:31+01;1379
2017-03-15 13:37:31+01;1349
2017-03-15 14:51:31+01;1349
2017-03-15 15:51:31+01;1289
2017-03-15 16:49:31+01;1289
2017-03-15 22:36:31+01;1379
2017-03-16 05:20:31+01;1299
2017-03-16 06:21:31+01;1299
2017-03-16 11:19:31+01;1289
2017-03-16 12:16:31+01;1289
2017-03-16 12:42:31+01;1319
2017-03-16 13:35:31+01;1289
2017-03-16 14:34:31+01;1269
2017-03-16 15:23:31+01;1269
2017-03-16 22:36:31+01;1359
2017-03-17 05:49:31+01;1359
2017-03-17 11:18:31+01;1319
2017-03-17 12:15:31+01;1319
2017-03-17 12:42:31+01;1349
2017-03-17 13:34:31+01;1319
2017-03-17 14:32:32+01;1319
2017-03-17 15:33:31+01;1269
2017-03-17 16:49:31+01;1269
2017-03-17 22:36:31+01;1359
2017-03-18 05:43:31+01;1359
2017-03-18 11:18:31+01;1329
2017-03-18 12:18:31+01;1329
2017-03-18 12:42:31+01;1359
2017-03-18 13:35:31+01;1329
2017-03-18 14:33:31+01;1329
2017-03-18 15:31:31+01;1279
2017-03-18 16:29:31+01;1279
2017-03-18 22:36:32+01;1369
2017-03-19 11:18:31+01;1279
2017-03-19 12:16:31+01;1279
2017-03-19 12:42:31+01;1309
2017-03-19 13:33:31+01;1279
2017-03-19 14:30:32+01;1279
2017-03-19 22:36:31+01;1369
2017-03-20 11:17:31+01;1279
2017-03-20 12:17:31+01;1279
2017-03-20 12:42:31+01;1309
2017-03-20 13:32:31+01;1279
2017-03-20 14:34:31+01;1279
2017-03-20 22:36:31+01;1369
2017-03-21 11:21:31+01;1319
2017-03-21 12:16:31+01;1319
2017-03-21 12:42:31+01;1349
2017-03-21 13:33:31+01;1319
2017-03-21 14:19:31+01;1299
2017-03-21 15:18:31+01;1299
2017-03-21 22:36:31+01;1389
2017-03-22 11:18:31+01;1319
2017-03-22 12:16:31+01;1319
2017-03-22 12:42:31+01;1349
2017-03-22 13:34:31+01;1319
2017-03-22 14:34:31+01;1279
2017-03-22 15:20:31+01;1279
2017-03-22 22:36:31+01;1369
2017-03-23 11:19:31+01;1259
2017-03-23 12:17:31+01;1259
2017-03-23 12:41:31+01;1289
2017-03-23 13:33:31+01;1259
2017-03-23 14:36:31+01;1259
2017-03-23 22:36:31+01;1349
2017-03-24 05:44:31+01;1349
2017-03-24 11:19:31+01;1329
2017-03-24 12:18:31+01;1329
2017-03-24 12:42:31+01;1359
2017-03-24 13:34:31+01;1329
2017-03-24 14:20:31+01;1309
2017-03-24 15:20:31+01;1309
2017-03-24 22:36:31+01;1399
2017-03-25 11:18:32+01;1329
2017-03-25 12:16:31+01;1329
2017-03-25 12:42:31+01;1359
2017-03-25 13:31:31+01;1329
2017-03-25 14:33:31+01;1329
2017-03-25 22:36:31+01;1419
2017-03-26 06:44:31+02;1419
2017-03-26 11:18:31+02;1329
2017-03-26 12:42:31+02;1359
2017-03-26 13:18:31+02;1329
2017-03-26 22:36:31+02;1419
2017-03-27 05:44:31+02;1419
2017-03-27 11:18:31+02;1269
2017-03-27 12:42:31+02;1299
2017-03-27 13:35:31+02;1269
2017-03-27 15:35:31+02;1259
2017-03-27 22:36:31+02;1359
2017-03-28 05:15:31+02;1289
2017-03-28 06:14:31+02;1289
2017-03-28 11:18:31+02;1279
2017-03-28 12:42:31+02;1309
2017-03-28 13:30:31+02;1279
2017-03-28 14:33:31+02;1279
2017-03-28 22:36:31+02;1369
2017-03-29 05:43:31+02;1369
2017-03-29 11:18:31+02;1349
2017-03-29 12:17:31+02;1349
2017-03-29 12:42:31+02;1379
2017-03-29 13:35:31+02;1349
2017-03-29 14:32:31+02;1349
2017-03-29 15:20:31+02;1289
2017-03-29 16:15:31+02;1289
2017-03-29 22:36:31+02;1389
2017-03-30 05:43:31+02;1389
2017-03-30 11:16:31+02;1289
2017-03-30 12:42:31+02;1319
2017-03-30 13:33:31+02;1289
2017-03-30 22:36:31+02;1389
2017-03-31 05:46:31+02;1389
2017-03-31 11:15:31+02;1319
2017-03-31 12:16:31+02;1319
2017-03-31 12:42:31+02;1349
2017-03-31 13:33:31+02;1319
2017-03-31 14:33:31+02;1319
2017-03-31 15:47:31+02;1289
2017-03-31 16:50:31+02;1289
2017-03-31 22:36:31+02;1379
2017-04-01 05:30:31+02;1379
2017-04-01 06:00:31+02;1379
2017-04-01 11:19:31+02;1359
2017-04-01 12:20:31+02;1359
2017-04-01 12:42:31+02;1389
2017-04-01 13:35:31+02;1359
2017-04-01 14:44:31+02;1359
2017-04-01 15:48:31+02;1289
2017-04-01 16:52:31+02;1289
2017-04-01 22:36:31+02;1389
2017-04-02 05:43:31+02;1389
2017-04-02 11:18:31+02;1289
2017-04-02 12:42:31+02;1319
2017-04-02 13:33:31+02;1289
2017-04-02 22:36:31+02;1389
2017-04-03 05:45:31+02;1389
2017-04-03 11:20:31+02;1379
2017-04-03 12:18:31+02;1379
2017-04-03 12:42:31+02;1409
2017-04-03 13:35:31+02;1379
2017-04-03 14:35:32+02;1379
2017-04-03 15:03:31+02;1299
2017-04-03 16:01:31+02;1299
2017-04-03 22:36:31+02;1389
2017-04-04 05:45:31+02;1389
2017-04-04 11:20:31+02;1339
2017-04-04 12:17:31+02;1339
2017-04-04 12:42:31+02;1369
2017-04-04 13:34:31+02;1339
2017-04-04 14:33:31+02;1339
2017-04-04 15:19:31+02;1319
2017-04-04 16:14:31+02;1319
2017-04-04 22:36:31+02;1419
2017-04-05 11:18:31+02;1389
2017-04-05 12:15:31+02;1389
2017-04-05 12:42:31+02;1419
2017-04-05 13:35:31+02;1389
2017-04-05 14:48:31+02;1389
2017-04-05 15:47:31+02;1309
2017-04-05 16:47:31+02;1309
2017-04-05 22:36:31+02;1399
2017-04-06 05:44:31+02;1399
2017-04-06 11:16:31+02;1389
2017-04-06 12:17:31+02;1389
2017-04-06 12:42:31+02;1419
2017-04-06 13:33:31+02;1389
2017-04-06 14:33:31+02;1389
2017-04-06 15:02:31+02;1329
2017-04-06 15:58:31+02;1329
2017-04-06 22:36:31+02;1419
2017-04-07 11:19:31+02;1389
2017-04-07 12:18:31+02;1389
2017-04-07 12:42:31+02;1419
2017-04-07 13:34:31+02;1389
2017-04-07 14:46:31+02;1389
2017-04-07 15:35:31+02;1339
2017-04-07 16:44:31+02;1339
2017-04-07 22:36:31+02;1429
2017-04-08 06:45:31+02;1349
2017-04-08 12:42:31+02;1379
2017-04-08 14:48:31+02;1339
2017-04-08 15:45:31+02;1339
2017-04-08 22:36:31+02;1429
2017-04-09 11:18:31+02;1339
2017-04-09 12:15:31+02;1339
2017-04-09 12:42:31+02;1369
2017-04-09 13:33:31+02;1339
2017-04-09 14:31:31+02;1339
2017-04-09 22:36:31+02;1429
2017-04-10 11:20:31+02;1399
2017-04-10 12:16:31+02;1399
2017-04-10 12:41:31+02;1429
2017-04-10 13:36:32+02;1399
2017-04-10 14:45:31+02;1399
2017-04-10 16:30:31+02;1339
2017-04-10 17:29:31+02;1339
2017-04-10 22:36:31+02;1429
2017-04-11 11:19:31+02;1399
2017-04-11 12:17:32+02;1399
2017-04-11 12:41:31+02;1429
2017-04-11 13:34:31+02;1399
2017-04-11 14:33:31+02;1399
2017-04-11 15:47:31+02;1339
2017-04-11 18:15:32+02;1339
2017-04-11 22:36:31+02;1439
2017-04-12 11:18:31+02;1399
2017-04-12 12:16:31+02;1399
2017-04-12 12:42:31+02;1429
2017-04-12 13:40:31+02;1399
2017-04-12 14:46:31+02;1399
2017-04-12 15:49:31+02;1339
2017-04-12 16:44:31+02;1339
2017-04-12 22:36:31+02;1429
2017-04-13 11:19:31+02;1399
2017-04-13 12:17:31+02;1399
2017-04-13 12:42:31+02;1429
2017-04-13 13:36:32+02;1399
2017-04-13 14:48:31+02;1399
2017-04-13 15:20:31+02;1339
2017-04-13 16:16:31+02;1339
2017-04-13 22:36:31+02;1429
2017-04-14 05:42:31+02;1429
2017-04-14 10:29:31+02;1409
2017-04-14 11:16:31+02;1339
2017-04-14 12:42:31+02;1369
2017-04-14 13:30:31+02;1339
2017-04-14 22:36:31+02;1429
2017-04-15 05:43:31+02;1429
2017-04-15 11:17:31+02;1399
2017-04-15 12:17:31+02;1399
2017-04-15 12:42:31+02;1429
2017-04-15 13:33:31+02;1399
2017-04-15 14:32:31+02;1399
2017-04-15 14:59:31+02;1339
2017-04-15 22:36:31+02;1429
2017-04-16 05:44:31+02;1429
2017-04-16 10:44:31+02;1409
2017-04-16 11:19:31+02;1339
2017-04-16 12:42:31+02;1369
2017-04-16 13:33:31+02;1339
2017-04-16 22:36:31+02;1429
2017-04-17 05:42:31+02;1429
2017-04-17 10:59:31+02;1429
2017-04-17 11:17:31+02;1339
2017-04-17 12:42:32+02;1369
2017-04-17 13:31:31+02;1339
2017-04-17 22:36:31+02;1429
2017-04-18 05:45:31+02;1429
2017-04-18 11:17:31+02;1379
2017-04-18 12:16:32+02;1379
2017-04-18 12:42:31+02;1409
2017-04-18 13:33:31+02;1379
2017-04-18 14:45:31+02;1379
2017-04-18 15:47:31+02;1339
2017-04-18 16:45:32+02;1339
2017-04-18 22:36:32+02;1429
2017-04-19 11:17:32+02;1379
2017-04-19 12:18:31+02;1379
2017-04-19 12:42:31+02;1409
2017-04-19 13:31:31+02;1379
2017-04-19 15:17:31+02;1339
2017-04-19 16:13:31+02;1339
2017-04-19 22:36:31+02;1429
2017-04-20 11:16:31+02;1389
2017-04-20 12:01:31+02;1389
2017-04-20 12:42:31+02;1419
2017-04-20 13:32:31+02;1389
2017-04-20 14:21:31+02;1389
2017-04-20 15:17:31+02;1339
2017-04-20 16:02:31+02;1339
2017-04-20 19:56:24+02;1339
2017-04-20 22:36:31+02;1429
2017-04-21 11:19:31+02;1399
2017-04-21 12:02:31+02;1399
2017-04-21 12:42:31+02;1429
2017-04-21 13:34:31+02;1399
2017-04-21 14:18:31+02;1399
2017-04-21 15:48:31+02;1329
2017-04-21 16:32:31+02;1329
2017-04-21 22:36:31+02;1419
2017-04-22 11:16:31+02;1379
2017-04-22 12:01:31+02;1379
2017-04-22 12:42:31+02;1409
2017-04-22 13:32:31+02;1379
2017-04-22 14:22:31+02;1379
2017-04-22 15:02:31+02;1329
2017-04-22 15:48:31+02;1329
2017-04-22 22:36:31+02;1419
2017-04-23 11:17:31+02;1329
2017-04-23 12:01:31+02;1329
2017-04-23 12:42:31+02;1359
2017-04-23 13:31:31+02;1329
2017-04-23 14:21:31+02;1329
2017-04-23 22:36:31+02;1419
2017-04-24 11:19:31+02;1379
2017-04-24 12:04:31+02;1379
2017-04-24 12:42:31+02;1409
2017-04-24 13:34:31+02;1379
2017-04-24 14:23:31+02;1379
2017-04-24 15:19:31+02;1319
2017-04-24 16:02:31+02;1319
2017-04-24 22:36:31+02;1409
2017-04-25 11:18:31+02;1359
2017-04-25 12:03:31+02;1359
2017-04-25 12:42:31+02;1389
2017-04-25 13:32:31+02;1359
2017-04-25 14:23:31+02;1359
2017-04-25 15:19:31+02;1329
2017-04-25 16:03:31+02;1329
2017-04-25 22:36:31+02;1419
2017-04-26 11:17:31+02;1339
2017-04-26 12:02:31+02;1339
2017-04-26 12:42:31+02;1369
2017-04-26 13:32:31+02;1339
2017-04-26 14:20:31+02;1339
2017-04-26 15:32:31+02;1319
2017-04-26 16:22:31+02;1319
2017-04-26 17:11:31+02;1339
2017-04-26 17:40:31+02;1319
2017-04-26 22:36:31+02;1409
2017-04-27 11:18:31+02;1339
2017-04-27 12:03:31+02;1339
2017-04-27 12:42:31+02;1369
2017-04-27 13:35:31+02;1339
2017-04-27 14:25:31+02;1339
2017-04-27 16:34:31+02;1339
2017-04-27 17:11:31+02;1359
2017-04-27 17:37:31+02;1339
2017-04-27 18:20:31+02;1339
2017-04-27 22:36:31+02;1429
2017-04-28 11:19:31+02;1339
2017-04-28 12:03:31+02;1339
2017-04-28 12:42:31+02;1369
2017-04-28 13:33:31+02;1339
2017-04-28 14:26:31+02;1339
2017-04-28 15:20:31+02;1329
2017-04-28 16:25:31+02;1329
2017-04-28 17:11:31+02;1349
2017-04-28 17:34:31+02;1329
2017-04-28 18:28:32+02;1329
2017-04-28 22:36:31+02;1419
2017-04-29 11:18:31+02;1349
2017-04-29 12:01:31+02;1349
2017-04-29 12:42:31+02;1379
2017-04-29 13:33:31+02;1349
2017-04-29 14:22:31+02;1349
2017-04-29 15:25:31+02;1329
2017-04-29 16:21:31+02;1329
2017-04-29 17:11:31+02;1349
2017-04-29 17:33:31+02;1329
2017-04-29 18:32:31+02;1329
2017-04-29 22:36:31+02;1419
2017-04-30 11:18:31+02;1329
2017-04-30 12:00:31+02;1329
2017-04-30 12:42:31+02;1359
2017-04-30 13:33:31+02;1329
2017-04-30 14:21:31+02;1329
2017-04-30 17:11:31+02;1349
2017-04-30 17:33:31+02;1329
2017-04-30 18:24:31+02;1329
2017-04-30 22:36:31+02;1419
2017-05-01 11:22:31+02;1329
2017-05-01 12:18:31+02;1329
2017-05-01 12:42:31+02;1359
2017-05-01 13:38:31+02;1329
2017-05-01 14:35:31+02;1329
2017-05-01 17:11:31+02;1349
2017-05-01 17:34:31+02;1329
2017-05-01 18:22:31+02;1329
2017-05-01 22:36:31+02;1419
2017-05-02 11:19:31+02;1339
2017-05-02 12:03:31+02;1339
2017-05-02 12:42:31+02;1369
2017-05-02 13:34:31+02;1339
2017-05-02 14:26:31+02;1339
2017-05-02 15:33:31+02;1329
2017-05-02 16:21:31+02;1329
2017-05-02 17:11:31+02;1349
2017-05-02 17:32:31+02;1329
2017-05-02 18:25:31+02;1329
2017-05-02 22:36:31+02;1419
2017-05-03 11:18:31+02;1359
2017-05-03 12:03:31+02;1359
2017-05-03 12:41:31+02;1389
2017-05-03 13:34:31+02;1359
2017-05-03 14:20:31+02;1359
2017-05-03 15:19:31+02;1319
2017-05-03 16:01:31+02;1319
2017-05-03 17:11:31+02;1339
2017-05-03 17:37:31+02;1319
2017-05-03 18:22:31+02;1319
2017-05-03 22:36:31+02;1409
2017-05-04 11:22:31+02;1339
2017-05-04 12:02:31+02;1339
2017-05-04 12:42:31+02;1369
2017-05-04 13:34:31+02;1339
2017-05-04 14:25:31+02;1339
2017-05-04 15:37:31+02;1309
2017-05-04 16:18:31+02;1309
2017-05-04 17:11:31+02;1329
2017-05-04 17:51:31+02;1309
2017-05-04 18:54:31+02;1309
2017-05-04 22:36:31+02;1399
2017-05-05 11:29:31+02;1339
2017-05-05 12:20:31+02;1339
2017-05-05 12:42:31+02;1369
2017-05-05 13:34:31+02;1339
2017-05-05 14:21:31+02;1339
2017-05-05 15:22:31+02;1309
2017-05-05 16:16:31+02;1309
2017-05-05 17:11:35+02;1329
2017-05-05 17:54:31+02;1309
2017-05-05 18:58:31+02;1309
2017-05-05 22:36:31+02;1399
2017-05-06 11:18:31+02;1339
2017-05-06 12:04:31+02;1339
2017-05-06 12:42:31+02;1369
2017-05-06 13:34:31+02;1339
2017-05-06 14:23:31+02;1339
2017-05-06 15:04:31+02;1279
2017-05-06 15:49:31+02;1279
2017-05-06 17:11:32+02;1299
2017-05-06 17:49:31+02;1279
2017-05-06 18:35:31+02;1279
2017-05-06 22:36:32+02;1369
2017-05-07 05:42:31+02;1369
2017-05-07 11:17:31+02;1279
2017-05-07 12:01:31+02;1279
2017-05-07 12:42:31+02;1309
2017-05-07 13:32:31+02;1279
2017-05-07 14:23:32+02;1279
2017-05-07 17:11:31+02;1299
2017-05-07 17:49:31+02;1279
2017-05-07 18:38:31+02;1279
2017-05-07 22:36:31+02;1369
2017-05-08 05:44:31+02;1369
2017-05-08 10:06:31+02;1369
2017-05-08 11:17:31+02;1349
2017-05-08 12:01:31+02;1349
2017-05-08 12:42:31+02;1379
2017-05-08 13:32:31+02;1349
2017-05-08 14:20:31+02;1349
2017-05-08 15:16:31+02;1299
2017-05-08 16:02:31+02;1299
2017-05-08 17:11:31+02;1319
2017-05-08 17:52:31+02;1299
2017-05-08 18:34:31+02;1299
2017-05-08 22:36:31+02;1389
2017-05-09 11:17:31+02;1349
2017-05-09 12:02:31+02;1349
2017-05-09 12:41:31+02;1379
2017-05-09 13:33:31+02;1349
2017-05-09 15:49:31+02;1299
2017-05-09 16:35:31+02;1299
2017-05-09 17:11:31+02;1319
2017-05-09 17:48:31+02;1299
2017-05-09 18:34:31+02;1299
2017-05-09 22:36:31+02;1389
2017-05-10 11:19:31+02;1359
2017-05-10 12:03:31+02;1359
2017-05-10 12:42:31+02;1389
2017-05-10 13:35:31+02;1359
2017-05-10 14:22:31+02;1359
2017-05-10 15:17:31+02;1299
2017-05-10 16:02:31+02;1299
2017-05-10 17:11:31+02;1319
2017-05-10 17:47:31+02;1299
2017-05-10 18:35:31+02;1299
2017-05-10 22:36:31+02;1389
2017-05-11 11:21:31+02;1339
2017-05-11 12:02:31+02;1339
2017-05-11 12:42:31+02;1369
2017-05-11 13:36:31+02;1339
2017-05-11 14:22:31+02;1339
2017-05-11 15:18:31+02;1299
2017-05-11 16:02:31+02;1299
2017-05-11 17:11:31+02;1319
2017-05-11 17:48:31+02;1299
2017-05-11 18:34:31+02;1299
2017-05-11 22:36:31+02;1389
2017-05-12 11:18:31+02;1309
2017-05-12 12:01:31+02;1309
2017-05-12 12:42:31+02;1339
2017-05-12 13:31:31+02;1309
2017-05-12 14:22:31+02;1309
2017-05-12 15:18:31+02;1299
2017-05-12 17:11:31+02;1319
2017-05-12 17:46:31+02;1299
2017-05-12 18:34:31+02;1299
2017-05-12 22:36:31+02;1389
2017-05-13 05:43:31+02;1389
2017-05-13 11:19:31+02;1339
2017-05-13 12:01:31+02;1339
2017-05-13 12:42:31+02;1369
2017-05-13 13:35:32+02;1339
2017-05-13 14:21:31+02;1339
2017-05-13 15:49:31+02;1309
2017-05-13 16:32:31+02;1309
2017-05-13 17:11:31+02;1329
2017-05-13 17:51:31+02;1309
2017-05-13 18:52:31+02;1309
2017-05-13 22:36:31+02;1399
2017-05-14 11:17:31+02;1309
2017-05-14 12:01:31+02;1309
2017-05-14 12:42:31+02;1339
2017-05-14 13:31:31+02;1309
2017-05-14 14:22:31+02;1309
2017-05-14 17:11:31+02;1329
2017-05-14 17:49:31+02;1309
2017-05-14 18:36:31+02;1309
2017-05-14 22:36:31+02;1399
2017-05-15 11:19:31+02;1339
2017-05-15 12:01:31+02;1339
2017-05-15 12:42:31+02;1369
2017-05-15 13:34:31+02;1339
2017-05-15 14:21:31+02;1339
2017-05-15 15:19:31+02;1329
2017-05-15 16:01:31+02;1329
2017-05-15 17:11:31+02;1349
2017-05-15 17:48:31+02;1329
2017-05-15 18:34:31+02;1329
2017-05-15 22:36:31+02;1419
2017-05-16 11:19:31+02;1339
2017-05-16 12:04:31+02;1339
2017-05-16 12:42:31+02;1369
2017-05-16 13:34:31+02;1339
2017-05-16 14:20:31+02;1339
2017-05-16 15:03:31+02;1319
2017-05-16 15:51:31+02;1319
2017-05-16 17:11:31+02;1339
2017-05-16 17:46:31+02;1319
2017-05-16 18:33:31+02;1319
2017-05-16 22:36:57+02;1409
2017-05-17 11:17:31+02;1329
2017-05-17 12:01:31+02;1329
2017-05-17 12:42:31+02;1359
2017-05-17 13:32:31+02;1329
2017-05-17 14:22:31+02;1329
2017-05-17 15:16:31+02;1319
2017-05-17 16:01:31+02;1319
2017-05-17 17:11:31+02;1339
2017-05-17 17:48:31+02;1319
2017-05-17 18:35:31+02;1319
2017-05-17 22:36:31+02;1409
2017-05-18 11:17:31+02;1339
2017-05-18 12:01:31+02;1339
2017-05-18 12:41:31+02;1369
2017-05-18 13:35:31+02;1339
2017-05-18 14:21:31+02;1339
2017-05-18 14:33:31+02;1319
2017-05-18 15:17:31+02;1319
2017-05-18 17:11:31+02;1339
2017-05-18 17:52:31+02;1319
2017-05-18 18:51:31+02;1319
2017-05-18 22:36:31+02;1409
2017-05-19 11:21:31+02;1339
2017-05-19 12:42:31+02;1369
2017-05-19 13:34:31+02;1339
2017-05-19 14:21:31+02;1339
2017-05-19 15:47:31+02;1319
2017-05-19 16:32:31+02;1319
2017-05-19 17:10:31+02;1339
2017-05-19 17:48:31+02;1319
2017-05-19 18:36:31+02;1319
2017-05-19 22:36:31+02;1409
2017-05-20 11:18:31+02;1339
2017-05-20 12:02:31+02;1339
2017-05-20 12:42:31+02;1369
2017-05-20 13:35:31+02;1339
2017-05-20 14:22:31+02;1339
2017-05-20 15:20:31+02;1319
2017-05-20 16:02:31+02;1319
2017-05-20 17:10:31+02;1339
2017-05-20 17:49:31+02;1319
2017-05-20 18:35:31+02;1319
2017-05-20 22:36:31+02;1409
2017-05-21 11:19:31+02;1319
2017-05-21 12:02:31+02;1319
2017-05-21 12:42:31+02;1349
2017-05-21 13:33:31+02;1319
2017-05-21 14:24:31+02;1319
2017-05-21 17:10:31+02;1339
2017-05-21 17:53:31+02;1319
2017-05-21 18:48:31+02;1319
2017-05-21 22:36:31+02;1409
2017-05-22 11:18:31+02;1339
2017-05-22 12:01:31+02;1339
2017-05-22 12:42:31+02;1369
2017-05-22 13:35:31+02;1339
2017-05-22 14:25:31+02;1339
2017-05-22 15:20:31+02;1319
2017-05-22 16:05:31+02;1319
2017-05-22 17:10:32+02;1339
2017-05-22 17:47:31+02;1319
2017-05-22 18:38:31+02;1319
2017-05-22 22:36:31+02;1409
2017-05-23 11:19:31+02;1349
2017-05-23 12:01:31+02;1349
2017-05-23 12:41:31+02;1379
2017-05-23 13:36:31+02;1349
2017-05-23 14:27:31+02;1349
2017-05-23 15:01:31+02;1329
2017-05-23 15:47:31+02;1329
2017-05-23 17:10:31+02;1349
2017-05-23 17:53:31+02;1329
2017-05-23 18:34:31+02;1329
2017-05-23 22:36:31+02;1419
2017-05-24 11:18:06+02;1349
2017-05-24 12:02:06+02;1349
2017-05-24 12:42:06+02;1379
2017-05-24 13:32:06+02;1349
2017-05-24 14:25:07+02;1349
2017-05-24 15:35:06+02;1329
2017-05-24 16:18:06+02;1329
2017-05-24 17:10:06+02;1349
2017-05-24 17:46:05+02;1329
2017-05-24 18:33:05+02;1329
2017-05-24 22:36:06+02;1419
2017-05-25 11:18:05+02;1329
2017-05-25 12:02:06+02;1329
2017-05-25 12:42:06+02;1359
2017-05-25 13:34:06+02;1329
2017-05-25 14:21:05+02;1329
2017-05-25 17:10:06+02;1349
2017-05-25 17:51:05+02;1329
2017-05-25 18:33:06+02;1329
2017-05-25 22:36:06+02;1419
2017-05-26 11:19:06+02;1349
2017-05-26 12:02:08+02;1349
2017-05-26 12:42:08+02;1379
2017-05-26 13:32:18+02;1349
2017-05-26 14:22:06+02;1349
2017-05-26 15:35:06+02;1319
2017-05-26 16:18:06+02;1319
2017-05-26 17:10:06+02;1339
2017-05-26 17:46:06+02;1319
2017-05-26 18:35:06+02;1319
2017-05-26 22:36:06+02;1409
2017-05-27 05:43:06+02;1409
2017-05-27 11:16:06+02;1349
2017-05-27 12:02:06+02;1349
2017-05-27 12:42:06+02;1379
2017-05-27 13:35:06+02;1349
2017-05-27 14:23:06+02;1349
2017-05-27 15:18:06+02;1319
2017-05-27 17:10:05+02;1339
2017-05-27 17:47:06+02;1319
2017-05-27 22:36:06+02;1409
2017-05-28 05:42:06+02;1409
2017-05-28 11:17:06+02;1319
2017-05-28 12:42:15+02;1349
2017-05-28 13:32:27+02;1319
2017-05-28 17:10:06+02;1339
2017-05-28 17:49:05+02;1319
2017-05-28 22:36:05+02;1409
2017-05-29 05:44:06+02;1409
2017-05-29 11:18:06+02;1349
2017-05-29 12:03:06+02;1349
2017-05-29 12:42:06+02;1379
2017-05-29 13:32:06+02;1349
2017-05-29 14:22:10+02;1349
2017-05-29 15:36:07+02;1319
2017-05-29 16:22:06+02;1319
2017-05-29 16:23:06+02;1319
2017-05-29 17:10:06+02;1339
2017-05-29 17:50:06+02;1319
2017-05-29 18:32:06+02;1319
2017-05-29 22:36:06+02;1409
2017-05-30 11:17:05+02;1349
2017-05-30 12:01:06+02;1349
2017-05-30 12:42:06+02;1379
2017-05-30 13:31:05+02;1349
2017-05-30 14:21:11+02;1349
2017-05-30 15:17:16+02;1319
2017-05-30 16:01:06+02;1319
2017-05-30 17:10:06+02;1339
2017-05-30 17:49:06+02;1319
2017-05-30 18:36:06+02;1319
2017-05-30 22:36:06+02;1409
2017-05-31 11:18:06+02;1359
2017-05-31 12:01:06+02;1359
2017-05-31 12:42:06+02;1389
2017-05-31 13:35:06+02;1359
2017-05-31 14:23:06+02;1359
2017-05-31 15:18:06+02;1319
2017-05-31 16:01:06+02;1319
2017-05-31 17:10:12+02;1339
2017-05-31 17:48:22+02;1319
2017-05-31 18:35:06+02;1319
2017-05-31 22:36:06+02;1409
2017-06-01 11:16:05+02;1339
2017-06-01 12:02:06+02;1339
2017-06-01 12:42:06+02;1369
2017-06-01 13:33:05+02;1339
2017-06-01 14:22:06+02;1339
2017-06-01 15:48:06+02;1319
2017-06-01 16:33:06+02;1319
2017-06-01 17:10:05+02;1339
2017-06-01 17:46:06+02;1319
2017-06-01 18:33:05+02;1319
2017-06-01 22:36:06+02;1409
2017-06-02 11:17:06+02;1339
2017-06-02 12:03:06+02;1339
2017-06-02 12:42:06+02;1369
2017-06-02 13:33:06+02;1339
2017-06-02 14:19:06+02;1339
2017-06-02 15:16:06+02;1329
2017-06-02 16:06:06+02;1329
2017-06-02 17:10:06+02;1349
2017-06-02 17:46:06+02;1329
2017-06-02 18:32:06+02;1329
2017-06-02 22:36:06+02;1419
2017-06-03 11:19:12+02;1339
2017-06-03 12:02:06+02;1339
2017-06-03 12:42:06+02;1369
2017-06-03 13:33:06+02;1339
2017-06-03 14:21:06+02;1339
2017-06-03 17:10:07+02;1359
2017-06-03 17:49:06+02;1339
2017-06-03 18:36:06+02;1339
2017-06-03 22:36:06+02;1419
2017-06-04 05:44:06+02;1419
2017-06-04 11:16:06+02;1339
2017-06-04 12:01:06+02;1339
2017-06-04 12:42:05+02;1369
2017-06-04 13:33:05+02;1339
2017-06-04 14:21:06+02;1339
2017-06-04 17:10:06+02;1359
2017-06-04 17:48:06+02;1339
2017-06-04 18:36:06+02;1339
2017-06-04 22:36:06+02;1419
2017-06-05 05:43:05+02;1419
2017-06-05 11:17:06+02;1339
2017-06-05 12:01:22+02;1339
2017-06-05 12:42:06+02;1369
2017-06-05 13:32:06+02;1339
2017-06-05 14:19:05+02;1339
2017-06-05 17:10:06+02;1359
2017-06-05 17:48:06+02;1339
2017-06-05 18:33:05+02;1339
2017-06-05 22:36:05+02;1419
2017-06-06 05:45:06+02;1419
2017-06-06 11:16:23+02;1339
2017-06-06 12:02:06+02;1339
2017-06-06 12:42:06+02;1369
2017-06-06 13:36:06+02;1339
2017-06-06 14:22:06+02;1339
2017-06-06 15:18:07+02;1329
2017-06-06 16:02:06+02;1329
2017-06-06 17:10:07+02;1349
2017-06-06 17:49:06+02;1329
2017-06-06 18:34:06+02;1329
2017-06-06 22:36:06+02;1419
2017-06-07 11:18:06+02;1359
2017-06-07 12:01:06+02;1359
2017-06-07 12:42:06+02;1389
2017-06-07 13:37:06+02;1359
2017-06-07 14:23:06+02;1359
2017-06-07 15:19:06+02;1329
2017-06-07 16:01:06+02;1329
2017-06-07 17:10:07+02;1349
2017-06-07 17:51:06+02;1329
2017-06-07 18:32:05+02;1329
2017-06-07 23:30:07+02;1409
2017-06-08 05:45:06+02;1409
2017-06-08 11:31:05+02;1339
2017-06-08 12:02:06+02;1339
2017-06-08 12:42:06+02;1369
2017-06-08 13:34:06+02;1339
2017-06-08 14:22:06+02;1339
2017-06-08 15:19:06+02;1309
2017-06-08 16:02:05+02;1309
2017-06-08 17:10:06+02;1329
2017-06-08 17:48:05+02;1309
2017-06-08 18:35:06+02;1309
2017-06-08 22:36:06+02;1399
2017-06-09 11:20:06+02;1339
2017-06-09 12:02:07+02;1339
2017-06-09 12:42:06+02;1369
2017-06-09 13:33:05+02;1339
2017-06-09 14:23:05+02;1339
2017-06-09 15:19:06+02;1309
2017-06-09 16:01:07+02;1309
2017-06-09 17:10:07+02;1329
2017-06-09 17:47:06+02;1309
2017-06-09 18:34:06+02;1309
2017-06-09 22:36:06+02;1399
2017-06-10 11:19:05+02;1329
2017-06-10 12:02:06+02;1329
2017-06-10 12:42:06+02;1359
2017-06-10 13:32:05+02;1329
2017-06-10 14:25:06+02;1329
2017-06-10 15:36:06+02;1309
2017-06-10 16:19:05+02;1309
2017-06-10 17:10:06+02;1329
2017-06-10 17:48:06+02;1309
2017-06-10 18:35:06+02;1309
2017-06-10 22:36:06+02;1399
2017-06-11 11:17:06+02;1309
2017-06-11 12:01:06+02;1309
2017-06-11 12:42:05+02;1339
2017-06-11 13:32:06+02;1309
2017-06-11 14:20:06+02;1309
2017-06-11 17:10:06+02;1329
2017-06-11 17:48:06+02;1309
2017-06-11 18:32:05+02;1309
2017-06-11 22:36:06+02;1399
2017-06-12 11:25:04+02;1399
2017-06-12 11:26:06+02;1329
2017-06-12 12:02:04+02;1329
2017-06-12 12:08:06+02;1309
2017-06-12 12:39:04+02;1309
2017-06-12 12:42:08+02;1339
2017-06-12 13:41:06+02;1329
2017-06-12 14:36:06+02;1329
2017-06-12 15:38:06+02;1309
2017-06-12 16:20:06+02;1309
2017-06-12 17:10:06+02;1329
2017-06-12 17:47:05+02;1309
2017-06-12 18:34:06+02;1309
2017-06-12 22:36:06+02;1399
2017-06-13 11:20:06+02;1329
2017-06-13 12:02:05+02;1329
2017-06-13 12:42:06+02;1359
2017-06-13 13:35:06+02;1329
2017-06-13 14:20:06+02;1329
2017-06-13 15:34:05+02;1309
2017-06-13 16:20:09+02;1309
2017-06-13 17:10:06+02;1329
2017-06-13 17:50:06+02;1309
2017-06-13 18:34:05+02;1309
2017-06-13 22:36:06+02;1399
2017-06-14 11:19:06+02;1329
2017-06-14 12:02:06+02;1329
2017-06-14 12:42:06+02;1359
2017-06-14 13:32:06+02;1329
2017-06-14 14:22:24+02;1329
2017-06-14 15:48:09+02;1309
2017-06-14 16:33:06+02;1309
2017-06-14 17:10:06+02;1329
2017-06-14 17:46:06+02;1309
2017-06-14 18:33:05+02;1309
2017-06-14 22:36:06+02;1399
2017-06-15 11:16:05+02;1309
2017-06-15 11:59:05+02;1309
2017-06-15 12:42:06+02;1339
2017-06-15 13:32:06+02;1309
2017-06-15 14:20:06+02;1309
2017-06-15 17:10:06+02;1329
2017-06-15 17:49:05+02;1309
2017-06-15 18:33:05+02;1309
2017-06-15 22:36:06+02;1399
2017-06-16 11:19:05+02;1339
2017-06-16 12:02:06+02;1339
2017-06-16 12:42:05+02;1369
2017-06-16 13:35:06+02;1339
2017-06-16 14:22:06+02;1339
2017-06-16 15:37:06+02;1309
2017-06-16 16:21:06+02;1309
2017-06-16 17:10:06+02;1329
2017-06-16 17:48:06+02;1309
2017-06-16 18:35:06+02;1309
2017-06-16 22:36:06+02;1399
2017-06-17 05:18:05+02;1369
2017-06-17 05:45:06+02;1369
2017-06-17 11:15:06+02;1329
2017-06-17 12:02:06+02;1329
2017-06-17 12:42:06+02;1359
2017-06-17 13:32:05+02;1329
2017-06-17 14:24:06+02;1329
2017-06-17 15:18:06+02;1309
2017-06-17 17:10:18+02;1329
2017-06-17 17:49:06+02;1309
2017-06-17 18:52:14+02;1309
2017-06-17 22:36:06+02;1399
2017-06-18 11:19:06+02;1309
2017-06-18 12:00:06+02;1309
2017-06-18 12:42:06+02;1339
2017-06-18 13:33:05+02;1309
2017-06-18 14:21:05+02;1309
2017-06-18 17:10:06+02;1329
2017-06-18 17:47:05+02;1309
2017-06-18 18:31:06+02;1309
2017-06-18 22:36:06+02;1399
2017-06-19 11:17:05+02;1349
2017-06-19 12:02:12+02;1349
2017-06-19 12:42:06+02;1379
2017-06-19 13:34:06+02;1349
2017-06-19 14:23:06+02;1349
2017-06-19 15:50:06+02;1299
2017-06-19 16:33:06+02;1299
2017-06-19 17:10:06+02;1319
2017-06-19 17:52:06+02;1299
2017-06-19 18:50:07+02;1299
2017-06-19 22:36:06+02;1389
2017-06-20 11:16:20+02;1329
2017-06-20 12:03:06+02;1329
2017-06-20 12:42:16+02;1359
2017-06-20 13:32:06+02;1329
2017-06-20 14:20:06+02;1329
2017-06-20 15:30:07+02;1289
2017-06-20 16:17:06+02;1289
2017-06-20 17:10:06+02;1309
2017-06-20 17:47:06+02;1289
2017-06-20 18:33:06+02;1289
2017-06-20 22:36:06+02;1379
2017-06-21 11:18:07+02;1329
2017-06-21 12:03:07+02;1329
2017-06-21 12:42:06+02;1359
2017-06-21 13:31:06+02;1329
2017-06-21 14:26:05+02;1329
2017-06-21 16:02:05+02;1279
2017-06-21 16:48:05+02;1279
2017-06-21 17:10:06+02;1299
2017-06-21 17:46:05+02;1279
2017-06-21 18:34:06+02;1279
2017-06-21 22:36:06+02;1369
2017-06-22 11:19:05+02;1329
2017-06-22 12:02:06+02;1329
2017-06-22 12:42:06+02;1359
2017-06-22 13:35:06+02;1329
2017-06-22 14:19:07+02;1329
2017-06-22 15:51:06+02;1279
2017-06-22 16:34:06+02;1279
2017-06-22 17:10:06+02;1299
2017-06-22 17:50:06+02;1279
2017-06-22 18:55:06+02;1279
2017-06-22 22:36:06+02;1369
2017-06-23 11:19:06+02;1329
2017-06-23 12:03:18+02;1329
2017-06-23 12:41:08+02;1359
2017-06-23 13:35:06+02;1329
2017-06-23 14:26:06+02;1329
2017-06-23 15:49:06+02;1279
2017-06-23 16:32:06+02;1279
2017-06-23 17:10:06+02;1299
2017-06-23 17:51:07+02;1279
2017-06-23 18:33:05+02;1279
2017-06-23 22:36:06+02;1369
2017-06-24 11:15:06+02;1319
2017-06-24 12:01:06+02;1319
2017-06-24 12:43:05+02;1349
2017-06-24 13:32:27+02;1319
2017-06-24 14:23:19+02;1319
2017-06-24 15:03:06+02;1269
2017-06-24 15:47:06+02;1269
2017-06-24 17:10:06+02;1289
2017-06-24 17:48:06+02;1269
2017-06-24 18:36:06+02;1269
2017-06-24 22:36:06+02;1359
2017-06-25 11:16:05+02;1269
2017-06-25 12:01:06+02;1269
2017-06-25 12:42:05+02;1299
2017-06-25 13:32:05+02;1269
2017-06-25 14:22:05+02;1269
2017-06-25 17:10:06+02;1289
2017-06-25 17:47:05+02;1269
2017-06-25 18:38:05+02;1269
2017-06-25 22:36:08+02;1359
2017-06-26 11:20:06+02;1319
2017-06-26 12:06:06+02;1319
2017-06-26 12:42:06+02;1349
2017-06-26 13:37:06+02;1319
2017-06-26 14:47:05+02;1319
2017-06-26 16:08:06+02;1279
2017-06-26 16:55:06+02;1279
2017-06-26 17:10:06+02;1299
2017-06-26 18:18:06+02;1279
2017-06-26 19:30:08+02;1279
2017-06-26 22:36:06+02;1369
2017-06-27 11:20:06+02;1329
2017-06-27 12:19:07+02;1329
2017-06-27 12:42:06+02;1359
2017-06-27 13:33:06+02;1329
2017-06-27 14:20:06+02;1329
2017-06-27 15:48:06+02;1279
2017-06-27 16:30:07+02;1279
2017-06-27 17:10:07+02;1299
2017-06-27 17:48:06+02;1279
2017-06-27 18:32:06+02;1279
2017-06-27 22:36:06+02;1369
2017-06-28 11:20:06+02;1339
2017-06-28 12:02:06+02;1339
2017-06-28 12:42:06+02;1369
2017-06-28 13:34:06+02;1339
2017-06-28 14:19:05+02;1339
2017-06-28 15:18:06+02;1289
2017-06-28 16:02:08+02;1289
2017-06-28 17:10:07+02;1309
2017-06-28 17:51:05+02;1289
2017-06-28 18:32:05+02;1289
2017-06-28 22:36:06+02;1379
2017-06-29 11:19:06+02;1339
2017-06-29 12:03:06+02;1339
2017-06-29 12:42:07+02;1369
2017-06-29 13:33:06+02;1339
2017-06-29 14:20:06+02;1339
2017-06-29 16:18:06+02;1289
2017-06-29 17:10:07+02;1309
2017-06-29 17:50:06+02;1289
2017-06-29 18:33:06+02;1289
2017-06-29 22:36:11+02;1379
2017-06-30 11:18:08+02;1329
2017-06-30 12:01:10+02;1329
2017-06-30 12:42:07+02;1359
2017-06-30 13:33:06+02;1329
2017-06-30 14:23:06+02;1329
2017-06-30 15:19:06+02;1289
2017-06-30 16:02:06+02;1289
2017-06-30 17:10:06+02;1309
2017-06-30 17:50:06+02;1289
2017-06-30 18:50:06+02;1289
2017-06-30 22:36:06+02;1379
2017-07-01 11:16:06+02;1309
2017-07-01 12:01:06+02;1309
2017-07-01 12:41:06+02;1339
2017-07-01 13:32:05+02;1309
2017-07-01 14:21:06+02;1309
2017-07-01 15:31:09+02;1289
2017-07-01 16:14:05+02;1289
2017-07-01 17:09:06+02;1309
2017-07-01 17:50:06+02;1289
2017-07-01 18:33:06+02;1289
2017-07-01 22:36:06+02;1379
2017-07-02 11:17:05+02;1289
2017-07-02 12:00:07+02;1289
2017-07-02 12:42:06+02;1319
2017-07-02 13:31:06+02;1289
2017-07-02 14:20:06+02;1289
2017-07-02 17:10:06+02;1309
2017-07-02 17:47:05+02;1289
2017-07-02 18:38:21+02;1289
2017-07-02 22:36:06+02;1379
2017-07-03 09:33:06+02;1339
2017-07-03 10:20:06+02;1339
2017-07-03 12:42:06+02;1369
2017-07-03 13:34:06+02;1339
2017-07-03 14:23:05+02;1339
2017-07-03 15:36:06+02;1289
2017-07-03 16:21:07+02;1289
2017-07-03 17:10:07+02;1309
2017-07-03 17:49:05+02;1289
2017-07-03 18:33:06+02;1289
2017-07-03 22:36:06+02;1379
2017-07-04 09:33:06+02;1329
2017-07-04 10:17:06+02;1329
2017-07-04 12:42:06+02;1359
2017-07-04 13:36:06+02;1329
2017-07-04 14:20:07+02;1329
2017-07-04 15:39:06+02;1269
2017-07-04 16:17:06+02;1269
2017-07-04 17:10:06+02;1289
2017-07-04 17:48:06+02;1269
2017-07-04 18:33:06+02;1269
2017-07-04 22:36:06+02;1369
2017-07-05 09:32:06+02;1329
2017-07-05 10:17:06+02;1329
2017-07-05 12:42:06+02;1359
2017-07-05 13:32:06+02;1329
2017-07-05 14:20:06+02;1329
2017-07-05 15:46:06+02;1279
2017-07-05 16:29:06+02;1279
2017-07-05 17:10:06+02;1299
2017-07-05 17:47:05+02;1279
2017-07-05 18:31:06+02;1279
2017-07-05 22:36:06+02;1369
2017-07-06 16:01:07+02;1279
2017-07-06 17:10:07+02;1299
2017-07-06 17:46:06+02;1279
2017-07-06 18:33:07+02;1279
2017-07-06 22:36:06+02;1369
2017-07-07 09:31:06+02;1329
2017-07-07 10:20:06+02;1329
2017-07-07 12:42:06+02;1359
2017-07-07 13:33:06+02;1329
2017-07-07 14:21:06+02;1329
2017-07-07 15:30:08+02;1269
2017-07-07 16:16:06+02;1269
2017-07-07 17:10:06+02;1289
2017-07-07 17:46:06+02;1269
2017-07-07 18:32:06+02;1269
2017-07-07 22:36:06+02;1359
2017-07-08 09:32:06+02;1329
2017-07-08 10:23:06+02;1329
2017-07-08 12:42:06+02;1359
2017-07-08 13:31:07+02;1329
2017-07-08 14:25:06+02;1329
2017-07-08 15:46:06+02;1299
2017-07-08 16:30:07+02;1299
2017-07-08 17:10:06+02;1319
2017-07-08 17:50:06+02;1299
2017-07-08 18:34:06+02;1299
2017-07-08 22:36:06+02;1389
2017-07-09 09:31:06+02;1299
2017-07-09 10:23:05+02;1299
2017-07-09 12:42:05+02;1329
2017-07-09 13:33:06+02;1299
2017-07-09 14:23:08+02;1299
2017-07-09 17:10:06+02;1319
2017-07-09 17:46:05+02;1299
2017-07-09 18:35:06+02;1299
2017-07-09 22:36:06+02;1389
2017-07-10 09:33:06+02;1329
2017-07-10 10:21:05+02;1329
2017-07-10 12:42:07+02;1359
2017-07-10 13:33:06+02;1329
2017-07-10 14:24:06+02;1329
2017-07-10 15:00:13+02;1279
2017-07-10 15:48:06+02;1279
2017-07-10 17:10:06+02;1299
2017-07-10 17:47:05+02;1279
2017-07-10 18:35:07+02;1279
2017-07-10 22:36:06+02;1369
2017-07-11 09:33:06+02;1339
2017-07-11 10:18:06+02;1339
2017-07-11 12:42:06+02;1369
2017-07-11 13:34:06+02;1339
2017-07-11 14:20:06+02;1339
2017-07-11 15:46:06+02;1299
2017-07-11 16:31:06+02;1299
2017-07-11 17:10:06+02;1319
2017-07-11 17:50:06+02;1299
2017-07-11 18:33:06+02;1299
2017-07-11 22:36:06+02;1389
2017-07-12 08:14:06+02;1369
2017-07-12 09:32:06+02;1349
2017-07-12 10:15:06+02;1349
2017-07-12 12:41:11+02;1379
2017-07-12 13:32:06+02;1349
2017-07-12 14:19:06+02;1349
2017-07-12 16:15:06+02;1279
2017-07-12 17:10:06+02;1299
2017-07-12 17:32:06+02;1299
2017-07-12 17:49:06+02;1279
2017-07-12 18:32:06+02;1279
2017-07-12 22:36:06+02;1369
2017-07-13 09:33:06+02;1349
2017-07-13 10:35:06+02;1349
2017-07-13 12:42:06+02;1379
2017-07-13 13:32:06+02;1349
2017-07-13 14:24:06+02;1349
2017-07-13 15:38:11+02;1299
2017-07-13 16:20:06+02;1299
2017-07-13 17:10:06+02;1319
2017-07-13 17:48:06+02;1299
2017-07-13 18:40:07+02;1299
2017-07-13 22:36:06+02;1389
2017-07-14 09:33:06+02;1349
2017-07-14 10:19:05+02;1349
2017-07-14 12:42:08+02;1379
2017-07-14 13:35:06+02;1349
2017-07-14 14:24:06+02;1349
2017-07-14 15:47:06+02;1299
2017-07-14 16:30:07+02;1299
2017-07-14 17:10:06+02;1319
2017-07-14 17:50:09+02;1299
2017-07-14 18:50:06+02;1299
2017-07-14 22:36:06+02;1389
2017-07-15 09:33:06+02;1349
2017-07-15 10:21:06+02;1349
2017-07-15 12:42:06+02;1379
2017-07-15 13:34:06+02;1349
2017-07-15 14:19:05+02;1349
2017-07-15 15:31:06+02;1299
2017-07-15 16:16:06+02;1299
2017-07-15 17:10:22+02;1319
2017-07-15 17:49:05+02;1299
2017-07-15 22:36:06+02;1389
2017-07-16 05:44:05+02;1389
2017-07-16 09:31:06+02;1299
2017-07-16 10:19:05+02;1299
2017-07-16 12:42:06+02;1329
2017-07-16 13:32:06+02;1299
2017-07-16 14:20:06+02;1299
2017-07-16 17:10:06+02;1319
2017-07-16 17:50:06+02;1299
2017-07-16 18:34:06+02;1299
2017-07-16 22:36:06+02;1389
2017-07-17 09:32:06+02;1359
2017-07-17 10:20:06+02;1359
2017-07-17 12:42:06+02;1389
2017-07-17 14:18:06+02;1359
2017-07-17 15:04:07+02;1359
2017-07-17 15:48:06+02;1299
2017-07-17 16:35:06+02;1299
2017-07-17 17:10:06+02;1319
2017-07-17 17:47:06+02;1299
2017-07-17 18:34:06+02;1299
2017-07-17 22:36:06+02;1389
2017-07-18 09:35:07+02;1339
2017-07-18 10:19:06+02;1339
2017-07-18 12:42:07+02;1369
2017-07-18 13:35:06+02;1339
2017-07-18 14:21:22+02;1339
2017-07-18 15:47:09+02;1289
2017-07-18 16:30:10+02;1289
2017-07-18 17:10:06+02;1309
2017-07-18 17:50:06+02;1289
2017-07-18 18:33:06+02;1289
2017-07-18 22:36:06+02;1379
2017-07-19 09:36:06+02;1309
2017-07-19 10:19:06+02;1309
2017-07-19 12:42:06+02;1339
2017-07-19 13:35:07+02;1309
2017-07-19 15:33:06+02;1289
2017-07-19 17:10:06+02;1309
2017-07-19 17:51:05+02;1289
2017-07-19 22:36:06+02;1379
2017-07-20 09:33:06+02;1329
2017-07-20 12:42:06+02;1359
2017-07-20 13:33:06+02;1329
2017-07-20 15:18:13+02;1289
2017-07-20 17:10:06+02;1309
2017-07-20 17:50:06+02;1289
2017-07-20 22:36:06+02;1379
2017-07-21 09:37:06+02;1339
2017-07-21 12:42:06+02;1369
2017-07-21 13:34:05+02;1339
2017-07-21 15:47:05+02;1289
2017-07-21 17:10:06+02;1309
2017-07-21 17:51:06+02;1289
2017-07-21 22:36:06+02;1379
2017-07-22 02:20:07+02;1379
2017-07-22 09:34:06+02;1349
2017-07-22 12:42:06+02;1379
2017-07-22 13:32:06+02;1349
2017-07-22 15:47:05+02;1299
2017-07-22 17:10:06+02;1319
2017-07-22 17:47:05+02;1299
2017-07-22 22:36:06+02;1389
2017-07-23 09:33:05+02;1299
2017-07-23 12:42:06+02;1329
2017-07-23 13:32:06+02;1299
2017-07-23 17:10:06+02;1319
2017-07-23 17:50:06+02;1299
2017-07-23 22:36:06+02;1389
2017-07-24 09:37:06+02;1349
2017-07-24 12:42:06+02;1379
2017-07-24 13:33:06+02;1349
2017-07-24 15:37:06+02;1289
2017-07-24 17:10:07+02;1309
2017-07-24 17:51:06+02;1289
2017-07-24 22:36:07+02;1379
2017-07-25 09:34:06+02;1329
2017-07-25 12:42:06+02;1359
2017-07-25 13:34:06+02;1329
2017-07-25 15:38:06+02;1289
2017-07-25 17:10:07+02;1309
2017-07-25 17:50:07+02;1289
2017-07-25 22:36:06+02;1379
2017-07-26 09:32:06+02;1339
2017-07-26 12:42:06+02;1369
2017-07-26 13:33:05+02;1339
2017-07-26 15:32:06+02;1299
2017-07-26 17:10:07+02;1319
2017-07-26 17:46:06+02;1299
2017-07-26 22:36:06+02;1389
2017-07-27 09:33:06+02;1339
2017-07-27 12:42:06+02;1369
2017-07-27 13:30:12+02;1339
2017-07-27 14:47:06+02;1289
2017-07-27 17:10:19+02;1309
2017-07-27 17:47:12+02;1289
2017-07-27 22:36:10+02;1379
2017-07-28 09:34:06+02;1319
2017-07-28 11:44:08+02;1319
2017-07-28 12:01:12+02;1319
2017-07-28 12:42:05+02;1349
2017-07-28 13:32:05+02;1339
2017-07-28 14:05:05+02;1319
2017-07-28 15:48:05+02;1299
2017-07-28 17:10:06+02;1319
2017-07-28 17:51:06+02;1299
2017-07-28 22:36:05+02;1389
2017-07-29 09:32:05+02;1329
2017-07-29 12:42:05+02;1359
2017-07-29 13:32:06+02;1329
2017-07-29 15:30:06+02;1299
2017-07-29 17:10:06+02;1319
2017-07-29 17:49:05+02;1299
2017-07-29 22:36:06+02;1389
2017-07-30 09:33:05+02;1299
2017-07-30 12:42:05+02;1329
2017-07-30 13:33:05+02;1299
2017-07-30 17:10:06+02;1319
2017-07-30 17:47:06+02;1299
2017-07-30 22:36:05+02;1389
2017-07-31 09:33:06+02;1339
2017-07-31 12:42:06+02;1369
2017-07-31 13:33:06+02;1339
2017-07-31 15:10:06+02;1339
2017-07-31 15:36:06+02;1289
2017-07-31 17:09:22+02;1309
2017-07-31 17:48:06+02;1289
2017-07-31 22:36:06+02;1379
2017-08-01 09:33:15+02;1339
2017-08-01 12:42:06+02;1369
2017-08-01 13:32:06+02;1339
2017-08-01 15:32:06+02;1309
2017-08-01 17:10:06+02;1329
2017-08-01 17:48:05+02;1309
2017-08-01 22:36:06+02;1399
2017-08-02 09:35:06+02;1349
2017-08-02 12:42:06+02;1379
2017-08-02 13:35:20+02;1349
2017-08-02 15:19:06+02;1309
2017-08-02 17:10:06+02;1329
2017-08-02 17:49:06+02;1309
2017-08-02 22:36:06+02;1399
2017-08-03 09:32:06+02;1349
2017-08-03 12:42:08+02;1379
2017-08-03 13:31:06+02;1349
2017-08-03 15:16:09+02;1309
2017-08-03 17:10:06+02;1329
2017-08-03 17:48:06+02;1309
2017-08-03 22:36:06+02;1389
2017-08-04 09:31:06+02;1339
2017-08-04 12:42:06+02;1369
2017-08-04 13:33:05+02;1339
2017-08-04 15:46:06+02;1309
2017-08-04 17:10:07+02;1329
2017-08-04 17:49:05+02;1309
2017-08-04 22:36:06+02;1399
2017-08-05 09:31:19+02;1359
2017-08-05 12:41:16+02;1389
2017-08-05 13:33:06+02;1359
2017-08-05 15:45:06+02;1299
2017-08-05 17:10:06+02;1319
2017-08-05 17:47:06+02;1299
2017-08-05 22:36:05+02;1389
2017-08-06 09:32:06+02;1299
2017-08-06 12:42:06+02;1329
2017-08-06 13:32:06+02;1299
2017-08-06 17:10:06+02;1319
2017-08-06 17:49:05+02;1299
2017-08-06 22:36:06+02;1389
2017-08-07 09:33:06+02;1339
2017-08-07 12:42:06+02;1369
2017-08-07 13:32:12+02;1339
2017-08-07 15:46:06+02;1309
2017-08-07 17:10:06+02;1329
2017-08-07 17:47:06+02;1309
2017-08-07 22:36:06+02;1399
2017-08-08 09:34:06+02;1339
2017-08-08 12:42:06+02;1369
2017-08-08 13:34:05+02;1339
2017-08-08 15:49:06+02;1309
2017-08-08 17:10:06+02;1329
2017-08-08 17:50:06+02;1309
2017-08-08 22:36:06+02;1399
2017-08-09 09:34:06+02;1309
2017-08-09 12:42:06+02;1339
2017-08-09 13:32:06+02;1309
2017-08-09 17:10:06+02;1329
2017-08-09 17:49:05+02;1309
2017-08-09 22:36:06+02;1399
2017-08-10 09:36:06+02;1339
2017-08-10 12:42:06+02;1369
2017-08-10 13:34:06+02;1339
2017-08-10 15:33:06+02;1309
2017-08-10 17:10:06+02;1329
2017-08-10 17:52:06+02;1309
2017-08-10 22:36:06+02;1389
2017-08-11 09:32:06+02;1339
2017-08-11 12:42:06+02;1369
2017-08-11 13:32:06+02;1339
2017-08-11 15:46:06+02;1309
2017-08-11 17:10:06+02;1329
2017-08-11 17:48:06+02;1309
2017-08-11 22:36:06+02;1399
2017-08-12 09:30:07+02;1349
2017-08-12 12:42:06+02;1379
2017-08-12 13:33:05+02;1349
2017-08-12 15:47:06+02;1299
2017-08-12 17:10:06+02;1319
2017-08-12 17:50:06+02;1299
2017-08-12 22:36:06+02;1389
2017-08-13 22:36:06+02;1409
2017-08-14 09:30:08+02;1339
2017-08-14 12:42:06+02;1369
2017-08-14 13:33:23+02;1339
2017-08-14 15:35:06+02;1309
2017-08-14 17:10:06+02;1329
2017-08-14 17:50:06+02;1309
2017-08-14 22:36:06+02;1399
2017-08-15 09:33:06+02;1339
2017-08-15 12:42:06+02;1369
2017-08-15 13:34:05+02;1339
2017-08-15 15:45:06+02;1299
2017-08-15 17:10:06+02;1319
2017-08-15 17:48:06+02;1299
2017-08-15 22:36:05+02;1389
2017-08-16 09:34:06+02;1339
2017-08-16 12:42:06+02;1369
2017-08-16 13:32:07+02;1339
2017-08-16 15:02:06+02;1309
2017-08-16 17:10:06+02;1329
2017-08-16 17:47:06+02;1309
2017-08-16 22:36:06+02;1399
2017-08-17 09:31:06+02;1329
2017-08-17 12:42:07+02;1359
2017-08-17 13:32:06+02;1329
2017-08-17 17:10:11+02;1349
2017-08-17 17:47:08+02;1329
2017-08-17 22:36:07+02;1399
2017-08-18 09:34:08+02;1339
2017-08-18 12:42:09+02;1369
2017-08-18 13:35:10+02;1339
2017-08-18 14:46:14+02;1299
2017-08-18 17:10:18+02;1319
2017-08-18 17:50:12+02;1299
2017-08-18 22:36:08+02;1389
2017-08-19 09:32:09+02;1329
2017-08-19 12:42:11+02;1359
2017-08-19 13:34:10+02;1329
2017-08-19 15:45:12+02;1289
2017-08-19 17:10:10+02;1309
2017-08-19 17:45:16+02;1289
2017-08-19 22:36:08+02;1379
2017-08-20 09:33:10+02;1289
2017-08-20 12:42:08+02;1319
2017-08-20 13:34:10+02;1289
2017-08-20 17:10:10+02;1309
2017-08-20 17:49:11+02;1289
2017-08-20 22:36:08+02;1379
2017-08-21 09:33:11+02;1319
2017-08-21 12:41:11+02;1349
2017-08-21 13:35:14+02;1319
2017-08-21 15:19:11+02;1289
2017-08-21 17:10:15+02;1309
2017-08-21 17:50:11+02;1289
2017-08-21 22:35:10+02;1379
2017-08-22 09:32:09+02;1329
2017-08-22 12:42:09+02;1359
2017-08-22 13:33:15+02;1329
2017-08-22 15:36:10+02;1299
2017-08-22 17:10:18+02;1319
2017-08-22 17:50:13+02;1299
2017-08-22 22:36:07+02;1389
2017-08-23 09:36:09+02;1329
2017-08-23 12:41:11+02;1359
2017-08-23 13:40:20+02;1329
2017-08-23 15:47:12+02;1299
2017-08-23 17:10:13+02;1319
2017-08-23 17:52:09+02;1299
2017-08-23 22:36:08+02;1389
2017-08-24 03:33:06+02;1389
2017-08-24 09:37:05+02;1299
2017-08-24 12:42:06+02;1329
2017-08-24 13:33:05+02;1299
2017-08-24 17:10:06+02;1319
2017-08-24 17:49:06+02;1299
2017-08-24 22:36:06+02;1389
2017-08-25 09:32:06+02;1339
2017-08-25 12:42:06+02;1369
2017-08-25 13:32:05+02;1339
2017-08-25 15:32:07+02;1309
2017-08-25 17:10:06+02;1329
2017-08-25 17:46:06+02;1309
2017-08-25 22:36:05+02;1399
2017-08-26 09:32:06+02;1349
2017-08-26 12:42:05+02;1379
2017-08-26 13:32:05+02;1349
2017-08-26 14:47:06+02;1309
2017-08-26 17:10:06+02;1329
2017-08-26 17:49:06+02;1309
2017-08-26 22:36:06+02;1399
2017-08-27 09:33:05+02;1309
2017-08-27 12:42:06+02;1339
2017-08-27 13:33:05+02;1309
2017-08-27 17:10:06+02;1329
2017-08-27 17:50:06+02;1309
2017-08-27 22:36:06+02;1399
2017-08-28 09:33:06+02;1339
2017-08-28 12:42:06+02;1369
2017-08-28 13:34:06+02;1339
2017-08-28 15:40:06+02;1309
2017-08-28 17:10:06+02;1329
2017-08-28 17:48:06+02;1309
2017-08-28 22:36:06+02;1399
2017-08-29 09:36:06+02;1349
2017-08-29 12:42:06+02;1379
2017-08-29 13:36:06+02;1349
2017-08-29 15:33:06+02;1299
2017-08-29 17:10:19+02;1319
2017-08-29 17:49:05+02;1299
2017-08-29 22:36:06+02;1389
2017-08-30 09:31:06+02;1329
2017-08-30 12:42:06+02;1359
2017-08-30 13:34:06+02;1329
2017-08-30 15:34:19+02;1299
2017-08-30 17:10:06+02;1319
2017-08-30 17:50:06+02;1299
2017-08-30 22:36:06+02;1389
2017-08-31 09:34:13+02;1349
2017-08-31 12:42:06+02;1379
2017-08-31 13:33:06+02;1349
2017-08-31 15:17:06+02;1309
2017-08-31 17:09:06+02;1329
2017-08-31 17:50:08+02;1309
2017-08-31 22:36:06+02;1399
2017-09-01 09:32:07+02;1359
2017-09-01 12:42:06+02;1389
2017-09-01 13:32:06+02;1359
2017-09-01 15:49:06+02;1329
2017-09-01 17:10:07+02;1349
2017-09-01 17:46:06+02;1329
2017-09-01 22:36:19+02;1419
2017-09-02 09:32:06+02;1369
2017-09-02 12:42:06+02;1399
2017-09-02 13:31:06+02;1369
2017-09-02 15:17:06+02;1339
2017-09-02 17:10:06+02;1359
2017-09-02 17:48:06+02;1339
2017-09-02 22:36:06+02;1429
2017-09-03 09:34:05+02;1339
2017-09-03 12:43:06+02;1369
2017-09-03 13:33:06+02;1339
2017-09-03 17:10:06+02;1359
2017-09-03 17:48:06+02;1339
2017-09-03 22:36:05+02;1429
2017-09-04 09:35:07+02;1389
2017-09-04 12:42:06+02;1419
2017-09-04 13:34:06+02;1389
2017-09-04 15:37:06+02;1339
2017-09-04 17:10:06+02;1359
2017-09-04 17:51:06+02;1339
2017-09-04 22:36:06+02;1429
2017-09-05 09:32:06+02;1379
2017-09-05 12:42:06+02;1409
2017-09-05 13:31:06+02;1379
2017-09-05 15:46:05+02;1329
2017-09-05 17:10:06+02;1349
2017-09-05 17:47:06+02;1329
2017-09-05 22:35:06+02;1419
2017-09-06 09:37:06+02;1379
2017-09-06 12:42:06+02;1409
2017-09-06 13:35:06+02;1379
2017-09-06 15:49:05+02;1329
2017-09-06 17:10:06+02;1349
2017-09-06 17:51:06+02;1329
2017-09-06 22:36:06+02;1419
2017-09-07 09:34:05+02;1379
2017-09-07 12:41:06+02;1409
2017-09-07 13:32:07+02;1379
2017-09-07 15:47:06+02;1319
2017-09-07 17:10:06+02;1339
2017-09-07 17:50:06+02;1319
2017-09-07 22:36:21+02;1409
2017-09-08 09:33:07+02;1379
2017-09-08 12:42:07+02;1409
2017-09-08 13:32:07+02;1379
2017-09-08 15:46:05+02;1329
2017-09-08 17:10:06+02;1349
2017-09-08 17:48:05+02;1329
2017-09-08 22:36:06+02;1419
2017-09-09 09:34:05+02;1379
2017-09-09 12:42:06+02;1409
2017-09-09 13:33:06+02;1379
2017-09-09 15:20:06+02;1329
2017-09-09 17:10:06+02;1349
2017-09-09 17:45:06+02;1329
2017-09-09 22:36:06+02;1419
2017-09-10 09:31:05+02;1329
2017-09-10 12:41:06+02;1359
2017-09-10 13:32:06+02;1329
2017-09-10 17:10:06+02;1349
2017-09-10 17:48:06+02;1329
2017-09-10 22:35:06+02;1419
2017-09-11 09:30:07+02;1379
2017-09-11 12:42:06+02;1409
2017-09-11 13:31:07+02;1379
2017-09-11 15:49:06+02;1339
2017-09-11 17:10:07+02;1359
2017-09-11 17:49:06+02;1339
2017-09-11 22:36:06+02;1429
2017-09-12 09:32:06+02;1379
2017-09-12 12:42:06+02;1409
2017-09-12 13:34:06+02;1379
2017-09-12 15:35:07+02;1329
2017-09-12 17:10:06+02;1349
2017-09-12 17:49:05+02;1329
2017-09-12 22:36:06+02;1419
2017-09-13 09:32:06+02;1359
2017-09-13 12:42:06+02;1389
2017-09-13 13:34:06+02;1359
2017-09-13 15:36:06+02;1319
2017-09-13 17:10:06+02;1339
2017-09-13 17:50:06+02;1319
2017-09-13 22:36:06+02;1409
2017-09-14 09:32:07+02;1339
2017-09-14 12:42:06+02;1369
2017-09-14 13:32:07+02;1339
2017-09-14 15:46:07+02;1319
2017-09-14 17:10:07+02;1339
2017-09-14 17:47:06+02;1319
2017-09-14 22:36:06+02;1409
2017-09-15 09:30:08+02;1349
2017-09-15 12:42:06+02;1379
2017-09-15 13:34:06+02;1349
2017-09-15 15:46:06+02;1319
2017-09-15 17:10:06+02;1339
2017-09-15 17:50:06+02;1319
2017-09-15 22:36:06+02;1409
2017-09-16 09:31:05+02;1349
2017-09-16 12:42:06+02;1379
2017-09-16 13:32:06+02;1349
2017-09-16 16:00:06+02;1319
2017-09-16 17:10:11+02;1339
2017-09-16 17:52:06+02;1319
2017-09-16 22:36:06+02;1409
2017-09-17 09:32:06+02;1319
2017-09-17 12:42:06+02;1349
2017-09-17 13:31:06+02;1319
2017-09-17 17:10:06+02;1339
2017-09-17 17:47:06+02;1319
2017-09-17 22:36:06+02;1409
2017-09-18 09:32:06+02;1349
2017-09-18 12:42:06+02;1379
2017-09-18 13:34:06+02;1349
2017-09-18 15:46:16+02;1319
2017-09-18 17:10:06+02;1339
2017-09-18 17:47:06+02;1319
2017-09-18 22:36:06+02;1409
2017-09-19 09:33:06+02;1359
2017-09-19 12:42:06+02;1389
2017-09-19 13:36:06+02;1359
2017-09-19 15:18:06+02;1319
2017-09-19 17:10:24+02;1339
2017-09-19 18:45:06+02;1319
2017-09-19 22:36:06+02;1409
2017-09-19 23:16:20+02;1409
2017-09-20 09:38:05+02;1359
2017-09-20 12:42:06+02;1389
2017-09-20 13:34:05+02;1359
2017-09-20 15:47:06+02;1319
2017-09-20 17:10:06+02;1339
2017-09-20 17:49:05+02;1319
2017-09-20 22:36:06+02;1409
2017-09-21 09:32:06+02;1359
2017-09-21 12:42:06+02;1389
2017-09-21 13:36:06+02;1359
2017-09-21 15:19:06+02;1319
2017-09-21 17:10:06+02;1339
2017-09-21 17:49:06+02;1319
2017-09-21 22:36:05+02;1409
