2014-06-08 09:50:01+02;1499
2014-06-08 11:10:01+02;1499
2014-06-08 12:06:01+02;1479
2014-06-09 00:02:01+02;1609
2014-06-09 01:06:01+02;1569
2014-06-09 02:06:01+02;1559
2014-06-09 03:06:01+02;1549
2014-06-09 04:06:01+02;1539
2014-06-09 05:06:01+02;1529
2014-06-09 06:06:01+02;1519
2014-06-09 07:06:01+02;1509
2014-06-09 08:06:01+02;1499
2014-06-09 09:06:01+02;1499
2014-06-09 16:06:01+02;1609
2014-06-10 00:38:01+02;1589
2014-06-10 01:10:01+02;1569
2014-06-10 05:46:01+02;1559
2014-06-10 07:50:01+02;1539
2014-06-10 10:26:01+02;1529
2014-06-10 11:38:01+02;1519
2014-06-10 16:06:01+02;1609
2014-06-11 02:02:01+02;1569
2014-06-11 04:18:01+02;1519
2014-06-11 07:22:01+02;1519
2014-06-11 08:18:01+02;1519
2014-06-11 12:06:01+02;1519
2014-06-11 16:06:01+02;1609
2014-06-12 00:42:01+02;1579
2014-06-12 04:50:01+02;1569
2014-06-12 07:10:01+02;1569
2014-06-12 07:58:01+02;1559
2014-06-12 08:58:01+02;1549
2014-06-12 11:50:01+02;1539
2014-06-12 16:38:01+02;1609
2014-06-13 00:42:01+02;1599
2014-06-13 02:42:01+02;1589
2014-06-13 04:06:01+02;1589
2014-06-13 10:42:01+02;1549
2014-06-13 16:38:01+02;1609
2014-06-14 01:02:01+02;1599
2014-06-14 06:38:01+02;1589
2014-06-14 08:38:01+02;1559
2014-06-14 11:38:01+02;1549
2014-06-14 16:06:01+02;1609
2014-06-15 01:06:01+02;1599
2014-06-15 02:06:01+02;1589
2014-06-15 03:06:01+02;1579
2014-06-15 04:06:01+02;1569
2014-06-15 05:06:01+02;1559
2014-06-15 06:06:01+02;1549
2014-06-15 06:38:01+02;1539
2014-06-15 07:06:01+02;1529
2014-06-15 08:06:01+02;1529
2014-06-15 16:06:01+02;1609
2014-06-16 00:18:01+02;1609
2014-06-16 01:06:01+02;1599
2014-06-16 05:26:01+02;1589
2014-06-16 08:58:01+02;1579
2014-06-16 10:06:01+02;1559
2014-06-16 16:06:01+02;1609
2014-06-17 00:10:01+02;1609
2014-06-17 02:02:01+02;1599
2014-06-17 03:42:01+02;1589
2014-06-17 06:22:01+02;1569
2014-06-17 07:10:01+02;1559
2014-06-17 08:30:01+02;1549
2014-06-17 09:22:01+02;1549
2014-06-17 16:06:01+02;1609
2014-06-18 01:10:01+02;1599
2014-06-18 02:22:01+02;1599
2014-06-18 04:22:01+02;1589
2014-06-18 05:06:01+02;1589
2014-06-18 05:54:01+02;1579
2014-06-18 08:18:01+02;1569
2014-06-18 10:38:01+02;1559
2014-06-18 16:06:01+02;1609
2014-06-19 01:58:01+02;1609
2014-06-19 02:34:01+02;1599
2014-06-19 03:30:01+02;1599
2014-06-19 06:06:01+02;1589
2014-06-19 07:50:01+02;1579
2014-06-19 10:02:01+02;1569
2014-06-19 10:54:01+02;1559
2014-06-19 11:22:01+02;1559
2014-06-19 16:06:01+02;1609
2014-06-20 00:10:01+02;1619
2014-06-20 01:06:01+02;1609
2014-06-20 03:58:01+02;1609
2014-06-20 06:22:01+02;1609
2014-06-20 06:46:01+02;1599
2014-06-20 07:58:01+02;1579
2014-06-20 08:50:01+02;1579
2014-06-20 09:50:01+02;1569
2014-06-20 13:38:01+02;1569
2014-06-20 16:06:01+02;1609
2014-06-21 00:50:01+02;1619
2014-06-21 01:42:01+02;1609
2014-06-21 03:22:01+02;1599
2014-06-21 04:18:01+02;1589
2014-06-21 06:02:01+02;1569
2014-06-21 08:06:01+02;1559
2014-06-21 09:06:01+02;1549
2014-06-21 10:06:01+02;1539
2014-06-21 11:06:01+02;1539
2014-06-21 12:10:01+02;1539
2014-06-21 16:06:01+02;1609
2014-06-22 01:06:01+02;1599
2014-06-22 02:06:01+02;1589
2014-06-22 03:06:01+02;1579
2014-06-22 04:06:01+02;1569
2014-06-22 05:06:01+02;1559
2014-06-22 06:06:01+02;1549
2014-06-22 07:06:01+02;1539
2014-06-22 08:06:01+02;1539
2014-06-22 16:06:01+02;1609
2014-06-23 01:10:01+02;1609
2014-06-23 02:18:01+02;1609
2014-06-23 05:50:01+02;1589
2014-06-23 10:14:01+02;1579
2014-06-23 11:38:01+02;1559
2014-06-23 12:38:01+02;1549
2014-06-23 13:38:01+02;1539
2014-06-23 16:38:01+02;1609
2014-06-24 01:06:01+02;1609
2014-06-24 02:10:01+02;1609
2014-06-24 04:10:01+02;1599
2014-06-24 08:58:01+02;1579
2014-06-24 10:18:01+02;1569
2014-06-24 12:06:01+02;1559
2014-06-24 16:06:01+02;1609
2014-06-25 00:18:01+02;1609
2014-06-25 01:50:01+02;1609
2014-06-25 04:54:01+02;1589
2014-06-25 07:06:01+02;1579
2014-06-25 08:06:01+02;1569
2014-06-25 11:14:01+02;1559
2014-06-25 12:06:01+02;1549
2014-06-25 12:38:01+02;1539
2014-06-25 13:38:01+02;1539
2014-06-25 16:06:01+02;1609
2014-06-26 00:18:01+02;1609
2014-06-26 03:42:01+02;1609
2014-06-26 04:46:01+02;1589
2014-06-26 06:18:01+02;1579
2014-06-26 07:34:01+02;1579
2014-06-26 11:10:01+02;1569
2014-06-26 12:06:01+02;1559
2014-06-26 13:06:01+02;1549
2014-06-26 16:06:01+02;1609
2014-06-27 01:18:01+02;1609
2014-06-27 02:22:01+02;1609
2014-06-27 04:06:01+02;1599
2014-06-27 05:22:01+02;1579
2014-06-27 05:46:01+02;1579
2014-06-27 07:22:01+02;1569
2014-06-27 09:26:01+02;1569
2014-06-27 11:06:01+02;1549
2014-06-27 12:06:01+02;1539
2014-06-27 13:06:01+02;1539
2014-06-27 16:06:01+02;1609
2014-06-28 02:22:01+02;1609
2014-06-28 04:26:01+02;1609
2014-06-28 08:06:01+02;1589
2014-06-28 10:06:01+02;1579
2014-06-28 10:38:01+02;1569
2014-06-28 16:06:01+02;1609
2014-06-29 01:06:01+02;1599
2014-06-29 01:38:01+02;1599
2014-06-29 02:06:01+02;1589
2014-06-29 02:38:01+02;1589
2014-06-29 03:06:01+02;1579
2014-06-29 04:06:01+02;1569
2014-06-29 05:06:01+02;1559
2014-06-29 06:38:01+02;1539
2014-06-29 07:38:01+02;1539
2014-06-29 08:38:01+02;1539
2014-06-29 09:38:01+02;1539
2014-06-29 10:38:01+02;1539
2014-06-29 16:06:02+02;1609
2014-06-30 00:38:01+02;1619
2014-06-30 02:30:01+02;1609
2014-06-30 07:46:01+02;1609
2014-06-30 08:54:01+02;1579
2014-06-30 10:18:01+02;1579
2014-06-30 11:58:01+02;1569
2014-06-30 16:06:01+02;1659
2014-07-01 00:34:01+02;1629
2014-07-01 01:42:01+02;1619
2014-07-01 02:06:01+02;1609
2014-07-01 05:18:01+02;1589
2014-07-01 05:46:01+02;1569
2014-07-01 07:30:01+02;1549
2014-07-01 08:34:01+02;1549
2014-07-01 16:06:01+02;1659
2014-07-02 00:34:01+02;1619
2014-07-02 01:42:01+02;1609
2014-07-02 07:10:01+02;1599
2014-07-02 08:18:01+02;1589
2014-07-02 11:18:01+02;1579
2014-07-02 12:06:01+02;1569
2014-07-02 16:06:01+02;1659
2014-07-03 00:34:01+02;1629
2014-07-03 01:54:01+02;1609
2014-07-03 05:54:01+02;1599
2014-07-03 07:22:01+02;1589
2014-07-03 11:22:01+02;1579
2014-07-03 12:06:01+02;1569
2014-07-03 16:06:01+02;1659
2014-07-04 00:38:01+02;1619
2014-07-04 01:26:01+02;1609
2014-07-04 02:14:01+02;1609
2014-07-04 05:14:01+02;1599
2014-07-04 07:26:01+02;1579
2014-07-04 09:26:01+02;1569
2014-07-04 11:06:01+02;1559
2014-07-04 13:06:01+02;1529
2014-07-04 13:38:01+02;1559
2014-07-04 16:06:01+02;1659
2014-07-05 00:58:01+02;1629
2014-07-05 03:18:01+02;1619
2014-07-05 05:02:01+02;1589
2014-07-05 06:14:01+02;1579
2014-07-05 09:38:01+02;1569
2014-07-05 10:06:01+02;1559
2014-07-05 16:06:01+02;1659
2014-07-06 01:06:01+02;1619
2014-07-06 01:38:01+02;1609
2014-07-06 02:06:01+02;1609
2014-07-06 02:38:01+02;1599
2014-07-06 03:06:01+02;1599
2014-07-06 03:38:01+02;1589
2014-07-06 04:06:01+02;1589
2014-07-06 04:38:01+02;1579
2014-07-06 05:06:01+02;1579
2014-07-06 05:38:01+02;1569
2014-07-06 06:06:01+02;1569
2014-07-06 06:38:01+02;1559
2014-07-06 07:06:01+02;1559
2014-07-06 07:42:01+02;1549
2014-07-06 08:06:01+02;1549
2014-07-06 08:38:01+02;1539
2014-07-06 09:06:01+02;1539
2014-07-06 09:38:01+02;1529
2014-07-06 10:06:01+02;1529
2014-07-06 11:06:01+02;1529
2014-07-06 12:06:01+02;1529
2014-07-06 16:06:01+02;1659
2014-07-07 00:34:01+02;1609
2014-07-07 01:18:01+02;1599
2014-07-07 06:54:01+02;1569
2014-07-07 08:46:01+02;1559
2014-07-07 12:38:01+02;1549
2014-07-07 13:38:01+02;1549
2014-07-07 16:38:01+02;1659
2014-07-08 00:26:01+02;1609
2014-07-08 01:22:01+02;1599
2014-07-08 05:54:01+02;1569
2014-07-08 08:06:01+02;1559
2014-07-08 11:58:01+02;1549
2014-07-08 13:06:01+02;1539
2014-07-08 16:06:01+02;1659
2014-07-09 00:18:01+02;1609
2014-07-09 01:02:01+02;1599
2014-07-09 07:54:01+02;1589
2014-07-09 08:34:01+02;1579
2014-07-09 11:38:01+02;1569
2014-07-09 12:10:01+02;1569
2014-07-09 12:38:01+02;1559
2014-07-09 13:06:01+02;1559
2014-07-09 13:38:01+02;1549
2014-07-09 16:06:01+02;1659
2014-07-10 00:18:01+02;1619
2014-07-10 01:26:01+02;1609
2014-07-10 04:30:01+02;1599
2014-07-10 06:38:01+02;1599
2014-07-10 07:14:01+02;1599
2014-07-10 07:38:01+02;1589
2014-07-10 08:14:01+02;1579
2014-07-10 11:46:01+02;1579
2014-07-10 12:38:01+02;1549
2014-07-10 16:06:02+02;1659
2014-07-11 00:26:01+02;1629
2014-07-11 01:02:01+02;1619
2014-07-11 01:58:01+02;1609
2014-07-11 05:42:01+02;1599
2014-07-11 06:58:01+02;1589
2014-07-11 07:18:01+02;1579
2014-07-11 10:50:01+02;1559
2014-07-11 12:06:01+02;1549
2014-07-11 16:38:01+02;1659
2014-07-12 00:42:01+02;1619
2014-07-12 01:22:01+02;1609
2014-07-12 01:58:01+02;1599
2014-07-12 05:18:01+02;1589
2014-07-12 07:06:01+02;1579
2014-07-12 08:06:01+02;1569
2014-07-12 09:06:01+02;1559
2014-07-12 09:38:01+02;1539
2014-07-12 10:38:01+02;1529
2014-07-12 11:42:01+02;1519
2014-07-12 16:06:01+02;1659
2014-07-13 01:06:01+02;1589
2014-07-13 01:38:01+02;1589
2014-07-13 02:06:01+02;1579
2014-07-13 02:38:01+02;1579
2014-07-13 03:06:01+02;1569
2014-07-13 04:06:01+02;1559
2014-07-13 05:06:01+02;1549
2014-07-13 06:06:01+02;1539
2014-07-13 06:38:01+02;1529
2014-07-13 07:06:01+02;1529
2014-07-13 07:38:01+02;1519
2014-07-13 16:06:01+02;1659
2014-07-14 00:46:01+02;1629
2014-07-14 01:38:01+02;1619
2014-07-14 02:02:01+02;1609
2014-07-14 03:18:01+02;1599
2014-07-14 05:54:01+02;1589
2014-07-14 07:22:01+02;1579
2014-07-14 09:22:01+02;1579
2014-07-14 11:34:01+02;1569
2014-07-15 02:42:01+02;1599
2014-07-15 03:06:01+02;1659
2014-07-15 03:18:01+02;1599
2014-07-15 03:58:01+02;1589
2014-07-15 05:10:01+02;1569
2014-07-15 10:34:01+02;1579
2014-07-15 11:46:01+02;1559
2014-07-15 13:38:01+02;1549
2014-07-15 16:06:01+02;1659
2014-07-16 00:26:01+02;1609
2014-07-16 01:18:01+02;1599
2014-07-16 07:46:01+02;1589
2014-07-16 11:50:01+02;1579
2014-07-16 11:58:01+02;1559
2014-07-16 16:06:01+02;1659
2014-07-17 00:26:01+02;1619
2014-07-17 01:02:01+02;1599
2014-07-17 02:30:01+02;1579
2014-07-17 04:46:01+02;1569
2014-07-17 06:58:01+02;1569
2014-07-17 09:34:01+02;1569
2014-07-17 13:38:01+02;1559
2014-07-17 16:06:01+02;1659
2014-07-18 00:22:02+02;1609
2014-07-18 01:14:01+02;1599
2014-07-18 01:58:01+02;1589
2014-07-18 03:34:01+02;1579
2014-07-18 04:42:01+02;1569
2014-07-18 08:58:01+02;1559
2014-07-18 11:38:01+02;1549
2014-07-18 12:38:01+02;1539
2014-07-18 13:38:01+02;1529
2014-07-18 16:06:01+02;1659
2014-07-19 00:54:01+02;1599
2014-07-19 02:02:02+02;1589
2014-07-19 04:26:01+02;1579
2014-07-19 06:22:01+02;1569
2014-07-19 07:06:01+02;1569
2014-07-19 07:38:01+02;1559
2014-07-19 08:38:01+02;1549
2014-07-19 09:38:01+02;1539
2014-07-19 10:38:01+02;1529
2014-07-19 11:06:01+02;1519
2014-07-19 12:06:01+02;1509
2014-07-19 16:06:01+02;1659
2014-07-20 01:06:01+02;1569
2014-07-20 01:38:01+02;1559
2014-07-20 02:38:02+02;1549
2014-07-20 03:06:01+02;1559
2014-07-20 03:42:01+02;1549
2014-07-20 07:38:01+02;1539
2014-07-20 08:06:01+02;1539
2014-07-20 08:42:01+02;1529
2014-07-20 09:06:01+02;1529
2014-07-20 09:38:01+02;1519
2014-07-20 10:06:01+02;1519
2014-07-20 10:38:01+02;1509
2014-07-20 11:06:01+02;1519
2014-07-20 11:38:01+02;1509
2014-07-20 16:06:02+02;1659
2014-07-21 00:34:01+02;1599
2014-07-21 01:14:01+02;1589
2014-07-21 02:38:01+02;1579
2014-07-21 07:02:01+02;1569
2014-07-21 08:22:01+02;1539
2014-07-21 09:06:01+02;1529
2014-07-21 09:26:01+02;1519
2014-07-21 16:06:01+02;1659
2014-07-22 02:38:01+02;1579
2014-07-22 03:46:01+02;1569
2014-07-22 05:06:01+02;1569
2014-07-22 07:18:01+02;1559
2014-07-22 10:58:01+02;1549
2014-07-22 11:46:01+02;1549
2014-07-22 13:38:01+02;1549
2014-07-22 16:06:01+02;1659
2014-07-23 00:22:01+02;1599
2014-07-23 03:54:01+02;1589
2014-07-23 04:02:01+02;1579
2014-07-23 05:22:01+02;1569
2014-07-23 08:38:01+02;1559
2014-07-23 10:42:01+02;1549
2014-07-23 12:06:01+02;1539
2014-07-23 12:38:01+02;1529
2014-07-23 13:38:01+02;1519
2014-07-24 00:02:01+02;1659
2014-07-24 00:22:01+02;1609
2014-07-24 00:46:01+02;1589
2014-07-24 05:34:01+02;1569
2014-07-24 07:02:01+02;1569
2014-07-24 10:46:01+02;1559
2014-07-24 11:26:01+02;1549
2014-07-24 12:06:01+02;1539
2014-07-24 13:06:01+02;1529
2014-07-24 16:06:01+02;1659
2014-07-25 00:22:01+02;1609
2014-07-25 00:54:01+02;1599
2014-07-25 01:42:01+02;1589
2014-07-25 05:06:01+02;1579
2014-07-25 08:14:01+02;1569
2014-07-25 08:22:01+02;1559
2014-07-25 11:06:01+02;1549
2014-07-25 11:54:01+02;1539
2014-07-25 16:06:01+02;1659
2014-07-26 00:06:01+02;1609
2014-07-26 00:38:01+02;1589
2014-07-26 05:58:01+02;1579
2014-07-26 06:42:01+02;1569
2014-07-26 07:54:01+02;1559
2014-07-26 10:10:01+02;1539
2014-07-26 11:10:01+02;1529
2014-07-26 12:06:01+02;1519
2014-07-26 16:06:01+02;1659
2014-07-27 01:06:01+02;1589
2014-07-27 02:06:01+02;1579
2014-07-27 08:06:01+02;1559
2014-07-27 08:38:01+02;1529
2014-07-27 09:38:01+02;1519
2014-07-27 10:38:01+02;1509
2014-07-27 11:06:01+02;1519
2014-07-27 11:38:01+02;1509
2014-07-28 00:02:01+02;1659
2014-07-28 00:22:01+02;1589
2014-07-28 01:02:01+02;1579
2014-07-28 03:42:01+02;1569
2014-07-28 05:02:01+02;1539
2014-07-28 10:58:01+02;1529
2014-07-28 16:06:01+02;1659
2014-07-29 00:18:01+02;1609
2014-07-29 01:14:01+02;1589
2014-07-29 02:02:01+02;1579
2014-07-29 05:22:01+02;1569
2014-07-29 07:18:01+02;1559
2014-07-29 09:34:01+02;1549
2014-07-29 16:06:01+02;1659
2014-07-30 00:26:01+02;1609
2014-07-30 01:54:01+02;1589
2014-07-30 02:46:01+02;1589
2014-07-30 06:22:01+02;1569
2014-07-30 11:06:01+02;1539
2014-07-30 11:38:01+02;1529
2014-07-30 16:06:01+02;1659
2014-07-31 00:34:01+02;1599
2014-07-31 01:18:01+02;1589
2014-07-31 01:46:01+02;1589
2014-07-31 04:54:01+02;1569
2014-07-31 05:42:01+02;1559
2014-07-31 13:38:01+02;1539
2014-07-31 16:06:01+02;1659
2014-08-01 00:26:01+02;1599
2014-08-01 01:18:01+02;1589
2014-08-01 03:42:01+02;1579
2014-08-01 07:06:01+02;1559
2014-08-01 11:02:01+02;1559
2014-08-01 12:06:01+02;1549
2014-08-01 12:38:01+02;1539
2014-08-01 13:06:01+02;1529
2014-08-01 16:06:01+02;1659
2014-08-02 00:38:01+02;1599
2014-08-02 01:06:01+02;1589
2014-08-02 05:18:01+02;1569
2014-08-02 06:42:01+02;1569
2014-08-02 09:06:01+02;1549
2014-08-02 09:38:01+02;1529
2014-08-02 10:06:01+02;1519
2014-08-02 11:06:01+02;1509
2014-08-02 12:06:01+02;1499
2014-08-02 16:06:01+02;1659
2014-08-03 01:06:01+02;1579
2014-08-03 02:06:01+02;1569
2014-08-03 04:06:01+02;1559
2014-08-03 05:06:01+02;1549
2014-08-03 05:38:01+02;1539
2014-08-03 06:06:01+02;1529
2014-08-03 07:06:01+02;1519
2014-08-03 07:38:01+02;1509
2014-08-03 08:06:01+02;1499
2014-08-03 08:38:01+02;1499
2014-08-03 16:06:01+02;1659
2014-08-04 00:34:01+02;1599
2014-08-04 01:14:01+02;1589
2014-08-04 02:10:01+02;1569
2014-08-04 03:38:01+02;1559
2014-08-04 09:14:01+02;1549
2014-08-04 09:42:01+02;1549
2014-08-04 11:58:01+02;1529
2014-08-04 12:38:01+02;1519
2014-08-04 13:38:01+02;1509
2014-08-04 16:06:01+02;1659
2014-08-05 06:34:01+02;1599
2014-08-05 07:14:01+02;1589
2014-08-05 07:46:01+02;1579
2014-08-05 09:42:01+02;1559
2014-08-05 11:14:01+02;1509
2014-08-05 22:06:01+02;1659
2014-08-06 06:38:01+02;1599
2014-08-06 07:18:01+02;1559
2014-08-06 07:46:01+02;1559
2014-08-06 11:58:01+02;1549
2014-08-06 14:02:01+02;1539
2014-08-06 14:22:01+02;1539
2014-08-06 15:58:01+02;1529
2014-08-06 16:54:01+02;1529
2014-08-06 18:06:02+02;1509
2014-08-06 19:06:01+02;1499
2014-08-06 20:06:01+02;1499
2014-08-06 20:38:01+02;1499
2014-08-06 22:06:01+02;1659
2014-08-07 06:26:01+02;1579
2014-08-07 07:26:01+02;1569
2014-08-07 12:02:01+02;1539
2014-08-07 13:30:01+02;1539
2014-08-07 14:38:01+02;1539
2014-08-07 16:54:01+02;1519
2014-08-07 17:54:01+02;1509
2014-08-07 22:06:01+02;1659
2014-08-08 06:14:01+02;1579
2014-08-08 07:18:01+02;1569
2014-08-08 08:10:01+02;1559
2014-08-08 12:06:01+02;1549
2014-08-08 13:06:01+02;1539
2014-08-08 13:54:01+02;1529
2014-08-08 18:06:01+02;1509
2014-08-08 22:06:01+02;1659
2014-08-09 06:06:01+02;1579
2014-08-09 07:06:01+02;1569
2014-08-09 10:30:01+02;1569
2014-08-09 13:02:01+02;1559
2014-08-09 13:58:01+02;1559
2014-08-09 15:06:01+02;1549
2014-08-09 15:38:01+02;1519
2014-08-09 16:06:01+02;1519
2014-08-09 16:38:01+02;1509
2014-08-09 17:06:01+02;1509
2014-08-09 17:38:01+02;1499
2014-08-09 18:06:01+02;1499
2014-08-09 18:38:01+02;1489
2014-08-09 19:38:01+02;1499
2014-08-09 22:10:01+02;1659
2014-08-10 07:06:01+02;1579
2014-08-10 08:06:01+02;1569
2014-08-10 12:06:01+02;1559
2014-08-10 12:38:01+02;1519
2014-08-10 13:06:01+02;1519
2014-08-10 14:06:01+02;1509
2014-08-10 15:06:01+02;1499
2014-08-10 16:06:01+02;1489
2014-08-10 22:06:01+02;1659
2014-08-11 07:26:01+02;1579
2014-08-11 08:18:01+02;1569
2014-08-11 09:26:01+02;1559
2014-08-11 10:58:01+02;1549
2014-08-11 13:06:01+02;1539
2014-08-11 14:58:01+02;1529
2014-08-11 17:02:01+02;1519
2014-08-11 22:06:01+02;1609
2014-08-12 06:14:01+02;1589
2014-08-12 06:34:01+02;1579
2014-08-12 07:38:01+02;1569
2014-08-12 09:18:01+02;1559
2014-08-12 10:42:01+02;1549
2014-08-12 12:18:01+02;1539
2014-08-12 14:14:01+02;1529
2014-08-12 16:02:01+02;1519
2014-08-12 16:58:01+02;1509
2014-08-12 18:06:01+02;1499
2014-08-12 19:10:01+02;1489
2014-08-12 20:06:01+02;1479
2014-08-12 22:06:01+02;1609
2014-08-13 06:22:01+02;1579
2014-08-13 07:18:01+02;1569
2014-08-13 11:06:01+02;1559
2014-08-13 12:34:01+02;1549
2014-08-13 13:42:01+02;1499
2014-08-13 22:06:01+02;1609
2014-08-14 06:26:01+02;1589
2014-08-14 06:54:01+02;1579
2014-08-14 07:54:01+02;1559
2014-08-14 10:06:01+02;1549
2014-08-14 12:02:01+02;1539
2014-08-14 13:22:01+02;1529
2014-08-14 15:22:01+02;1519
2014-08-14 16:18:01+02;1519
2014-08-14 18:06:01+02;1509
2014-08-14 22:06:01+02;1609
2014-08-15 06:22:01+02;1569
2014-08-15 07:26:01+02;1569
2014-08-15 11:06:01+02;1559
2014-08-15 13:22:01+02;1539
2014-08-15 16:18:01+02;1539
2014-08-15 17:26:01+02;1529
2014-08-15 22:06:01+02;1609
2014-08-16 06:06:01+02;1589
2014-08-16 07:06:01+02;1569
2014-08-16 09:34:01+02;1559
2014-08-16 12:34:01+02;1549
2014-08-16 14:18:01+02;1539
2014-08-16 15:06:01+02;1529
2014-08-16 16:10:01+02;1519
2014-08-16 17:10:01+02;1509
2014-08-16 18:06:01+02;1499
2014-08-16 22:10:01+02;1609
2014-08-17 07:06:01+02;1569
2014-08-17 08:06:01+02;1559
2014-08-17 13:06:01+02;1549
2014-08-17 14:06:01+02;1519
2014-08-17 15:06:01+02;1509
2014-08-17 16:06:01+02;1499
2014-08-17 22:10:01+02;1609
2014-08-18 06:26:01+02;1579
2014-08-18 08:02:01+02;1569
2014-08-18 12:42:01+02;1559
2014-08-18 14:06:01+02;1549
2014-08-18 15:02:01+02;1519
2014-08-18 16:58:01+02;1509
2014-08-18 18:06:01+02;1499
2014-08-18 22:06:01+02;1609
2014-08-19 06:26:01+02;1569
2014-08-19 08:22:01+02;1559
2014-08-19 11:58:01+02;1549
2014-08-19 14:54:01+02;1539
2014-08-19 15:42:01+02;1529
2014-08-19 16:54:01+02;1529
2014-08-19 18:06:01+02;1519
2014-08-19 22:06:01+02;1609
2014-08-20 06:26:01+02;1589
2014-08-20 06:58:01+02;1579
2014-08-20 08:22:01+02;1569
2014-08-20 10:02:01+02;1559
2014-08-20 16:06:01+02;1549
2014-08-20 18:06:01+02;1539
2014-08-20 22:06:01+02;1609
2014-08-21 06:22:01+02;1599
2014-08-21 06:54:01+02;1579
2014-08-21 07:42:01+02;1569
2014-08-21 09:14:01+02;1559
2014-08-21 12:38:01+02;1559
2014-08-21 13:22:01+02;1549
2014-08-21 15:18:01+02;1539
2014-08-21 16:14:01+02;1529
2014-08-21 17:06:01+02;1519
2014-08-21 18:38:01+02;1509
2014-08-21 22:06:01+02;1609
2014-08-22 06:22:01+02;1579
2014-08-22 08:26:01+02;1569
2014-08-22 11:14:01+02;1529
2014-08-22 12:06:01+02;1519
2014-08-22 18:38:01+02;1509
2014-08-22 22:06:01+02;1609
2014-08-23 06:06:01+02;1579
2014-08-23 06:38:01+02;1569
2014-08-23 11:34:01+02;1569
2014-08-23 16:06:01+02;1539
2014-08-23 17:06:01+02;1529
2014-08-23 18:06:01+02;1519
2014-08-23 22:06:01+02;1609
2014-08-24 07:06:01+02;1579
2014-08-24 07:38:01+02;1569
2014-08-24 08:38:01+02;1559
2014-08-24 09:06:01+02;1569
2014-08-24 09:38:01+02;1559
2014-08-24 11:06:01+02;1549
2014-08-24 13:06:01+02;1539
2014-08-24 14:06:01+02;1529
2014-08-24 15:06:01+02;1519
2014-08-24 16:06:01+02;1509
2014-08-24 22:06:01+02;1609
2014-08-25 06:22:01+02;1579
2014-08-25 08:38:01+02;1569
2014-08-25 12:06:01+02;1559
2014-08-25 13:38:01+02;1549
2014-08-25 14:22:01+02;1539
2014-08-25 16:18:01+02;1529
2014-08-25 22:06:01+02;1609
2014-08-26 06:22:01+02;1599
2014-08-26 08:02:01+02;1579
2014-08-26 08:58:01+02;1579
2014-08-26 09:06:01+02;1569
2014-08-26 09:30:01+02;1549
2014-08-26 10:22:01+02;1539
2014-08-26 11:46:01+02;1529
2014-08-26 13:54:01+02;1529
2014-08-26 17:18:01+02;1519
2014-08-26 18:06:01+02;1509
2014-08-26 19:06:01+02;1499
2014-08-26 20:06:01+02;1489
2014-08-26 22:06:01+02;1609
2014-08-27 06:22:01+02;1589
2014-08-27 06:42:01+02;1589
2014-08-27 07:02:01+02;1579
2014-08-27 08:38:01+02;1569
2014-08-27 11:06:01+02;1549
2014-08-27 12:06:01+02;1539
2014-08-27 17:42:01+02;1529
2014-08-27 18:38:01+02;1519
2014-08-27 19:38:01+02;1509
2014-08-27 22:06:01+02;1609
2014-08-28 06:22:01+02;1579
2014-08-28 08:14:01+02;1579
2014-08-28 09:26:01+02;1569
2014-08-28 11:22:01+02;1559
2014-08-28 13:14:01+02;1539
2014-08-28 15:06:01+02;1519
2014-08-28 18:06:01+02;1509
2014-08-28 19:06:01+02;1499
2014-08-28 20:06:01+02;1489
2014-08-28 22:10:01+02;1609
2014-08-29 06:18:01+02;1589
2014-08-29 07:14:01+02;1579
2014-08-29 08:46:01+02;1569
2014-08-29 12:34:01+02;1539
2014-08-29 14:02:01+02;1529
2014-08-29 17:38:01+02;1519
2014-08-29 22:06:01+02;1609
2014-08-30 06:06:01+02;1589
2014-08-30 07:06:01+02;1569
2014-08-30 09:46:01+02;1539
2014-08-30 12:14:01+02;1529
2014-08-30 13:38:01+02;1519
2014-08-30 14:38:01+02;1509
2014-08-30 15:38:01+02;1499
2014-08-30 16:38:01+02;1489
2014-08-30 22:06:01+02;1609
2014-08-31 07:06:01+02;1579
2014-08-31 07:38:01+02;1569
2014-08-31 08:06:01+02;1559
2014-08-31 13:38:01+02;1549
2014-08-31 14:38:01+02;1539
2014-08-31 15:38:01+02;1529
2014-08-31 16:38:01+02;1519
2014-08-31 19:38:01+02;1519
2014-08-31 22:06:01+02;1609
2014-09-01 06:26:01+02;1589
2014-09-01 07:54:01+02;1579
2014-09-01 10:18:01+02;1519
2014-09-01 11:18:01+02;1509
2014-09-01 22:06:01+02;1609
2014-09-02 06:26:01+02;1589
2014-09-02 07:14:01+02;1579
2014-09-02 07:58:02+02;1569
2014-09-02 12:02:01+02;1549
2014-09-02 13:26:01+02;1539
2014-09-02 17:42:01+02;1529
2014-09-02 19:38:01+02;1519
2014-09-02 22:06:01+02;1609
2014-09-03 06:22:01+02;1599
2014-09-03 07:54:01+02;1579
2014-09-03 09:14:01+02;1569
2014-09-03 11:42:01+02;1549
2014-09-03 13:34:01+02;1549
2014-09-03 14:54:01+02;1549
2014-09-03 17:18:01+02;1539
2014-09-03 18:06:01+02;1529
2014-09-03 22:06:01+02;1609
2014-09-04 06:22:01+02;1589
2014-09-04 07:18:01+02;1569
2014-09-04 09:22:01+02;1569
2014-09-04 11:18:01+02;1549
2014-09-04 12:58:01+02;1539
2014-09-04 18:06:01+02;1529
2014-09-04 18:38:01+02;1529
2014-09-04 22:10:01+02;1609
2014-09-05 06:26:01+02;1599
2014-09-05 06:50:01+02;1589
2014-09-05 09:46:01+02;1579
2014-09-05 10:38:01+02;1569
2014-09-05 11:54:01+02;1549
2014-09-05 13:26:01+02;1539
2014-09-05 16:26:01+02;1539
2014-09-05 17:42:01+02;1529
2014-09-05 18:06:02+02;1529
2014-09-05 18:38:01+02;1519
2014-09-05 19:06:01+02;1519
2014-09-05 19:38:01+02;1509
2014-09-05 22:06:01+02;1609
2014-09-06 06:06:01+02;1599
2014-09-06 07:06:01+02;1569
2014-09-06 09:34:01+02;1549
2014-09-06 12:22:01+02;1539
2014-09-06 15:06:01+02;1539
2014-09-06 15:38:01+02;1539
2014-09-06 16:06:01+02;1529
2014-09-06 16:38:01+02;1529
2014-09-06 17:06:01+02;1519
2014-09-06 17:38:01+02;1519
2014-09-06 18:06:01+02;1509
2014-09-06 18:38:01+02;1509
2014-09-06 19:06:01+02;1509
2014-09-06 19:38:01+02;1509
2014-09-06 22:06:01+02;1609
2014-09-07 07:06:01+02;1579
2014-09-07 07:38:01+02;1569
2014-09-07 08:10:01+02;1559
2014-09-07 10:06:01+02;1549
2014-09-07 14:06:01+02;1539
2014-09-07 15:06:01+02;1529
2014-09-07 16:06:01+02;1519
2014-09-07 22:06:01+02;1609
2014-09-08 06:34:01+02;1589
2014-09-08 07:22:01+02;1579
2014-09-08 08:18:01+02;1569
2014-09-08 10:14:01+02;1559
2014-09-08 11:38:01+02;1549
2014-09-08 15:22:01+02;1539
2014-09-08 16:38:01+02;1529
2014-09-08 17:38:01+02;1519
2014-09-08 22:06:01+02;1609
2014-09-09 06:42:01+02;1599
2014-09-09 07:54:01+02;1589
2014-09-09 09:22:01+02;1579
2014-09-09 10:46:01+02;1519
2014-09-09 11:34:01+02;1519
2014-09-09 22:10:01+02;1609
2014-09-10 06:22:01+02;1589
2014-09-10 09:02:01+02;1579
2014-09-10 12:46:01+02;1569
2014-09-10 14:46:01+02;1559
2014-09-10 17:02:01+02;1539
2014-09-10 18:06:01+02;1529
2014-09-10 19:06:01+02;1519
2014-09-10 20:06:01+02;1509
2014-09-10 22:10:01+02;1609
2014-09-11 06:26:01+02;1599
2014-09-11 07:14:01+02;1589
2014-09-11 08:26:01+02;1579
2014-09-11 11:18:01+02;1569
2014-09-11 13:26:01+02;1559
2014-09-11 14:46:01+02;1549
2014-09-11 16:22:01+02;1539
2014-09-11 22:06:01+02;1609
2014-09-12 07:22:02+02;1599
2014-09-12 07:46:01+02;1579
2014-09-12 08:26:01+02;1569
2014-09-12 10:26:01+02;1559
2014-09-12 13:06:01+02;1549
2014-09-12 15:14:01+02;1539
2014-09-12 16:02:01+02;1529
2014-09-12 17:10:01+02;1519
2014-09-12 17:38:01+02;1509
2014-09-12 18:38:01+02;1499
2014-09-12 19:38:01+02;1489
2014-09-12 22:06:01+02;1619
2014-09-13 06:38:02+02;1589
2014-09-13 07:06:01+02;1569
2014-09-13 11:46:01+02;1559
2014-09-13 13:18:01+02;1549
2014-09-13 14:46:01+02;1539
2014-09-13 15:38:01+02;1529
2014-09-13 16:38:01+02;1519
2014-09-13 17:38:01+02;1509
2014-09-13 18:38:01+02;1499
2014-09-13 19:38:01+02;1489
2014-09-13 22:06:01+02;1619
2014-09-14 07:06:01+02;1569
2014-09-14 08:06:01+02;1559
2014-09-14 10:38:01+02;1549
2014-09-14 12:06:01+02;1539
2014-09-14 14:06:01+02;1529
2014-09-14 14:38:01+02;1509
2014-09-14 15:38:01+02;1499
2014-09-14 16:38:01+02;1489
2014-09-14 17:06:01+02;1499
2014-09-14 17:38:01+02;1489
2014-09-14 22:06:01+02;1619
2014-09-15 06:18:01+02;1599
2014-09-15 07:02:01+02;1589
2014-09-15 07:58:01+02;1579
2014-09-15 08:26:01+02;1569
2014-09-15 10:26:01+02;1559
2014-09-15 12:34:01+02;1529
2014-09-15 13:58:01+02;1519
2014-09-15 16:54:01+02;1509
2014-09-15 18:06:01+02;1499
2014-09-15 19:06:01+02;1489
2014-09-15 22:06:01+02;1619
2014-09-16 06:18:01+02;1599
2014-09-16 06:38:01+02;1579
2014-09-16 07:18:01+02;1569
2014-09-16 11:14:01+02;1559
2014-09-16 11:58:01+02;1549
2014-09-16 13:02:01+02;1539
2014-09-16 13:22:01+02;1529
2014-09-16 14:26:01+02;1519
2014-09-16 15:14:01+02;1509
2014-09-16 17:58:01+02;1499
2014-09-16 19:14:01+02;1489
2014-09-16 20:38:01+02;1489
2014-09-16 22:06:01+02;1619
2014-09-17 06:18:01+02;1589
2014-09-17 06:54:01+02;1579
2014-09-17 08:02:01+02;1569
2014-09-17 09:18:01+02;1569
2014-09-17 13:22:01+02;1559
2014-09-17 14:38:01+02;1549
2014-09-17 15:14:01+02;1539
2014-09-17 17:38:01+02;1529
2014-09-17 18:38:01+02;1519
2014-09-17 19:38:01+02;1509
2014-09-17 22:06:01+02;1619
2014-09-18 06:22:01+02;1599
2014-09-18 07:34:01+02;1579
2014-09-18 09:18:01+02;1569
2014-09-18 11:26:01+02;1559
2014-09-18 12:14:01+02;1539
2014-09-18 14:02:01+02;1529
2014-09-18 15:26:01+02;1509
2014-09-18 18:02:01+02;1499
2014-09-18 22:06:01+02;1619
2014-09-19 06:22:01+02;1579
2014-09-19 06:54:01+02;1569
2014-09-19 08:02:01+02;1559
2014-09-19 08:26:01+02;1519
2014-09-19 09:50:01+02;1519
2014-09-19 13:02:01+02;1499
2014-09-19 15:14:01+02;1499
2014-09-19 16:42:01+02;1489
2014-09-19 17:06:01+02;1489
2014-09-19 17:38:01+02;1479
2014-09-19 22:06:01+02;1619
2014-09-20 06:06:01+02;1579
2014-09-20 07:06:01+02;1569
2014-09-20 09:18:01+02;1539
2014-09-20 10:02:01+02;1519
2014-09-20 13:26:01+02;1479
2014-09-20 22:06:01+02;1619
2014-09-21 07:06:01+02;1569
2014-09-21 08:06:01+02;1559
2014-09-21 09:38:01+02;1519
2014-09-21 10:06:01+02;1479
2014-09-21 14:06:01+02;1479
2014-09-21 15:06:01+02;1479
2014-09-21 22:06:01+02;1619
2014-09-22 06:22:01+02;1569
2014-09-22 10:02:01+02;1559
2014-09-22 12:34:01+02;1549
2014-09-22 14:38:01+02;1539
2014-09-22 16:02:01+02;1519
2014-09-22 16:54:01+02;1509
2014-09-22 20:06:01+02;1499
2014-09-22 22:06:01+02;1599
2014-09-23 06:22:01+02;1579
2014-09-23 06:42:01+02;1569
2014-09-23 10:34:01+02;1519
2014-09-23 12:06:01+02;1499
2014-09-23 12:42:01+02;1489
2014-09-23 16:34:01+02;1489
2014-09-23 22:06:01+02;1599
2014-09-24 06:22:01+02;1569
2014-09-24 07:14:01+02;1569
2014-09-24 07:42:01+02;1559
2014-09-24 08:26:01+02;1549
2014-09-24 13:30:01+02;1529
2014-09-24 14:18:01+02;1519
2014-09-24 16:42:01+02;1509
2014-09-24 18:06:01+02;1499
2014-09-24 19:06:01+02;1489
2014-09-24 20:06:01+02;1479
2014-09-24 22:06:01+02;1599
2014-09-25 06:22:01+02;1559
2014-09-25 07:18:01+02;1549
2014-09-25 11:38:01+02;1539
2014-09-25 14:26:01+02;1529
2014-09-25 18:06:01+02;1519
2014-09-25 19:06:01+02;1509
2014-09-25 20:06:01+02;1499
2014-09-25 22:06:01+02;1599
2014-09-26 06:22:01+02;1589
2014-09-26 06:46:01+02;1579
2014-09-26 07:34:01+02;1569
2014-09-26 09:14:01+02;1559
2014-09-26 10:06:01+02;1549
2014-09-26 11:54:01+02;1539
2014-09-26 13:22:01+02;1529
2014-09-26 15:58:01+02;1519
2014-09-26 17:06:01+02;1509
2014-09-26 18:06:01+02;1499
2014-09-26 19:06:01+02;1489
2014-09-26 22:06:01+02;1599
2014-09-27 06:06:01+02;1579
2014-09-27 07:06:01+02;1569
2014-09-27 15:06:01+02;1559
2014-09-27 16:10:01+02;1549
2014-09-27 17:06:01+02;1529
2014-09-27 17:38:01+02;1519
2014-09-27 22:06:01+02;1599
2014-09-28 07:06:01+02;1579
2014-09-28 07:38:01+02;1569
2014-09-28 08:06:01+02;1559
2014-09-28 12:06:01+02;1549
2014-09-28 14:06:01+02;1539
2014-09-28 15:06:01+02;1529
2014-09-28 16:06:01+02;1519
2014-09-28 22:06:01+02;1599
2014-09-29 06:18:01+02;1579
2014-09-29 07:50:01+02;1569
2014-09-29 09:58:01+02;1559
2014-09-29 10:58:01+02;1549
2014-09-29 12:22:01+02;1539
2014-09-29 13:18:01+02;1529
2014-09-29 15:26:01+02;1509
2014-09-29 18:06:01+02;1499
2014-09-29 19:06:01+02;1489
2014-09-29 20:10:01+02;1479
2014-09-30 06:02:01+02;1599
2014-09-30 07:02:01+02;1579
2014-09-30 07:26:01+02;1569
2014-09-30 11:14:01+02;1559
2014-09-30 12:34:01+02;1549
2014-09-30 15:26:01+02;1539
2014-09-30 17:54:01+02;1529
2014-09-30 18:38:01+02;1519
2014-09-30 19:06:01+02;1519
2014-09-30 19:38:01+02;1509
2014-09-30 20:06:01+02;1509
2014-09-30 22:06:01+02;1599
2014-10-01 06:14:01+02;1579
2014-10-01 07:22:01+02;1569
2014-10-01 11:02:01+02;1559
2014-10-01 13:06:01+02;1549
2014-10-01 13:46:01+02;1539
2014-10-01 14:34:01+02;1529
2014-10-01 15:34:01+02;1519
2014-10-01 17:18:01+02;1509
2014-10-01 22:06:01+02;1599
2014-10-02 06:02:01+02;1579
2014-10-02 07:18:01+02;1579
2014-10-02 09:22:01+02;1569
2014-10-02 10:22:01+02;1559
2014-10-02 12:34:01+02;1539
2014-10-02 12:46:01+02;1529
2014-10-02 14:42:01+02;1519
2014-10-02 16:42:01+02;1509
2014-10-02 22:06:01+02;1599
2014-10-03 07:06:01+02;1569
2014-10-03 08:06:02+02;1559
2014-10-03 12:38:01+02;1549
2014-10-03 13:38:01+02;1529
2014-10-03 14:06:01+02;1519
2014-10-03 15:06:01+02;1509
2014-10-03 16:06:01+02;1499
2014-10-03 22:06:01+02;1599
2014-10-04 08:14:01+02;1559
2014-10-04 09:54:01+02;1549
2014-10-04 13:34:01+02;1539
2014-10-04 16:38:01+02;1509
2014-10-04 22:06:01+02;1599
2014-10-05 07:06:01+02;1569
2014-10-05 08:06:01+02;1559
2014-10-05 08:38:01+02;1549
2014-10-05 09:10:01+02;1559
2014-10-05 09:38:01+02;1549
2014-10-05 12:38:01+02;1539
2014-10-05 13:38:01+02;1519
2014-10-05 14:06:01+02;1509
2014-10-05 15:06:01+02;1499
2014-10-05 16:06:01+02;1489
2014-10-05 22:06:01+02;1599
2014-10-06 06:14:01+02;1579
2014-10-06 07:02:01+02;1569
2014-10-06 07:22:01+02;1559
2014-10-06 10:58:01+02;1549
2014-10-06 13:26:01+02;1539
2014-10-06 15:06:01+02;1519
2014-10-06 16:22:01+02;1509
2014-10-06 17:46:01+02;1499
2014-10-06 18:38:01+02;1489
2014-10-06 19:38:01+02;1479
2014-10-06 22:06:01+02;1599
2014-10-07 06:18:01+02;1569
2014-10-07 11:58:01+02;1559
2014-10-07 14:06:01+02;1549
2014-10-07 14:22:01+02;1539
2014-10-07 17:26:01+02;1539
2014-10-07 18:38:01+02;1519
2014-10-07 19:06:01+02;1509
2014-10-07 22:06:01+02;1599
2014-10-08 06:14:01+02;1569
2014-10-08 07:58:01+02;1559
2014-10-08 08:54:01+02;1549
2014-10-08 09:38:01+02;1549
2014-10-08 11:06:01+02;1529
2014-10-08 11:58:01+02;1529
2014-10-08 13:02:01+02;1519
2014-10-08 13:54:01+02;1509
2014-10-08 14:26:01+02;1509
2014-10-08 22:06:01+02;1599
2014-10-09 06:14:01+02;1539
2014-10-09 07:34:01+02;1559
2014-10-09 09:26:01+02;1549
2014-10-09 11:58:01+02;1539
2014-10-09 12:22:01+02;1529
2014-10-09 14:54:01+02;1509
2014-10-09 17:38:01+02;1509
2014-10-09 20:10:01+02;1509
2014-10-09 20:38:01+02;1499
2014-10-09 22:06:01+02;1599
2014-10-10 06:22:01+02;1549
2014-10-10 07:54:01+02;1549
2014-10-10 09:58:01+02;1539
2014-10-10 10:26:01+02;1529
2014-10-10 10:54:01+02;1519
2014-10-10 15:38:01+02;1509
2014-10-10 18:06:01+02;1499
2014-10-10 19:06:01+02;1489
2014-10-10 22:06:01+02;1599
2014-10-11 06:06:01+02;1549
2014-10-11 11:54:01+02;1539
2014-10-11 15:18:01+02;1539
2014-10-11 16:06:01+02;1539
2014-10-11 17:06:01+02;1519
2014-10-11 22:06:01+02;1599
2014-10-12 07:06:01+02;1559
2014-10-12 07:38:01+02;1549
2014-10-12 08:38:01+02;1539
2014-10-12 09:06:01+02;1549
2014-10-12 09:38:01+02;1539
2014-10-12 10:38:01+02;1529
2014-10-12 13:38:01+02;1519
2014-10-12 14:38:01+02;1509
2014-10-12 15:38:01+02;1499
2014-10-12 16:38:01+02;1489
2014-10-12 17:06:01+02;1499
2014-10-12 17:38:01+02;1489
2014-10-12 22:06:01+02;1599
2014-10-13 06:10:01+02;1559
2014-10-13 07:02:01+02;1549
2014-10-13 10:54:01+02;1539
2014-10-13 13:02:01+02;1499
2014-10-13 14:54:01+02;1489
2014-10-13 17:18:01+02;1489
2014-10-13 17:38:01+02;1479
2014-10-13 19:38:01+02;1479
2014-10-13 22:14:01+02;1599
2014-10-14 06:14:01+02;1549
2014-10-14 07:10:01+02;1539
2014-10-14 07:58:01+02;1539
2014-10-14 10:14:01+02;1529
2014-10-14 14:10:01+02;1499
2014-10-14 15:10:01+02;1489
2014-10-14 18:10:01+02;1479
2014-10-14 20:10:01+02;1479
2014-10-14 20:38:01+02;1469
2014-10-14 22:10:01+02;1599
2014-10-15 06:38:01+02;1539
2014-10-15 07:54:01+02;1529
2014-10-15 10:18:01+02;1519
2014-10-15 11:22:01+02;1479
2014-10-15 13:10:02+02;1459
2014-10-15 14:54:01+02;1449
2014-10-15 22:10:01+02;1599
2014-10-16 06:30:01+02;1559
2014-10-16 07:14:01+02;1509
2014-10-16 08:14:01+02;1509
2014-10-16 09:22:01+02;1499
2014-10-16 12:54:01+02;1489
2014-10-16 16:34:01+02;1489
2014-10-16 17:10:01+02;1479
2014-10-16 18:10:01+02;1469
2014-10-16 19:38:01+02;1459
2014-10-16 20:38:01+02;1449
2014-10-16 22:10:01+02;1599
2014-10-17 06:02:01+02;1509
2014-10-17 07:30:01+02;1509
2014-10-17 07:50:01+02;1499
2014-10-17 10:38:01+02;1489
2014-10-17 11:54:01+02;1479
2014-10-17 13:54:01+02;1469
2014-10-17 15:42:01+02;1459
2014-10-17 17:10:01+02;1449
2014-10-17 18:10:01+02;1439
2014-10-17 20:38:01+02;1429
2014-10-17 22:10:01+02;1599
2014-10-18 06:10:01+02;1499
2014-10-18 07:10:01+02;1489
2014-10-18 10:42:01+02;1489
2014-10-18 12:02:01+02;1479
2014-10-18 13:22:01+02;1469
2014-10-18 14:30:01+02;1459
2014-10-18 15:38:01+02;1449
2014-10-18 17:10:01+02;1439
2014-10-18 19:10:01+02;1429
2014-10-18 22:10:01+02;1599
2014-10-19 07:10:01+02;1489
2014-10-19 07:38:01+02;1489
2014-10-19 08:10:01+02;1479
2014-10-19 08:38:01+02;1479
2014-10-19 09:10:01+02;1439
2014-10-19 09:42:01+02;1429
2014-10-19 14:10:01+02;1419
2014-10-19 15:14:01+02;1409
2014-10-19 16:10:01+02;1409
2014-10-19 17:10:01+02;1409
2014-10-19 22:10:01+02;1599
2014-10-20 06:50:01+02;1519
2014-10-20 07:18:01+02;1479
2014-10-20 08:38:01+02;1469
2014-10-20 11:14:01+02;1469
2014-10-20 14:22:01+02;1459
2014-10-20 15:54:01+02;1449
2014-10-20 22:10:01+02;1559
2014-10-21 06:18:01+02;1509
2014-10-21 07:30:01+02;1499
2014-10-21 08:10:01+02;1489
2014-10-21 09:22:01+02;1469
2014-10-21 12:22:01+02;1469
2014-10-21 13:22:01+02;1459
2014-10-21 15:22:01+02;1459
2014-10-21 16:22:01+02;1449
2014-10-21 18:10:01+02;1439
2014-10-21 19:10:02+02;1429
2014-10-21 20:10:01+02;1419
2014-10-21 22:10:01+02;1559
2014-10-22 06:30:02+02;1499
2014-10-22 07:22:01+02;1499
2014-10-22 08:30:01+02;1479
2014-10-22 09:22:01+02;1469
2014-10-22 16:54:01+02;1449
2014-10-22 19:38:01+02;1429
2014-10-22 22:10:01+02;1559
2014-10-23 06:18:01+02;1489
2014-10-23 08:34:01+02;1489
2014-10-23 10:58:01+02;1479
2014-10-23 11:54:01+02;1469
2014-10-23 12:30:01+02;1459
2014-10-23 13:22:01+02;1459
2014-10-23 14:30:01+02;1449
2014-10-23 15:30:01+02;1439
2014-10-23 16:02:01+02;1429
2014-10-23 17:34:01+02;1419
2014-10-23 22:10:01+02;1559
2014-10-24 06:30:01+02;1489
2014-10-24 07:22:01+02;1479
2014-10-24 10:14:01+02;1479
2014-10-24 12:58:01+02;1469
2014-10-24 13:38:01+02;1459
2014-10-24 14:54:02+02;1449
2014-10-24 17:10:01+02;1439
2014-10-24 18:10:01+02;1429
2014-10-24 22:10:01+02;1559
2014-10-25 06:10:01+02;1499
2014-10-25 08:10:01+02;1489
2014-10-25 12:22:01+02;1479
2014-10-25 13:18:01+02;1469
2014-10-25 14:38:01+02;1449
2014-10-25 17:10:01+02;1429
2014-10-25 18:10:01+02;1429
2014-10-25 22:10:01+02;1559
2014-10-26 11:30:01+01;1489
2014-10-26 12:10:01+01;1479
2014-10-26 14:38:02+01;1469
2014-10-26 15:10:01+01;1439
2014-10-26 16:10:01+01;1429
2014-10-26 16:38:01+01;1429
2014-10-26 17:10:01+01;1429
2014-10-26 17:38:01+01;1429
2014-10-26 22:10:02+01;1559
2014-10-27 06:30:01+01;1489
2014-10-27 07:34:01+01;1479
2014-10-27 12:54:01+01;1459
2014-10-27 14:54:01+01;1449
2014-10-27 15:54:01+01;1439
2014-10-27 17:22:01+01;1429
2014-10-27 17:54:01+01;1419
2014-10-27 19:10:01+01;1409
2014-10-27 20:10:01+01;1399
2014-10-27 22:10:01+01;1559
2014-10-28 06:34:01+01;1489
2014-10-28 07:30:01+01;1479
2014-10-28 12:58:01+01;1449
2014-10-28 14:22:01+01;1439
2014-10-28 15:50:01+01;1429
2014-10-28 16:34:01+01;1429
2014-10-28 16:54:01+01;1419
2014-10-28 17:22:01+01;1419
2014-10-28 18:10:01+01;1409
2014-10-28 19:10:01+01;1399
2014-10-28 22:10:01+01;1559
2014-10-29 07:18:01+01;1479
2014-10-29 07:38:01+01;1479
2014-10-29 10:18:01+01;1469
2014-10-29 12:30:01+01;1459
2014-10-29 14:02:01+01;1449
2014-10-29 14:58:01+01;1439
2014-10-29 17:30:01+01;1429
2014-10-29 18:10:01+01;1419
2014-10-29 19:10:01+01;1409
2014-10-29 20:10:01+01;1399
2014-10-29 22:10:01+01;1519
2014-10-30 06:18:01+01;1479
2014-10-30 09:26:01+01;1469
2014-10-30 10:18:01+01;1459
2014-10-30 12:58:01+01;1449
2014-10-30 14:58:01+01;1439
2014-10-30 16:30:01+01;1429
2014-10-30 17:30:01+01;1419
2014-10-30 18:38:02+01;1409
2014-10-30 19:38:01+01;1399
2014-10-30 22:10:01+01;1519
2014-10-31 06:38:01+01;1489
2014-10-31 08:34:01+01;1479
2014-10-31 10:14:01+01;1469
2014-10-31 11:22:01+01;1459
2014-10-31 12:22:01+01;1449
2014-10-31 14:10:01+01;1439
2014-10-31 14:58:01+01;1429
2014-10-31 17:02:01+01;1419
2014-10-31 18:10:01+01;1409
2014-10-31 22:10:01+01;1519
2014-11-01 11:30:01+01;1449
2014-11-01 13:10:01+01;1439
2014-11-01 22:10:01+01;1519
2014-11-02 06:10:01+01;1499
2014-11-02 06:34:02+01;1519
2014-11-02 06:38:01+01;1499
2014-11-02 06:46:01+01;1519
2014-11-02 06:46:02+01;1499
2014-11-02 07:10:01+01;1489
2014-11-02 08:10:01+01;1489
2014-11-02 08:38:01+01;1479
2014-11-02 10:10:01+01;1469
2014-11-02 10:38:01+01;1449
2014-11-02 11:10:01+01;1439
2014-11-02 13:10:01+01;1429
2014-11-02 14:10:01+01;1419
2014-11-02 15:10:01+01;1419
2014-11-02 16:10:01+01;1409
2014-11-02 18:38:01+01;1399
2014-11-02 21:10:01+01;1519
2014-11-03 05:22:01+01;1489
2014-11-03 06:34:01+01;1479
2014-11-03 10:38:01+01;1469
2014-11-03 12:58:01+01;1459
2014-11-03 13:22:01+01;1459
2014-11-03 13:54:01+01;1449
2014-11-03 15:38:01+01;1439
2014-11-03 17:10:01+01;1429
2014-11-03 18:10:01+01;1419
2014-11-03 19:10:01+01;1409
2014-11-03 21:10:01+01;1519
2014-11-03 21:17:00+01;1409
2014-11-03 22:09:00+01;1519
2014-11-04 06:21:00+01;1489
2014-11-04 08:29:00+01;1479
2014-11-04 10:33:00+01;1469
2014-11-04 11:29:00+01;1459
2014-11-04 12:33:00+01;1449
2014-11-04 13:29:00+01;1439
2014-11-04 16:21:00+01;1429
2014-11-04 18:01:00+01;1419
2014-11-04 19:37:00+01;1409
2014-11-04 22:09:00+01;1519
2014-11-05 06:21:00+01;1499
2014-11-05 07:53:00+01;1489
2014-11-05 09:41:00+01;1479
2014-11-05 10:21:00+01;1469
2014-11-05 12:09:00+01;1459
2014-11-05 13:13:00+01;1459
2014-11-05 15:33:00+01;1449
2014-11-05 17:49:00+01;1439
2014-11-05 18:37:00+01;1429
2014-11-05 19:37:00+01;1419
2014-11-05 22:09:00+01;1519
2014-11-06 06:21:00+01;1489
2014-11-06 09:01:00+01;1479
2014-11-06 09:49:00+01;1469
2014-11-06 10:21:00+01;1469
2014-11-06 12:17:00+01;1439
2014-11-06 13:13:00+01;1439
2014-11-06 15:57:00+01;1429
2014-11-06 16:49:00+01;1419
2014-11-06 18:09:00+01;1409
2014-11-06 22:09:00+01;1519
2014-11-07 06:21:00+01;1489
2014-11-07 07:53:00+01;1479
2014-11-07 08:57:00+01;1469
2014-11-07 10:21:00+01;1459
2014-11-07 12:21:00+01;1459
2014-11-07 14:29:00+01;1449
2014-11-07 16:17:00+01;1419
2014-11-07 17:09:00+01;1409
2014-11-07 18:09:00+01;1399
2014-11-07 22:09:00+01;1519
2014-11-08 06:09:00+01;1499
2014-11-08 06:37:00+01;1479
2014-11-08 08:01:00+01;1479
2014-11-08 11:09:00+01;1469
2014-11-08 11:57:00+01;1459
2014-11-08 14:41:00+01;1449
2014-11-08 16:09:00+01;1439
2014-11-08 17:09:00+01;1429
2014-11-08 18:37:00+01;1419
2014-11-08 22:09:00+01;1519
2014-11-09 07:09:00+01;1499
2014-11-09 08:09:00+01;1489
2014-11-09 11:37:00+01;1479
2014-11-09 13:37:00+01;1459
2014-11-09 14:09:00+01;1469
2014-11-09 14:37:00+01;1449
2014-11-09 15:09:00+01;1449
2014-11-09 15:41:00+01;1439
2014-11-09 16:09:00+01;1439
2014-11-09 16:41:00+01;1429
2014-11-09 18:37:00+01;1419
2014-11-09 22:09:00+01;1519
2014-11-10 06:13:00+01;1499
2014-11-10 08:29:00+01;1489
2014-11-10 10:01:00+01;1479
2014-11-10 11:33:00+01;1469
2014-11-10 12:57:00+01;1439
2014-11-10 14:09:00+01;1429
2014-11-10 15:49:00+01;1419
2014-11-10 17:37:00+01;1409
2014-11-11 06:01:00+01;1529
2014-11-11 07:01:00+01;1499
2014-11-11 07:53:00+01;1489
2014-11-11 09:33:00+01;1479
2014-11-11 10:57:00+01;1469
2014-11-11 12:09:00+01;1459
2014-11-11 13:01:00+01;1449
2014-11-11 14:33:00+01;1439
2014-11-11 15:29:00+01;1429
2014-11-11 17:37:00+01;1419
2014-11-11 18:37:00+01;1409
2014-11-11 22:09:00+01;1519
2014-11-12 06:05:00+01;1489
2014-11-12 09:33:00+01;1479
2014-11-12 10:53:00+01;1469
2014-11-12 13:09:00+01;1459
2014-11-12 15:33:00+01;1449
2014-11-12 17:13:00+01;1439
2014-11-12 18:09:00+01;1429
2014-11-12 19:09:00+01;1419
2014-11-12 20:09:00+01;1409
2014-11-12 22:09:00+01;1519
2014-11-13 06:17:00+01;1489
2014-11-13 07:25:00+01;1489
2014-11-13 09:33:00+01;1479
2014-11-13 10:53:00+01;1469
2014-11-13 15:33:00+01;1429
2014-11-13 16:53:00+01;1429
2014-11-13 17:37:00+01;1419
2014-11-13 18:37:00+01;1409
2014-11-13 22:09:00+01;1519
2014-11-14 05:57:00+01;1499
2014-11-14 07:25:00+01;1489
2014-11-14 08:53:00+01;1479
2014-11-14 09:05:00+01;1489
2014-11-14 10:57:00+01;1429
2014-11-14 11:37:00+01;1419
2014-11-14 11:45:00+01;1429
2014-11-14 11:49:00+01;1419
2014-11-14 11:53:00+01;1429
2014-11-14 12:33:00+01;1419
2014-11-14 16:05:00+01;1409
2014-11-14 17:09:00+01;1399
2014-11-14 21:09:00+01;1519
2014-11-15 06:37:00+01;1499
2014-11-15 08:09:00+01;1489
2014-11-15 10:09:00+01;1479
2014-11-15 11:37:00+01;1469
2014-11-15 15:53:00+01;1459
2014-11-15 17:09:00+01;1419
2014-11-15 19:09:00+01;1409
2014-11-15 21:09:00+01;1519
2014-11-16 07:09:00+01;1489
2014-11-16 08:09:00+01;1479
2014-11-16 08:37:00+01;1469
2014-11-16 09:09:00+01;1479
2014-11-16 09:37:00+01;1469
2014-11-16 14:37:00+01;1439
2014-11-16 16:09:00+01;1429
2014-11-16 17:09:00+01;1419
2014-11-16 18:09:00+01;1409
2014-11-16 19:09:00+01;1409
2014-11-16 21:09:00+01;1519
2014-11-17 06:29:00+01;1489
2014-11-17 07:53:00+01;1479
2014-11-17 08:57:00+01;1469
2014-11-17 09:53:00+01;1459
2014-11-17 11:25:00+01;1449
2014-11-17 13:25:00+01;1419
2014-11-17 14:53:00+01;1409
2014-11-17 17:25:00+01;1409
2014-11-17 18:09:00+01;1399
2014-11-17 22:09:00+01;1519
2014-11-18 06:25:00+01;1489
2014-11-18 08:05:00+01;1479
2014-11-18 09:25:00+01;1469
2014-11-18 10:29:00+01;1459
2014-11-18 11:25:00+01;1449
2014-11-18 12:17:00+01;1439
2014-11-18 14:45:00+01;1429
2014-11-18 16:57:00+01;1419
2014-11-18 18:09:00+01;1409
2014-11-18 19:09:00+01;1399
2014-11-18 22:09:00+01;1499
2014-11-19 06:25:00+01;1489
2014-11-19 07:45:00+01;1479
2014-11-19 09:29:00+01;1469
2014-11-19 11:45:00+01;1459
2014-11-19 14:05:00+01;1449
2014-11-19 14:53:00+01;1439
2014-11-19 17:13:00+01;1429
2014-11-19 18:09:00+01;1419
2014-11-19 20:09:00+01;1409
2014-11-19 22:09:00+01;1499
2014-11-20 06:05:00+01;1489
2014-11-20 06:33:00+01;1489
2014-11-20 09:25:00+01;1479
2014-11-20 12:49:00+01;1429
2014-11-20 14:13:00+01;1419
2014-11-20 15:53:00+01;1409
2014-11-20 17:25:00+01;1399
2014-11-20 18:09:00+01;1389
2014-11-20 22:09:00+01;1499
2014-11-21 06:29:00+01;1479
2014-11-21 06:53:00+01;1479
2014-11-21 08:33:00+01;1469
2014-11-21 09:49:00+01;1469
2014-11-21 12:29:00+01;1459
2014-11-21 13:05:00+01;1449
2014-11-21 13:29:00+01;1439
2014-11-21 14:25:00+01;1429
2014-11-21 15:53:00+01;1409
2014-11-21 16:57:00+01;1409
2014-11-21 18:09:00+01;1399
2014-11-21 19:37:00+01;1389
2014-11-21 22:09:00+01;1499
2014-11-22 06:09:00+01;1479
2014-11-22 08:25:00+01;1469
2014-11-22 08:57:00+01;1439
2014-11-22 10:57:00+01;1429
2014-11-22 12:25:00+01;1419
2014-11-22 13:29:00+01;1409
2014-11-22 14:49:00+01;1399
2014-11-22 15:37:00+01;1409
2014-11-22 22:09:00+01;1499
2014-11-23 07:09:00+01;1469
2014-11-23 07:37:00+01;1459
2014-11-23 08:37:00+01;1449
2014-11-23 09:09:00+01;1459
2014-11-23 09:37:00+01;1449
2014-11-23 10:37:00+01;1409
2014-11-23 11:09:00+01;1409
2014-11-23 16:09:00+01;1399
2014-11-23 17:09:00+01;1389
2014-11-23 18:09:00+01;1389
2014-11-23 22:09:00+01;1499
2014-11-24 06:25:00+01;1479
2014-11-24 10:37:00+01;1469
2014-11-24 12:05:00+01;1449
2014-11-24 13:53:00+01;1419
2014-11-24 15:25:00+01;1419
2014-11-24 18:09:00+01;1409
2014-11-24 18:37:00+01;1399
2014-11-24 19:37:00+01;1389
2014-11-24 22:13:00+01;1499
2014-11-25 05:57:00+01;1479
2014-11-25 07:37:00+01;1469
2014-11-25 08:17:00+01;1469
2014-11-25 09:09:00+01;1459
2014-11-25 10:53:00+01;1449
2014-11-25 11:13:00+01;1439
2014-11-25 12:57:00+01;1429
2014-11-25 14:33:00+01;1429
2014-11-25 14:57:00+01;1429
2014-11-25 15:49:00+01;1419
2014-11-25 16:29:00+01;1409
2014-11-25 17:57:00+01;1399
2014-11-25 19:09:00+01;1389
2014-11-25 22:09:00+01;1499
2014-11-26 05:57:00+01;1479
2014-11-26 07:25:00+01;1469
2014-11-26 08:25:00+01;1469
2014-11-26 09:37:00+01;1439
2014-11-26 10:05:00+01;1469
2014-11-26 10:29:00+01;1459
2014-11-26 11:05:00+01;1439
2014-11-26 11:25:00+01;1439
2014-11-26 13:53:00+01;1429
2014-11-26 15:05:00+01;1429
2014-11-26 15:25:00+01;1419
2014-11-26 15:53:00+01;1419
2014-11-26 16:25:00+01;1409
2014-11-26 17:05:00+01;1399
2014-11-26 17:37:00+01;1389
2014-11-27 08:53:00+01;1459
2014-11-27 09:37:00+01;1459
2014-11-27 10:25:00+01;1449
2014-11-27 12:25:00+01;1439
2014-11-27 14:05:00+01;1429
2014-11-27 14:53:00+01;1419
2014-11-27 15:29:00+01;1409
2014-11-27 16:53:00+01;1399
2014-11-27 17:57:00+01;1389
2014-11-27 19:09:00+01;1379
2014-11-27 20:25:00+01;1379
2014-11-27 22:13:01+01;1499
2014-11-28 06:29:00+01;1469
2014-11-28 06:57:00+01;1469
2014-11-28 07:29:00+01;1459
2014-11-28 10:33:00+01;1399
2014-11-28 12:49:00+01;1389
2014-11-28 15:53:00+01;1389
2014-11-28 16:25:00+01;1379
2014-11-28 18:09:00+01;1369
2014-11-28 22:09:00+01;1499
2014-11-29 06:09:00+01;1439
2014-11-29 10:45:00+01;1429
2014-11-29 12:05:00+01;1409
2014-11-29 13:25:00+01;1389
2014-11-29 15:09:00+01;1399
2014-11-29 16:09:00+01;1399
2014-11-29 17:37:00+01;1379
2014-11-29 18:09:00+01;1379
2014-11-29 22:09:00+01;1499
2014-11-30 07:09:00+01;1429
2014-11-30 08:09:00+01;1419
2014-11-30 12:09:00+01;1419
2014-11-30 12:37:00+01;1409
2014-11-30 13:09:00+01;1399
2014-11-30 14:09:00+01;1389
2014-11-30 16:09:00+01;1379
2014-11-30 17:09:00+01;1369
2014-11-30 18:09:00+01;1359
2014-11-30 22:09:00+01;1499
2014-12-01 09:22:00+01;1359
2014-12-01 11:25:00+01;1499
2014-12-01 12:01:00+01;1359
2014-12-01 14:49:00+01;1359
2014-12-01 18:41:00+01;1359
2014-12-01 22:09:00+01;1499
2014-12-02 06:35:00+01;1429
2014-12-02 08:25:00+01;1419
2014-12-02 08:59:00+01;1399
2014-12-02 09:29:00+01;1379
2014-12-02 11:53:00+01;1369
2014-12-02 13:41:00+01;1369
2014-12-02 15:53:00+01;1369
2014-12-02 18:05:00+01;1369
2014-12-02 22:09:00+01;1469
2014-12-03 06:25:00+01;1429
2014-12-03 06:48:00+01;1429
2014-12-03 08:01:00+01;1419
2014-12-03 09:01:00+01;1419
2014-12-03 10:57:00+01;1399
2014-12-03 11:53:00+01;1389
2014-12-03 13:21:00+01;1389
2014-12-03 14:25:00+01;1379
2014-12-03 14:49:00+01;1379
2014-12-03 16:13:00+01;1369
2014-12-03 17:09:00+01;1359
2014-12-03 18:09:00+01;1349
2014-12-03 19:09:00+01;1339
2014-12-03 22:09:00+01;1469
2014-12-04 06:41:00+01;1409
2014-12-04 07:29:00+01;1399
2014-12-04 09:25:00+01;1389
2014-12-04 10:01:00+01;1379
2014-12-04 10:53:00+01;1379
2014-12-04 12:25:00+01;1369
2014-12-04 13:45:00+01;1359
2014-12-04 15:25:00+01;1349
2014-12-04 16:53:00+01;1339
2014-12-04 18:09:00+01;1329
2014-12-04 19:09:00+01;1319
2014-12-04 22:10:00+01;1469
2014-12-05 06:25:00+01;1399
2014-12-05 07:17:00+01;1389
2014-12-05 07:53:00+01;1389
2014-12-05 08:45:00+01;1379
2014-12-05 10:01:00+01;1359
2014-12-05 11:05:00+01;1349
2014-12-05 13:17:00+01;1339
2014-12-05 16:45:00+01;1339
2014-12-05 18:37:00+01;1329
2014-12-05 22:09:00+01;1469
2014-12-06 06:09:00+01;1399
2014-12-06 09:33:00+01;1399
2014-12-06 10:45:00+01;1389
2014-12-06 11:13:00+01;1389
2014-12-06 12:05:00+01;1379
2014-12-06 22:09:00+01;1469
2014-12-07 07:09:00+01;1409
2014-12-07 08:09:00+01;1399
2014-12-07 08:37:00+01;1359
2014-12-07 09:09:00+01;1369
2014-12-07 09:37:00+01;1349
2014-12-07 10:37:00+01;1339
2014-12-07 12:37:00+01;1329
2014-12-07 13:37:00+01;1319
2014-12-07 16:09:00+01;1319
2014-12-07 22:09:00+01;1469
2014-12-08 06:25:00+01;1389
2014-12-08 07:17:00+01;1379
2014-12-08 07:53:00+01;1379
2014-12-08 08:57:00+01;1369
2014-12-08 10:09:00+01;1359
2014-12-08 10:33:00+01;1349
2014-12-08 11:49:00+01;1339
2014-12-08 13:25:00+01;1329
2014-12-08 15:53:00+01;1319
2014-12-08 16:49:00+01;1319
2014-12-08 22:09:00+01;1439
2014-12-09 06:29:00+01;1399
2014-12-09 07:05:00+01;1389
2014-12-09 08:01:00+01;1369
2014-12-09 09:25:00+01;1369
2014-12-09 09:53:00+01;1359
2014-12-09 10:43:00+01;1349
2014-12-09 11:45:00+01;1339
2014-12-09 13:25:00+01;1329
2014-12-09 18:09:00+01;1319
2014-12-09 22:09:00+01;1439
2014-12-10 06:25:00+01;1389
2014-12-10 07:09:00+01;1379
2014-12-10 09:41:00+01;1379
2014-12-10 11:13:00+01;1369
2014-12-10 12:29:00+01;1369
2014-12-10 13:29:00+01;1359
2014-12-10 14:49:00+01;1329
2014-12-10 15:53:00+01;1329
2014-12-10 17:41:00+01;1319
2014-12-10 18:13:00+01;1319
2014-12-10 22:09:00+01;1439
2014-12-11 06:21:00+01;1379
2014-12-11 08:33:00+01;1369
2014-12-11 09:25:00+01;1359
2014-12-11 11:33:00+01;1349
2014-12-11 12:21:00+01;1319
2014-12-11 12:29:00+01;1319
2014-12-11 14:53:00+01;1309
2014-12-11 16:41:00+01;1299
2014-12-11 18:09:00+01;1289
2014-12-11 22:05:00+01;1409
2014-12-12 06:21:00+01;1359
2014-12-12 09:09:00+01;1349
2014-12-12 10:25:00+01;1339
2014-12-12 12:21:00+01;1329
2014-12-12 12:57:00+01;1319
2014-12-12 14:41:00+01;1309
2014-12-12 16:17:00+01;1299
2014-12-12 16:49:00+01;1289
2014-12-12 22:05:00+01;1409
2014-12-13 06:05:00+01;1359
2014-12-13 08:25:00+01;1349
2014-12-13 08:49:00+01;1349
2014-12-13 10:01:00+01;1319
2014-12-13 10:49:00+01;1309
2014-12-13 14:21:00+01;1299
2014-12-13 14:53:00+01;1299
2014-12-13 15:37:00+01;1299
2014-12-13 16:05:00+01;1299
2014-12-13 19:05:00+01;1299
2014-12-13 22:05:00+01;1409
2014-12-14 07:05:00+01;1349
2014-12-14 08:05:00+01;1339
2014-12-14 10:05:00+01;1329
2014-12-14 12:37:00+01;1299
2014-12-14 13:05:00+01;1299
2014-12-14 16:06:01+01;1289
2014-12-14 16:30:01+01;1289
2014-12-14 17:06:01+01;1279
2014-12-14 18:38:01+01;1269
2014-12-14 19:06:01+01;1279
2014-12-14 22:06:01+01;1409
2014-12-15 06:26:01+01;1359
2014-12-15 06:58:01+01;1359
2014-12-15 08:42:01+01;1349
2014-12-15 09:50:01+01;1339
2014-12-15 10:58:01+01;1329
2014-12-15 11:22:01+01;1319
2014-12-15 13:26:01+01;1299
2014-12-15 14:50:01+01;1289
2014-12-15 18:06:01+01;1289
2014-12-15 22:06:01+01;1409
2014-12-16 06:22:01+01;1359
2014-12-16 08:50:01+01;1349
2014-12-16 09:30:01+01;1349
2014-12-16 11:22:01+01;1319
2014-12-16 13:26:01+01;1299
2014-12-16 14:38:01+01;1289
2014-12-16 16:58:01+01;1289
2014-12-16 22:06:01+01;1409
2014-12-17 06:02:01+01;1349
2014-12-17 07:50:01+01;1339
2014-12-17 09:26:01+01;1329
2014-12-17 11:18:01+01;1299
2014-12-17 12:02:01+01;1299
2014-12-17 13:18:01+01;1289
2014-12-17 17:38:01+01;1279
2014-12-17 22:06:01+01;1409
2014-12-18 06:26:01+01;1339
2014-12-18 08:38:01+01;1339
2014-12-18 09:50:01+01;1329
2014-12-18 11:06:01+01;1319
2014-12-18 11:46:01+01;1309
2014-12-18 12:38:01+01;1299
2014-12-18 13:50:01+01;1289
2014-12-18 15:18:01+01;1279
2014-12-18 16:02:01+01;1279
2014-12-18 17:26:01+01;1269
2014-12-18 22:06:01+01;1389
2014-12-19 06:02:01+01;1329
2014-12-19 09:38:01+01;1319
2014-12-19 10:18:01+01;1319
2014-12-19 11:10:01+01;1309
2014-12-19 11:46:01+01;1309
2014-12-19 12:22:01+01;1299
2014-12-19 12:50:01+01;1299
2014-12-19 14:54:01+01;1289
2014-12-19 15:22:01+01;1289
2014-12-19 16:38:01+01;1279
2014-12-19 17:38:01+01;1269
2014-12-19 18:38:01+01;1269
2014-12-19 22:06:01+01;1389
2014-12-20 06:06:01+01;1349
2014-12-20 07:06:01+01;1339
2014-12-20 09:38:01+01;1279
2014-12-20 10:30:01+01;1279
2014-12-20 13:26:01+01;1269
2014-12-20 15:38:01+01;1259
2014-12-20 18:06:01+01;1259
2014-12-20 22:06:01+01;1389
2014-12-21 07:06:01+01;1339
2014-12-21 08:06:01+01;1329
2014-12-21 12:06:01+01;1319
2014-12-21 13:06:01+01;1309
2014-12-21 15:06:01+01;1289
2014-12-21 16:06:01+01;1279
2014-12-21 16:38:01+01;1269
2014-12-21 17:38:01+01;1259
2014-12-21 22:06:01+01;1389
2014-12-22 06:14:01+01;1349
2014-12-22 07:06:01+01;1349
2014-12-22 07:26:01+01;1339
2014-12-22 08:06:01+01;1339
2014-12-22 09:46:01+01;1339
2014-12-22 11:42:01+01;1329
2014-12-22 13:10:01+01;1289
2014-12-22 14:14:01+01;1279
2014-12-22 16:50:01+01;1279
2014-12-22 22:06:01+01;1389
2014-12-23 06:22:01+01;1339
2014-12-23 07:02:01+01;1329
2014-12-23 10:18:01+01;1319
2014-12-23 12:22:01+01;1279
2014-12-23 13:50:02+01;1269
2014-12-23 14:50:01+01;1269
2014-12-23 15:58:01+01;1259
2014-12-23 17:06:01+01;1259
2014-12-23 22:06:01+01;1389
2014-12-24 06:06:01+01;1329
2014-12-24 07:06:01+01;1319
2014-12-24 08:58:01+01;1309
2014-12-24 09:50:01+01;1299
2014-12-24 10:26:01+01;1289
2014-12-24 11:26:01+01;1269
2014-12-24 11:58:01+01;1269
2014-12-24 13:26:01+01;1259
2014-12-24 14:26:01+01;1259
2014-12-24 18:38:01+01;1249
2014-12-24 22:06:01+01;1389
2014-12-25 07:38:01+01;1319
2014-12-25 08:38:01+01;1309
2014-12-25 09:10:01+01;1319
2014-12-25 09:38:01+01;1249
2014-12-25 16:06:01+01;1249
2014-12-25 22:06:01+01;1389
2014-12-26 07:06:01+01;1319
2014-12-26 08:06:01+01;1309
2014-12-26 12:06:01+01;1259
2014-12-26 12:38:01+01;1249
2014-12-26 14:38:01+01;1249
2014-12-26 15:38:01+01;1249
2014-12-26 16:06:01+01;1249
2014-12-26 17:06:01+01;1249
2014-12-26 22:06:01+01;1389
2014-12-27 06:38:01+01;1329
2014-12-27 07:06:01+01;1319
2014-12-27 09:22:01+01;1319
2014-12-27 10:42:01+01;1309
2014-12-27 11:58:01+01;1289
2014-12-27 13:06:01+01;1279
2014-12-27 14:38:01+01;1269
2014-12-27 16:06:01+01;1259
2014-12-27 17:06:01+01;1249
2014-12-27 18:06:01+01;1249
2014-12-27 18:38:01+01;1249
2014-12-27 22:06:01+01;1389
2014-12-28 07:06:01+01;1319
2014-12-28 08:06:01+01;1309
2014-12-28 09:06:01+01;1299
2014-12-28 09:38:01+01;1309
2014-12-28 10:06:01+01;1299
2014-12-28 13:38:01+01;1289
2014-12-28 16:06:01+01;1279
2014-12-28 17:06:01+01;1269
2014-12-28 18:06:01+01;1259
2014-12-28 22:06:01+01;1389
2014-12-29 06:22:01+01;1339
2014-12-29 07:26:01+01;1339
2014-12-29 08:26:01+01;1309
2014-12-29 10:26:01+01;1299
2014-12-29 11:18:01+01;1299
2014-12-29 12:22:01+01;1299
2014-12-29 13:06:01+01;1299
2014-12-29 13:50:01+01;1289
2014-12-29 14:50:02+01;1279
2014-12-29 15:22:01+01;1269
2014-12-29 17:22:01+01;1259
2014-12-29 18:06:01+01;1249
2014-12-29 22:06:01+01;1389
2014-12-30 06:18:01+01;1339
2014-12-30 07:18:01+01;1329
2014-12-30 11:38:01+01;1299
2014-12-30 13:30:01+01;1289
2014-12-30 14:18:01+01;1279
2014-12-30 15:54:01+01;1269
2014-12-30 17:26:01+01;1259
2014-12-30 18:06:01+01;1249
2014-12-30 22:06:01+01;1339
2014-12-31 06:06:01+01;1329
2014-12-31 07:06:01+01;1319
2014-12-31 07:38:01+01;1309
2014-12-31 08:06:01+01;1319
2014-12-31 08:14:01+01;1319
2014-12-31 09:42:01+01;1299
2014-12-31 11:10:01+01;1289
2014-12-31 12:46:01+01;1279
2014-12-31 14:30:01+01;1269
2014-12-31 15:38:01+01;1259
2014-12-31 16:38:01+01;1249
2014-12-31 17:38:01+01;1249
2014-12-31 22:06:01+01;1339
2015-01-01 07:14:01+01;1309
2015-01-01 08:10:01+01;1299
2015-01-01 11:42:01+01;1279
2015-01-01 15:38:01+01;1269
2015-01-01 16:38:01+01;1259
2015-01-01 17:38:01+01;1249
2015-01-01 18:38:01+01;1249
2015-01-01 22:06:01+01;1339
2015-01-02 06:22:01+01;1319
2015-01-02 07:22:01+01;1309
2015-01-02 12:30:01+01;1309
2015-01-02 13:22:01+01;1299
2015-01-02 13:50:01+01;1289
2015-01-02 15:46:01+01;1269
2015-01-02 16:38:01+01;1259
2015-01-02 17:38:01+01;1249
2015-01-02 22:06:01+01;1339
2015-01-03 06:06:01+01;1309
2015-01-03 07:06:01+01;1299
2015-01-03 11:26:01+01;1289
2015-01-03 11:58:01+01;1269
2015-01-03 16:06:01+01;1259
2015-01-03 16:38:01+01;1259
2015-01-03 18:06:01+01;1239
2015-01-03 22:06:01+01;1339
2015-01-04 07:06:01+01;1309
2015-01-04 08:06:01+01;1299
2015-01-04 08:38:01+01;1289
2015-01-04 09:06:01+01;1299
2015-01-04 09:38:01+01;1289
2015-01-04 13:38:01+01;1279
2015-01-04 15:38:01+01;1269
2015-01-04 16:38:01+01;1259
2015-01-04 17:06:01+01;1249
2015-01-04 22:06:01+01;1339
2015-01-05 07:06:01+01;1309
2015-01-05 12:02:01+01;1299
2015-01-05 12:30:01+01;1289
2015-01-05 13:26:01+01;1279
2015-01-05 14:06:01+01;1269
2015-01-05 15:22:01+01;1259
2015-01-05 16:54:01+01;1249
2015-01-05 22:06:01+01;1339
2015-01-06 06:26:01+01;1319
2015-01-06 07:14:01+01;1319
2015-01-06 10:06:01+01;1289
2015-01-06 10:54:01+01;1279
2015-01-06 12:22:01+01;1269
2015-01-06 13:26:01+01;1259
2015-01-06 18:06:01+01;1249
2015-01-06 19:06:01+01;1239
2015-01-06 22:06:01+01;1339
2015-01-07 06:26:01+01;1319
2015-01-07 07:50:01+01;1309
2015-01-07 09:42:01+01;1299
2015-01-07 10:50:01+01;1269
2015-01-07 13:58:01+01;1259
2015-01-07 14:50:01+01;1249
2015-01-07 15:58:01+01;1249
2015-01-07 18:06:01+01;1239
2015-01-08 08:06:01+01;1339
2015-01-08 08:18:01+01;1299
2015-01-08 09:22:01+01;1249
2015-01-08 10:46:01+01;1239
2015-01-08 15:30:02+01;1239
2015-01-08 22:06:01+01;1339
2015-01-09 06:26:01+01;1319
2015-01-09 09:50:01+01;1309
2015-01-09 12:06:01+01;1239
2015-01-09 22:06:01+01;1339
2015-01-10 06:38:01+01;1319
2015-01-10 09:30:01+01;1309
2015-01-10 15:38:01+01;1299
2015-01-10 16:38:01+01;1289
2015-01-10 17:06:01+01;1289
2015-01-10 17:38:01+01;1279
2015-01-10 19:06:01+01;1269
2015-01-10 20:06:01+01;1259
2015-01-10 22:06:01+01;1339
2015-01-11 07:06:01+01;1319
2015-01-11 08:06:01+01;1309
2015-01-11 08:38:01+01;1309
2015-01-11 09:06:01+01;1299
2015-01-11 09:38:01+01;1309
2015-01-11 10:06:01+01;1299
2015-01-11 11:06:01+01;1289
2015-01-11 16:06:01+01;1279
2015-01-11 17:06:01+01;1269
2015-01-11 18:06:01+01;1259
2015-01-11 22:06:01+01;1339
2015-01-12 06:22:01+01;1329
2015-01-12 07:50:01+01;1309
2015-01-12 08:26:01+01;1299
2015-01-12 08:58:01+01;1299
2015-01-12 10:38:01+01;1289
2015-01-12 11:42:01+01;1279
2015-01-12 13:26:01+01;1269
2015-01-12 14:06:01+01;1259
2015-01-12 14:50:01+01;1239
2015-01-12 16:22:01+01;1239
2015-01-12 17:46:01+01;1239
2015-01-12 18:38:02+01;1229
2015-01-12 22:06:01+01;1339
2015-01-13 06:26:01+01;1299
2015-01-13 08:02:01+01;1299
2015-01-13 08:26:01+01;1279
2015-01-13 09:22:01+01;1279
2015-01-13 10:22:01+01;1269
2015-01-13 11:22:01+01;1259
2015-01-13 11:42:01+01;1239
2015-01-13 15:58:01+01;1229
2015-01-13 17:54:01+01;1209
2015-01-13 22:06:01+01;1339
2015-01-14 06:26:01+01;1289
2015-01-14 07:30:01+01;1279
2015-01-14 08:50:01+01;1279
2015-01-14 09:46:01+01;1269
2015-01-14 10:18:01+01;1269
2015-01-14 11:58:01+01;1259
2015-01-14 14:50:01+01;1239
2015-01-14 15:58:01+01;1229
2015-01-14 16:50:01+01;1219
2015-01-14 22:06:01+01;1299
2015-01-15 06:06:01+01;1289
2015-01-15 06:46:01+01;1279
2015-01-15 08:26:01+01;1279
2015-01-15 09:58:01+01;1269
2015-01-15 10:26:01+01;1259
2015-01-15 11:06:01+01;1259
2015-01-15 12:46:01+01;1249
2015-01-15 13:46:01+01;1239
2015-01-15 14:06:01+01;1229
2015-01-15 14:58:01+01;1219
2015-01-15 16:26:01+01;1209
2015-01-15 17:46:01+01;1199
2015-01-15 22:06:01+01;1299
2015-01-16 06:38:01+01;1289
2015-01-16 07:06:01+01;1279
2015-01-16 08:38:01+01;1269
2015-01-16 10:18:01+01;1259
2015-01-16 10:58:01+01;1229
2015-01-16 12:58:01+01;1219
2015-01-16 15:26:01+01;1209
2015-01-16 16:58:01+01;1209
2015-01-16 17:26:01+01;1199
2015-01-16 22:06:01+01;1299
2015-01-17 06:06:01+01;1289
2015-01-17 08:06:01+01;1289
2015-01-17 09:26:01+01;1279
2015-01-17 12:46:01+01;1249
2015-01-17 14:06:01+01;1229
2015-01-17 14:58:01+01;1229
2015-01-17 15:38:01+01;1209
2015-01-17 22:06:01+01;1299
2015-01-18 07:06:01+01;1279
2015-01-18 08:06:01+01;1269
2015-01-18 13:06:01+01;1259
2015-01-18 14:06:01+01;1249
2015-01-18 14:38:01+01;1239
2015-01-18 15:38:01+01;1229
2015-01-18 16:06:01+01;1219
2015-01-18 16:38:01+01;1219
2015-01-18 17:38:01+01;1219
2015-01-18 18:06:01+01;1209
2015-01-18 22:06:01+01;1299
2015-01-19 06:22:01+01;1289
2015-01-19 06:58:01+01;1289
2015-01-19 07:50:01+01;1279
2015-01-19 08:42:01+01;1279
2015-01-19 10:18:01+01;1259
2015-01-19 11:30:01+01;1249
2015-01-19 12:22:01+01;1229
2015-01-19 13:42:01+01;1229
2015-01-19 14:50:01+01;1219
2015-01-19 17:42:01+01;1209
2015-01-19 22:06:01+01;1299
2015-01-20 06:26:01+01;1299
2015-01-20 06:46:01+01;1289
2015-01-20 07:22:01+01;1289
2015-01-20 08:22:01+01;1279
2015-01-20 09:58:01+01;1269
2015-01-20 11:10:01+01;1259
2015-01-20 12:42:01+01;1249
2015-01-20 14:02:01+01;1229
2015-01-20 15:06:01+01;1229
2015-01-20 16:22:01+01;1219
2015-01-20 18:06:01+01;1219
2015-01-20 22:06:01+01;1299
2015-01-21 06:26:01+01;1299
2015-01-21 08:26:01+01;1299
2015-01-21 10:22:01+01;1289
2015-01-21 10:58:01+01;1289
2015-01-21 11:50:01+01;1279
2015-01-21 13:10:01+01;1269
2015-01-21 13:50:01+01;1269
2015-01-21 14:54:01+01;1259
2015-01-21 15:38:01+01;1249
2015-01-21 17:58:01+01;1239
2015-01-21 22:06:01+01;1299
2015-01-22 06:38:01+01;1299
2015-01-22 08:42:01+01;1289
2015-01-22 10:10:01+01;1239
2015-01-22 11:38:01+01;1239
2015-01-22 12:42:01+01;1229
2015-01-22 14:26:01+01;1219
2015-01-22 16:22:01+01;1209
2015-01-22 18:14:01+01;1199
2015-01-22 22:06:01+01;1299
2015-01-23 06:22:01+01;1299
2015-01-23 08:50:01+01;1289
2015-01-23 09:50:01+01;1279
2015-01-23 11:42:01+01;1259
2015-01-23 14:42:01+01;1249
2015-01-23 17:14:01+01;1209
2015-01-23 22:06:01+01;1299
2015-01-24 06:38:01+01;1299
2015-01-24 08:06:01+01;1299
2015-01-24 09:26:01+01;1259
2015-01-24 09:50:01+01;1259
2015-01-24 10:50:01+01;1259
2015-01-24 14:02:01+01;1249
2015-01-24 16:06:01+01;1239
2015-01-24 17:06:01+01;1229
2015-01-24 19:06:01+01;1219
2015-01-24 22:06:01+01;1299
2015-01-25 07:06:01+01;1289
2015-01-25 08:06:01+01;1279
2015-01-25 12:38:01+01;1269
2015-01-25 14:06:01+01;1259
2015-01-25 15:06:01+01;1249
2015-01-25 16:06:01+01;1229
2015-01-25 16:38:01+01;1219
2015-01-25 17:06:01+01;1219
2015-01-25 17:38:01+01;1209
2015-01-25 18:06:01+01;1209
2015-01-25 22:06:01+01;1299
2015-01-26 06:46:01+01;1299
2015-01-26 07:26:01+01;1299
2015-01-26 09:58:01+01;1289
2015-01-26 11:26:01+01;1269
2015-01-26 13:06:01+01;1249
2015-01-26 15:38:01+01;1229
2015-01-26 17:06:01+01;1209
2015-01-26 22:06:01+01;1299
2015-01-27 06:26:01+01;1289
2015-01-27 07:26:01+01;1279
2015-01-27 09:06:01+01;1269
2015-01-27 11:58:01+01;1259
2015-01-27 12:58:01+01;1239
2015-01-27 14:06:01+01;1229
2015-01-27 15:58:01+01;1219
2015-01-27 17:26:01+01;1219
2015-01-27 22:06:01+01;1299
2015-01-28 07:38:01+01;1299
2015-01-28 08:06:01+01;1289
2015-01-28 11:06:01+01;1279
2015-01-28 12:06:01+01;1269
2015-01-28 12:46:01+01;1259
2015-01-28 13:46:01+01;1249
2015-01-28 14:46:01+01;1239
2015-01-28 15:26:01+01;1229
2015-01-28 16:26:01+01;1219
2015-01-28 17:26:01+01;1209
2015-01-28 22:06:01+01;1299
2015-01-29 06:38:01+01;1299
2015-01-29 07:18:01+01;1289
2015-01-29 08:26:01+01;1289
2015-01-29 09:38:01+01;1279
2015-01-29 10:38:01+01;1269
2015-01-29 12:18:01+01;1259
2015-01-29 13:06:01+01;1249
2015-01-29 13:46:01+01;1239
2015-01-29 14:46:01+01;1229
2015-01-29 15:46:01+01;1229
2015-01-29 16:58:01+01;1219
2015-01-29 22:06:01+01;1299
2015-01-30 06:26:01+01;1299
2015-01-30 07:26:01+01;1299
2015-01-30 09:06:01+01;1289
2015-01-30 10:38:01+01;1279
2015-01-30 11:58:01+01;1259
2015-01-30 12:46:01+01;1249
2015-01-30 14:26:01+01;1239
2015-01-30 15:38:01+01;1229
2015-01-30 17:38:01+01;1219
2015-01-30 22:06:01+01;1299
2015-01-31 06:06:01+01;1299
2015-01-31 10:26:01+01;1289
2015-01-31 11:06:01+01;1279
2015-01-31 11:38:01+01;1279
2015-01-31 12:38:01+01;1269
2015-01-31 13:58:01+01;1249
2015-01-31 14:26:01+01;1239
2015-01-31 16:06:01+01;1229
2015-01-31 16:38:01+01;1219
2015-01-31 18:06:01+01;1219
2015-01-31 22:06:01+01;1299
2015-02-01 11:22:01+01;1289
2015-02-01 12:38:01+01;1279
2015-02-01 13:38:01+01;1269
2015-02-01 14:06:01+01;1259
2015-02-01 14:38:01+01;1249
2015-02-01 15:06:01+01;1249
2015-02-01 16:06:01+01;1239
2015-02-01 16:38:01+01;1229
2015-02-01 17:06:01+01;1219
2015-02-01 18:06:01+01;1219
2015-02-01 22:06:01+01;1299
2015-02-02 06:02:01+01;1299
2015-02-02 09:02:01+01;1289
2015-02-02 09:50:01+01;1279
2015-02-02 11:14:01+01;1269
2015-02-02 13:18:01+01;1239
2015-02-02 14:26:01+01;1229
2015-02-02 15:30:01+01;1229
2015-02-02 18:02:01+01;1219
2015-02-02 22:06:01+01;1299
2015-02-03 06:26:01+01;1299
2015-02-03 08:46:01+01;1299
2015-02-03 09:50:01+01;1289
2015-02-03 10:50:01+01;1279
2015-02-03 11:50:01+01;1269
2015-02-03 13:26:01+01;1259
2015-02-03 14:38:01+01;1249
2015-02-03 16:38:01+01;1239
2015-02-03 17:30:01+01;1229
2015-02-03 22:06:01+01;1319
2015-02-04 06:26:01+01;1319
2015-02-04 08:10:01+01;1309
2015-02-04 09:38:01+01;1299
2015-02-04 10:58:01+01;1289
2015-02-04 11:58:01+01;1259
2015-02-04 18:06:01+01;1249
2015-02-04 19:06:01+01;1239
2015-02-04 22:06:01+01;1339
2015-02-05 06:26:01+01;1329
2015-02-05 07:06:01+01;1319
2015-02-05 09:42:01+01;1309
2015-02-05 11:50:01+01;1299
2015-02-05 13:18:01+01;1299
2015-02-05 17:34:01+01;1289
2015-02-05 18:38:01+01;1279
2015-02-05 19:38:01+01;1269
2015-02-05 22:06:01+01;1339
2015-02-06 06:26:01+01;1329
2015-02-06 06:38:01+01;1319
2015-02-06 08:46:01+01;1309
2015-02-06 09:30:01+01;1299
2015-02-06 11:02:01+01;1289
2015-02-06 14:26:01+01;1279
2015-02-06 15:30:01+01;1269
2015-02-06 16:42:01+01;1259
2015-02-06 17:38:01+01;1249
2015-02-06 22:06:01+01;1339
2015-02-07 06:06:01+01;1349
2015-02-07 08:22:01+01;1339
2015-02-07 11:10:01+01;1319
2015-02-07 12:38:01+01;1309
2015-02-07 13:06:01+01;1299
2015-02-07 13:38:01+01;1289
2015-02-07 14:38:01+01;1279
2015-02-07 15:06:01+01;1269
2015-02-07 16:06:01+01;1259
2015-02-07 16:38:01+01;1259
2015-02-07 17:38:01+01;1249
2015-02-07 18:38:01+01;1249
2015-02-07 22:06:01+01;1339
2015-02-08 07:38:01+01;1329
2015-02-08 08:38:01+01;1319
2015-02-08 09:06:01+01;1329
2015-02-08 09:38:01+01;1319
2015-02-08 12:06:01+01;1309
2015-02-08 12:38:01+01;1299
2015-02-08 13:38:02+01;1289
2015-02-08 14:06:01+01;1279
2015-02-08 15:06:01+01;1269
2015-02-08 16:06:01+01;1259
2015-02-08 17:06:01+01;1249
2015-02-08 18:06:01+01;1249
2015-02-08 22:06:01+01;1339
2015-02-09 06:26:01+01;1359
2015-02-09 07:26:01+01;1339
2015-02-09 09:18:01+01;1339
2015-02-09 10:46:01+01;1309
2015-02-09 11:38:01+01;1299
2015-02-09 12:58:01+01;1289
2015-02-09 13:38:01+01;1269
2015-02-09 14:46:01+01;1269
2015-02-09 22:06:01+01;1369
2015-02-10 06:26:01+01;1369
2015-02-10 07:18:01+01;1359
2015-02-10 09:58:01+01;1349
2015-02-10 11:26:01+01;1329
2015-02-10 12:18:01+01;1319
2015-02-10 12:46:01+01;1309
2015-02-10 13:58:01+01;1289
2015-02-10 15:26:01+01;1279
2015-02-10 16:30:01+01;1269
2015-02-10 22:06:02+01;1369
2015-02-11 06:26:01+01;1359
2015-02-11 07:26:01+01;1349
2015-02-11 10:18:01+01;1339
2015-02-11 10:46:01+01;1329
2015-02-11 11:58:01+01;1319
2015-02-11 12:58:01+01;1299
2015-02-11 14:06:01+01;1289
2015-02-11 14:58:01+01;1279
2015-02-11 16:58:01+01;1279
2015-02-11 18:06:01+01;1269
2015-02-11 22:06:01+01;1369
2015-02-12 06:26:01+01;1359
2015-02-12 07:38:01+01;1349
2015-02-12 09:06:01+01;1339
2015-02-12 10:06:01+01;1329
2015-02-12 11:18:01+01;1319
2015-02-12 12:58:01+01;1309
2015-02-12 14:26:01+01;1279
2015-02-12 15:58:02+01;1279
2015-02-12 22:06:01+01;1379
2015-02-13 06:38:01+01;1359
2015-02-13 07:26:01+01;1349
2015-02-13 07:58:01+01;1339
2015-02-13 08:26:01+01;1339
2015-02-13 09:22:01+01;1329
2015-02-13 10:22:01+01;1309
2015-02-13 11:22:01+01;1299
2015-02-13 12:46:01+01;1289
2015-02-13 22:06:01+01;1379
2015-02-14 06:10:01+01;1389
2015-02-14 06:38:01+01;1369
2015-02-14 08:54:01+01;1359
2015-02-14 09:54:01+01;1339
2015-02-14 10:58:01+01;1329
2015-02-14 11:54:01+01;1319
2015-02-14 12:54:01+01;1309
2015-02-14 13:22:01+01;1299
2015-02-14 14:22:01+01;1289
2015-02-14 16:06:01+01;1279
2015-02-14 22:06:01+01;1379
2015-02-15 07:06:01+01;1369
2015-02-15 08:06:01+01;1359
2015-02-15 08:38:01+01;1349
2015-02-15 09:38:01+01;1339
2015-02-15 10:38:01+01;1329
2015-02-15 11:38:01+01;1319
2015-02-15 12:38:01+01;1309
2015-02-15 13:38:01+01;1299
2015-02-15 14:06:01+01;1289
2015-02-15 16:38:01+01;1279
2015-02-15 22:06:01+01;1379
2015-02-16 06:18:01+01;1369
2015-02-16 07:18:01+01;1359
2015-02-16 08:06:01+01;1359
2015-02-16 08:26:01+01;1349
2015-02-16 09:26:01+01;1339
2015-02-16 09:58:01+01;1329
2015-02-16 11:22:01+01;1319
2015-02-16 11:50:01+01;1299
2015-02-16 13:26:01+01;1289
2015-02-16 14:54:01+01;1279
2015-02-16 15:26:01+01;1279
2015-02-16 22:06:02+01;1379
2015-02-17 06:30:01+01;1379
2015-02-17 07:06:01+01;1369
2015-02-17 08:02:01+01;1359
2015-02-17 08:30:01+01;1349
2015-02-17 09:30:01+01;1339
2015-02-17 10:30:01+01;1329
2015-02-17 10:58:01+01;1309
2015-02-17 12:50:01+01;1299
2015-02-17 22:06:01+01;1379
2015-02-18 06:18:01+01;1379
2015-02-18 07:42:01+01;1369
2015-02-18 08:38:01+01;1369
2015-02-18 09:02:01+01;1359
2015-02-18 09:22:02+01;1349
2015-02-18 09:58:01+01;1339
2015-02-18 10:58:01+01;1319
2015-02-18 12:30:01+01;1309
2015-02-18 13:50:01+01;1299
2015-02-18 15:50:01+01;1289
2015-02-18 22:06:01+01;1379
2015-02-19 07:46:01+01;1369
2015-02-19 08:58:01+01;1359
2015-02-19 09:22:01+01;1349
2015-02-19 10:26:01+01;1339
2015-02-19 10:58:01+01;1329
2015-02-19 12:22:01+01;1319
2015-02-19 13:26:01+01;1299
2015-02-19 15:22:01+01;1299
2015-02-19 15:50:01+01;1289
2015-02-19 17:38:01+01;1289
2015-02-19 22:06:01+01;1389
2015-02-20 06:18:01+01;1379
2015-02-20 06:54:01+01;1379
2015-02-20 07:26:01+01;1369
2015-02-20 08:58:01+01;1359
2015-02-20 09:58:01+01;1349
2015-02-20 10:22:01+01;1349
2015-02-20 10:54:01+01;1339
2015-02-20 11:38:01+01;1329
2015-02-20 12:50:01+01;1319
2015-02-20 13:26:01+01;1309
2015-02-20 14:50:01+01;1299
2015-02-20 15:22:01+01;1289
2015-02-20 17:50:01+01;1279
2015-02-20 22:06:01+01;1389
2015-02-21 06:06:01+01;1379
2015-02-21 07:06:01+01;1339
2015-02-21 08:46:01+01;1329
2015-02-21 09:30:01+01;1319
2015-02-21 10:18:01+01;1309
2015-02-21 11:22:01+01;1299
2015-02-21 12:06:01+01;1289
2015-02-21 22:06:01+01;1389
2015-02-22 07:38:01+01;1369
2015-02-22 08:38:01+01;1359
2015-02-22 09:38:01+01;1349
2015-02-22 10:06:01+01;1339
2015-02-22 11:06:01+01;1329
2015-02-22 12:06:01+01;1319
2015-02-22 13:06:01+01;1309
2015-02-22 14:06:01+01;1309
2015-02-22 14:38:01+01;1299
2015-02-22 15:10:01+01;1299
2015-02-22 15:38:01+01;1289
2015-02-22 16:06:01+01;1289
2015-02-22 17:06:01+01;1279
2015-02-22 22:06:01+01;1389
2015-02-23 06:26:01+01;1379
2015-02-23 07:06:01+01;1379
2015-02-23 07:26:01+01;1369
2015-02-23 07:58:01+01;1359
2015-02-23 09:26:01+01;1339
2015-02-23 10:26:01+01;1329
2015-02-23 10:58:01+01;1319
2015-02-23 11:26:01+01;1309
2015-02-23 12:06:01+01;1309
2015-02-23 12:58:01+01;1299
2015-02-23 13:58:01+01;1299
2015-02-23 16:26:01+01;1299
2015-02-23 17:38:01+01;1279
2015-02-23 22:06:01+01;1389
2015-02-24 06:22:01+01;1379
2015-02-24 06:50:01+01;1379
2015-02-24 07:26:01+01;1369
2015-02-24 08:26:01+01;1349
2015-02-24 09:22:01+01;1339
2015-02-24 09:50:02+01;1329
2015-02-24 10:50:01+01;1319
2015-02-24 11:22:01+01;1309
2015-02-24 12:30:01+01;1309
2015-02-24 13:50:01+01;1299
2015-02-24 14:26:01+01;1299
2015-02-24 17:22:01+01;1289
2015-02-24 22:06:01+01;1389
2015-02-25 01:26:01+01;1389
2015-02-25 06:30:01+01;1389
2015-02-25 06:50:01+01;1379
2015-02-25 07:22:01+01;1369
2015-02-25 09:30:01+01;1359
2015-02-25 10:26:01+01;1339
2015-02-25 11:50:01+01;1329
2015-02-25 12:22:01+01;1319
2015-02-25 13:22:01+01;1319
2015-02-25 14:46:01+01;1299
2015-02-25 16:06:01+01;1299
2015-02-25 17:30:01+01;1289
2015-02-25 22:06:01+01;1389
2015-02-26 06:22:01+01;1379
2015-02-26 07:50:01+01;1369
2015-02-26 08:58:01+01;1339
2015-02-26 10:58:01+01;1329
2015-02-26 12:22:01+01;1309
2015-02-26 13:10:01+01;1299
2015-02-26 14:22:01+01;1289
2015-02-26 16:30:01+01;1289
2015-02-26 17:38:01+01;1279
2015-02-26 22:06:01+01;1389
2015-02-27 06:26:01+01;1369
2015-02-27 07:58:01+01;1359
2015-02-27 08:50:01+01;1349
2015-02-27 10:38:01+01;1339
2015-02-27 11:50:01+01;1319
2015-02-27 14:26:01+01;1309
2015-02-27 17:42:01+01;1299
2015-02-27 22:06:01+01;1389
2015-02-28 06:06:01+01;1399
2015-02-28 07:06:01+01;1389
2015-02-28 07:38:01+01;1379
2015-02-28 08:10:01+01;1389
2015-02-28 10:02:01+01;1359
2015-02-28 11:38:01+01;1349
2015-02-28 13:22:01+01;1319
2015-02-28 14:42:01+01;1299
2015-02-28 15:06:01+01;1309
2015-02-28 15:38:01+01;1299
2015-02-28 17:38:01+01;1289
2015-02-28 22:06:01+01;1389
2015-03-01 11:38:01+01;1349
2015-03-01 12:42:01+01;1339
2015-03-01 13:10:01+01;1329
2015-03-01 14:10:01+01;1329
2015-03-01 15:10:01+01;1319
2015-03-01 15:42:01+01;1309
2015-03-01 16:10:01+01;1309
2015-03-01 22:10:01+01;1389
2015-03-02 06:22:01+01;1399
2015-03-02 07:22:01+01;1389
2015-03-02 09:02:01+01;1379
2015-03-02 10:22:01+01;1349
2015-03-02 12:06:01+01;1329
2015-03-02 13:30:01+01;1319
2015-03-02 14:22:01+01;1309
2015-03-02 14:50:01+01;1309
2015-03-02 18:38:01+01;1309
2015-03-02 22:06:01+01;1409
2015-03-03 06:26:01+01;1399
2015-03-03 08:06:01+01;1379
2015-03-03 09:46:01+01;1359
2015-03-03 11:18:01+01;1339
2015-03-03 12:58:01+01;1329
2015-03-03 13:58:01+01;1329
2015-03-03 15:50:01+01;1329
2015-03-03 16:58:01+01;1329
2015-03-03 18:26:01+01;1329
2015-03-03 22:06:01+01;1409
2015-03-04 06:26:01+01;1419
2015-03-04 07:26:01+01;1409
2015-03-04 07:58:01+01;1399
2015-03-04 08:50:01+01;1379
2015-03-04 09:50:01+01;1369
2015-03-04 10:58:01+01;1359
2015-03-04 12:26:01+01;1339
2015-03-04 14:42:01+01;1329
2015-03-04 15:46:01+01;1329
2015-03-04 16:54:01+01;1329
2015-03-04 18:06:01+01;1319
2015-03-04 22:06:01+01;1409
2015-03-05 06:18:01+01;1419
2015-03-05 08:02:01+01;1399
2015-03-05 09:42:01+01;1389
2015-03-05 11:18:01+01;1369
2015-03-05 12:26:01+01;1349
2015-03-05 13:30:01+01;1339
2015-03-05 16:02:01+01;1329
2015-03-05 18:06:01+01;1319
2015-03-05 22:06:01+01;1409
2015-03-06 06:22:01+01;1409
2015-03-06 08:14:01+01;1399
2015-03-06 09:22:01+01;1389
2015-03-06 10:46:01+01;1359
2015-03-06 11:58:01+01;1349
2015-03-06 12:50:01+01;1339
2015-03-06 13:58:01+01;1329
2015-03-06 16:22:01+01;1329
2015-03-06 17:22:01+01;1329
2015-03-06 22:06:01+01;1409
2015-03-07 06:06:01+01;1429
2015-03-07 07:06:01+01;1409
2015-03-07 08:26:01+01;1399
2015-03-07 09:02:01+01;1399
2015-03-07 09:46:01+01;1389
2015-03-07 10:26:01+01;1379
2015-03-07 11:30:01+01;1369
2015-03-07 12:10:01+01;1349
2015-03-07 12:50:01+01;1339
2015-03-07 13:18:01+01;1339
2015-03-07 14:22:01+01;1329
2015-03-07 22:06:01+01;1409
2015-03-08 07:06:01+01;1399
2015-03-08 08:06:01+01;1389
2015-03-08 09:06:01+01;1379
2015-03-08 10:06:01+01;1369
2015-03-08 11:06:01+01;1359
2015-03-08 12:06:01+01;1349
2015-03-08 12:38:01+01;1349
2015-03-08 13:06:01+01;1339
2015-03-08 14:06:01+01;1339
2015-03-08 15:06:01+01;1329
2015-03-08 22:06:01+01;1409
2015-03-09 06:18:01+01;1409
2015-03-09 07:06:01+01;1409
2015-03-09 07:26:01+01;1399
2015-03-09 08:26:01+01;1389
2015-03-09 09:18:01+01;1379
2015-03-09 10:46:01+01;1359
2015-03-09 13:06:01+01;1339
2015-03-09 15:26:01+01;1329
2015-03-09 17:26:01+01;1329
2015-03-09 17:58:01+01;1319
2015-03-09 22:06:01+01;1429
2015-03-10 06:22:01+01;1429
2015-03-10 07:10:02+01;1419
2015-03-10 07:58:01+01;1409
2015-03-10 09:18:01+01;1399
2015-03-10 10:38:01+01;1389
2015-03-10 11:18:01+01;1379
2015-03-10 11:50:01+01;1369
2015-03-10 13:22:01+01;1349
2015-03-10 14:38:01+01;1339
2015-03-10 15:54:01+01;1329
2015-03-10 22:06:01+01;1429
2015-03-11 06:26:01+01;1429
2015-03-11 07:58:01+01;1419
2015-03-11 08:58:01+01;1409
2015-03-11 09:38:01+01;1389
2015-03-11 10:38:01+01;1379
2015-03-11 11:38:01+01;1369
2015-03-11 13:06:01+01;1349
2015-03-11 14:22:01+01;1339
2015-03-11 16:22:01+01;1339
2015-03-11 22:06:01+01;1429
2015-03-12 06:14:01+01;1419
2015-03-12 08:02:01+01;1419
2015-03-12 08:22:01+01;1409
2015-03-12 09:26:01+01;1399
2015-03-12 11:22:01+01;1369
2015-03-12 13:10:01+01;1359
2015-03-12 14:14:01+01;1339
2015-03-12 22:06:01+01;1449
2015-03-13 06:46:01+01;1419
2015-03-13 07:58:01+01;1409
2015-03-13 08:46:01+01;1399
2015-03-13 09:50:01+01;1389
2015-03-13 11:18:01+01;1359
2015-03-13 14:58:01+01;1349
2015-03-13 17:22:01+01;1339
2015-03-13 22:06:02+01;1449
2015-03-14 06:06:01+01;1459
2015-03-14 07:06:01+01;1419
2015-03-14 08:50:01+01;1409
2015-03-14 09:26:01+01;1399
2015-03-14 10:22:01+01;1389
2015-03-14 11:50:01+01;1379
2015-03-14 12:22:01+01;1359
2015-03-14 13:22:01+01;1349
2015-03-14 14:50:01+01;1349
2015-03-14 15:38:01+01;1339
2015-03-14 22:06:01+01;1449
2015-03-15 07:06:01+01;1399
2015-03-15 08:06:01+01;1389
2015-03-15 11:06:01+01;1379
2015-03-15 12:06:01+01;1359
2015-03-15 14:06:01+01;1349
2015-03-15 22:06:01+01;1449
2015-03-16 06:26:01+01;1439
2015-03-16 07:10:01+01;1429
2015-03-16 08:22:01+01;1419
2015-03-16 09:02:01+01;1409
2015-03-16 10:22:01+01;1389
2015-03-16 11:38:01+01;1369
2015-03-16 12:46:01+01;1359
2015-03-16 14:06:01+01;1349
2015-03-16 15:18:01+01;1349
2015-03-16 22:06:01+01;1449
2015-03-17 06:02:01+01;1429
2015-03-17 10:10:01+01;1399
2015-03-17 11:38:01+01;1389
2015-03-17 14:18:01+01;1369
2015-03-17 15:26:01+01;1339
2015-03-17 22:06:01+01;1449
2015-03-18 06:14:01+01;1429
2015-03-18 07:02:01+01;1419
2015-03-18 07:50:01+01;1409
2015-03-18 09:22:01+01;1389
2015-03-18 11:06:01+01;1379
2015-03-18 12:22:01+01;1359
2015-03-18 15:06:01+01;1339
2015-03-18 16:22:01+01;1329
2015-03-18 17:30:01+01;1329
2015-03-18 22:06:01+01;1449
2015-03-19 06:18:01+01;1419
2015-03-19 08:30:01+01;1399
2015-03-19 09:42:01+01;1389
2015-03-19 11:02:01+01;1389
2015-03-19 11:30:01+01;1369
2015-03-19 13:06:01+01;1359
2015-03-19 13:58:01+01;1349
2015-03-19 15:22:01+01;1339
2015-03-19 15:50:01+01;1329
2015-03-19 18:06:01+01;1319
2015-03-19 19:06:01+01;1319
2015-03-19 22:10:01+01;1449
2015-03-20 06:02:01+01;1429
2015-03-20 07:46:01+01;1409
2015-03-20 09:06:01+01;1409
2015-03-20 09:26:01+01;1399
2015-03-20 10:22:01+01;1389
2015-03-20 11:18:01+01;1379
2015-03-20 16:02:01+01;1359
2015-03-20 17:38:01+01;1339
2015-03-20 18:38:01+01;1329
2015-03-20 22:06:01+01;1449
2015-03-21 06:38:01+01;1429
2015-03-21 08:10:01+01;1419
2015-03-21 09:42:01+01;1409
2015-03-21 11:02:01+01;1389
2015-03-21 12:22:01+01;1369
2015-03-21 13:46:01+01;1359
2015-03-21 15:06:01+01;1339
2015-03-21 15:38:01+01;1329
2015-03-21 22:06:01+01;1449
2015-03-22 07:06:01+01;1419
2015-03-22 08:06:01+01;1409
2015-03-22 09:06:01+01;1399
2015-03-22 09:38:01+01;1409
2015-03-22 10:06:01+01;1399
2015-03-22 10:38:01+01;1389
2015-03-22 12:10:01+01;1389
2015-03-22 12:38:01+01;1379
2015-03-22 13:38:01+01;1369
2015-03-22 14:38:01+01;1359
2015-03-22 16:06:02+01;1349
2015-03-22 17:06:01+01;1329
2015-03-22 22:06:01+01;1449
2015-03-23 06:22:01+01;1439
2015-03-23 07:10:01+01;1429
2015-03-23 08:30:01+01;1399
2015-03-23 08:58:01+01;1359
2015-03-23 10:30:01+01;1339
2015-03-23 13:38:01+01;1339
2015-03-23 15:18:01+01;1329
2015-03-23 18:38:01+01;1319
2015-03-23 19:10:01+01;1329
2015-03-23 19:38:01+01;1319
2015-03-23 22:06:01+01;1449
2015-03-24 06:22:01+01;1439
2015-03-24 07:02:01+01;1429
2015-03-24 07:38:01+01;1419
2015-03-24 08:18:01+01;1409
2015-03-24 09:26:01+01;1399
2015-03-24 10:38:01+01;1379
2015-03-24 11:50:01+01;1369
2015-03-24 12:42:01+01;1359
2015-03-24 14:02:01+01;1349
2015-03-24 15:06:01+01;1339
2015-03-24 15:58:01+01;1339
2015-03-24 22:06:01+01;1449
2015-03-25 06:22:01+01;1439
2015-03-25 08:42:01+01;1429
2015-03-25 10:26:01+01;1419
2015-03-25 10:46:01+01;1419
2015-03-25 13:18:01+01;1409
2015-03-25 14:06:01+01;1399
2015-03-25 14:42:01+01;1389
2015-03-25 15:46:01+01;1389
2015-03-25 16:22:01+01;1369
2015-03-25 17:22:01+01;1359
2015-03-25 18:38:01+01;1349
2015-03-25 19:06:01+01;1339
2015-03-25 22:06:01+01;1449
2015-03-26 06:22:01+01;1429
2015-03-26 07:58:01+01;1419
2015-03-26 09:30:01+01;1409
2015-03-26 10:38:01+01;1389
2015-03-26 11:10:01+01;1379
2015-03-26 11:58:01+01;1369
2015-03-26 13:06:01+01;1359
2015-03-26 14:10:01+01;1349
2015-03-26 22:06:01+01;1449
2015-03-27 06:30:01+01;1439
2015-03-27 07:50:01+01;1429
2015-03-27 08:46:01+01;1419
2015-03-27 09:26:01+01;1409
2015-03-27 10:10:01+01;1399
2015-03-27 12:10:01+01;1369
2015-03-27 12:50:01+01;1359
2015-03-27 14:46:01+01;1359
2015-03-27 22:06:01+01;1449
2015-03-28 06:06:01+01;1439
2015-03-28 08:22:01+01;1439
2015-03-28 08:58:01+01;1429
2015-03-28 09:26:01+01;1419
2015-03-28 10:06:01+01;1409
2015-03-28 10:22:01+01;1399
2015-03-28 10:50:01+01;1389
2015-03-28 11:54:01+01;1379
2015-03-28 12:58:01+01;1379
2015-03-28 13:22:01+01;1369
2015-03-28 13:58:01+01;1359
2015-03-28 16:06:01+01;1349
2015-03-28 16:38:01+01;1349
2015-03-28 22:06:01+01;1449
2015-03-29 07:38:01+02;1349
2015-03-29 11:38:01+02;1349
2015-03-29 14:38:01+02;1349
2015-03-29 22:06:01+02;1449
2015-03-30 06:10:01+02;1439
2015-03-30 08:46:01+02;1359
2015-03-30 12:22:01+02;1349
2015-03-30 13:58:01+02;1349
2015-03-30 22:06:01+02;1459
2015-03-31 06:06:01+02;1439
2015-03-31 07:58:01+02;1429
2015-03-31 09:02:01+02;1419
2015-03-31 09:50:01+02;1399
2015-03-31 11:30:01+02;1389
2015-03-31 12:58:01+02;1369
2015-03-31 13:58:01+02;1359
2015-03-31 17:50:01+02;1359
2015-03-31 18:38:01+02;1359
2015-03-31 19:38:01+02;1359
2015-03-31 22:06:01+02;1459
2015-04-01 06:22:01+02;1449
2015-04-01 09:10:01+02;1429
2015-04-01 10:22:01+02;1419
2015-04-01 11:50:01+02;1409
2015-04-01 12:50:01+02;1399
2015-04-01 16:10:01+02;1369
2015-04-01 17:02:01+02;1369
2015-04-01 18:02:02+02;1359
2015-04-01 19:10:01+02;1359
2015-04-01 20:10:01+02;1359
2015-04-01 22:10:01+02;1459
2015-04-02 06:30:01+02;1459
2015-04-02 07:50:01+02;1449
2015-04-02 08:22:01+02;1449
2015-04-02 09:02:01+02;1429
2015-04-02 10:22:01+02;1409
2015-04-02 11:18:01+02;1389
2015-04-02 12:06:01+02;1389
2015-04-02 13:18:01+02;1379
2015-04-02 14:22:01+02;1369
2015-04-02 14:50:01+02;1359
2015-04-02 16:50:01+02;1359
2015-04-02 17:22:01+02;1359
2015-04-02 22:06:01+02;1459
2015-04-03 07:38:01+02;1459
2015-04-03 09:38:01+02;1449
2015-04-03 10:06:01+02;1429
2015-04-03 11:38:01+02;1409
2015-04-03 12:06:01+02;1409
2015-04-03 13:06:01+02;1399
2015-04-03 13:38:01+02;1379
2015-04-03 14:06:01+02;1369
2015-04-03 15:06:01+02;1359
2015-04-03 16:06:01+02;1359
2015-04-03 22:06:01+02;1459
2015-04-04 06:38:01+02;1459
2015-04-04 07:38:01+02;1459
2015-04-04 08:54:01+02;1449
2015-04-04 09:22:01+02;1439
2015-04-04 10:22:01+02;1419
2015-04-04 11:58:01+02;1409
2015-04-04 12:22:01+02;1399
2015-04-04 12:50:01+02;1389
2015-04-04 13:58:01+02;1379
2015-04-04 14:58:01+02;1369
2015-04-04 16:06:01+02;1359
2015-04-04 17:38:01+02;1349
2015-04-04 22:06:01+02;1459
2015-04-05 07:06:01+02;1459
2015-04-05 07:38:01+02;1449
2015-04-05 09:06:01+02;1439
2015-04-05 09:38:01+02;1429
2015-04-05 11:06:01+02;1409
2015-04-05 11:38:01+02;1399
2015-04-05 13:06:01+02;1379
2015-04-05 14:06:01+02;1369
2015-04-05 15:06:01+02;1359
2015-04-05 18:38:01+02;1359
2015-04-05 19:06:01+02;1349
2015-04-05 22:06:01+02;1459
2015-04-06 07:06:01+02;1459
2015-04-06 07:38:01+02;1449
2015-04-06 09:38:01+02;1429
2015-04-06 11:06:01+02;1419
2015-04-06 11:38:01+02;1409
2015-04-06 12:06:01+02;1399
2015-04-06 13:06:01+02;1379
2015-04-06 13:38:01+02;1369
2015-04-06 14:06:01+02;1359
2015-04-06 22:06:01+02;1459
2015-04-07 06:26:01+02;1459
2015-04-07 07:10:01+02;1459
2015-04-07 08:06:01+02;1449
2015-04-07 08:42:01+02;1449
2015-04-07 09:42:01+02;1429
2015-04-07 10:30:01+02;1419
2015-04-07 11:50:01+02;1399
2015-04-07 13:22:01+02;1379
2015-04-07 14:26:01+02;1369
2015-04-07 15:02:01+02;1359
2015-04-07 22:06:01+02;1459
2015-04-08 06:22:01+02;1449
2015-04-08 08:02:01+02;1439
2015-04-08 09:06:01+02;1429
2015-04-08 09:50:01+02;1419
2015-04-08 10:38:01+02;1409
2015-04-08 10:46:01+02;1399
2015-04-08 12:06:01+02;1399
2015-04-08 12:50:01+02;1379
2015-04-08 13:58:01+02;1369
2015-04-08 14:46:01+02;1369
2015-04-08 15:26:01+02;1359
2015-04-08 22:06:01+02;1459
2015-04-09 06:30:01+02;1459
2015-04-09 07:10:01+02;1449
2015-04-09 09:06:01+02;1439
2015-04-09 10:26:01+02;1439
2015-04-09 13:30:01+02;1439
2015-04-09 13:50:01+02;1429
2015-04-09 15:02:01+02;1419
2015-04-09 15:46:01+02;1399
2015-04-09 16:58:01+02;1389
2015-04-09 18:10:01+02;1379
2015-04-09 19:06:01+02;1369
2015-04-09 19:38:01+02;1359
2015-04-09 22:06:01+02;1459
2015-04-10 06:22:01+02;1459
2015-04-10 06:50:01+02;1459
2015-04-10 07:26:01+02;1449
2015-04-10 07:50:01+02;1449
2015-04-10 08:18:01+02;1439
2015-04-10 09:38:01+02;1429
2015-04-10 09:50:01+02;1409
2015-04-10 11:46:01+02;1399
2015-04-10 13:22:01+02;1379
2015-04-10 14:38:01+02;1369
2015-04-10 15:26:01+02;1359
2015-04-10 20:06:01+02;1359
2015-04-10 22:06:01+02;1459
2015-04-11 06:06:01+02;1449
2015-04-11 06:38:01+02;1449
2015-04-11 09:26:01+02;1429
2015-04-11 10:18:01+02;1419
2015-04-11 11:30:01+02;1409
2015-04-11 12:02:01+02;1399
2015-04-11 12:26:01+02;1389
2015-04-11 12:46:01+02;1379
2015-04-11 14:26:01+02;1369
2015-04-11 15:38:01+02;1359
2015-04-11 16:06:01+02;1359
2015-04-11 22:06:01+02;1459
2015-04-12 07:38:01+02;1359
2015-04-12 13:06:01+02;1359
2015-04-12 22:06:01+02;1459
2015-04-13 06:38:01+02;1449
2015-04-13 07:58:01+02;1439
2015-04-13 09:22:01+02;1419
2015-04-13 10:42:01+02;1399
2015-04-13 12:02:01+02;1379
2015-04-13 14:02:01+02;1369
2015-04-13 22:06:01+02;1479
2015-04-13 23:06:01+02;1469
2015-04-14 06:26:01+02;1469
2015-04-14 07:10:01+02;1459
2015-04-14 08:22:01+02;1429
2015-04-14 09:42:01+02;1419
2015-04-14 10:50:01+02;1409
2015-04-14 12:10:01+02;1389
2015-04-14 13:06:01+02;1379
2015-04-14 14:42:01+02;1369
2015-04-14 17:26:01+02;1369
2015-04-14 18:06:01+02;1369
2015-04-14 22:06:01+02;1479
2015-04-14 23:02:01+02;1469
2015-04-15 06:38:01+02;1459
2015-04-15 06:58:01+02;1459
2015-04-15 07:26:01+02;1449
2015-04-15 08:46:01+02;1439
2015-04-15 09:46:01+02;1419
2015-04-15 10:38:01+02;1409
2015-04-15 11:38:01+02;1399
2015-04-15 12:38:01+02;1389
2015-04-15 13:46:01+02;1379
2015-04-15 14:46:01+02;1369
2015-04-15 16:26:02+02;1369
2015-04-15 22:06:01+02;1479
2015-04-15 23:06:01+02;1469
2015-04-16 06:26:02+02;1459
2015-04-16 06:58:01+02;1449
2015-04-16 07:58:01+02;1439
2015-04-16 08:26:01+02;1429
2015-04-16 10:26:01+02;1419
2015-04-16 11:58:01+02;1399
2015-04-16 12:58:01+02;1389
2015-04-16 13:58:02+02;1379
2015-04-16 15:58:01+02;1379
2015-04-16 22:06:01+02;1479
2015-04-16 23:06:01+02;1469
2015-04-17 06:26:01+02;1469
2015-04-17 06:58:01+02;1459
2015-04-17 07:46:01+02;1439
2015-04-17 08:58:01+02;1429
2015-04-17 09:58:01+02;1419
2015-04-17 11:06:01+02;1409
2015-04-17 12:38:01+02;1399
2015-04-17 13:46:01+02;1389
2015-04-17 18:06:01+02;1379
2015-04-17 22:06:01+02;1479
2015-04-17 23:06:01+02;1469
2015-04-18 06:06:01+02;1479
2015-04-18 07:06:01+02;1469
2015-04-18 09:06:01+02;1429
2015-04-18 09:38:01+02;1429
2015-04-18 09:58:01+02;1429
2015-04-18 11:22:01+02;1409
2015-04-18 13:22:01+02;1389
2015-04-18 15:50:01+02;1369
2015-04-18 22:06:01+02;1479
2015-04-18 23:06:01+02;1469
2015-04-19 07:06:01+02;1469
2015-04-19 09:06:01+02;1449
2015-04-19 10:06:01+02;1429
2015-04-19 10:38:01+02;1409
2015-04-19 11:38:01+02;1389
2015-04-19 15:06:01+02;1389
2015-04-19 22:06:01+02;1479
2015-04-19 23:06:01+02;1469
2015-04-20 06:26:01+02;1479
2015-04-20 06:46:01+02;1459
2015-04-20 07:38:01+02;1449
2015-04-20 09:22:01+02;1429
2015-04-20 09:50:01+02;1419
2015-04-20 11:50:01+02;1399
2015-04-20 15:06:01+02;1399
2015-04-20 18:06:01+02;1389
2015-04-20 22:06:01+02;1489
2015-04-20 23:06:01+02;1469
2015-04-21 06:26:01+02;1479
2015-04-21 07:02:01+02;1469
2015-04-21 08:22:01+02;1469
2015-04-21 11:22:01+02;1459
2015-04-21 12:22:01+02;1449
2015-04-21 12:50:01+02;1439
2015-04-21 13:42:01+02;1429
2015-04-21 14:50:01+02;1419
2015-04-21 15:22:01+02;1409
2015-04-21 15:50:01+02;1399
2015-04-21 17:22:01+02;1389
2015-04-21 22:06:01+02;1489
2015-04-21 23:06:01+02;1469
2015-04-22 06:22:01+02;1489
2015-04-22 06:58:01+02;1469
2015-04-22 07:50:01+02;1459
2015-04-22 08:58:01+02;1449
2015-04-22 09:06:01+02;1429
2015-04-22 11:30:01+02;1409
2015-04-22 12:58:01+02;1399
2015-04-22 14:42:01+02;1389
2015-04-22 16:22:01+02;1389
2015-04-22 22:06:01+02;1489
2015-04-22 23:06:01+02;1469
2015-04-23 07:50:01+02;1459
2015-04-23 08:26:01+02;1449
2015-04-23 08:58:01+02;1439
2015-04-23 10:22:01+02;1419
2015-04-23 10:46:01+02;1409
2015-04-23 13:26:01+02;1379
2015-04-23 14:22:01+02;1379
2015-04-23 16:50:01+02;1379
2015-04-23 22:06:01+02;1489
2015-04-23 23:06:01+02;1469
2015-04-24 06:02:01+02;1469
2015-04-24 07:22:01+02;1459
2015-04-24 08:30:01+02;1449
2015-04-24 09:02:01+02;1439
2015-04-24 09:26:01+02;1429
2015-04-24 10:38:01+02;1419
2015-04-24 12:22:01+02;1409
2015-04-24 13:02:01+02;1409
2015-04-24 15:10:01+02;1399
2015-04-24 17:50:01+02;1399
2015-04-24 22:06:01+02;1489
2015-04-24 23:06:01+02;1469
2015-04-25 06:06:01+02;1489
2015-04-25 06:38:01+02;1489
2015-04-25 08:26:01+02;1469
2015-04-25 08:50:01+02;1469
2015-04-25 09:22:01+02;1459
2015-04-25 10:22:01+02;1439
2015-04-25 10:50:01+02;1429
2015-04-25 11:50:01+02;1419
2015-04-25 12:50:01+02;1409
2015-04-25 13:58:01+02;1399
2015-04-25 22:06:01+02;1489
2015-04-25 23:06:01+02;1469
2015-04-26 09:06:01+02;1459
2015-04-26 09:38:01+02;1449
2015-04-26 10:38:01+02;1439
2015-04-26 12:06:01+02;1429
2015-04-26 12:38:01+02;1419
2015-04-26 13:06:01+02;1409
2015-04-26 14:06:01+02;1399
2015-04-26 15:06:01+02;1399
2015-04-26 15:38:01+02;1399
2015-04-26 22:06:01+02;1489
2015-04-26 23:06:01+02;1469
2015-04-27 06:30:01+02;1489
2015-04-27 07:18:01+02;1479
2015-04-27 07:50:01+02;1469
2015-04-27 08:50:01+02;1459
2015-04-27 10:50:01+02;1429
2015-04-27 11:50:01+02;1419
2015-04-27 13:10:01+02;1419
2015-04-27 14:50:01+02;1409
2015-04-27 22:06:01+02;1529
2015-04-27 23:06:01+02;1499
2015-04-28 07:26:01+02;1489
2015-04-28 08:38:01+02;1479
2015-04-28 09:50:01+02;1459
2015-04-28 11:22:01+02;1429
2015-04-28 12:46:01+02;1409
2015-04-28 13:50:01+02;1399
2015-04-28 15:22:01+02;1399
2015-04-28 17:46:01+02;1399
2015-04-28 22:06:01+02;1529
2015-04-28 23:06:01+02;1499
2015-04-29 06:26:01+02;1479
2015-04-29 07:06:01+02;1469
2015-04-29 07:38:01+02;1459
2015-04-29 08:38:01+02;1439
2015-04-29 09:38:01+02;1429
2015-04-29 10:22:01+02;1419
2015-04-29 11:58:01+02;1409
2015-04-29 13:30:01+02;1399
2015-04-29 22:06:01+02;1529
2015-04-29 23:06:01+02;1499
2015-04-30 06:22:01+02;1489
2015-04-30 07:50:01+02;1479
2015-04-30 09:38:01+02;1449
2015-04-30 11:30:01+02;1429
2015-04-30 13:02:01+02;1409
2015-04-30 22:06:01+02;1529
2015-04-30 23:06:01+02;1499
2015-05-01 08:42:01+02;1449
2015-05-01 09:10:01+02;1429
2015-05-01 10:42:01+02;1409
2015-05-01 12:42:01+02;1399
2015-05-01 14:10:01+02;1399
2015-05-01 22:10:01+02;1529
2015-05-01 23:10:01+02;1499
2015-05-02 06:10:01+02;1499
2015-05-02 08:42:01+02;1449
2015-05-02 08:50:01+02;1429
2015-05-02 10:30:01+02;1419
2015-05-02 11:30:01+02;1419
2015-05-02 12:42:01+02;1399
2015-05-02 22:06:01+02;1529
2015-05-02 23:06:01+02;1499
2015-05-03 09:38:01+02;1449
2015-05-03 10:38:01+02;1409
2015-05-03 11:06:01+02;1389
2015-05-03 15:06:01+02;1389
2015-05-03 16:06:01+02;1389
2015-05-03 22:06:01+02;1529
2015-05-03 23:06:01+02;1499
2015-05-04 06:30:01+02;1499
2015-05-04 06:50:01+02;1489
2015-05-04 08:50:01+02;1429
2015-05-04 11:30:01+02;1419
2015-05-04 12:58:01+02;1409
2015-05-04 14:22:01+02;1409
2015-05-04 18:06:01+02;1399
2015-05-04 22:06:01+02;1529
2015-05-04 23:06:01+02;1499
2015-05-05 06:22:01+02;1489
2015-05-05 07:50:01+02;1479
2015-05-05 08:22:01+02;1469
2015-05-05 10:06:01+02;1449
2015-05-05 11:22:01+02;1439
2015-05-05 12:22:01+02;1429
2015-05-05 13:26:02+02;1419
2015-05-05 14:50:01+02;1409
2015-05-05 22:06:01+02;1529
2015-05-05 23:06:02+02;1499
2015-05-06 07:50:01+02;1489
2015-05-06 08:22:01+02;1479
2015-05-06 09:02:01+02;1469
2015-05-06 09:22:01+02;1459
2015-05-06 11:26:01+02;1449
2015-05-06 12:58:01+02;1429
2015-05-06 14:22:01+02;1409
2015-05-06 22:06:01+02;1529
2015-05-06 23:06:01+02;1499
2015-05-07 07:22:02+02;1489
2015-05-07 07:50:01+02;1479
2015-05-07 08:50:01+02;1469
2015-05-07 09:26:01+02;1459
2015-05-07 10:46:02+02;1449
2015-05-07 11:50:01+02;1429
2015-05-07 22:06:01+02;1529
2015-05-07 23:10:01+02;1499
2015-05-08 07:22:01+02;1489
2015-05-08 07:50:01+02;1479
2015-05-08 08:22:01+02;1469
2015-05-08 08:50:01+02;1469
2015-05-08 09:22:01+02;1459
2015-05-08 09:38:01+02;1449
2015-05-08 10:58:01+02;1449
2015-05-08 11:38:01+02;1439
2015-05-08 11:50:02+02;1419
2015-05-08 14:46:01+02;1399
2015-05-08 17:06:01+02;1399
2015-05-08 22:06:01+02;1529
2015-05-08 23:06:01+02;1499
2015-05-09 06:06:01+02;1489
2015-05-09 08:26:01+02;1479
2015-05-09 09:22:01+02;1469
2015-05-09 09:50:01+02;1459
2015-05-09 10:50:01+02;1449
2015-05-09 11:58:01+02;1439
2015-05-09 12:30:01+02;1429
2015-05-09 13:26:01+02;1419
2015-05-09 14:22:01+02;1409
2015-05-09 15:38:01+02;1399
2015-05-09 22:06:01+02;1529
2015-05-09 23:06:01+02;1499
2015-05-10 07:06:01+02;1489
2015-05-10 07:38:01+02;1489
2015-05-10 09:38:01+02;1479
2015-05-10 10:06:01+02;1469
2015-05-10 10:38:01+02;1459
2015-05-10 12:06:01+02;1439
2015-05-10 13:06:01+02;1429
2015-05-10 14:06:01+02;1419
2015-05-10 14:38:01+02;1409
2015-05-10 15:06:01+02;1409
2015-05-10 22:06:01+02;1529
2015-05-10 23:06:01+02;1499
2015-05-11 06:22:01+02;1489
2015-05-11 08:46:01+02;1469
2015-05-11 08:58:01+02;1459
2015-05-11 10:22:01+02;1449
2015-05-11 10:46:01+02;1439
2015-05-11 11:22:01+02;1429
2015-05-11 12:22:01+02;1419
2015-05-11 13:38:01+02;1409
2015-05-11 15:58:01+02;1409
2015-05-11 22:06:01+02;1529
2015-05-11 23:06:01+02;1499
2015-05-12 06:26:01+02;1489
2015-05-12 07:58:01+02;1479
2015-05-12 09:06:01+02;1459
2015-05-12 09:50:01+02;1439
2015-05-12 11:50:01+02;1429
2015-05-12 12:22:01+02;1409
2015-05-12 13:02:01+02;1399
2015-05-12 22:06:01+02;1529
2015-05-12 23:06:01+02;1499
2015-05-13 06:26:01+02;1489
2015-05-13 08:58:01+02;1469
2015-05-13 09:58:01+02;1459
2015-05-13 11:38:01+02;1439
2015-05-13 12:38:01+02;1419
2015-05-13 13:26:02+02;1409
2015-05-13 15:46:01+02;1399
2015-05-13 22:06:01+02;1529
2015-05-13 23:06:01+02;1499
2015-05-14 07:38:01+02;1489
2015-05-14 09:38:01+02;1399
2015-05-14 12:38:01+02;1399
2015-05-14 14:06:01+02;1399
2015-05-14 22:06:01+02;1529
2015-05-14 23:06:01+02;1499
2015-05-15 08:46:01+02;1449
2015-05-15 09:22:01+02;1449
2015-05-15 10:18:01+02;1439
2015-05-15 11:18:01+02;1429
2015-05-15 13:38:01+02;1419
2015-05-15 22:06:01+02;1529
2015-05-15 23:06:01+02;1499
2015-05-16 06:06:01+02;1489
2015-05-16 09:26:01+02;1489
2015-05-16 13:22:01+02;1479
2015-05-16 14:46:01+02;1469
2015-05-16 16:38:01+02;1459
2015-05-16 17:38:01+02;1449
2015-05-16 18:06:01+02;1439
2015-05-16 19:38:01+02;1429
2015-05-16 22:06:01+02;1529
2015-05-16 23:06:01+02;1499
2015-05-17 09:38:01+02;1469
2015-05-17 10:38:01+02;1449
2015-05-17 12:38:01+02;1429
2015-05-17 15:06:01+02;1419
2015-05-17 15:38:01+02;1409
2015-05-17 22:06:01+02;1529
2015-05-17 23:06:01+02;1499
2015-05-18 07:46:01+02;1479
2015-05-18 08:50:01+02;1469
2015-05-18 15:58:01+02;1419
2015-05-19 06:18:01+02;1499
2015-05-19 06:58:01+02;1489
2015-05-19 07:58:01+02;1479
2015-05-19 09:50:01+02;1459
2015-05-19 13:06:01+02;1419
2015-05-19 18:06:01+02;1409
2015-05-19 19:06:01+02;1409
2015-05-19 22:06:01+02;1529
2015-05-19 23:06:01+02;1499
2015-05-20 06:26:01+02;1489
2015-05-20 07:30:01+02;1479
2015-05-20 09:22:01+02;1459
2015-05-20 11:06:01+02;1439
2015-05-20 12:50:01+02;1419
2015-05-20 15:26:01+02;1399
2015-05-20 22:06:01+02;1529
2015-05-20 23:06:01+02;1499
2015-05-21 06:22:01+02;1489
2015-05-21 07:18:01+02;1479
2015-05-21 08:18:01+02;1469
2015-05-21 08:50:01+02;1459
2015-05-21 09:58:01+02;1449
2015-05-21 10:42:01+02;1439
2015-05-21 11:50:01+02;1419
2015-05-21 22:06:01+02;1529
2015-05-21 23:06:01+02;1499
2015-05-22 07:22:01+02;1489
2015-05-22 07:58:01+02;1479
2015-05-22 09:38:01+02;1469
2015-05-22 10:50:01+02;1449
2015-05-22 11:46:01+02;1429
2015-05-22 18:06:01+02;1409
2015-05-22 22:06:01+02;1569
2015-05-22 23:06:01+02;1529
2015-05-23 06:38:01+02;1499
2015-05-23 09:02:01+02;1499
2015-05-23 09:30:01+02;1489
2015-05-23 10:26:01+02;1469
2015-05-23 11:30:01+02;1459
2015-05-23 12:22:01+02;1439
2015-05-23 14:26:01+02;1409
2015-05-23 16:38:01+02;1409
2015-05-23 17:06:01+02;1409
2015-05-23 22:06:01+02;1569
2015-05-23 23:06:01+02;1529
2015-05-24 07:38:01+02;1509
2015-05-24 09:38:01+02;1499
2015-05-24 10:38:01+02;1489
2015-05-24 11:06:01+02;1479
2015-05-24 12:06:01+02;1469
2015-05-24 13:06:01+02;1459
2015-05-24 13:38:01+02;1449
2015-05-24 14:38:01+02;1439
2015-05-24 15:06:01+02;1429
2015-05-24 15:38:01+02;1419
2015-05-24 16:06:01+02;1419
2015-05-24 16:38:01+02;1409
2015-05-24 17:06:01+02;1409
2015-05-24 22:06:01+02;1569
2015-05-24 23:06:01+02;1529
2015-05-25 07:06:01+02;1499
2015-05-25 08:06:01+02;1499
2015-05-25 09:38:01+02;1479
2015-05-25 11:06:01+02;1469
2015-05-25 11:38:01+02;1459
2015-05-25 12:38:01+02;1449
2015-05-25 13:06:01+02;1439
2015-05-25 14:06:01+02;1419
2015-05-25 15:06:01+02;1409
2015-05-25 16:06:01+02;1409
2015-05-26 06:26:02+02;1509
2015-05-26 07:18:01+02;1499
2015-05-26 08:06:01+02;1499
2015-05-26 09:06:01+02;1479
2015-05-26 09:30:01+02;1469
2015-05-26 11:58:01+02;1449
2015-05-26 13:22:01+02;1429
2015-05-26 22:06:01+02;1569
2015-05-26 23:06:01+02;1529
2015-05-27 06:10:01+02;1509
2015-05-27 08:10:01+02;1499
2015-05-27 08:50:01+02;1489
2015-05-27 09:22:01+02;1469
2015-05-27 10:38:01+02;1459
2015-05-27 11:26:01+02;1449
2015-05-27 12:22:01+02;1439
2015-05-27 13:26:01+02;1429
2015-05-27 22:06:01+02;1569
2015-05-27 23:06:01+02;1529
2015-05-28 06:06:01+02;1509
2015-05-28 07:22:01+02;1499
2015-05-28 08:06:01+02;1489
2015-05-28 08:38:01+02;1479
2015-05-28 09:42:01+02;1469
2015-05-28 10:18:01+02;1459
2015-05-28 10:50:01+02;1449
2015-05-28 12:18:01+02;1439
2015-05-28 12:50:01+02;1429
2015-05-28 15:22:01+02;1409
2015-05-28 22:06:01+02;1569
2015-05-28 23:06:01+02;1529
2015-05-29 06:22:01+02;1499
2015-05-29 08:26:01+02;1489
2015-05-29 08:42:01+02;1479
2015-05-29 09:38:01+02;1469
2015-05-29 10:22:01+02;1449
2015-05-29 11:58:01+02;1439
2015-05-29 12:50:01+02;1419
2015-05-29 22:06:01+02;1569
2015-05-29 23:06:01+02;1529
2015-05-30 06:06:01+02;1499
2015-05-30 08:50:01+02;1489
2015-05-30 09:30:01+02;1479
2015-05-30 09:50:01+02;1469
2015-05-30 10:26:01+02;1459
2015-05-30 10:58:01+02;1449
2015-05-30 12:26:01+02;1429
2015-05-30 13:22:01+02;1419
2015-05-30 14:50:01+02;1409
2015-05-30 22:06:01+02;1569
2015-05-30 23:06:01+02;1529
2015-05-31 07:38:01+02;1499
2015-05-31 09:06:01+02;1499
2015-05-31 10:38:01+02;1489
2015-05-31 11:06:01+02;1479
2015-05-31 11:38:01+02;1469
2015-05-31 12:06:01+02;1459
2015-05-31 13:06:01+02;1449
2015-05-31 13:38:01+02;1429
2015-05-31 14:38:01+02;1409
2015-05-31 15:38:01+02;1409
2015-05-31 22:10:01+02;1569
2015-05-31 23:10:01+02;1529
2015-06-01 06:22:01+02;1509
2015-06-01 07:42:01+02;1499
2015-06-01 08:10:01+02;1499
2015-06-01 10:22:01+02;1469
2015-06-01 12:26:01+02;1459
2015-06-01 13:26:01+02;1429
2015-06-01 17:38:01+02;1419
2015-06-01 18:38:01+02;1409
2015-06-01 22:06:01+02;1569
2015-06-01 23:06:01+02;1529
2015-06-02 06:26:01+02;1509
2015-06-02 07:22:01+02;1499
2015-06-02 07:58:01+02;1489
2015-06-02 09:42:01+02;1469
2015-06-02 11:06:01+02;1459
2015-06-02 12:30:01+02;1449
2015-06-02 13:22:01+02;1439
2015-06-02 22:06:01+02;1569
2015-06-02 23:06:01+02;1529
2015-06-03 06:26:01+02;1519
2015-06-03 06:50:01+02;1509
2015-06-03 07:38:01+02;1499
2015-06-03 12:18:01+02;1489
2015-06-03 13:06:01+02;1479
2015-06-03 14:02:01+02;1479
2015-06-03 15:18:01+02;1459
2015-06-03 16:30:01+02;1439
2015-06-03 18:06:01+02;1429
2015-06-03 18:38:01+02;1429
2015-06-03 19:06:01+02;1419
2015-06-03 19:38:01+02;1419
2015-06-03 22:06:01+02;1569
2015-06-03 23:06:01+02;1529
2015-06-04 06:26:01+02;1499
2015-06-04 08:22:01+02;1489
2015-06-04 09:58:01+02;1479
2015-06-04 10:46:01+02;1469
2015-06-04 11:22:01+02;1419
2015-06-04 12:42:01+02;1409
2015-06-04 13:38:01+02;1409
2015-06-04 16:30:01+02;1399
2015-06-04 22:06:01+02;1569
2015-06-04 23:06:01+02;1529
2015-06-05 06:22:01+02;1509
2015-06-05 07:50:01+02;1499
2015-06-05 08:26:01+02;1489
2015-06-05 09:26:01+02;1399
2015-06-05 16:50:01+02;1399
2015-06-05 22:06:01+02;1569
2015-06-05 23:06:01+02;1529
2015-06-06 06:06:01+02;1499
2015-06-06 07:38:01+02;1489
2015-06-06 09:38:01+02;1469
2015-06-06 10:42:01+02;1459
2015-06-06 12:10:01+02;1449
2015-06-06 13:18:01+02;1429
2015-06-06 22:06:01+02;1569
2015-06-06 23:06:01+02;1529
2015-06-07 07:38:01+02;1489
2015-06-07 09:38:01+02;1469
2015-06-07 10:38:01+02;1459
2015-06-07 11:38:01+02;1449
2015-06-07 12:06:01+02;1439
2015-06-07 12:38:01+02;1429
2015-06-07 13:06:01+02;1419
2015-06-07 14:38:01+02;1419
2015-06-07 15:06:01+02;1409
2015-06-07 22:06:01+02;1569
2015-06-07 23:06:01+02;1529
2015-06-08 06:30:01+02;1499
2015-06-08 07:30:01+02;1489
2015-06-08 08:42:01+02;1469
2015-06-08 09:50:01+02;1459
2015-06-08 10:26:01+02;1449
2015-06-08 10:50:01+02;1439
2015-06-08 12:30:01+02;1429
2015-06-08 13:50:01+02;1419
2015-06-08 18:06:01+02;1409
2015-06-08 22:06:01+02;1559
2015-06-08 23:06:01+02;1519
2015-06-09 06:22:01+02;1499
2015-06-09 07:10:01+02;1499
2015-06-09 08:18:01+02;1489
2015-06-09 09:42:01+02;1449
2015-06-09 10:58:01+02;1419
2015-06-09 12:30:01+02;1419
2015-06-09 13:38:01+02;1419
2015-06-09 16:02:01+02;1409
2015-06-09 18:38:01+02;1409
2015-06-09 22:06:01+02;1589
2015-06-09 23:06:01+02;1559
2015-06-10 06:26:01+02;1499
2015-06-10 11:46:01+02;1499
2015-06-10 15:50:01+02;1489
2015-06-10 16:38:01+02;1479
2015-06-10 17:46:01+02;1449
2015-06-10 18:38:01+02;1419
2015-06-10 19:38:01+02;1419
2015-06-10 22:06:01+02;1589
2015-06-10 23:06:01+02;1559
2015-06-11 06:26:01+02;1509
2015-06-11 07:26:01+02;1499
2015-06-11 07:58:01+02;1489
2015-06-11 09:06:01+02;1479
2015-06-11 10:06:01+02;1469
2015-06-11 10:58:01+02;1459
2015-06-11 11:26:01+02;1449
2015-06-11 11:58:01+02;1449
2015-06-11 12:58:01+02;1439
2015-06-11 13:46:01+02;1439
2015-06-11 14:26:01+02;1439
2015-06-11 18:06:01+02;1429
2015-06-11 19:06:01+02;1419
2015-06-11 22:06:01+02;1589
2015-06-11 23:06:01+02;1559
2015-06-12 06:26:01+02;1519
2015-06-12 07:18:01+02;1509
2015-06-12 08:18:01+02;1499
2015-06-12 08:58:01+02;1479
2015-06-12 11:06:01+02;1459
2015-06-12 11:58:01+02;1449
2015-06-12 12:26:01+02;1439
2015-06-12 22:06:01+02;1589
2015-06-12 23:06:01+02;1559
2015-06-13 06:06:01+02;1529
2015-06-13 07:38:01+02;1519
2015-06-13 08:58:01+02;1469
2015-06-13 09:38:01+02;1439
2015-06-13 13:38:01+02;1439
2015-06-13 15:38:01+02;1429
2015-06-13 22:06:01+02;1589
2015-06-13 23:06:01+02;1559
2015-06-14 07:38:01+02;1519
2015-06-14 09:38:01+02;1509
2015-06-14 10:38:01+02;1489
2015-06-14 11:38:01+02;1479
2015-06-14 12:38:01+02;1469
2015-06-14 13:06:01+02;1459
2015-06-14 14:06:01+02;1449
2015-06-14 14:38:01+02;1439
2015-06-14 15:38:01+02;1429
2015-06-14 16:06:01+02;1429
2015-06-14 16:38:01+02;1419
2015-06-14 17:06:01+02;1419
2015-06-14 22:06:01+02;1589
2015-06-14 23:06:01+02;1559
2015-06-15 06:26:01+02;1519
2015-06-15 10:42:01+02;1509
2015-06-15 11:46:01+02;1499
2015-06-15 12:58:01+02;1479
2015-06-15 14:30:01+02;1449
2015-06-15 16:02:02+02;1439
2015-06-15 16:50:01+02;1439
2015-06-15 22:06:01+02;1589
2015-06-15 23:06:01+02;1559
2015-06-16 06:26:02+02;1529
2015-06-16 08:50:01+02;1509
2015-06-16 10:02:01+02;1489
2015-06-16 11:26:01+02;1479
2015-06-16 12:30:01+02;1469
2015-06-16 14:38:01+02;1449
2015-06-16 17:38:01+02;1439
2015-06-16 18:38:01+02;1429
2015-06-16 22:06:01+02;1589
2015-06-16 23:06:01+02;1559
2015-06-17 06:22:01+02;1529
2015-06-17 07:18:01+02;1519
2015-06-17 08:42:01+02;1499
2015-06-17 10:18:01+02;1479
2015-06-17 11:38:01+02;1469
2015-06-17 12:38:01+02;1449
2015-06-17 13:58:01+02;1449
2015-06-17 15:10:01+02;1439
2015-06-17 22:06:01+02;1589
2015-06-17 23:06:01+02;1559
2015-06-18 06:22:01+02;1519
2015-06-18 07:22:01+02;1519
2015-06-18 07:46:01+02;1509
2015-06-18 08:22:01+02;1499
2015-06-18 09:50:01+02;1489
2015-06-18 10:30:01+02;1479
2015-06-18 11:18:01+02;1469
2015-06-18 11:46:01+02;1459
2015-06-18 12:58:01+02;1449
2015-06-18 22:06:01+02;1589
2015-06-18 23:06:01+02;1559
2015-06-19 06:18:01+02;1509
2015-06-19 06:58:01+02;1499
2015-06-19 07:50:01+02;1499
2015-06-19 08:46:01+02;1489
2015-06-19 09:26:01+02;1439
2015-06-19 09:50:02+02;1479
2015-06-19 10:26:01+02;1469
2015-06-19 10:58:01+02;1439
2015-06-19 12:22:01+02;1429
2015-06-19 15:22:01+02;1429
2015-06-19 16:46:01+02;1419
2015-06-19 22:06:01+02;1589
2015-06-19 23:06:01+02;1559
2015-06-20 06:38:01+02;1519
2015-06-20 08:06:01+02;1509
2015-06-20 08:38:01+02;1499
2015-06-20 09:22:01+02;1489
2015-06-20 10:26:01+02;1479
2015-06-20 10:50:01+02;1469
2015-06-20 12:22:01+02;1459
2015-06-20 15:06:01+02;1449
2015-06-20 16:38:01+02;1439
2015-06-20 17:06:01+02;1429
2015-06-20 22:06:01+02;1589
2015-06-20 23:06:01+02;1559
2015-06-21 07:06:01+02;1509
2015-06-21 09:38:01+02;1499
2015-06-21 10:38:01+02;1479
2015-06-21 13:06:01+02;1469
2015-06-21 13:38:01+02;1459
2015-06-21 14:38:01+02;1449
2015-06-21 15:06:01+02;1439
2015-06-21 16:06:01+02;1429
2015-06-21 17:06:01+02;1429
2015-06-21 22:06:01+02;1589
2015-06-21 23:06:01+02;1559
2015-06-22 06:18:01+02;1509
2015-06-22 07:18:01+02;1499
2015-06-22 08:22:01+02;1489
2015-06-22 08:26:01+02;1489
2015-06-22 09:22:01+02;1479
2015-06-22 09:50:01+02;1469
2015-06-22 10:22:01+02;1459
2015-06-22 11:26:01+02;1439
2015-06-22 12:18:01+02;1429
2015-06-22 17:18:01+02;1429
2015-06-22 18:06:01+02;1419
2015-06-22 19:06:01+02;1419
2015-06-22 22:06:01+02;1579
2015-06-22 23:06:01+02;1549
2015-06-23 06:02:01+02;1509
2015-06-23 06:58:01+02;1499
2015-06-23 07:22:01+02;1489
2015-06-23 08:26:01+02;1479
2015-06-23 09:26:01+02;1469
2015-06-23 10:50:01+02;1459
2015-06-23 11:26:01+02;1449
2015-06-23 12:26:01+02;1439
2015-06-23 13:38:01+02;1419
2015-06-23 22:06:01+02;1569
2015-06-23 23:06:01+02;1539
2015-06-24 06:02:02+02;1499
2015-06-24 06:46:01+02;1499
2015-06-24 08:58:01+02;1479
2015-06-24 09:58:01+02;1469
2015-06-24 10:18:01+02;1459
2015-06-24 11:30:01+02;1449
2015-06-24 11:58:01+02;1439
2015-06-24 13:22:01+02;1419
2015-06-24 13:50:01+02;1419
2015-06-24 18:06:01+02;1409
2015-06-24 19:06:01+02;1409
2015-06-24 22:06:01+02;1549
2015-06-24 23:06:01+02;1519
2015-06-25 06:26:01+02;1509
2015-06-25 07:22:01+02;1509
2015-06-25 07:46:01+02;1499
2015-06-25 08:22:01+02;1489
2015-06-25 09:22:01+02;1479
2015-06-25 10:22:01+02;1469
2015-06-25 11:30:01+02;1459
2015-06-25 13:06:01+02;1439
2015-06-25 17:18:01+02;1429
2015-06-25 17:50:01+02;1419
2015-06-25 18:38:01+02;1409
2015-06-25 22:06:01+02;1549
2015-06-25 23:06:01+02;1519
2015-06-26 06:06:01+02;1519
2015-06-26 07:18:01+02;1499
2015-06-26 07:26:01+02;1499
2015-06-26 08:22:01+02;1489
2015-06-26 09:30:01+02;1479
2015-06-26 09:50:01+02;1469
2015-06-26 10:42:01+02;1459
2015-06-26 11:46:01+02;1439
2015-06-26 12:26:01+02;1429
2015-06-26 15:26:01+02;1429
2015-06-26 18:06:01+02;1419
2015-06-26 19:06:01+02;1409
2015-06-26 22:06:01+02;1549
2015-06-26 23:06:01+02;1519
2015-06-27 06:06:01+02;1509
2015-06-27 07:38:01+02;1499
2015-06-27 08:22:01+02;1499
2015-06-27 08:58:01+02;1479
2015-06-27 10:02:01+02;1469
2015-06-27 11:22:01+02;1459
2015-06-27 13:42:01+02;1449
2015-06-27 14:46:01+02;1439
2015-06-27 15:38:01+02;1419
2015-06-27 16:06:01+02;1419
2015-06-27 17:38:01+02;1409
2015-06-27 22:06:01+02;1549
2015-06-27 23:06:01+02;1519
2015-06-28 07:38:01+02;1499
2015-06-28 09:06:01+02;1489
2015-06-28 09:38:01+02;1479
2015-06-28 10:06:01+02;1469
2015-06-28 10:38:01+02;1459
2015-06-28 11:38:01+02;1449
2015-06-28 12:38:01+02;1439
2015-06-28 13:06:01+02;1439
2015-06-28 13:38:01+02;1429
2015-06-28 15:06:01+02;1429
2015-06-28 15:38:01+02;1419
2015-06-28 16:38:01+02;1409
2015-06-28 22:06:01+02;1549
2015-06-28 23:06:01+02;1519
2015-06-29 06:38:01+02;1509
2015-06-29 07:26:01+02;1499
2015-06-29 07:46:01+02;1499
2015-06-29 08:58:01+02;1479
2015-06-29 09:50:01+02;1469
2015-06-29 10:22:01+02;1459
2015-06-29 11:18:01+02;1449
2015-06-29 12:58:01+02;1439
2015-06-29 14:38:01+02;1429
2015-06-29 22:06:01+02;1549
2015-06-29 23:06:01+02;1519
2015-06-30 06:02:01+02;1509
2015-06-30 06:50:01+02;1509
2015-06-30 08:06:01+02;1489
2015-06-30 08:46:01+02;1479
2015-06-30 09:58:01+02;1469
2015-06-30 10:18:01+02;1459
2015-06-30 12:02:01+02;1439
2015-06-30 12:42:01+02;1429
2015-06-30 17:30:01+02;1429
2015-06-30 22:06:01+02;1549
2015-06-30 23:06:01+02;1519
2015-07-01 06:30:01+02;1509
2015-07-01 09:22:01+02;1479
2015-07-01 10:06:01+02;1469
2015-07-01 10:58:01+02;1459
2015-07-01 11:18:01+02;1449
2015-07-01 12:46:01+02;1449
2015-07-01 16:30:01+02;1439
2015-07-01 17:22:01+02;1429
2015-07-01 22:06:01+02;1549
2015-07-01 23:06:01+02;1519
2015-07-02 06:30:01+02;1519
2015-07-02 08:18:01+02;1509
2015-07-02 08:50:01+02;1499
2015-07-02 09:46:01+02;1489
2015-07-02 10:30:01+02;1479
2015-07-02 11:50:01+02;1459
2015-07-02 12:22:01+02;1449
2015-07-02 15:30:01+02;1439
2015-07-02 16:50:01+02;1429
2015-07-02 17:38:01+02;1419
2015-07-02 18:38:01+02;1419
2015-07-02 22:06:01+02;1549
2015-07-02 23:06:01+02;1519
2015-07-03 06:26:01+02;1519
2015-07-03 07:18:01+02;1509
2015-07-03 08:18:01+02;1509
2015-07-03 08:50:01+02;1499
2015-07-03 09:18:01+02;1489
2015-07-03 10:26:01+02;1479
2015-07-03 11:02:01+02;1469
2015-07-03 11:26:01+02;1459
2015-07-03 12:26:01+02;1449
2015-07-03 16:02:02+02;1439
2015-07-03 17:38:01+02;1419
2015-07-03 18:38:01+02;1409
2015-07-03 22:06:01+02;1549
2015-07-03 23:06:01+02;1519
2015-07-04 07:42:01+02;1519
2015-07-04 08:26:01+02;1509
2015-07-04 09:10:01+02;1499
2015-07-04 10:30:01+02;1489
2015-07-04 10:50:01+02;1479
2015-07-04 11:18:01+02;1469
2015-07-04 12:50:01+02;1459
2015-07-04 13:58:01+02;1449
2015-07-04 22:06:01+02;1549
2015-07-04 23:06:01+02;1519
2015-07-05 11:18:01+02;1459
2015-07-05 15:06:01+02;1449
2015-07-05 18:26:01+02;1419
2015-07-05 20:06:01+02;1409
2015-07-05 22:06:01+02;1549
2015-07-05 23:06:01+02;1519
2015-07-06 06:18:01+02;1519
2015-07-06 08:06:01+02;1459
2015-07-06 16:18:01+02;1449
2015-07-06 17:58:01+02;1439
2015-07-06 19:06:01+02;1429
2015-07-06 19:38:01+02;1429
2015-07-06 22:06:01+02;1549
2015-07-06 23:06:01+02;1519
2015-07-07 06:26:01+02;1519
2015-07-07 07:46:01+02;1509
2015-07-07 08:38:01+02;1499
2015-07-07 08:58:01+02;1489
2015-07-08 08:38:01+02;1489
2015-07-08 08:58:01+02;1489
2015-07-08 09:50:01+02;1469
2015-07-08 10:22:01+02;1459
2015-07-08 11:26:01+02;1449
2015-07-08 11:54:01+02;1449
2015-07-08 12:22:01+02;1439
2015-07-08 13:38:01+02;1429
2015-07-08 13:50:01+02;1419
2015-07-08 22:06:01+02;1549
2015-07-08 23:06:01+02;1519
2015-07-09 06:26:01+02;1519
2015-07-09 08:06:01+02;1509
2015-07-09 09:06:01+02;1499
2015-07-09 09:50:01+02;1489
2015-07-09 10:50:01+02;1479
2015-07-09 11:22:02+02;1459
2015-07-09 11:50:01+02;1449
2015-07-09 12:58:01+02;1439
2015-07-09 14:30:01+02;1429
2015-07-09 15:22:01+02;1419
2015-07-09 17:46:01+02;1419
2015-07-09 22:06:01+02;1539
2015-07-09 23:06:01+02;1529
2015-07-10 06:26:01+02;1509
2015-07-10 08:02:01+02;1499
2015-07-10 08:58:01+02;1489
2015-07-10 10:26:01+02;1459
2015-07-10 11:26:01+02;1459
2015-07-10 11:46:01+02;1449
2015-07-10 12:58:01+02;1469
2015-07-10 14:22:01+02;1439
2015-07-10 17:22:01+02;1429
2015-07-10 22:06:01+02;1539
2015-07-10 23:06:02+02;1529
2015-07-11 06:38:01+02;1509
2015-07-11 08:22:01+02;1499
2015-07-11 08:58:01+02;1489
2015-07-11 10:22:01+02;1469
2015-07-11 11:50:01+02;1449
2015-07-11 13:50:02+02;1479
2015-07-11 14:50:01+02;1449
2015-07-11 15:38:01+02;1439
2015-07-11 22:06:01+02;1539
2015-07-11 23:06:01+02;1529
2015-07-12 07:38:01+02;1509
2015-07-12 09:38:01+02;1499
2015-07-12 10:06:01+02;1489
2015-07-12 11:06:01+02;1479
2015-07-12 12:06:01+02;1469
2015-07-12 12:38:01+02;1449
2015-07-12 13:06:01+02;1459
2015-07-12 13:38:01+02;1489
2015-07-12 14:06:01+02;1449
2015-07-12 15:06:01+02;1439
2015-07-12 16:06:01+02;1429
2015-07-12 22:06:01+02;1539
2015-07-12 23:06:01+02;1529
2015-07-13 06:30:01+02;1509
2015-07-13 08:18:01+02;1499
2015-07-13 09:06:01+02;1489
2015-07-13 09:18:01+02;1479
2015-07-13 10:18:01+02;1469
2015-07-13 11:18:01+02;1459
2015-07-13 11:58:01+02;1449
2015-07-13 13:30:01+02;1469
2015-07-13 14:22:01+02;1449
2015-07-13 16:22:01+02;1439
2015-07-13 22:06:01+02;1539
2015-07-13 23:06:01+02;1529
2015-07-14 06:26:01+02;1509
2015-07-14 08:26:01+02;1489
2015-07-14 09:18:01+02;1479
2015-07-14 09:50:01+02;1469
2015-07-14 10:50:01+02;1459
2015-07-14 11:50:01+02;1449
2015-07-14 12:50:01+02;1469
2015-07-14 13:58:01+02;1439
2015-07-14 14:22:01+02;1439
2015-07-14 17:30:01+02;1429
2015-07-14 22:06:01+02;1539
2015-07-14 23:06:01+02;1529
2015-07-15 06:26:01+02;1499
2015-07-15 08:10:01+02;1489
2015-07-15 08:30:02+02;1479
2015-07-15 09:46:01+02;1469
2015-07-15 10:58:01+02;1449
2015-07-15 12:18:01+02;1439
2015-07-15 13:10:01+02;1469
2015-07-15 14:02:01+02;1449
2015-07-15 15:10:01+02;1439
2015-07-15 17:06:01+02;1429
2015-07-15 18:38:01+02;1429
2015-07-15 22:06:01+02;1539
2015-07-15 23:06:01+02;1529
2015-07-16 06:26:01+02;1489
2015-07-16 07:46:01+02;1479
2015-07-16 08:26:01+02;1469
2015-07-16 08:46:01+02;1459
2015-07-16 13:06:01+02;1479
2015-07-16 14:06:01+02;1459
2015-07-16 16:06:01+02;1449
2015-07-16 16:38:01+02;1439
2015-07-16 17:38:01+02;1429
2015-07-16 18:38:01+02;1419
2015-07-16 20:06:01+02;1419
2015-07-16 22:06:01+02;1539
2015-07-16 23:06:01+02;1529
2015-07-17 06:26:01+02;1479
2015-07-17 08:30:01+02;1469
2015-07-17 09:02:01+02;1459
2015-07-17 09:26:01+02;1449
2015-07-17 12:26:01+02;1429
2015-07-17 13:22:01+02;1449
2015-07-17 13:50:01+02;1429
2015-07-17 15:58:01+02;1419
2015-07-17 22:06:01+02;1539
2015-07-17 23:06:02+02;1529
2015-07-18 06:06:01+02;1479
2015-07-18 08:18:01+02;1469
2015-07-18 09:30:01+02;1459
2015-07-18 10:06:01+02;1449
2015-07-18 10:38:01+02;1439
2015-07-18 11:38:01+02;1429
2015-07-18 12:38:01+02;1419
2015-07-18 13:06:01+02;1439
2015-07-18 14:18:01+02;1419
2015-07-18 22:06:01+02;1539
2015-07-18 23:06:01+02;1529
2015-07-19 07:06:01+02;1479
2015-07-19 10:06:01+02;1469
2015-07-19 10:38:01+02;1459
2015-07-19 11:38:01+02;1449
2015-07-19 12:38:01+02;1429
2015-07-19 13:38:01+02;1459
2015-07-19 14:06:01+02;1429
2015-07-19 15:06:01+02;1419
2015-07-19 16:06:01+02;1409
2015-07-19 22:06:01+02;1539
2015-07-19 23:06:01+02;1529
2015-07-20 06:22:01+02;1469
2015-07-20 08:26:01+02;1459
2015-07-20 09:58:01+02;1429
2015-07-20 11:02:01+02;1419
2015-07-20 13:02:01+02;1439
2015-07-20 14:22:01+02;1419
2015-07-20 15:50:01+02;1409
2015-07-20 16:22:01+02;1409
2015-07-20 22:06:01+02;1519
2015-07-20 23:06:01+02;1519
2015-07-21 06:22:01+02;1459
2015-07-21 08:18:01+02;1449
2015-07-21 08:38:01+02;1439
2015-07-21 10:06:01+02;1429
2015-07-21 11:22:01+02;1419
2015-07-21 12:50:01+02;1439
2015-07-21 13:38:01+02;1449
2015-07-21 14:50:01+02;1419
2015-07-21 15:50:01+02;1409
2015-07-21 17:50:01+02;1399
2015-07-21 22:06:01+02;1519
2015-07-21 23:06:01+02;1519
2015-07-22 06:26:01+02;1469
2015-07-22 09:38:01+02;1439
2015-07-22 11:06:01+02;1419
2015-07-22 12:58:01+02;1449
2015-07-22 13:26:01+02;1449
2015-07-22 14:26:01+02;1409
2015-07-22 15:58:01+02;1399
2015-07-22 22:06:01+02;1519
2015-07-22 23:06:01+02;1519
2015-07-23 06:26:01+02;1479
2015-07-23 07:38:01+02;1469
2015-07-23 08:18:01+02;1459
2015-07-23 10:18:01+02;1449
2015-07-23 10:46:02+02;1439
2015-07-23 11:38:01+02;1429
2015-07-23 13:26:01+02;1449
2015-07-23 14:26:01+02;1419
2015-07-23 15:26:01+02;1409
2015-07-23 16:18:01+02;1399
2015-07-23 16:46:01+02;1399
2015-07-23 22:06:01+02;1499
2015-07-23 23:06:01+02;1499
2015-07-24 06:26:01+02;1459
2015-07-24 07:06:01+02;1459
2015-07-24 08:38:01+02;1449
2015-07-24 09:26:01+02;1439
2015-07-24 10:46:01+02;1419
2015-07-24 12:18:01+02;1409
2015-07-24 13:26:01+02;1439
2015-07-24 14:58:01+02;1409
2015-07-24 15:26:01+02;1409
2015-07-24 16:18:01+02;1409
2015-07-24 17:26:01+02;1399
2015-07-24 22:06:01+02;1499
2015-07-24 23:06:01+02;1499
2015-07-25 06:06:01+02;1459
2015-07-25 08:26:01+02;1449
2015-07-25 09:58:01+02;1429
2015-07-25 10:58:01+02;1419
2015-07-25 11:58:01+02;1409
2015-07-25 14:58:01+02;1399
2015-07-25 15:38:01+02;1399
2015-07-25 22:06:01+02;1499
2015-07-25 23:06:01+02;1499
2015-07-26 07:38:01+02;1459
2015-07-26 10:06:01+02;1449
2015-07-26 10:38:01+02;1439
2015-07-26 11:38:01+02;1429
2015-07-26 13:06:01+02;1419
2015-07-26 15:06:01+02;1409
2015-07-26 16:06:01+02;1409
2015-07-26 17:06:01+02;1399
2015-07-26 22:06:01+02;1499
2015-07-26 23:06:01+02;1499
2015-07-27 06:26:01+02;1459
2015-07-27 07:58:01+02;1449
2015-07-27 08:34:01+02;1449
2015-07-27 09:26:01+02;1429
2015-07-27 10:14:01+02;1419
2015-07-27 11:50:01+02;1409
2015-07-27 13:06:01+02;1449
2015-07-27 14:22:01+02;1409
2015-07-27 15:22:01+02;1409
2015-07-27 16:58:01+02;1399
2015-07-27 17:42:01+02;1399
2015-07-27 22:06:01+02;1499
2015-07-27 23:06:01+02;1499
2015-07-28 06:26:01+02;1459
2015-07-28 07:58:01+02;1449
2015-07-28 08:46:01+02;1439
2015-07-28 10:26:01+02;1419
2015-07-28 11:54:01+02;1409
2015-07-28 12:58:01+02;1439
2015-07-28 13:50:01+02;1439
2015-07-28 14:26:01+02;1409
2015-07-28 16:14:01+02;1399
2015-07-28 22:06:01+02;1499
2015-07-28 23:06:01+02;1499
2015-07-29 06:22:01+02;1459
2015-07-29 07:50:01+02;1449
2015-07-29 08:58:01+02;1439
2015-07-29 11:22:01+02;1419
2015-07-29 13:06:01+02;1449
2015-07-29 13:50:01+02;1429
2015-07-29 14:54:01+02;1419
2015-07-29 17:02:01+02;1409
2015-07-29 18:06:01+02;1399
2015-07-29 18:38:01+02;1399
2015-07-29 22:06:01+02;1499
2015-07-29 23:06:01+02;1499
2015-07-30 06:22:01+02;1449
2015-07-30 07:26:01+02;1419
2015-07-30 08:26:01+02;1409
2015-07-30 11:22:01+02;1389
2015-07-30 12:54:01+02;1409
2015-07-30 15:22:01+02;1399
2015-07-30 15:50:01+02;1399
2015-07-30 22:06:01+02;1499
2015-07-30 23:06:01+02;1499
2015-07-31 06:26:01+02;1449
2015-07-31 10:10:01+02;1439
2015-07-31 10:50:01+02;1429
2015-07-31 13:02:01+02;1459
2015-07-31 13:50:01+02;1429
2015-07-31 14:22:01+02;1429
2015-07-31 15:58:01+02;1419
2015-07-31 22:06:01+02;1499
2015-07-31 23:06:01+02;1499
2015-08-01 06:14:01+02;1469
2015-08-01 10:10:01+02;1469
2015-08-01 11:02:01+02;1459
2015-08-01 12:22:01+02;1439
2015-08-01 13:30:01+02;1469
2015-08-01 15:02:01+02;1439
2015-08-01 16:38:01+02;1429
2015-08-01 17:06:01+02;1419
2015-08-01 18:38:01+02;1409
2015-08-01 22:06:01+02;1499
2015-08-01 23:06:01+02;1499
2015-08-02 07:06:01+02;1469
2015-08-02 09:38:01+02;1429
2015-08-02 10:06:01+02;1419
2015-08-02 11:38:01+02;1409
2015-08-02 13:38:01+02;1429
2015-08-02 14:06:01+02;1409
2015-08-02 15:06:01+02;1399
2015-08-02 22:06:01+02;1499
2015-08-02 23:06:01+02;1499
2015-08-03 06:22:01+02;1459
2015-08-03 09:50:01+02;1449
2015-08-03 11:22:01+02;1439
2015-08-03 12:54:01+02;1469
2015-08-03 14:22:01+02;1439
2015-08-03 15:50:01+02;1429
2015-08-03 16:50:01+02;1419
2015-08-03 17:18:01+02;1409
2015-08-03 17:46:01+02;1399
2015-08-03 22:06:01+02;1479
2015-08-03 23:06:01+02;1499
2015-08-04 06:26:01+02;1459
2015-08-04 10:26:01+02;1449
2015-08-04 11:22:01+02;1439
2015-08-04 11:46:01+02;1439
2015-08-04 13:22:01+02;1469
2015-08-04 13:58:01+02;1439
2015-08-04 15:22:01+02;1429
2015-08-04 15:46:01+02;1419
2015-08-04 16:18:01+02;1409
2015-08-04 16:50:01+02;1399
2015-08-04 17:50:01+02;1399
2015-08-04 22:06:01+02;1479
2015-08-04 23:06:01+02;1499
2015-08-05 06:22:01+02;1469
2015-08-05 07:42:01+02;1459
2015-08-05 07:46:01+02;1449
2015-08-05 09:26:01+02;1429
2015-08-05 09:58:01+02;1409
2015-08-05 10:50:01+02;1399
2015-08-05 13:22:01+02;1429
2015-08-05 14:22:01+02;1399
2015-08-05 15:46:01+02;1389
2015-08-05 17:50:01+02;1389
2015-08-05 22:06:01+02;1479
2015-08-05 23:06:01+02;1499
2015-08-06 06:26:01+02;1449
2015-08-06 07:22:01+02;1449
2015-08-06 08:22:01+02;1439
2015-08-06 09:22:01+02;1429
2015-08-06 09:50:01+02;1419
2015-08-06 10:22:01+02;1409
2015-08-06 11:18:01+02;1399
2015-08-06 11:46:01+02;1399
2015-08-06 12:50:01+02;1419
2015-08-06 13:02:01+02;1429
2015-08-06 13:58:01+02;1419
2015-08-06 14:22:01+02;1389
2015-08-06 18:06:01+02;1389
2015-08-06 22:06:01+02;1479
2015-08-06 23:06:01+02;1499
2015-08-07 06:22:01+02;1449
2015-08-07 08:22:01+02;1439
2015-08-07 09:46:01+02;1419
2015-08-07 10:22:01+02;1409
2015-08-07 11:26:01+02;1399
2015-08-07 12:22:01+02;1389
2015-08-07 12:50:01+02;1419
2015-08-07 13:50:01+02;1409
2015-08-07 14:22:01+02;1389
2015-08-07 15:10:01+02;1379
2015-08-07 15:50:01+02;1379
2015-08-07 22:06:01+02;1479
2015-08-07 23:06:01+02;1499
2015-08-08 06:06:01+02;1439
2015-08-08 09:22:01+02;1419
2015-08-08 10:46:01+02;1409
2015-08-08 11:50:01+02;1399
2015-08-08 12:46:01+02;1409
2015-08-08 14:46:01+02;1379
2015-08-08 15:38:01+02;1379
2015-08-08 22:06:01+02;1479
2015-08-08 23:06:01+02;1499
2015-08-09 07:38:01+02;1439
2015-08-09 10:06:01+02;1419
2015-08-09 10:38:01+02;1409
2015-08-09 11:38:01+02;1399
2015-08-09 13:06:01+02;1389
2015-08-09 13:38:01+02;1419
2015-08-09 14:06:01+02;1389
2015-08-09 15:06:01+02;1379
2015-08-09 16:06:01+02;1379
2015-08-09 17:06:01+02;1379
2015-08-09 22:06:01+02;1479
2015-08-09 23:06:01+02;1499
2015-08-10 06:30:01+02;1439
2015-08-10 08:38:01+02;1429
2015-08-10 09:26:01+02;1409
2015-08-10 10:22:01+02;1399
2015-08-10 11:26:01+02;1389
2015-08-10 12:26:01+02;1379
2015-08-10 13:58:01+02;1409
2015-08-10 14:22:01+02;1379
2015-08-10 15:22:01+02;1379
2015-08-10 15:54:01+02;1379
2015-08-10 22:06:01+02;1479
2015-08-10 23:06:01+02;1449
2015-08-11 06:22:01+02;1439
2015-08-11 10:22:01+02;1429
2015-08-11 11:22:01+02;1419
2015-08-11 13:14:01+02;1439
2015-08-11 14:54:01+02;1409
2015-08-11 15:58:01+02;1399
2015-08-11 17:22:01+02;1389
2015-08-11 18:06:01+02;1379
2015-08-11 19:06:01+02;1369
2015-08-11 22:06:01+02;1479
2015-08-11 23:06:01+02;1449
2015-08-12 06:26:01+02;1439
2015-08-12 07:58:01+02;1369
2015-08-12 13:38:01+02;1399
2015-08-12 14:18:01+02;1369
2015-08-12 16:58:01+02;1359
2015-08-12 22:06:01+02;1479
2015-08-12 23:06:01+02;1449
2015-08-13 06:10:01+02;1419
2015-08-13 09:10:01+02;1399
2015-08-13 11:02:01+02;1379
2015-08-13 12:58:01+02;1389
2015-08-13 14:42:01+02;1359
2015-08-13 22:06:01+02;1479
2015-08-13 23:06:01+02;1449
2015-08-14 06:22:01+02;1419
2015-08-14 07:50:01+02;1409
2015-08-14 08:58:01+02;1399
2015-08-14 09:58:01+02;1389
2015-08-14 10:58:01+02;1379
2015-08-14 11:50:01+02;1369
2015-08-14 12:58:01+02;1399
2015-08-14 14:46:01+02;1369
2015-08-14 15:38:01+02;1359
2015-08-14 22:06:01+02;1479
2015-08-14 23:06:01+02;1449
2015-08-15 06:38:01+02;1419
2015-08-15 09:30:01+02;1399
2015-08-15 10:26:01+02;1389
2015-08-15 11:06:01+02;1379
2015-08-15 11:30:01+02;1369
2015-08-15 12:38:01+02;1359
2015-08-15 13:02:01+02;1379
2015-08-15 14:18:01+02;1359
2015-08-15 15:06:01+02;1349
2015-08-15 22:06:01+02;1479
2015-08-15 23:06:01+02;1449
2015-08-16 07:06:01+02;1409
2015-08-16 10:38:01+02;1389
2015-08-16 11:38:01+02;1379
2015-08-16 12:38:01+02;1369
2015-08-16 13:06:01+02;1399
2015-08-16 14:06:01+02;1369
2015-08-16 14:38:01+02;1359
2015-08-16 15:06:01+02;1349
2015-08-16 22:06:01+02;1479
2015-08-16 23:06:01+02;1449
2015-08-17 06:26:01+02;1409
2015-08-17 10:38:01+02;1399
2015-08-17 11:22:01+02;1389
2015-08-17 12:58:01+02;1419
2015-08-17 14:38:01+02;1389
2015-08-17 14:58:01+02;1379
2015-08-17 15:58:01+02;1369
2015-08-17 16:54:01+02;1359
2015-08-17 18:06:01+02;1349
2015-08-17 22:06:01+02;1479
2015-08-17 23:06:01+02;1449
2015-08-18 06:26:01+02;1409
2015-08-18 08:26:01+02;1399
2015-08-18 09:22:01+02;1389
2015-08-18 09:50:01+02;1379
2015-08-18 10:22:01+02;1369
2015-08-18 11:26:01+02;1359
2015-08-18 12:54:01+02;1389
2015-08-18 14:22:01+02;1359
2015-08-18 16:14:01+02;1349
2015-08-18 22:06:01+02;1479
2015-08-18 23:06:01+02;1449
2015-08-19 06:26:01+02;1399
2015-08-19 08:38:01+02;1379
2015-08-19 09:58:01+02;1369
2015-08-19 10:26:01+02;1359
2015-08-19 10:50:01+02;1359
2015-08-19 11:18:01+02;1349
2015-08-19 12:50:01+02;1379
2015-08-19 14:22:01+02;1349
2015-08-19 22:06:01+02;1479
2015-08-19 23:06:01+02;1449
2015-08-20 06:26:01+02;1399
2015-08-20 07:50:01+02;1389
2015-08-20 08:46:01+02;1379
2015-08-20 10:22:01+02;1369
2015-08-20 11:30:01+02;1359
2015-08-20 12:58:01+02;1379
2015-08-20 14:42:01+02;1349
2015-08-20 22:06:01+02;1479
2015-08-20 23:06:01+02;1449
2015-08-21 06:26:01+02;1399
2015-08-21 08:22:01+02;1389
2015-08-21 08:46:01+02;1379
2015-08-21 09:22:01+02;1369
2015-08-21 10:38:01+02;1359
2015-08-21 11:10:01+02;1349
2015-08-21 12:50:01+02;1379
2015-08-21 14:06:01+02;1349
2015-08-21 17:02:01+02;1349
2015-08-21 18:38:02+02;1339
2015-08-21 19:38:01+02;1329
2015-08-21 22:06:01+02;1479
2015-08-21 23:06:01+02;1449
2015-08-22 06:06:01+02;1389
2015-08-22 09:22:01+02;1379
2015-08-22 10:26:01+02;1369
2015-08-22 10:50:01+02;1359
2015-08-22 12:26:01+02;1349
2015-08-22 13:22:01+02;1379
2015-08-22 14:26:01+02;1349
2015-08-22 17:06:01+02;1339
2015-08-22 18:06:01+02;1339
2015-08-22 19:06:01+02;1339
2015-08-22 22:06:01+02;1479
2015-08-22 23:06:01+02;1449
2015-08-23 07:38:01+02;1379
2015-08-23 10:06:01+02;1369
2015-08-23 10:38:01+02;1359
2015-08-23 11:38:01+02;1349
2015-08-23 13:06:01+02;1339
2015-08-23 15:06:01+02;1329
2015-08-23 16:06:01+02;1319
2015-08-23 17:06:01+02;1319
2015-08-23 22:06:01+02;1479
2015-08-23 23:06:01+02;1449
2015-08-24 06:50:01+02;1379
2015-08-24 08:50:01+02;1349
2015-08-24 09:50:01+02;1339
2015-08-24 11:26:01+02;1329
2015-08-24 12:54:01+02;1359
2015-08-24 14:26:01+02;1329
2015-08-24 15:54:01+02;1329
2015-08-24 22:06:01+02;1469
2015-08-24 23:06:01+02;1449
2015-08-25 06:38:01+02;1369
2015-08-25 07:46:02+02;1359
2015-08-25 08:22:01+02;1349
2015-08-25 09:46:01+02;1349
2015-08-25 10:18:01+02;1329
2015-08-25 10:58:01+02;1319
2015-08-25 12:50:02+02;1339
2015-08-25 14:22:01+02;1309
2015-08-25 14:50:01+02;1309
2015-08-25 17:42:01+02;1309
2015-08-25 22:06:01+02;1469
2015-08-25 23:06:01+02;1449
2015-08-26 00:26:01+02;1449
2015-08-26 00:42:01+02;1449
2015-08-26 06:30:01+02;1359
2015-08-26 08:46:01+02;1349
2015-08-26 10:18:01+02;1339
2015-08-26 11:06:01+02;1329
2015-08-26 11:58:01+02;1309
2015-08-26 12:58:01+02;1339
2015-08-26 14:06:01+02;1319
2015-08-26 14:26:01+02;1309
2015-08-26 22:06:01+02;1469
2015-08-26 23:06:01+02;1399
2015-08-27 06:38:01+02;1349
2015-08-27 07:46:01+02;1339
2015-08-27 08:58:01+02;1329
2015-08-27 09:58:01+02;1319
2015-08-27 10:38:01+02;1309
2015-08-27 11:58:01+02;1289
2015-08-27 12:58:01+02;1309
2015-08-27 14:26:01+02;1279
2015-08-27 16:26:01+02;1279
2015-08-27 22:06:01+02;1439
2015-08-27 23:06:01+02;1399
2015-08-28 06:38:01+02;1339
2015-08-28 07:46:01+02;1329
2015-08-28 08:58:01+02;1319
2015-08-28 10:06:01+02;1309
2015-08-28 10:58:02+02;1299
2015-08-28 12:18:01+02;1289
2015-08-28 13:06:01+02;1309
2015-08-28 13:58:01+02;1289
2015-08-28 15:06:01+02;1279
2015-08-28 22:06:01+02;1439
2015-08-28 23:06:01+02;1399
2015-08-29 06:06:01+02;1339
2015-08-29 09:46:01+02;1329
2015-08-29 11:18:01+02;1299
2015-08-29 12:46:01+02;1319
2015-08-29 15:38:01+02;1299
2015-08-29 16:06:01+02;1289
2015-08-29 17:06:01+02;1289
2015-08-29 17:38:01+02;1279
2015-08-29 18:06:01+02;1269
2015-08-29 20:06:01+02;1269
2015-08-29 22:06:01+02;1439
2015-08-29 23:06:01+02;1399
2015-08-30 07:06:01+02;1339
2015-08-30 10:38:01+02;1329
2015-08-30 11:38:01+02;1319
2015-08-30 13:38:01+02;1349
2015-08-30 14:06:01+02;1319
2015-08-30 15:06:01+02;1309
2015-08-30 16:06:01+02;1299
2015-08-30 17:06:01+02;1289
2015-08-30 18:06:01+02;1279
2015-08-30 19:06:01+02;1269
2015-08-30 20:06:01+02;1269
2015-08-30 22:06:01+02;1439
2015-08-30 23:06:01+02;1399
2015-08-31 06:22:01+02;1339
2015-08-31 09:02:01+02;1319
2015-08-31 09:18:01+02;1309
2015-08-31 10:22:01+02;1299
2015-08-31 12:54:01+02;1319
2015-08-31 13:46:01+02;1299
2015-08-31 14:26:01+02;1299
2015-08-31 15:22:01+02;1289
2015-08-31 18:06:01+02;1279
2015-08-31 19:06:01+02;1269
2015-08-31 20:06:01+02;1269
2015-08-31 23:06:01+02;1369
2015-09-01 06:22:01+02;1359
2015-09-01 07:02:01+02;1339
2015-09-01 07:50:01+02;1339
2015-09-01 09:22:01+02;1329
2015-09-01 11:22:01+02;1319
2015-09-01 12:50:01+02;1349
2015-09-01 14:22:01+02;1319
2015-09-01 17:38:01+02;1309
2015-09-01 18:38:01+02;1299
2015-09-01 19:38:01+02;1289
2015-09-01 23:06:01+02;1369
2015-09-02 06:18:01+02;1359
2015-09-02 07:22:01+02;1349
2015-09-02 09:22:01+02;1339
2015-09-02 11:26:01+02;1319
2015-09-02 12:58:01+02;1349
2015-09-02 14:58:01+02;1299
2015-09-02 23:14:01+02;1369
2015-09-03 06:22:01+02;1359
2015-09-03 07:50:01+02;1349
2015-09-03 09:30:01+02;1329
2015-09-03 11:02:01+02;1319
2015-09-03 12:22:02+02;1309
2015-09-03 13:22:01+02;1339
2015-09-03 14:38:01+02;1309
2015-09-03 16:02:01+02;1299
2015-09-03 18:06:01+02;1289
2015-09-03 23:06:01+02;1369
2015-09-04 06:22:01+02;1349
2015-09-04 07:14:01+02;1339
2015-09-04 08:58:01+02;1329
2015-09-04 09:46:01+02;1319
2015-09-04 10:22:01+02;1319
2015-09-04 11:30:01+02;1309
2015-09-04 12:50:02+02;1339
2015-09-04 13:18:01+02;1329
2015-09-04 14:22:01+02;1309
2015-09-04 14:50:01+02;1299
2015-09-04 15:30:01+02;1289
2015-09-04 23:06:01+02;1369
2015-09-05 06:38:01+02;1359
2015-09-05 08:26:01+02;1359
2015-09-05 08:50:01+02;1349
2015-09-05 09:26:01+02;1349
2015-09-05 10:22:01+02;1329
2015-09-05 11:22:01+02;1319
2015-09-05 13:50:01+02;1339
2015-09-05 14:58:01+02;1309
2015-09-05 15:38:01+02;1299
2015-09-05 17:06:01+02;1289
2015-09-05 17:38:01+02;1289
2015-09-05 23:06:01+02;1369
2015-09-06 07:06:01+02;1349
2015-09-06 10:06:01+02;1339
2015-09-06 10:38:01+02;1329
2015-09-06 11:38:01+02;1319
2015-09-06 12:38:01+02;1309
2015-09-06 13:38:01+02;1339
2015-09-06 14:06:01+02;1309
2015-09-06 15:06:01+02;1299
2015-09-06 15:38:01+02;1289
2015-09-06 16:06:01+02;1289
2015-09-06 17:06:01+02;1289
2015-09-06 23:06:01+02;1369
2015-09-07 06:30:01+02;1349
2015-09-07 06:58:01+02;1289
2015-09-07 13:06:01+02;1319
2015-09-07 14:22:01+02;1289
2015-09-07 23:06:01+02;1369
2015-09-08 06:26:01+02;1349
2015-09-08 08:18:01+02;1339
2015-09-08 09:02:01+02;1329
2015-09-08 09:50:01+02;1319
2015-09-08 10:58:01+02;1309
2015-09-08 11:54:01+02;1299
2015-09-08 13:18:01+02;1329
2015-09-08 14:22:01+02;1299
2015-09-08 17:22:01+02;1289
2015-09-08 23:06:01+02;1369
2015-09-09 06:26:01+02;1349
2015-09-09 06:58:01+02;1339
2015-09-09 07:46:01+02;1329
2015-09-09 08:26:01+02;1319
2015-09-09 09:50:01+02;1299
2015-09-09 11:46:01+02;1289
2015-09-09 12:50:02+02;1319
2015-09-09 14:22:01+02;1289
2015-09-09 16:50:01+02;1289
2015-09-09 17:46:02+02;1279
2015-09-09 23:06:01+02;1369
2015-09-10 06:26:01+02;1349
2015-09-10 07:58:01+02;1339
2015-09-10 08:58:01+02;1319
2015-09-10 09:18:01+02;1319
2015-09-10 10:26:01+02;1309
2015-09-10 11:58:01+02;1299
2015-09-10 12:58:01+02;1319
2015-09-10 14:18:01+02;1289
2015-09-10 23:06:01+02;1369
2015-09-11 06:26:01+02;1349
2015-09-11 07:58:01+02;1339
2015-09-11 08:58:01+02;1329
2015-09-11 09:58:01+02;1319
2015-09-11 10:58:01+02;1309
2015-09-11 11:46:01+02;1299
2015-09-11 12:58:01+02;1319
2015-09-11 14:26:01+02;1279
2015-09-11 16:46:01+02;1269
2015-09-11 23:06:01+02;1369
2015-09-12 06:38:01+02;1349
2015-09-12 09:06:01+02;1329
2015-09-12 09:38:01+02;1319
2015-09-12 10:38:01+02;1309
2015-09-12 11:38:01+02;1299
2015-09-12 12:38:01+02;1289
2015-09-12 13:06:01+02;1319
2015-09-12 13:58:02+02;1279
2015-09-12 23:06:01+02;1369
2015-09-13 07:06:01+02;1339
2015-09-13 09:38:01+02;1329
2015-09-13 10:38:01+02;1309
2015-09-13 11:38:01+02;1299
2015-09-13 13:38:01+02;1289
2015-09-13 14:06:01+02;1279
2015-09-13 15:06:01+02;1279
2015-09-13 23:06:01+02;1369
2015-09-14 06:26:01+02;1339
2015-09-14 08:02:01+02;1329
2015-09-14 09:26:01+02;1319
2015-09-14 11:06:01+02;1299
2015-09-14 11:18:01+02;1289
2015-09-14 12:50:01+02;1309
2015-09-14 14:22:01+02;1279
2015-09-14 23:06:01+02;1369
2015-09-15 06:22:01+02;1339
2015-09-15 07:58:01+02;1329
2015-09-15 09:06:02+02;1319
2015-09-15 09:22:01+02;1309
2015-09-15 10:50:01+02;1299
2015-09-15 11:46:01+02;1299
2015-09-15 12:50:01+02;1319
2015-09-15 13:38:01+02;1309
2015-09-15 14:38:01+02;1279
2015-09-15 23:06:01+02;1369
2015-09-16 06:22:01+02;1339
2015-09-16 07:58:01+02;1329
2015-09-16 09:22:01+02;1309
2015-09-16 10:22:01+02;1299
2015-09-16 10:58:01+02;1279
2015-09-16 12:50:01+02;1299
2015-09-16 14:46:01+02;1269
2015-09-16 16:46:01+02;1259
2015-09-16 23:06:01+02;1369
2015-09-17 06:22:01+02;1319
2015-09-17 09:50:01+02;1299
2015-09-17 10:38:01+02;1289
2015-09-17 11:22:01+02;1279
2015-09-17 12:18:01+02;1269
2015-09-17 12:50:01+02;1299
2015-09-17 13:50:01+02;1289
2015-09-17 14:22:01+02;1259
2015-09-17 23:06:01+02;1369
2015-09-18 06:18:01+02;1339
2015-09-18 08:06:01+02;1329
2015-09-18 08:42:01+02;1319
2015-09-18 09:54:01+02;1309
2015-09-18 10:46:01+02;1299
2015-09-18 12:58:01+02;1329
2015-09-18 14:22:01+02;1299
2015-09-18 15:50:01+02;1289
2015-09-18 16:58:01+02;1279
2015-09-18 18:38:01+02;1269
2015-09-18 23:06:01+02;1369
2015-09-19 06:38:01+02;1329
2015-09-19 08:18:01+02;1319
2015-09-19 09:26:01+02;1309
2015-09-19 10:26:01+02;1289
2015-09-19 11:26:01+02;1279
2015-09-19 13:06:01+02;1299
2015-09-19 14:22:01+02;1269
2015-09-19 17:06:01+02;1269
2015-09-19 23:06:01+02;1369
2015-09-20 07:06:01+02;1329
2015-09-20 09:38:01+02;1319
2015-09-20 10:38:02+02;1309
2015-09-20 11:06:01+02;1299
2015-09-20 11:38:01+02;1289
2015-09-20 13:38:01+02;1279
2015-09-20 14:38:01+02;1269
2015-09-20 23:06:01+02;1369
2015-09-21 06:26:01+02;1329
2015-09-21 08:26:01+02;1319
2015-09-21 09:26:01+02;1299
2015-09-21 09:46:01+02;1289
2015-09-21 11:58:01+02;1269
2015-09-21 12:46:01+02;1299
2015-09-21 14:26:01+02;1269
2015-09-21 17:46:01+02;1259
2015-09-21 23:06:01+02;1369
2015-09-22 06:26:01+02;1329
2015-09-22 07:46:01+02;1319
2015-09-22 08:38:01+02;1309
2015-09-22 09:46:01+02;1299
2015-09-22 11:26:02+02;1289
2015-09-22 12:26:01+02;1269
2015-09-22 12:58:01+02;1299
2015-09-22 14:38:01+02;1279
2015-09-22 15:18:01+02;1269
2015-09-22 18:06:01+02;1259
2015-09-22 23:06:01+02;1369
2015-09-23 06:26:01+02;1329
2015-09-23 08:26:01+02;1309
2015-09-23 10:26:01+02;1289
2015-09-23 11:58:01+02;1269
2015-09-23 12:58:01+02;1289
2015-09-23 14:26:01+02;1259
2015-09-23 23:06:01+02;1369
2015-09-24 06:26:01+02;1339
2015-09-24 08:46:01+02;1329
2015-09-24 09:46:01+02;1319
2015-09-24 11:02:01+02;1309
2015-09-24 11:18:01+02;1289
2015-09-24 12:50:01+02;1309
2015-09-24 13:18:01+02;1319
2015-09-24 14:18:01+02;1289
2015-09-24 16:10:01+02;1279
2015-09-24 17:42:01+02;1269
2015-09-24 23:06:01+02;1369
2015-09-25 06:22:01+02;1339
2015-09-25 08:18:01+02;1329
2015-09-25 08:50:01+02;1319
2015-09-25 09:18:01+02;1309
2015-09-25 10:26:01+02;1299
2015-09-25 10:50:01+02;1289
2015-09-25 12:46:01+02;1279
2015-09-25 15:26:01+02;1269
2015-09-25 23:06:02+02;1369
2015-09-26 06:06:01+02;1329
2015-09-26 09:42:01+02;1309
2015-09-26 11:14:01+02;1299
2015-09-26 11:38:01+02;1289
2015-09-26 13:38:01+02;1309
2015-09-26 14:06:01+02;1299
2015-09-26 14:18:01+02;1269
2015-09-26 15:18:01+02;1259
2015-09-26 23:06:01+02;1369
2015-09-27 07:06:01+02;1329
2015-09-27 09:38:01+02;1319
2015-09-27 10:06:01+02;1309
2015-09-27 10:38:01+02;1299
2015-09-27 11:38:01+02;1289
2015-09-27 13:38:01+02;1269
2015-09-27 15:06:01+02;1269
2015-09-27 23:06:01+02;1369
2015-09-28 06:26:01+02;1329
2015-09-28 08:10:01+02;1319
2015-09-28 09:06:01+02;1299
2015-09-28 11:46:01+02;1279
2015-09-28 14:58:01+02;1269
2015-09-28 23:06:01+02;1369
2015-09-29 06:26:01+02;1309
2015-09-29 10:46:01+02;1299
2015-09-29 11:30:01+02;1289
2015-09-29 13:26:01+02;1319
2015-09-29 14:22:01+02;1299
2015-09-29 15:50:01+02;1279
2015-09-29 17:58:01+02;1269
2015-09-29 23:06:01+02;1369
2015-09-30 06:26:01+02;1309
2015-09-30 10:58:01+02;1299
2015-09-30 12:58:01+02;1319
2015-09-30 14:18:01+02;1299
2015-09-30 16:58:01+02;1269
2015-09-30 17:50:01+02;1259
2015-09-30 23:06:01+02;1369
2015-10-01 06:42:01+02;1309
2015-10-01 07:22:01+02;1299
2015-10-01 08:22:01+02;1259
2015-10-01 13:02:01+02;1279
2015-10-01 14:50:01+02;1249
2015-10-01 23:10:01+02;1369
2015-10-02 06:22:01+02;1319
2015-10-02 08:22:01+02;1309
2015-10-02 08:54:01+02;1299
2015-10-02 10:22:01+02;1289
2015-10-02 11:22:01+02;1279
2015-10-02 11:46:01+02;1269
2015-10-02 12:50:01+02;1289
2015-10-02 14:18:01+02;1269
2015-10-02 15:50:01+02;1259
2015-10-02 17:02:01+02;1249
2015-10-02 23:06:01+02;1369
2015-10-03 07:06:01+02;1319
2015-10-03 09:06:01+02;1309
2015-10-03 09:38:01+02;1299
2015-10-03 10:38:01+02;1289
2015-10-03 11:38:01+02;1279
2015-10-03 12:06:01+02;1269
2015-10-03 12:38:01+02;1259
2015-10-03 15:06:01+02;1249
2015-10-03 23:06:01+02;1369
2015-10-04 07:06:01+02;1319
2015-10-04 09:38:01+02;1309
2015-10-04 10:06:01+02;1299
2015-10-04 10:38:01+02;1289
2015-10-04 11:38:01+02;1279
2015-10-04 12:38:01+02;1269
2015-10-04 13:38:01+02;1299
2015-10-04 14:06:01+02;1269
2015-10-04 15:06:01+02;1259
2015-10-04 16:06:01+02;1249
2015-10-04 23:06:01+02;1369
2015-10-05 06:10:01+02;1319
2015-10-05 08:58:01+02;1309
2015-10-05 09:18:01+02;1299
2015-10-05 10:30:01+02;1289
2015-10-05 11:30:01+02;1279
2015-10-05 11:50:01+02;1269
2015-10-05 12:50:01+02;1299
2015-10-05 15:18:01+02;1269
2015-10-05 23:06:01+02;1369
2015-10-06 06:02:01+02;1329
2015-10-06 08:26:01+02;1319
2015-10-06 09:22:01+02;1309
2015-10-06 10:22:01+02;1299
2015-10-06 11:22:01+02;1289
2015-10-06 13:26:01+02;1309
2015-10-06 14:26:01+02;1289
2015-10-06 15:50:01+02;1279
2015-10-06 17:26:01+02;1259
2015-10-06 17:54:01+02;1249
2015-10-06 23:06:01+02;1369
2015-10-07 05:58:01+02;1329
2015-10-07 07:42:01+02;1319
2015-10-07 08:22:01+02;1309
2015-10-07 10:10:01+02;1299
2015-10-07 11:06:01+02;1289
2015-10-07 11:50:01+02;1279
2015-10-07 13:02:01+02;1299
2015-10-07 13:50:01+02;1279
2015-10-07 15:50:01+02;1269
2015-10-07 16:46:01+02;1259
2015-10-07 23:06:01+02;1369
2015-10-08 06:26:01+02;1329
2015-10-08 07:58:01+02;1319
2015-10-08 08:50:01+02;1309
2015-10-08 10:58:01+02;1279
2015-10-08 12:50:01+02;1299
2015-10-08 14:26:01+02;1269
2015-10-08 23:06:01+02;1369
2015-10-09 06:26:01+02;1339
2015-10-09 08:18:01+02;1329
2015-10-09 08:50:01+02;1319
2015-10-09 10:50:01+02;1289
2015-10-09 11:18:01+02;1279
2015-10-09 11:46:01+02;1279
2015-10-09 12:58:01+02;1299
2015-10-09 13:58:01+02;1279
2015-10-09 15:06:01+02;1269
2015-10-09 17:42:01+02;1259
2015-10-09 23:06:01+02;1369
2015-10-10 06:06:01+02;1329
2015-10-10 08:26:01+02;1329
2015-10-10 09:18:01+02;1319
2015-10-10 10:50:01+02;1299
2015-10-10 11:50:01+02;1279
2015-10-10 13:02:01+02;1299
2015-10-10 14:26:01+02;1279
2015-10-10 15:06:01+02;1259
2015-10-10 15:50:01+02;1249
2015-10-10 23:06:01+02;1369
2015-10-11 07:06:02+02;1329
2015-10-11 09:38:01+02;1319
2015-10-11 10:38:01+02;1309
2015-10-11 11:06:01+02;1299
2015-10-11 11:38:01+02;1289
2015-10-11 12:38:01+02;1279
2015-10-11 13:38:01+02;1309
2015-10-11 14:06:01+02;1279
2015-10-11 14:38:01+02;1269
2015-10-11 15:38:01+02;1259
2015-10-11 23:06:01+02;1369
2015-10-12 06:30:01+02;1329
2015-10-12 08:18:01+02;1319
2015-10-12 10:02:01+02;1299
2015-10-12 10:22:01+02;1289
2015-10-12 12:38:01+02;1279
2015-10-12 13:22:01+02;1299
2015-10-12 14:22:01+02;1269
2015-10-12 23:06:01+02;1369
2015-10-13 06:06:01+02;1329
2015-10-13 08:22:01+02;1309
2015-10-13 09:22:01+02;1299
2015-10-13 10:26:01+02;1289
2015-10-13 12:46:01+02;1299
2015-10-13 13:46:01+02;1269
2015-10-13 23:06:01+02;1369
2015-10-14 06:22:01+02;1329
2015-10-14 09:26:02+02;1319
2015-10-14 10:50:01+02;1299
2015-10-14 11:50:01+02;1289
2015-10-14 12:58:01+02;1289
2015-10-14 14:18:01+02;1269
2015-10-14 15:22:01+02;1259
2015-10-14 16:50:01+02;1249
2015-10-14 23:06:02+02;1339
2015-10-15 06:26:01+02;1309
2015-10-15 07:46:01+02;1299
2015-10-15 09:18:01+02;1289
2015-10-15 10:06:01+02;1279
2015-10-15 10:26:01+02;1269
2015-10-15 12:06:01+02;1259
2015-10-15 12:50:01+02;1279
2015-10-15 14:22:01+02;1249
2015-10-15 15:22:01+02;1249
2015-10-15 23:06:01+02;1339
2015-10-16 06:22:01+02;1309
2015-10-16 08:22:01+02;1299
2015-10-16 09:02:01+02;1289
2015-10-16 09:18:02+02;1289
2015-10-16 09:46:01+02;1279
2015-10-16 11:22:01+02;1259
2015-10-16 12:50:01+02;1269
2015-10-16 14:02:01+02;1259
2015-10-16 14:58:01+02;1249
2015-10-16 16:58:01+02;1239
2015-10-16 23:06:01+02;1339
2015-10-17 06:06:01+02;1299
2015-10-17 07:50:01+02;1289
2015-10-17 09:22:01+02;1269
2015-10-17 10:22:01+02;1259
2015-10-17 11:18:01+02;1249
2015-10-17 15:06:01+02;1239
2015-10-17 23:06:01+02;1339
2015-10-18 07:06:01+02;1309
2015-10-18 09:38:01+02;1299
2015-10-18 10:06:01+02;1289
2015-10-18 10:38:01+02;1279
2015-10-18 11:38:01+02;1269
2015-10-18 12:06:01+02;1259
2015-10-18 13:38:01+02;1249
2015-10-18 15:06:01+02;1249
2015-10-18 18:06:01+02;1239
2015-10-18 23:06:01+02;1339
2015-10-19 06:22:01+02;1309
2015-10-19 07:02:01+02;1299
2015-10-19 07:38:01+02;1269
2015-10-19 09:18:01+02;1249
2015-10-19 11:26:01+02;1239
2015-10-19 12:50:01+02;1269
2015-10-19 13:50:01+02;1259
2015-10-19 14:50:01+02;1239
2015-10-19 23:06:01+02;1339
2015-10-20 06:26:01+02;1309
2015-10-20 09:02:01+02;1299
2015-10-20 09:58:01+02;1289
2015-10-20 10:26:01+02;1279
2015-10-20 11:42:01+02;1269
2015-10-20 13:30:01+02;1279
2015-10-20 13:50:01+02;1269
2015-10-20 14:22:01+02;1239
2015-10-20 17:38:01+02;1239
2015-10-20 23:06:01+02;1339
2015-10-21 06:26:01+02;1299
2015-10-21 07:58:01+02;1289
2015-10-21 09:46:01+02;1279
2015-10-21 10:46:02+02;1269
2015-10-21 11:26:01+02;1249
2015-10-21 13:06:01+02;1279
2015-10-21 13:26:01+02;1269
2015-10-21 13:58:01+02;1249
2015-10-21 14:26:01+02;1239
2015-10-21 23:06:01+02;1339
2015-10-22 06:30:01+02;1299
2015-10-22 08:10:01+02;1289
2015-10-22 08:58:01+02;1279
2015-10-22 09:58:01+02;1269
2015-10-22 10:58:01+02;1259
2015-10-22 11:26:01+02;1249
2015-10-22 12:58:01+02;1269
2015-10-22 13:58:01+02;1239
2015-10-22 17:38:01+02;1229
2015-10-22 23:06:01+02;1339
2015-10-23 06:26:01+02;1289
2015-10-23 07:06:01+02;1289
2015-10-23 07:26:01+02;1279
2015-10-23 08:58:01+02;1269
2015-10-23 09:58:01+02;1259
2015-10-23 10:26:01+02;1259
2015-10-23 11:26:01+02;1249
2015-10-23 11:46:01+02;1239
2015-10-23 12:46:01+02;1279
2015-10-23 13:58:01+02;1239
2015-10-23 23:06:01+02;1339
2015-10-24 06:06:01+02;1299
2015-10-24 09:26:01+02;1289
2015-10-24 10:06:01+02;1279
2015-10-24 10:26:01+02;1269
2015-10-24 11:26:01+02;1259
2015-10-24 12:06:01+02;1249
2015-10-24 12:58:01+02;1279
2015-10-24 14:26:01+02;1249
2015-10-24 15:06:01+02;1239
2015-10-24 23:06:01+02;1339
2015-10-25 07:06:01+01;1309
2015-10-25 10:06:01+01;1299
2015-10-25 10:38:01+01;1289
2015-10-25 11:06:01+01;1289
2015-10-25 11:38:01+01;1279
2015-10-25 12:06:01+01;1269
2015-10-25 13:38:01+01;1259
2015-10-25 15:06:01+01;1239
2015-10-25 16:06:01+01;1239
2015-10-25 23:06:01+01;1339
2015-10-26 06:18:01+01;1309
2015-10-26 07:50:01+01;1299
2015-10-26 08:58:01+01;1289
2015-10-26 09:22:01+01;1279
2015-10-26 10:50:01+01;1259
2015-10-26 11:18:01+01;1259
2015-10-26 12:50:01+01;1269
2015-10-26 13:50:01+01;1259
2015-10-26 14:30:01+01;1249
2015-10-26 16:22:01+01;1239
2015-10-26 17:22:01+01;1239
2015-10-26 23:34:01+01;1339
2015-10-27 06:06:01+01;1309
2015-10-27 07:38:01+01;1299
2015-10-27 08:18:01+01;1289
2015-10-27 09:26:01+01;1279
2015-10-27 10:18:01+01;1259
2015-10-27 12:50:01+01;1269
2015-10-27 13:50:01+01;1249
2015-10-27 15:22:01+01;1239
2015-10-27 23:06:01+01;1339
2015-10-28 06:22:01+01;1309
2015-10-28 07:58:01+01;1299
2015-10-28 08:18:01+01;1289
2015-10-28 09:22:01+01;1279
2015-10-28 10:22:01+01;1259
2015-10-28 10:46:01+01;1249
2015-10-28 12:50:01+01;1269
2015-10-28 14:22:01+01;1239
2015-10-28 16:50:01+01;1239
2015-10-28 23:38:01+01;1339
2015-10-29 06:26:01+01;1299
2015-10-29 08:30:01+01;1259
2015-10-29 09:50:01+01;1249
2015-10-29 11:50:01+01;1239
2015-10-29 12:50:01+01;1269
2015-10-29 13:50:01+01;1239
2015-10-29 23:06:01+01;1339
2015-10-30 06:10:01+01;1319
2015-10-30 07:26:01+01;1259
2015-10-30 08:18:01+01;1279
2015-10-30 09:22:01+01;1259
2015-10-30 09:46:01+01;1239
2015-10-30 12:50:01+01;1269
2015-10-30 14:22:01+01;1259
2015-10-30 18:06:01+01;1249
2015-10-30 23:06:01+01;1339
2015-10-31 06:38:01+01;1329
2015-10-31 08:50:01+01;1319
2015-10-31 09:22:01+01;1309
2015-10-31 10:22:01+01;1299
2015-10-31 11:26:01+01;1289
2015-10-31 11:58:01+01;1279
2015-10-31 13:06:01+01;1309
2015-10-31 13:50:01+01;1269
2015-10-31 16:06:01+01;1269
2015-10-31 17:06:01+01;1249
2015-10-31 23:06:01+01;1339
2015-11-01 11:34:01+01;1299
2015-11-01 11:38:01+01;1289
2015-11-01 12:38:01+01;1279
2015-11-01 13:38:01+01;1309
2015-11-01 14:06:01+01;1279
2015-11-01 15:06:01+01;1269
2015-11-01 15:38:01+01;1269
2015-11-01 16:06:01+01;1259
2015-11-01 16:38:01+01;1259
2015-11-01 17:06:01+01;1249
2015-11-01 23:06:01+01;1339
2015-11-02 05:50:01+01;1319
2015-11-02 09:06:01+01;1299
2015-11-02 09:46:01+01;1289
2015-11-02 10:50:01+01;1279
2015-11-02 11:46:01+01;1269
2015-11-02 12:58:01+01;1289
2015-11-02 13:58:01+01;1279
2015-11-02 14:22:01+01;1279
2015-11-02 16:46:01+01;1269
2015-11-02 17:58:01+01;1259
2015-11-03 06:02:01+01;1329
2015-11-03 08:50:01+01;1309
2015-11-03 09:50:01+01;1299
2015-11-03 10:22:01+01;1289
2015-11-03 11:22:01+01;1279
2015-11-03 11:46:01+01;1269
2015-11-03 12:46:01+01;1299
2015-11-03 14:18:01+01;1269
2015-11-03 16:50:01+01;1269
2015-11-03 23:06:01+01;1339
2015-11-04 06:22:02+01;1329
2015-11-04 08:18:01+01;1319
2015-11-04 09:22:01+01;1309
2015-11-04 10:22:02+01;1299
2015-11-04 10:46:01+01;1289
2015-11-04 11:46:01+01;1279
2015-11-04 12:46:01+01;1299
2015-11-04 13:50:01+01;1289
2015-11-04 17:06:01+01;1269
2015-11-04 18:38:01+01;1269
2015-11-04 23:06:02+01;1339
2015-11-05 06:34:01+01;1329
2015-11-05 08:42:01+01;1319
2015-11-05 10:26:01+01;1309
2015-11-05 11:22:01+01;1299
2015-11-05 13:42:01+01;1319
2015-11-05 14:46:01+01;1299
2015-11-05 15:46:01+01;1289
2015-11-05 17:22:01+01;1279
2015-11-05 23:06:01+01;1369
2015-11-06 06:34:01+01;1349
2015-11-06 06:58:01+01;1339
2015-11-06 07:54:01+01;1329
2015-11-06 08:58:01+01;1319
2015-11-06 09:54:01+01;1309
2015-11-06 12:46:01+01;1319
2015-11-06 13:58:01+01;1289
2015-11-06 15:58:01+01;1279
2015-11-06 17:38:01+01;1269
2015-11-06 23:06:01+01;1379
2015-11-07 06:06:01+01;1349
2015-11-07 08:22:01+01;1339
2015-11-07 09:54:01+01;1319
2015-11-07 10:46:01+01;1299
2015-11-07 11:54:01+01;1289
2015-11-07 12:54:01+01;1299
2015-11-07 13:46:01+01;1289
2015-11-07 16:38:01+01;1279
2015-11-07 17:38:01+01;1269
2015-11-07 23:06:01+01;1379
2015-11-08 07:38:01+01;1349
2015-11-08 09:38:01+01;1339
2015-11-08 10:38:01+01;1329
2015-11-08 11:38:01+01;1309
2015-11-08 12:06:01+01;1299
2015-11-08 14:38:01+01;1289
2015-11-08 15:06:01+01;1279
2015-11-08 16:06:01+01;1269
2015-11-08 17:06:01+01;1259
2015-11-08 23:06:01+01;1379
2015-11-09 06:18:01+01;1349
2015-11-09 07:50:01+01;1329
2015-11-09 09:06:01+01;1319
2015-11-09 09:50:01+01;1309
2015-11-09 10:50:01+01;1299
2015-11-09 11:46:01+01;1289
2015-11-09 12:46:01+01;1319
2015-11-09 14:22:01+01;1309
2015-11-09 15:46:01+01;1279
2015-11-09 17:18:01+01;1269
2015-11-09 23:06:01+01;1439
2015-11-10 06:06:01+01;1349
2015-11-10 07:50:01+01;1339
2015-11-10 09:02:01+01;1329
2015-11-10 10:18:01+01;1319
2015-11-10 11:22:01+01;1309
2015-11-10 12:02:01+01;1299
2015-11-10 12:46:01+01;1309
2015-11-10 13:50:01+01;1289
2015-11-10 14:18:01+01;1289
2015-11-10 15:22:01+01;1279
2015-11-10 23:06:01+01;1439
2015-11-11 06:10:01+01;1319
2015-11-11 10:26:01+01;1309
2015-11-11 11:22:01+01;1309
2015-11-11 11:46:01+01;1299
2015-11-11 12:46:01+01;1319
2015-11-11 13:50:01+01;1309
2015-11-11 14:18:01+01;1299
2015-11-11 15:50:01+01;1289
2015-11-11 16:50:01+01;1279
2015-11-11 23:06:01+01;1439
2015-11-12 06:06:01+01;1359
2015-11-12 08:06:01+01;1349
2015-11-12 08:26:01+01;1339
2015-11-12 09:46:01+01;1329
2015-11-12 10:58:01+01;1309
2015-11-12 11:26:01+01;1299
2015-11-12 12:26:01+01;1289
2015-11-12 12:46:01+01;1319
2015-11-12 13:46:01+01;1309
2015-11-12 14:58:01+01;1299
2015-11-12 16:26:01+01;1279
2015-11-12 23:06:01+01;1439
2015-11-13 06:06:01+01;1349
2015-11-13 08:06:01+01;1339
2015-11-13 09:06:01+01;1329
2015-11-13 10:06:02+01;1309
2015-11-13 10:46:01+01;1299
2015-11-13 17:06:01+01;1269
2015-11-13 23:06:01+01;1439
2015-11-14 06:06:01+01;1339
2015-11-14 08:26:01+01;1329
2015-11-14 09:46:01+01;1319
2015-11-14 10:38:01+01;1299
2015-11-14 11:26:01+01;1289
2015-11-14 12:58:01+01;1309
2015-11-14 15:06:01+01;1309
2015-11-14 15:38:01+01;1279
2015-11-14 16:38:01+01;1269
2015-11-14 17:38:01+01;1259
2015-11-14 23:06:01+01;1439
2015-11-15 07:06:01+01;1319
2015-11-15 10:06:01+01;1309
2015-11-15 10:38:01+01;1299
2015-11-15 11:38:01+01;1289
2015-11-15 12:06:01+01;1279
2015-11-15 13:38:01+01;1269
2015-11-15 15:06:01+01;1269
2015-11-15 16:06:01+01;1259
2015-11-15 17:06:01+01;1249
2015-11-15 23:06:01+01;1439
2015-11-16 06:26:01+01;1329
2015-11-16 07:58:01+01;1319
2015-11-16 08:22:01+01;1309
2015-11-16 10:22:01+01;1299
2015-11-16 11:42:01+01;1289
2015-11-16 14:42:01+01;1259
2015-11-16 17:06:01+01;1259
2015-11-16 23:06:01+01;1439
2015-11-17 06:22:01+01;1349
2015-11-17 07:58:01+01;1339
2015-11-17 09:10:01+01;1279
2015-11-17 10:30:01+01;1269
2015-11-17 12:58:02+01;1289
2015-11-17 14:38:01+01;1279
2015-11-17 15:46:01+01;1259
2015-11-17 23:06:01+01;1439
2015-11-18 06:14:01+01;1319
2015-11-18 08:50:01+01;1299
2015-11-18 10:22:01+01;1279
2015-11-18 11:22:01+01;1269
2015-11-18 12:46:01+01;1289
2015-11-18 13:50:02+01;1269
2015-11-18 17:18:01+01;1259
2015-11-18 18:38:01+01;1249
2015-11-18 19:38:01+01;1249
2015-11-18 23:06:01+01;1409
2015-11-19 05:54:01+01;1299
2015-11-19 09:02:01+01;1289
2015-11-19 09:46:01+01;1279
2015-11-19 10:26:01+01;1259
2015-11-19 11:22:01+01;1249
2015-11-19 23:06:01+01;1409
2015-11-20 06:26:01+01;1329
2015-11-20 07:18:01+01;1319
2015-11-20 07:58:01+01;1309
2015-11-20 08:50:01+01;1299
2015-11-20 10:58:01+01;1279
2015-11-20 12:30:01+01;1259
2015-11-20 12:46:01+01;1289
2015-11-20 17:46:01+01;1249
2015-11-20 23:06:01+01;1359
2015-11-21 06:06:01+01;1319
2015-11-21 08:58:01+01;1309
2015-11-21 10:26:01+01;1289
2015-11-21 11:30:01+01;1279
2015-11-21 11:58:01+01;1269
2015-11-21 12:58:01+01;1299
2015-11-21 13:58:01+01;1279
2015-11-21 14:58:01+01;1269
2015-11-21 15:38:01+01;1259
2015-11-21 16:38:01+01;1259
2015-11-21 17:06:01+01;1249
2015-11-21 23:06:01+01;1359
2015-11-22 07:38:01+01;1319
2015-11-22 10:06:01+01;1299
2015-11-22 11:38:01+01;1279
2015-11-22 12:06:01+01;1269
2015-11-22 15:06:01+01;1249
2015-11-22 23:06:01+01;1359
2015-11-23 06:26:01+01;1319
2015-11-23 06:46:01+01;1309
2015-11-23 08:46:01+01;1299
2015-11-23 10:18:01+01;1279
2015-11-23 11:50:01+01;1269
2015-11-23 12:46:01+01;1289
2015-11-23 17:42:01+01;1249
2015-11-23 23:06:01+01;1359
2015-11-24 06:22:01+01;1319
2015-11-24 07:18:01+01;1309
2015-11-24 08:26:01+01;1299
2015-11-24 09:22:01+01;1289
2015-11-24 10:06:01+01;1279
2015-11-24 10:18:01+01;1269
2015-11-24 12:50:01+01;1289
2015-11-24 17:46:01+01;1249
2015-11-24 18:38:01+01;1249
2015-11-24 23:06:01+01;1359
2015-11-25 06:18:01+01;1319
2015-11-25 08:02:01+01;1299
2015-11-25 09:42:01+01;1289
2015-11-25 10:30:01+01;1279
2015-11-25 11:42:01+01;1269
2015-11-25 12:50:01+01;1289
2015-11-25 14:30:01+01;1269
2015-11-25 15:38:01+01;1269
2015-11-25 16:46:01+01;1259
2015-11-25 17:22:01+01;1249
2015-11-25 17:46:01+01;1249
2015-11-25 23:06:01+01;1359
2015-11-26 06:02:01+01;1329
2015-11-26 07:50:01+01;1319
2015-11-26 08:22:01+01;1309
2015-11-26 08:50:01+01;1299
2015-11-26 09:22:01+01;1299
2015-11-26 10:02:01+01;1289
2015-11-26 10:30:01+01;1279
2015-11-26 11:14:01+01;1269
2015-11-26 12:46:01+01;1299
2015-11-26 14:06:02+01;1269
2015-11-26 23:06:01+01;1359
2015-11-27 05:58:01+01;1329
2015-11-27 07:18:01+01;1319
2015-11-27 07:42:01+01;1309
2015-11-27 08:26:01+01;1299
2015-11-27 10:30:01+01;1289
2015-11-27 11:50:01+01;1269
2015-11-27 16:22:01+01;1259
2015-11-27 17:06:01+01;1249
2015-11-27 23:06:01+01;1359
2015-11-28 06:38:01+01;1329
2015-11-28 08:30:01+01;1319
2015-11-28 09:30:01+01;1299
2015-11-28 10:26:01+01;1289
2015-11-28 11:38:01+01;1279
2015-11-28 12:42:01+01;1309
2015-11-28 13:46:01+01;1289
2015-11-28 14:50:01+01;1279
2015-11-28 16:06:01+01;1269
2015-11-28 16:38:01+01;1269
2015-11-28 17:38:01+01;1259
2015-11-28 23:06:01+01;1359
2015-11-29 07:06:01+01;1329
2015-11-29 09:38:01+01;1319
2015-11-29 10:38:01+01;1299
2015-11-29 11:38:01+01;1279
2015-11-29 12:06:01+01;1279
2015-11-29 13:38:01+01;1269
2015-11-29 15:06:01+01;1259
2015-11-29 15:38:01+01;1259
2015-11-29 16:06:01+01;1249
2015-11-29 23:06:01+01;1359
2015-11-30 05:58:01+01;1329
2015-11-30 07:26:01+01;1329
2015-11-30 07:46:01+01;1319
2015-11-30 08:50:01+01;1309
2015-11-30 09:50:01+01;1299
2015-11-30 10:26:01+01;1289
2015-11-30 11:18:01+01;1279
2015-11-30 11:50:01+01;1269
2015-11-30 12:46:01+01;1289
2015-11-30 13:46:01+01;1269
2015-11-30 15:22:01+01;1269
2015-11-30 16:26:01+01;1259
2015-12-01 00:42:01+01;1359
2015-12-01 06:30:01+01;1329
2015-12-01 07:50:01+01;1329
2015-12-01 10:50:01+01;1319
2015-12-01 11:18:01+01;1309
2015-12-01 12:18:01+01;1299
2015-12-01 12:46:01+01;1319
2015-12-01 13:50:01+01;1289
2015-12-01 14:22:01+01;1279
2015-12-01 15:18:01+01;1269
2015-12-01 15:54:01+01;1259
2015-12-01 16:46:01+01;1249
2015-12-01 23:06:01+01;1359
2015-12-02 06:06:01+01;1329
2015-12-02 07:50:01+01;1319
2015-12-02 08:30:01+01;1309
2015-12-02 09:18:01+01;1299
2015-12-02 09:46:01+01;1279
2015-12-02 10:50:01+01;1269
2015-12-02 11:26:01+01;1259
2015-12-02 12:46:01+01;1289
2015-12-02 13:46:01+01;1249
2015-12-02 16:18:01+01;1249
2015-12-02 23:06:01+01;1359
2015-12-03 05:58:01+01;1319
2015-12-03 08:02:01+01;1309
2015-12-03 09:02:01+01;1299
2015-12-03 09:46:01+01;1289
2015-12-03 10:26:01+01;1279
2015-12-03 11:22:01+01;1269
2015-12-03 11:50:01+01;1259
2015-12-03 12:50:01+01;1299
2015-12-03 13:46:01+01;1249
2015-12-03 23:06:01+01;1319
2015-12-04 06:14:01+01;1309
2015-12-04 07:18:01+01;1299
2015-12-04 08:02:01+01;1289
2015-12-04 09:22:01+01;1279
2015-12-04 09:50:01+01;1269
2015-12-04 10:18:01+01;1259
2015-12-04 10:46:01+01;1249
2015-12-04 11:26:01+01;1239
2015-12-04 12:46:01+01;1269
2015-12-04 13:58:01+01;1239
2015-12-04 23:06:01+01;1319
2015-12-05 06:38:01+01;1299
2015-12-05 10:26:01+01;1289
2015-12-05 11:22:01+01;1279
2015-12-05 13:06:01+01;1309
2015-12-05 13:58:01+01;1279
2015-12-05 15:38:01+01;1249
2015-12-05 17:06:01+01;1239
2015-12-05 18:06:02+01;1239
2015-12-05 23:06:01+01;1319
2015-12-06 07:06:01+01;1299
2015-12-06 09:06:01+01;1299
2015-12-06 09:38:01+01;1259
2015-12-06 10:06:01+01;1239
2015-12-06 23:06:01+01;1319
2015-12-07 06:22:01+01;1299
2015-12-07 07:50:01+01;1289
2015-12-07 09:46:01+01;1239
2015-12-07 10:50:01+01;1229
2015-12-07 12:46:01+01;1249
2015-12-07 13:46:01+01;1229
2015-12-07 23:06:01+01;1319
2015-12-08 06:22:01+01;1289
2015-12-08 06:50:01+01;1279
2015-12-08 07:50:01+01;1279
2015-12-08 10:22:01+01;1269
2015-12-08 11:18:01+01;1259
2015-12-08 12:18:01+01;1249
2015-12-08 12:46:01+01;1269
2015-12-08 13:46:01+01;1249
2015-12-08 17:46:01+01;1239
2015-12-08 18:38:01+01;1229
2015-12-08 19:38:01+01;1229
2015-12-08 23:06:01+01;1319
2015-12-09 06:22:01+01;1279
2015-12-09 07:02:01+01;1269
2015-12-09 08:02:01+01;1269
2015-12-09 08:46:01+01;1259
2015-12-09 10:50:01+01;1249
2015-12-09 11:30:01+01;1239
2015-12-09 13:02:01+01;1259
2015-12-09 14:22:01+01;1239
2015-12-09 14:50:01+01;1229
2015-12-09 15:50:01+01;1219
2015-12-09 16:18:01+01;1219
2015-12-09 17:18:01+01;1209
2015-12-09 23:06:01+01;1319
2015-12-10 06:26:01+01;1269
2015-12-10 07:26:01+01;1259
2015-12-10 09:38:01+01;1249
2015-12-10 11:06:01+01;1249
2015-12-10 12:18:01+01;1239
2015-12-10 12:46:01+01;1249
2015-12-10 13:58:01+01;1239
2015-12-10 14:26:01+01;1229
2015-12-10 16:18:01+01;1229
2015-12-10 16:46:01+01;1219
2015-12-10 17:26:01+01;1219
2015-12-10 23:06:01+01;1319
2015-12-11 06:26:01+01;1269
2015-12-11 10:18:01+01;1259
2015-12-11 11:18:01+01;1249
2015-12-11 12:50:01+01;1259
2015-12-11 13:46:01+01;1249
2015-12-11 14:26:01+01;1239
2015-12-11 17:38:01+01;1229
2015-12-11 18:06:01+01;1219
2015-12-11 19:06:01+01;1219
2015-12-11 23:06:01+01;1299
2015-12-12 06:06:01+01;1289
2015-12-12 09:22:01+01;1279
2015-12-12 11:06:01+01;1269
2015-12-12 12:30:01+01;1259
2015-12-12 12:58:01+01;1289
2015-12-12 14:02:01+01;1249
2015-12-12 15:06:01+01;1239
2015-12-12 16:06:01+01;1229
2015-12-12 17:38:01+01;1229
2015-12-12 18:38:01+01;1219
2015-12-12 23:06:01+01;1299
2015-12-13 07:06:01+01;1289
2015-12-13 09:38:01+01;1279
2015-12-13 10:38:01+01;1269
2015-12-13 11:38:01+01;1259
2015-12-13 12:06:01+01;1249
2015-12-13 12:38:01+01;1239
2015-12-13 15:06:01+01;1229
2015-12-13 16:06:01+01;1219
2015-12-13 23:06:01+01;1299
2015-12-14 06:30:01+01;1279
2015-12-14 07:58:01+01;1269
2015-12-14 08:46:01+01;1259
2015-12-14 09:50:01+01;1249
2015-12-14 11:06:01+01;1239
2015-12-14 11:26:01+01;1229
2015-12-14 12:46:02+01;1259
2015-12-14 13:50:01+01;1229
2015-12-14 17:50:01+01;1219
2015-12-14 23:06:01+01;1279
2015-12-15 06:38:01+01;1279
2015-12-15 07:22:01+01;1269
2015-12-15 09:22:01+01;1259
2015-12-15 10:26:01+01;1249
2015-12-15 11:22:01+01;1239
2015-12-15 12:46:01+01;1269
2015-12-15 13:50:01+01;1229
2015-12-15 15:18:01+01;1219
2015-12-15 15:50:01+01;1219
2015-12-15 22:06:01+01;1279
2015-12-16 06:22:01+01;1269
2015-12-16 10:38:01+01;1259
2015-12-16 11:22:01+01;1249
2015-12-16 12:50:01+01;1269
2015-12-16 13:46:01+01;1249
2015-12-16 15:58:01+01;1239
2015-12-16 16:22:01+01;1229
2015-12-16 16:54:01+01;1219
2015-12-16 18:06:01+01;1219
2015-12-16 19:38:01+01;1219
2015-12-16 22:06:01+01;1279
2015-12-17 07:46:01+01;1269
2015-12-17 08:58:01+01;1259
2015-12-17 09:46:01+01;1249
2015-12-17 10:46:01+01;1229
2015-12-17 11:22:01+01;1219
2015-12-17 11:58:01+01;1209
2015-12-17 12:46:02+01;1239
2015-12-17 13:50:01+01;1209
2015-12-17 17:46:01+01;1209
2015-12-17 22:06:01+01;1299
2015-12-18 06:22:01+01;1269
2015-12-18 07:50:01+01;1259
2015-12-18 08:50:01+01;1249
2015-12-18 09:46:01+01;1239
2015-12-18 10:42:01+01;1229
2015-12-18 11:50:01+01;1219
2015-12-18 12:50:01+01;1249
2015-12-18 13:42:01+01;1239
2015-12-18 14:58:02+01;1229
2015-12-18 15:18:01+01;1219
2015-12-18 16:18:01+01;1209
2015-12-18 22:06:01+01;1299
2015-12-19 06:06:01+01;1279
2015-12-19 08:18:01+01;1269
2015-12-19 09:06:01+01;1259
2015-12-19 10:26:01+01;1229
2015-12-19 11:26:01+01;1219
2015-12-19 12:46:01+01;1239
2015-12-19 14:06:01+01;1219
2015-12-19 15:38:01+01;1209
2015-12-19 22:06:01+01;1299
2015-12-20 07:38:01+01;1279
2015-12-20 09:06:01+01;1269
2015-12-20 10:06:01+01;1259
2015-12-20 10:38:01+01;1249
2015-12-20 11:38:01+01;1239
2015-12-20 12:06:01+01;1229
2015-12-20 12:38:01+01;1229
2015-12-20 15:38:01+01;1209
2015-12-20 16:38:01+01;1209
2015-12-20 22:06:01+01;1299
2015-12-21 06:38:01+01;1269
2015-12-21 07:18:01+01;1259
2015-12-21 07:46:01+01;1249
2015-12-21 08:22:01+01;1249
2015-12-21 09:46:01+01;1239
2015-12-21 11:02:01+01;1229
2015-12-21 12:26:01+01;1219
2015-12-21 12:46:01+01;1239
2015-12-21 13:46:01+01;1219
2015-12-21 16:50:01+01;1219
2015-12-21 22:06:01+01;1299
2015-12-22 06:30:02+01;1269
2015-12-22 07:22:02+01;1269
2015-12-22 08:22:02+01;1269
2015-12-22 08:46:01+01;1259
2015-12-22 09:18:02+01;1239
2015-12-22 09:50:01+01;1239
2015-12-22 10:22:01+01;1229
2015-12-22 11:18:01+01;1219
2015-12-22 11:50:01+01;1219
2015-12-22 12:18:01+01;1209
2015-12-22 12:46:01+01;1229
2015-12-22 14:22:01+01;1209
2015-12-22 15:50:01+01;1209
2015-12-22 22:06:01+01;1299
2015-12-23 06:42:01+01;1259
2015-12-23 07:22:01+01;1249
2015-12-23 07:46:01+01;1249
2015-12-23 08:18:01+01;1239
2015-12-23 10:22:01+01;1229
2015-12-23 11:22:01+01;1219
2015-12-23 12:30:01+01;1209
2015-12-23 12:46:01+01;1229
2015-12-23 13:46:02+01;1219
2015-12-23 14:26:01+01;1209
2015-12-23 16:54:01+01;1199
2015-12-23 18:06:01+01;1199
2015-12-23 22:06:01+01;1299
2015-12-24 06:06:01+01;1259
2015-12-24 10:26:01+01;1239
2015-12-24 11:46:02+01;1219
2015-12-24 12:22:01+01;1219
2015-12-24 14:22:01+01;1199
2015-12-24 15:38:01+01;1199
2015-12-24 17:06:01+01;1199
2015-12-24 22:06:01+01;1299
2015-12-25 07:06:02+01;1259
2015-12-25 09:06:01+01;1249
2015-12-25 09:38:01+01;1239
2015-12-25 10:38:01+01;1219
2015-12-25 11:06:01+01;1209
2015-12-25 13:06:01+01;1229
2015-12-25 13:38:01+01;1209
2015-12-25 14:06:01+01;1199
2015-12-25 22:06:01+01;1299
2015-12-26 07:06:01+01;1259
2015-12-26 09:06:01+01;1249
2015-12-26 09:38:01+01;1239
2015-12-26 10:38:01+01;1219
2015-12-26 11:38:01+01;1199
2015-12-26 12:06:01+01;1199
2015-12-26 13:38:01+01;1229
2015-12-26 14:06:01+01;1229
2015-12-26 15:06:01+01;1209
2015-12-26 15:38:01+01;1199
2015-12-26 17:06:01+01;1199
2015-12-26 18:38:01+01;1199
2015-12-26 20:22:01+01;1199
2015-12-26 22:06:01+01;1299
2015-12-27 07:06:01+01;1259
2015-12-27 08:38:01+01;1249
2015-12-27 09:38:01+01;1239
2015-12-27 10:38:01+01;1219
2015-12-27 11:38:01+01;1209
2015-12-27 12:06:01+01;1209
2015-12-27 12:38:01+01;1199
2015-12-27 15:06:01+01;1199
2015-12-27 16:06:01+01;1199
2015-12-27 22:06:01+01;1299
2015-12-28 06:02:01+01;1259
2015-12-28 07:22:01+01;1249
2015-12-28 08:02:01+01;1249
2015-12-28 10:22:01+01;1219
2015-12-28 10:50:01+01;1219
2015-12-28 12:22:01+01;1209
2015-12-28 12:50:01+01;1239
2015-12-28 14:06:01+01;1219
2015-12-28 15:26:02+01;1209
2015-12-28 16:18:01+01;1199
2015-12-28 22:06:01+01;1299
2015-12-29 06:42:01+01;1269
2015-12-29 07:46:01+01;1249
2015-12-29 08:22:01+01;1249
2015-12-29 09:02:01+01;1239
2015-12-29 10:22:01+01;1229
2015-12-29 10:50:01+01;1219
2015-12-29 13:06:01+01;1249
2015-12-29 14:26:01+01;1229
2015-12-29 15:22:01+01;1219
2015-12-29 16:18:01+01;1209
2015-12-29 19:06:01+01;1209
2015-12-29 22:06:01+01;1299
2015-12-30 06:22:01+01;1269
2015-12-30 07:06:01+01;1269
2015-12-30 07:50:01+01;1259
2015-12-30 08:58:01+01;1239
2015-12-30 10:34:02+01;1229
2015-12-30 11:34:01+01;1219
2015-12-30 13:22:01+01;1249
2015-12-30 14:34:01+01;1219
2015-12-30 15:18:01+01;1209
2015-12-30 22:06:01+01;1279
2015-12-31 06:06:01+01;1269
2015-12-31 07:38:01+01;1259
2015-12-31 08:22:01+01;1249
2015-12-31 09:18:01+01;1239
2015-12-31 10:18:01+01;1229
2015-12-31 11:38:01+01;1219
2015-12-31 12:50:01+01;1249
2015-12-31 13:50:01+01;1219
2015-12-31 15:06:01+01;1209
2015-12-31 16:38:01+01;1209
2015-12-31 22:06:01+01;1279
2016-01-01 07:14:01+01;1269
2016-01-01 09:14:01+01;1259
2016-01-01 10:14:01+01;1249
2016-01-01 10:42:01+01;1239
2016-01-01 11:14:01+01;1219
2016-01-01 11:42:01+01;1219
2016-01-01 12:14:01+01;1209
2016-01-01 15:14:01+01;1199
2016-01-01 16:14:01+01;1199
2016-01-01 22:14:01+01;1279
2016-01-02 06:14:02+01;1269
2016-01-02 08:30:01+01;1249
2016-01-02 08:50:01+01;1239
2016-01-02 09:22:01+01;1229
2016-01-02 10:30:01+01;1219
2016-01-02 11:02:01+01;1209
2016-01-02 11:22:01+01;1209
2016-01-02 12:46:01+01;1229
2016-01-02 14:46:01+01;1219
2016-01-02 15:38:01+01;1209
2016-01-02 16:06:01+01;1209
2016-01-02 17:06:01+01;1199
2016-01-02 22:06:01+01;1279
2016-01-03 07:06:01+01;1269
2016-01-03 09:06:01+01;1259
2016-01-03 09:38:01+01;1249
2016-01-03 10:06:01+01;1239
2016-01-03 10:38:02+01;1229
2016-01-03 11:38:01+01;1219
2016-01-03 12:06:01+01;1209
2016-01-03 15:06:01+01;1199
2016-01-03 22:06:01+01;1279
2016-01-04 06:26:01+01;1269
2016-01-04 08:02:01+01;1259
2016-01-04 08:22:01+01;1249
2016-01-04 08:58:01+01;1239
2016-01-04 09:58:01+01;1229
2016-01-04 11:02:01+01;1219
2016-01-04 11:46:01+01;1209
2016-01-04 12:54:01+01;1229
2016-01-04 14:22:01+01;1209
2016-01-04 22:06:01+01;1279
2016-01-05 06:26:01+01;1269
2016-01-05 07:58:01+01;1259
2016-01-05 10:26:01+01;1249
2016-01-05 11:50:01+01;1239
2016-01-05 12:46:01+01;1269
2016-01-05 14:30:01+01;1239
2016-01-05 16:22:01+01;1229
2016-01-05 16:50:01+01;1219
2016-01-05 17:18:01+01;1209
2016-01-05 22:06:01+01;1279
2016-01-06 06:22:01+01;1279
2016-01-06 07:46:01+01;1269
2016-01-06 09:50:01+01;1259
2016-01-06 11:50:01+01;1249
2016-01-06 12:46:01+01;1249
2016-01-06 13:50:01+01;1229
2016-01-06 15:50:01+01;1209
2016-01-06 22:06:01+01;1279
2016-01-07 06:18:01+01;1269
2016-01-07 07:38:01+01;1269
2016-01-07 09:22:01+01;1259
2016-01-07 10:06:01+01;1249
2016-01-07 12:02:01+01;1229
2016-01-07 12:46:01+01;1249
2016-01-07 13:58:01+01;1219
2016-01-07 17:22:01+01;1219
2016-01-07 22:06:01+01;1279
2016-01-08 06:26:01+01;1269
2016-01-08 08:22:01+01;1259
2016-01-08 09:06:01+01;1249
2016-01-08 10:22:01+01;1229
2016-01-08 11:42:01+01;1219
2016-01-08 12:18:01+01;1239
2016-01-08 13:30:01+01;1229
2016-01-08 14:22:01+01;1209
2016-01-08 15:26:01+01;1199
2016-01-08 16:46:01+01;1199
2016-01-08 22:06:01+01;1279
2016-01-09 06:06:01+01;1259
2016-01-09 07:38:01+01;1249
2016-01-09 08:18:01+01;1239
2016-01-09 08:50:02+01;1229
2016-01-09 09:50:01+01;1219
2016-01-09 11:58:01+01;1199
2016-01-09 13:18:01+01;1229
2016-01-09 14:26:01+01;1219
2016-01-09 15:38:01+01;1209
2016-01-09 16:06:01+01;1199
2016-01-09 17:06:01+01;1199
2016-01-09 18:06:01+01;1199
2016-01-09 22:06:01+01;1279
2016-01-10 07:38:01+01;1249
2016-01-10 09:06:01+01;1239
2016-01-10 09:38:01+01;1229
2016-01-10 10:38:01+01;1209
2016-01-10 11:06:01+01;1199
2016-01-10 16:38:01+01;1199
2016-01-10 22:06:01+01;1279
2016-01-11 06:26:01+01;1249
2016-01-11 07:50:01+01;1239
2016-01-11 08:50:01+01;1229
2016-01-11 09:18:01+01;1219
2016-01-11 11:58:01+01;1199
2016-01-11 12:50:01+01;1219
2016-01-11 13:46:01+01;1199
2016-01-11 15:50:01+01;1199
2016-01-11 22:06:01+01;1289
2016-01-12 06:26:01+01;1259
2016-01-12 08:26:01+01;1249
2016-01-12 09:46:01+01;1239
2016-01-12 10:18:01+01;1229
2016-01-12 11:02:01+01;1219
2016-01-12 11:46:01+01;1199
2016-01-12 12:46:01+01;1229
2016-01-12 13:46:01+01;1199
2016-01-12 18:06:01+01;1189
2016-01-12 22:06:01+01;1289
2016-01-13 06:26:01+01;1239
2016-01-13 09:18:01+01;1199
2016-01-13 12:46:01+01;1229
2016-01-13 13:50:02+01;1199
2016-01-13 22:06:01+01;1289
2016-01-14 06:26:01+01;1259
2016-01-14 08:26:01+01;1249
2016-01-14 09:18:01+01;1239
2016-01-14 10:06:01+01;1219
2016-01-14 10:18:01+01;1209
2016-01-14 10:58:01+01;1199
2016-01-14 11:18:01+01;1199
2016-01-14 12:46:01+01;1229
2016-01-14 13:58:01+01;1199
2016-01-14 17:26:01+01;1159
2016-01-14 22:06:01+01;1289
2016-01-15 06:26:01+01;1229
2016-01-15 07:58:01+01;1229
2016-01-15 08:46:01+01;1229
2016-01-15 10:18:01+01;1209
2016-01-15 12:46:01+01;1239
2016-01-15 13:46:01+01;1209
2016-01-15 15:46:02+01;1199
2016-01-15 16:58:01+01;1179
2016-01-15 17:22:01+01;1159
2016-01-15 17:46:01+01;1159
2016-01-15 22:06:01+01;1259
2016-01-16 07:50:01+01;1229
2016-01-16 08:26:01+01;1219
2016-01-16 09:18:01+01;1219
2016-01-16 10:22:01+01;1199
2016-01-16 11:18:01+01;1189
2016-01-16 11:58:01+01;1189
2016-01-16 12:46:01+01;1219
2016-01-16 13:50:02+01;1199
2016-01-16 14:58:01+01;1179
2016-01-16 22:06:01+01;1259
2016-01-17 19:54:01+01;1199
2016-01-17 22:06:01+01;1259
2016-01-18 06:26:01+01;1229
2016-01-18 09:30:01+01;1209
2016-01-18 10:22:01+01;1199
2016-01-18 16:50:02+01;1189
2016-01-18 20:38:01+01;1179
2016-01-18 22:06:02+01;1259
2016-01-19 06:22:01+01;1239
2016-01-19 07:18:01+01;1239
2016-01-19 08:46:01+01;1229
2016-01-19 09:58:01+01;1209
2016-01-19 10:50:01+01;1199
2016-01-19 11:18:01+01;1189
2016-01-19 12:50:01+01;1219
2016-01-19 13:42:01+01;1189
2016-01-19 14:58:01+01;1179
2016-01-19 15:50:01+01;1169
2016-01-19 22:06:01+01;1259
2016-01-20 06:22:01+01;1229
2016-01-20 07:42:01+01;1219
2016-01-20 09:06:01+01;1199
2016-01-20 10:22:01+01;1189
2016-01-20 10:50:02+01;1179
2016-01-20 12:46:01+01;1199
2016-01-20 14:22:01+01;1179
2016-01-20 15:50:02+01;1169
2016-01-20 16:22:01+01;1169
2016-01-20 16:46:01+01;1149
2016-01-20 22:06:01+01;1259
2016-01-21 06:18:01+01;1229
2016-01-21 07:58:01+01;1219
2016-01-21 08:22:01+01;1209
2016-01-21 09:30:02+01;1199
2016-01-21 10:22:01+01;1189
2016-01-21 11:26:01+01;1169
2016-01-21 12:46:01+01;1199
2016-01-21 13:58:01+01;1169
2016-01-21 22:06:01+01;1259
2016-01-22 06:22:01+01;1229
2016-01-22 07:14:01+01;1229
2016-01-22 07:54:01+01;1219
2016-01-22 08:50:02+01;1209
2016-01-22 09:14:01+01;1199
2016-01-22 09:50:02+01;1189
2016-01-22 10:38:01+01;1179
2016-01-22 11:50:02+01;1169
2016-01-22 12:46:01+01;1189
2016-01-22 14:50:03+01;1169
2016-01-22 15:46:01+01;1169
2016-01-22 16:18:01+01;1159
2016-01-22 22:06:01+01;1259
2016-01-23 06:06:01+01;1229
2016-01-23 08:06:01+01;1219
2016-01-23 08:18:01+01;1209
2016-01-23 09:18:01+01;1199
2016-01-23 10:22:01+01;1179
2016-01-23 11:22:01+01;1169
2016-01-23 12:18:01+01;1169
2016-01-23 13:30:02+01;1189
2016-01-23 16:06:01+01;1169
2016-01-23 17:06:01+01;1159
2016-01-23 22:06:02+01;1259
2016-01-24 07:06:01+01;1239
2016-01-24 09:06:01+01;1229
2016-01-24 09:38:01+01;1219
2016-01-24 10:06:01+01;1209
2016-01-24 11:06:01+01;1199
2016-01-24 11:38:01+01;1189
2016-01-24 12:06:01+01;1179
2016-01-24 13:38:01+01;1169
2016-01-24 16:06:01+01;1159
2016-01-24 22:06:01+01;1259
2016-01-25 06:22:01+01;1239
2016-01-25 08:06:01+01;1229
2016-01-25 09:30:01+01;1199
2016-01-25 10:22:01+01;1189
2016-01-25 11:22:01+01;1179
2016-01-25 12:58:01+01;1209
2016-01-25 14:06:01+01;1189
2016-01-25 15:38:01+01;1179
2016-01-25 22:06:01+01;1259
2016-01-26 06:26:02+01;1249
2016-01-26 07:50:01+01;1239
2016-01-26 09:02:01+01;1229
2016-01-26 10:14:01+01;1209
2016-01-26 11:18:01+01;1199
2016-01-26 12:42:01+01;1229
2016-01-26 14:14:01+01;1199
2016-01-26 14:58:01+01;1189
2016-01-26 22:06:01+01;1259
2016-01-27 06:26:01+01;1249
2016-01-27 07:06:01+01;1249
2016-01-27 08:26:01+01;1229
2016-01-27 09:46:01+01;1219
2016-01-27 10:22:01+01;1199
2016-01-27 11:18:01+01;1189
2016-01-27 11:50:01+01;1179
2016-01-27 12:50:01+01;1209
2016-01-27 13:58:01+01;1199
2016-01-27 14:50:01+01;1189
2016-01-27 15:58:01+01;1179
2016-01-27 22:38:01+01;1329
2016-01-28 06:22:01+01;1259
2016-01-28 08:14:01+01;1199
2016-01-28 09:50:01+01;1189
2016-01-28 12:06:01+01;1179
2016-01-28 12:50:01+01;1209
2016-01-28 14:22:01+01;1179
2016-01-28 22:38:01+01;1299
2016-01-29 06:26:02+01;1239
2016-01-29 08:22:01+01;1219
2016-01-29 09:22:01+01;1209
2016-01-29 10:38:01+01;1199
2016-01-29 11:26:01+01;1189
2016-01-29 12:46:01+01;1209
2016-01-29 13:38:01+01;1199
2016-01-29 14:18:01+01;1199
2016-01-29 14:58:01+01;1189
2016-01-29 16:38:01+01;1179
2016-01-29 22:38:01+01;1299
2016-01-30 06:06:01+01;1249
2016-01-30 08:18:01+01;1219
2016-01-30 09:26:01+01;1209
2016-01-30 10:30:02+01;1199
2016-01-30 10:58:01+01;1189
2016-01-30 12:22:01+01;1179
2016-01-30 13:02:01+01;1209
2016-01-30 14:58:01+01;1209
2016-01-30 15:38:01+01;1189
2016-01-30 17:06:01+01;1169
2016-01-30 19:38:01+01;1169
2016-01-30 22:38:01+01;1299
2016-01-31 07:06:01+01;1249
2016-01-31 08:38:01+01;1239
2016-01-31 09:06:01+01;1229
2016-01-31 10:38:01+01;1209
2016-01-31 11:38:01+01;1199
2016-01-31 12:06:01+01;1189
2016-01-31 12:38:01+01;1179
2016-01-31 15:06:01+01;1169
2016-01-31 22:38:01+01;1299
2016-02-01 06:50:01+01;1249
2016-02-01 09:14:01+01;1199
2016-02-01 10:50:01+01;1189
2016-02-01 12:46:01+01;1219
2016-02-01 13:46:01+01;1189
2016-02-01 22:38:01+01;1299
2016-02-02 06:30:01+01;1249
2016-02-02 08:22:01+01;1239
2016-02-02 08:46:01+01;1229
2016-02-02 09:22:01+01;1219
2016-02-02 10:42:01+01;1209
2016-02-02 11:42:01+01;1199
2016-02-02 12:18:01+01;1189
2016-02-02 12:46:01+01;1219
2016-02-02 13:50:01+01;1189
2016-02-02 14:06:01+01;1199
2016-02-02 14:58:01+01;1199
2016-02-02 16:18:01+01;1179
2016-02-02 17:22:01+01;1169
2016-02-02 22:38:01+01;1299
2016-02-03 06:46:01+01;1249
2016-02-03 07:46:01+01;1239
2016-02-03 08:18:01+01;1229
2016-02-03 08:46:01+01;1219
2016-02-03 09:58:01+01;1209
2016-02-03 10:50:01+01;1199
2016-02-03 11:50:02+01;1189
2016-02-03 13:02:01+01;1219
2016-02-03 13:46:01+01;1199
2016-02-03 14:22:01+01;1189
2016-02-03 14:46:01+01;1179
2016-02-03 15:26:01+01;1189
2016-02-03 17:38:01+01;1179
2016-02-03 22:38:01+01;1299
2016-02-04 06:22:01+01;1239
2016-02-04 07:50:01+01;1229
2016-02-04 08:22:01+01;1209
2016-02-04 09:22:01+01;1199
2016-02-04 09:46:01+01;1189
2016-02-04 10:50:01+01;1179
2016-02-04 12:26:01+01;1169
2016-02-04 13:02:01+01;1209
2016-02-04 14:02:01+01;1179
2016-02-04 14:18:01+01;1169
2016-02-04 22:38:01+01;1299
2016-02-05 06:30:01+01;1229
2016-02-05 08:46:01+01;1199
2016-02-05 09:50:01+01;1199
2016-02-05 10:50:01+01;1169
2016-02-05 12:46:01+01;1189
2016-02-05 13:58:01+01;1189
2016-02-05 15:22:01+01;1169
2016-02-05 16:46:01+01;1159
2016-02-05 22:38:01+01;1299
2016-02-06 06:38:01+01;1219
2016-02-06 08:06:01+01;1209
2016-02-06 08:22:01+01;1199
2016-02-06 08:50:01+01;1189
2016-02-06 09:46:01+01;1179
2016-02-06 11:02:01+01;1169
2016-02-06 11:50:01+01;1159
2016-02-06 12:46:01+01;1179
2016-02-06 15:38:01+01;1169
2016-02-06 16:06:01+01;1169
2016-02-06 16:38:01+01;1169
2016-02-06 17:06:01+01;1159
2016-02-06 22:38:01+01;1299
2016-02-07 07:38:01+01;1219
2016-02-07 08:38:01+01;1209
2016-02-07 09:38:01+01;1199
2016-02-07 10:06:01+01;1189
2016-02-07 10:38:01+01;1179
2016-02-07 11:06:01+01;1179
2016-02-07 11:38:01+01;1169
2016-02-07 12:06:01+01;1159
2016-02-07 15:06:01+01;1159
2016-02-07 22:38:01+01;1299
2016-02-08 06:22:01+01;1219
2016-02-08 07:58:01+01;1219
2016-02-08 08:30:01+01;1209
2016-02-08 09:02:01+01;1199
2016-02-08 10:50:01+01;1159
2016-02-08 12:50:01+01;1179
2016-02-08 13:54:01+01;1159
2016-02-08 14:58:01+01;1169
2016-02-08 15:58:01+01;1159
2016-02-08 22:38:01+01;1299
2016-02-09 06:30:01+01;1229
2016-02-09 07:26:01+01;1219
2016-02-09 07:46:01+01;1209
2016-02-09 09:18:01+01;1179
2016-02-09 10:26:01+01;1179
2016-02-09 11:50:02+01;1169
2016-02-09 12:46:01+01;1179
2016-02-09 14:18:01+01;1149
2016-02-09 16:50:01+01;1149
2016-02-09 22:38:01+01;1249
2016-02-10 06:26:01+01;1219
2016-02-10 08:06:01+01;1199
2016-02-10 09:26:01+01;1179
2016-02-10 11:58:01+01;1159
2016-02-10 12:50:01+01;1189
2016-02-10 14:22:01+01;1169
2016-02-10 15:18:01+01;1149
2016-02-10 15:54:01+01;1149
2016-02-10 16:54:01+01;1139
2016-02-10 22:38:01+01;1229
2016-02-11 06:22:01+01;1199
2016-02-11 07:26:02+01;1189
2016-02-11 08:50:01+01;1159
2016-02-11 09:58:01+01;1159
2016-02-11 10:50:01+01;1149
2016-02-11 11:46:01+01;1129
2016-02-11 12:46:01+01;1169
2016-02-11 13:50:01+01;1139
2016-02-11 15:18:01+01;1129
2016-02-11 15:46:01+01;1119
2016-02-11 22:38:01+01;1229
2016-02-12 06:26:01+01;1189
2016-02-12 07:54:01+01;1179
2016-02-12 09:06:01+01;1159
2016-02-12 09:26:01+01;1149
2016-02-12 10:22:01+01;1149
2016-02-12 10:50:01+01;1139
2016-02-12 11:46:01+01;1129
2016-02-12 12:46:01+01;1169
2016-02-12 13:50:01+01;1149
2016-02-12 14:22:01+01;1129
2016-02-12 15:26:01+01;1129
2016-02-12 22:38:01+01;1229
2016-02-13 06:06:01+01;1189
2016-02-13 08:06:01+01;1179
2016-02-13 08:26:01+01;1169
2016-02-13 10:06:01+01;1159
2016-02-13 10:30:01+01;1139
2016-02-13 12:18:01+01;1129
2016-02-13 13:06:01+01;1149
2016-02-13 14:06:01+01;1129
2016-02-13 22:38:01+01;1229
2016-02-14 07:06:01+01;1199
2016-02-14 07:38:01+01;1189
2016-02-14 08:38:01+01;1179
2016-02-14 09:38:01+01;1169
2016-02-14 10:06:01+01;1159
2016-02-14 10:38:01+01;1149
2016-02-14 11:38:01+01;1139
2016-02-14 12:06:01+01;1129
2016-02-14 15:06:01+01;1129
2016-02-14 15:38:01+01;1129
2016-02-15 07:58:01+01;1199
2016-02-15 08:06:01+01;1229
2016-02-15 08:14:01+01;1199
2016-02-15 08:58:01+01;1139
2016-02-15 12:58:01+01;1169
2016-02-15 14:02:01+01;1159
2016-02-15 15:50:01+01;1139
2016-02-15 22:38:01+01;1229
2016-02-16 06:02:01+01;1199
2016-02-16 08:58:01+01;1189
2016-02-16 09:50:01+01;1179
2016-02-16 10:22:01+01;1169
2016-02-16 11:30:01+01;1139
2016-02-16 12:02:01+01;1139
2016-02-16 12:50:01+01;1169
2016-02-16 13:46:01+01;1159
2016-02-16 14:30:01+01;1139
2016-02-16 16:26:01+01;1139
2016-02-16 22:38:01+01;1229
2016-02-17 06:02:01+01;1209
2016-02-17 07:18:01+01;1199
2016-02-17 07:54:01+01;1199
2016-02-17 08:22:01+01;1189
2016-02-17 08:54:02+01;1189
2016-02-17 09:22:01+01;1179
2016-02-17 10:22:01+01;1169
2016-02-17 10:58:01+01;1159
2016-02-17 12:46:01+01;1189
2016-02-17 13:50:02+01;1159
2016-02-17 14:22:02+01;1159
2016-02-17 17:50:01+01;1149
2016-02-17 22:38:01+01;1229
2016-02-18 06:06:01+01;1209
2016-02-18 07:14:01+01;1199
2016-02-18 08:02:01+01;1199
2016-02-18 08:42:01+01;1189
2016-02-18 08:58:01+01;1179
2016-02-18 09:58:01+01;1169
2016-02-18 10:38:01+01;1169
2016-02-18 11:26:01+01;1159
2016-02-18 12:46:01+01;1179
2016-02-18 14:46:01+01;1149
2016-02-18 15:46:01+01;1139
2016-02-18 17:18:01+01;1139
2016-02-18 22:38:02+01;1229
2016-02-19 05:58:01+01;1199
2016-02-19 08:02:01+01;1179
2016-02-19 08:54:01+01;1179
2016-02-19 10:26:01+01;1169
2016-02-19 11:18:01+01;1159
2016-02-19 12:54:01+01;1179
2016-02-19 13:46:01+01;1159
2016-02-19 17:54:01+01;1149
2016-02-19 19:06:01+01;1149
2016-02-19 22:38:01+01;1229
2016-02-20 06:06:01+01;1209
2016-02-20 08:26:01+01;1189
2016-02-20 08:54:01+01;1179
2016-02-20 09:22:01+01;1169
2016-02-20 09:54:01+01;1159
2016-02-20 10:50:01+01;1149
2016-02-20 11:50:01+01;1139
2016-02-20 12:46:01+01;1169
2016-02-20 13:50:01+01;1159
2016-02-20 14:46:01+01;1149
2016-02-20 15:38:01+01;1139
2016-02-20 18:38:01+01;1139
2016-02-20 22:38:01+01;1229
2016-02-21 07:38:01+01;1209
2016-02-21 09:06:01+01;1199
2016-02-21 09:38:01+01;1189
2016-02-21 10:06:01+01;1179
2016-02-21 11:06:01+01;1169
2016-02-21 11:38:01+01;1159
2016-02-21 15:06:01+01;1149
2016-02-21 15:38:01+01;1139
2016-02-21 16:06:01+01;1139
2016-02-21 22:38:01+01;1229
2016-02-22 06:42:01+01;1199
2016-02-22 07:22:01+01;1189
2016-02-22 08:26:01+01;1179
2016-02-22 09:06:01+01;1169
2016-02-22 09:54:01+01;1159
2016-02-22 10:26:01+01;1149
2016-02-22 11:26:01+01;1149
2016-02-22 12:58:01+01;1169
2016-02-22 13:50:01+01;1149
2016-02-22 15:58:01+01;1139
2016-02-22 16:42:01+01;1129
2016-02-22 22:38:01+01;1229
2016-02-23 06:22:01+01;1179
2016-02-23 07:18:01+01;1169
2016-02-23 08:02:01+01;1169
2016-02-23 09:46:01+01;1159
2016-02-23 10:42:01+01;1149
2016-02-23 11:46:01+01;1139
2016-02-23 12:58:01+01;1179
2016-02-23 13:50:01+01;1149
2016-02-23 14:26:01+01;1139
2016-02-23 17:50:01+01;1139
2016-02-23 22:38:01+01;1229
2016-02-24 06:38:01+01;1189
2016-02-24 07:38:01+01;1179
2016-02-24 08:34:01+01;1169
2016-02-24 10:54:01+01;1159
2016-02-24 11:54:01+01;1149
2016-02-24 12:46:01+01;1169
2016-02-24 13:46:01+01;1159
2016-02-24 14:22:01+01;1139
2016-02-24 15:54:01+01;1139
2016-02-24 17:34:01+01;1129
2016-02-24 22:38:01+01;1229
2016-02-25 06:06:01+01;1179
2016-02-25 07:06:01+01;1169
2016-02-25 08:06:01+01;1159
2016-02-25 10:26:01+01;1159
2016-02-25 11:02:01+01;1149
2016-02-25 12:22:01+01;1129
2016-02-25 12:50:01+01;1179
2016-02-25 13:58:01+01;1129
2016-02-25 22:38:01+01;1229
2016-02-26 06:06:01+01;1179
2016-02-26 07:06:01+01;1169
2016-02-26 07:38:01+01;1159
2016-02-26 11:06:01+01;1149
2016-02-26 11:58:01+01;1139
2016-02-26 12:46:01+01;1159
2016-02-26 13:58:01+01;1149
2016-02-26 15:26:01+01;1139
2016-02-26 22:38:01+01;1229
2016-02-27 06:38:01+01;1199
2016-02-27 08:06:01+01;1189
2016-02-27 08:22:01+01;1179
2016-02-27 09:34:01+01;1169
2016-02-27 09:46:01+01;1159
2016-02-27 11:25:02+01;1139
2016-02-27 13:00:01+01;1169
2016-02-27 13:36:01+01;1159
2016-02-27 14:05:01+01;1149
2016-02-27 14:15:01+01;1149
2016-02-27 16:06:01+01;1139
2016-02-27 18:01:01+01;1129
2016-02-27 22:36:01+01;1229
2016-02-28 07:06:01+01;1209
2016-02-28 09:06:01+01;1199
2016-02-28 09:36:01+01;1189
2016-02-28 10:35:01+01;1169
2016-02-28 11:35:01+01;1159
2016-02-28 12:35:01+01;1149
2016-02-28 15:35:01+01;1139
2016-02-28 22:36:01+01;1229
2016-02-29 06:21:01+01;1199
2016-02-29 07:46:01+01;1189
2016-02-29 08:51:01+01;1179
2016-02-29 09:46:01+01;1169
2016-02-29 10:41:01+01;1159
2016-02-29 12:16:01+01;1139
2016-02-29 12:46:01+01;1159
2016-02-29 14:21:01+01;1139
2016-02-29 22:36:01+01;1229
2016-03-01 12:28:01+01;1149
2016-03-01 12:50:01+01;1169
2016-03-01 14:00:01+01;1169
2016-03-01 15:20:01+01;1159
2016-03-01 15:51:01+01;1149
2016-03-01 22:36:01+01;1229
2016-03-02 06:20:01+01;1209
2016-03-02 07:11:01+01;1199
2016-03-02 07:55:01+01;1189
2016-03-02 08:30:01+01;1179
2016-03-02 09:10:01+01;1169
2016-03-02 10:20:01+01;1159
2016-03-02 12:45:01+01;1179
2016-03-02 14:26:01+01;1169
2016-03-02 14:51:01+01;1159
2016-03-02 22:36:01+01;1229
2016-03-03 06:20:01+01;1209
2016-03-03 07:06:01+01;1199
2016-03-03 08:00:01+01;1189
2016-03-03 10:15:01+01;1169
2016-03-03 10:50:01+01;1159
2016-03-03 11:50:02+01;1149
2016-03-03 12:50:01+01;1179
2016-03-03 14:20:02+01;1159
2016-03-03 14:45:01+01;1149
2016-03-03 15:15:01+01;1139
2016-03-03 17:46:01+01;1139
2016-03-03 22:36:01+01;1229
2016-03-04 06:26:01+01;1199
2016-03-04 07:15:01+01;1189
2016-03-04 07:56:01+01;1179
2016-03-04 09:20:01+01;1159
2016-03-04 11:50:01+01;1139
2016-03-04 13:20:01+01;1169
2016-03-04 13:50:01+01;1159
2016-03-04 14:20:01+01;1139
2016-03-04 17:36:01+01;1139
2016-03-04 18:36:01+01;1139
2016-03-04 22:36:01+01;1229
2016-03-05 06:06:01+01;1209
2016-03-05 08:16:01+01;1189
2016-03-05 08:46:01+01;1179
2016-03-05 09:46:01+01;1159
2016-03-05 10:50:01+01;1149
2016-03-05 11:45:01+01;1139
2016-03-05 12:45:01+01;1159
2016-03-05 13:50:01+01;1149
2016-03-05 16:05:01+01;1139
2016-03-05 22:36:01+01;1229
2016-03-06 07:06:01+01;1209
2016-03-06 09:05:01+01;1199
2016-03-06 09:36:01+01;1189
2016-03-06 10:36:01+01;1169
2016-03-06 11:06:01+01;1169
2016-03-06 11:36:01+01;1159
2016-03-06 12:35:01+01;1149
2016-03-06 15:06:01+01;1149
2016-03-06 16:06:01+01;1149
2016-03-06 18:36:01+01;1139
2016-03-06 22:36:01+01;1229
2016-03-07 06:20:01+01;1209
2016-03-07 07:25:02+01;1199
2016-03-07 08:15:01+01;1189
2016-03-07 08:45:01+01;1179
2016-03-07 09:55:01+01;1169
2016-03-07 10:55:01+01;1159
2016-03-07 12:35:01+01;1149
2016-03-07 12:50:02+01;1179
2016-03-07 13:55:01+01;1169
2016-03-07 14:50:01+01;1159
2016-03-07 15:15:01+01;1149
2016-03-07 16:16:01+01;1149
2016-03-07 17:51:01+01;1149
2016-03-07 22:36:01+01;1219
2016-03-08 06:20:01+01;1199
2016-03-08 07:20:01+01;1189
2016-03-08 09:00:01+01;1179
2016-03-08 10:36:01+01;1169
2016-03-08 10:45:01+01;1159
2016-03-08 11:50:01+01;1159
2016-03-08 12:45:01+01;1179
2016-03-08 13:50:01+01;1169
2016-03-08 15:21:01+01;1159
2016-03-08 17:35:01+01;1149
2016-03-08 22:36:01+01;1219
2016-03-09 06:16:01+01;1209
2016-03-09 07:20:02+01;1199
2016-03-09 07:46:01+01;1189
2016-03-09 08:56:01+01;1179
2016-03-09 10:21:01+01;1169
2016-03-09 11:50:01+01;1159
2016-03-09 12:45:01+01;1179
2016-03-09 13:51:01+01;1169
2016-03-09 14:50:01+01;1159
2016-03-09 22:36:01+01;1219
2016-03-10 06:20:01+01;1209
2016-03-10 07:50:01+01;1199
2016-03-10 08:55:01+01;1189
2016-03-10 10:30:01+01;1179
2016-03-10 11:45:02+01;1169
2016-03-10 12:50:01+01;1189
2016-03-10 13:55:01+01;1179
2016-03-10 14:55:01+01;1169
2016-03-10 22:36:01+01;1219
2016-03-11 06:56:01+01;1209
2016-03-11 07:50:01+01;1199
2016-03-11 11:16:01+01;1189
2016-03-11 11:50:01+01;1189
2016-03-11 13:00:01+01;1219
2016-03-11 14:00:01+01;1189
2016-03-11 17:05:01+01;1179
2016-03-11 18:05:01+01;1179
2016-03-11 22:36:01+01;1239
2016-03-12 06:06:01+01;1239
2016-03-12 07:35:01+01;1239
2016-03-12 08:06:02+01;1229
2016-03-12 08:16:02+01;1219
2016-03-12 09:25:02+01;1209
2016-03-12 10:45:01+01;1199
2016-03-12 11:45:01+01;1189
2016-03-12 12:56:01+01;1219
2016-03-12 13:56:01+01;1199
2016-03-12 15:20:01+01;1189
2016-03-12 16:05:01+01;1179
2016-03-12 22:35:01+01;1239
2016-03-13 08:36:01+01;1229
2016-03-13 09:36:01+01;1219
2016-03-13 10:06:01+01;1209
2016-03-13 10:36:01+01;1199
2016-03-13 11:36:01+01;1189
2016-03-13 15:06:01+01;1179
2016-03-13 16:06:01+01;1179
2016-03-13 17:06:01+01;1179
2016-03-13 22:36:01+01;1239
2016-03-14 06:26:02+01;1229
2016-03-14 07:16:01+01;1219
2016-03-14 08:36:01+01;1209
2016-03-14 09:26:01+01;1199
2016-03-14 10:56:01+01;1189
2016-03-14 11:56:01+01;1179
2016-03-14 12:46:01+01;1199
2016-03-14 14:06:01+01;1189
2016-03-14 15:16:01+01;1179
2016-03-14 22:36:01+01;1239
2016-03-15 06:20:01+01;1229
2016-03-15 07:16:01+01;1219
2016-03-15 10:16:01+01;1199
2016-03-15 11:46:01+01;1189
2016-03-15 13:00:01+01;1219
2016-03-15 13:41:01+01;1189
2016-03-15 15:55:01+01;1179
2016-03-15 22:36:01+01;1239
2016-03-16 07:56:01+01;1229
2016-03-16 08:16:02+01;1219
2016-03-16 08:56:01+01;1209
2016-03-16 09:50:01+01;1199
2016-03-16 10:50:01+01;1189
2016-03-16 11:45:01+01;1179
2016-03-16 11:56:01+01;1169
2016-03-16 12:46:01+01;1189
2016-03-16 13:50:01+01;1189
2016-03-16 15:30:01+01;1169
2016-03-16 22:36:01+01;1239
2016-03-17 05:56:01+01;1229
2016-03-17 08:01:01+01;1189
2016-03-17 08:46:01+01;1179
2016-03-17 12:46:01+01;1189
2016-03-17 14:56:01+01;1179
2016-03-17 15:50:01+01;1179
2016-03-17 17:35:01+01;1169
2016-03-17 22:36:01+01;1239
2016-03-18 05:56:01+01;1229
2016-03-18 07:56:01+01;1219
2016-03-18 09:00:01+01;1209
2016-03-18 10:16:01+01;1189
2016-03-18 11:56:01+01;1179
2016-03-18 13:16:01+01;1209
2016-03-18 14:30:01+01;1189
2016-03-18 16:05:01+01;1179
2016-03-18 22:35:01+01;1239
2016-03-19 06:06:01+01;1239
2016-03-19 08:21:01+01;1229
2016-03-19 08:46:01+01;1219
2016-03-19 09:36:01+01;1209
2016-03-19 10:20:01+01;1189
2016-03-19 11:16:01+01;1179
2016-03-19 17:06:01+01;1169
2016-03-19 22:36:01+01;1239
2016-03-20 08:36:01+01;1229
2016-03-20 09:36:01+01;1219
2016-03-20 10:36:01+01;1199
2016-03-20 11:06:01+01;1199
2016-03-20 11:36:01+01;1189
2016-03-20 12:06:01+01;1179
2016-03-20 15:05:01+01;1169
2016-03-20 16:05:01+01;1169
2016-03-20 22:36:01+01;1239
2016-03-21 06:26:01+01;1229
2016-03-21 07:46:01+01;1219
2016-03-21 08:56:01+01;1209
2016-03-21 11:26:01+01;1189
2016-03-21 12:00:01+01;1179
2016-03-21 13:00:01+01;1199
2016-03-21 14:20:01+01;1189
2016-03-21 15:36:01+01;1179
2016-03-21 22:36:01+01;1239
2016-03-22 07:30:01+01;1229
2016-03-22 09:26:01+01;1209
2016-03-22 09:56:01+01;1199
2016-03-22 10:56:01+01;1189
2016-03-22 12:00:01+01;1179
2016-03-22 13:30:01+01;1209
2016-03-22 14:30:02+01;1189
2016-03-22 15:20:01+01;1179
2016-03-22 22:36:01+01;1259
2016-03-23 06:20:01+01;1229
2016-03-23 08:00:01+01;1219
2016-03-23 09:06:01+01;1209
2016-03-23 11:50:02+01;1199
2016-03-23 12:50:01+01;1219
2016-03-23 13:45:01+01;1199
2016-03-23 22:36:01+01;1259
2016-03-24 06:21:01+01;1249
2016-03-24 07:21:01+01;1239
2016-03-24 08:46:01+01;1219
2016-03-24 10:16:01+01;1209
2016-03-24 11:20:01+01;1199
2016-03-24 12:11:01+01;1189
2016-03-24 13:06:01+01;1219
2016-03-24 14:26:01+01;1199
2016-03-24 15:00:01+01;1189
2016-03-24 22:36:01+01;1259
2016-03-25 07:06:01+01;1249
2016-03-25 09:06:01+01;1239
2016-03-25 09:36:01+01;1229
2016-03-25 10:36:01+01;1219
2016-03-25 11:06:01+01;1209
2016-03-25 11:36:01+01;1199
2016-03-25 12:06:01+01;1199
2016-03-25 12:36:01+01;1189
2016-03-25 15:05:01+01;1179
2016-03-25 16:06:01+01;1179
2016-03-25 17:05:01+01;1179
2016-03-25 22:36:01+01;1259
2016-03-26 06:36:01+01;1249
2016-03-26 07:06:01+01;1199
2016-03-26 12:06:01+01;1199
2016-03-26 13:20:01+01;1219
2016-03-26 14:26:01+01;1199
2016-03-26 22:35:01+01;1259
2016-03-27 11:35:01+02;1249
2016-03-27 12:05:02+02;1239
2016-03-27 14:06:01+02;1229
2016-03-27 15:05:01+02;1219
2016-03-27 16:05:01+02;1209
2016-03-27 17:06:01+02;1199
2016-03-27 18:05:01+02;1189
2016-03-27 19:06:01+02;1179
2016-03-27 22:36:01+02;1259
2016-03-28 07:06:01+02;1259
2016-03-28 10:36:01+02;1249
2016-03-28 11:36:01+02;1239
2016-03-28 12:06:01+02;1229
2016-03-28 12:36:01+02;1229
2016-03-28 15:35:01+02;1219
2016-03-28 16:35:01+02;1209
2016-03-28 17:36:01+02;1199
2016-03-28 18:35:01+02;1189
2016-03-28 19:35:01+02;1179
2016-03-28 22:36:01+02;1259
2016-03-29 06:30:01+02;1249
2016-03-29 07:46:01+02;1239
2016-03-29 09:36:01+02;1229
2016-03-29 11:20:01+02;1219
2016-03-29 11:56:01+02;1209
2016-03-29 12:46:01+02;1229
2016-03-29 13:46:01+02;1209
2016-03-29 15:46:01+02;1199
2016-03-29 16:25:01+02;1189
2016-03-29 22:35:01+02;1259
2016-03-30 06:36:01+02;1249
2016-03-30 07:26:01+02;1239
2016-03-30 08:30:01+02;1229
2016-03-30 09:20:01+02;1219
2016-03-30 10:41:01+02;1209
2016-03-30 11:25:01+02;1199
2016-03-30 12:45:02+02;1219
2016-03-30 14:26:01+02;1219
2016-03-30 14:46:01+02;1219
2016-03-30 15:50:01+02;1209
2016-03-30 22:36:01+02;1259
2016-03-31 06:20:01+02;1249
2016-03-31 07:56:01+02;1239
2016-03-31 08:50:01+02;1229
2016-03-31 09:56:01+02;1219
2016-03-31 12:06:01+02;1199
2016-03-31 13:06:01+02;1239
2016-03-31 14:20:01+02;1189
2016-03-31 15:15:01+02;1179
2016-03-31 22:35:01+02;1259
2016-04-01 06:20:01+02;1249
2016-04-01 07:50:01+02;1239
2016-04-01 09:30:01+02;1219
2016-04-01 11:51:01+02;1209
2016-04-01 12:46:01+02;1229
2016-04-01 13:50:01+02;1209
2016-04-01 22:36:01+02;1259
2016-04-02 06:06:01+02;1279
2016-04-02 07:36:01+02;1269
2016-04-02 08:21:01+02;1259
2016-04-02 09:46:01+02;1239
2016-04-02 10:50:02+02;1229
2016-04-02 12:45:01+02;1249
2016-04-02 13:45:01+02;1229
2016-04-02 15:35:01+02;1229
2016-04-02 17:05:01+02;1219
2016-04-02 17:35:02+02;1219
2016-04-02 22:36:01+02;1259
2016-04-03 07:06:01+02;1259
2016-04-03 11:35:02+02;1229
2016-04-03 15:35:01+02;1219
2016-04-03 16:35:01+02;1209
2016-04-03 17:05:01+02;1209
2016-04-03 17:35:02+02;1199
2016-04-03 18:35:01+02;1189
2016-04-03 22:35:01+02;1259
2016-04-04 06:26:01+02;1259
2016-04-04 07:16:01+02;1249
2016-04-04 07:50:01+02;1249
2016-04-04 08:20:01+02;1239
2016-04-04 10:00:01+02;1229
2016-04-04 10:05:01+02;1219
2016-04-04 11:00:02+02;1209
2016-04-04 12:45:01+02;1229
2016-04-04 13:50:01+02;1209
2016-04-04 15:55:01+02;1199
2016-04-04 17:16:01+02;1189
2016-04-04 17:46:01+02;1179
2016-04-04 22:36:01+02;1259
2016-04-05 06:20:01+02;1259
2016-04-05 07:50:01+02;1239
2016-04-05 09:00:01+02;1229
2016-04-05 10:00:01+02;1219
2016-04-05 11:00:01+02;1219
2016-04-05 12:45:01+02;1239
2016-04-05 13:50:01+02;1219
2016-04-05 22:36:01+02;1259
2016-04-06 06:20:01+02;1259
2016-04-06 06:56:01+02;1259
2016-04-06 07:41:02+02;1249
2016-04-06 08:30:01+02;1229
2016-04-06 08:50:01+02;1229
2016-04-06 09:56:01+02;1219
2016-04-06 11:11:01+02;1209
2016-04-06 11:50:01+02;1209
2016-04-06 13:16:01+02;1229
2016-04-06 13:46:01+02;1209
2016-04-06 22:36:01+02;1259
2016-04-07 06:26:01+02;1259
2016-04-07 07:30:01+02;1249
2016-04-07 09:26:01+02;1229
2016-04-07 11:30:01+02;1209
2016-04-07 12:46:01+02;1229
2016-04-07 13:40:01+02;1229
2016-04-07 14:20:01+02;1219
2016-04-07 14:50:01+02;1209
2016-04-07 22:35:01+02;1259
2016-04-08 06:20:01+02;1259
2016-04-08 07:05:02+02;1249
2016-04-08 08:20:01+02;1239
2016-04-08 10:05:01+02;1239
2016-04-08 11:21:01+02;1229
2016-04-08 11:55:01+02;1219
2016-04-08 12:51:01+02;1249
2016-04-08 14:06:01+02;1219
2016-04-08 14:46:01+02;1209
2016-04-08 22:36:01+02;1259
2016-04-09 06:05:02+02;1269
2016-04-09 07:36:01+02;1259
2016-04-09 08:16:01+02;1249
2016-04-09 08:50:01+02;1239
2016-04-09 09:16:01+02;1229
2016-04-09 09:46:01+02;1219
2016-04-09 10:46:01+02;1209
2016-04-09 12:46:02+02;1229
2016-04-09 13:46:01+02;1229
2016-04-09 14:46:01+02;1209
2016-04-09 17:06:01+02;1209
2016-04-09 22:36:01+02;1259
2016-04-10 07:05:01+02;1259
2016-04-10 07:35:01+02;1249
2016-04-10 08:05:02+02;1239
2016-04-10 08:35:01+02;1229
2016-04-10 09:36:01+02;1219
2016-04-10 10:06:01+02;1209
2016-04-10 15:06:01+02;1209
2016-04-10 16:06:01+02;1209
2016-04-10 17:06:01+02;1209
2016-04-10 18:06:01+02;1209
2016-04-10 22:36:01+02;1259
2016-04-11 06:26:01+02;1259
2016-04-11 07:11:01+02;1259
2016-04-11 07:51:01+02;1239
2016-04-11 08:51:01+02;1229
2016-04-11 10:02:01+02;1219
2016-04-11 11:37:01+02;1219
2016-04-11 12:57:01+02;1249
2016-04-11 13:51:01+02;1219
2016-04-11 16:17:01+02;1219
2016-04-11 22:32:01+02;1259
2016-04-12 06:16:01+02;1259
2016-04-12 07:36:01+02;1239
2016-04-12 08:30:01+02;1229
2016-04-12 09:50:01+02;1219
2016-04-12 11:16:01+02;1219
2016-04-12 12:50:01+02;1239
2016-04-12 13:46:02+02;1219
2016-04-12 22:32:01+02;1269
2016-04-13 06:20:01+02;1269
2016-04-13 06:57:01+02;1259
2016-04-13 08:01:01+02;1249
2016-04-13 09:20:01+02;1239
2016-04-13 10:21:01+02;1229
2016-04-13 11:01:02+02;1229
2016-04-13 12:00:01+02;1229
2016-04-13 12:46:01+02;1249
2016-04-13 13:51:01+02;1229
2016-04-13 18:07:01+02;1219
2016-04-13 19:07:01+02;1209
2016-04-13 20:07:01+02;1209
2016-04-13 22:37:01+02;1289
2016-04-14 07:00:01+02;1289
2016-04-14 07:56:01+02;1269
2016-04-14 09:00:01+02;1259
2016-04-14 10:30:01+02;1249
2016-04-14 11:16:01+02;1249
2016-04-14 12:46:01+02;1269
2016-04-14 14:17:01+02;1249
2016-04-14 15:27:01+02;1239
2016-04-14 17:37:01+02;1229
2016-04-14 18:37:01+02;1219
2016-04-14 19:37:01+02;1219
2016-04-14 22:37:01+02;1289
2016-04-15 07:22:01+02;1279
2016-04-15 09:07:01+02;1269
2016-04-15 10:06:01+02;1259
2016-04-15 12:00:01+02;1249
2016-04-15 12:46:01+02;1279
2016-04-15 13:50:02+02;1249
2016-04-15 16:17:01+02;1239
2016-04-15 17:22:01+02;1229
2016-04-15 18:37:01+02;1219
2016-04-15 22:37:01+02;1299
2016-04-16 07:36:01+02;1289
2016-04-16 09:16:01+02;1279
2016-04-16 13:00:02+02;1299
2016-04-16 13:57:01+02;1269
2016-04-16 14:50:01+02;1259
2016-04-16 17:07:01+02;1249
2016-04-16 17:37:01+02;1239
2016-04-16 18:37:01+02;1229
2016-04-16 22:37:01+02;1299
2016-04-17 07:06:01+02;1249
2016-04-17 12:05:02+02;1249
2016-04-17 15:06:01+02;1229
2016-04-17 16:06:01+02;1219
2016-04-17 17:06:01+02;1219
2016-04-17 18:06:01+02;1219
2016-04-17 19:06:01+02;1219
2016-04-17 22:36:01+02;1299
2016-04-18 06:46:01+02;1249
2016-04-18 07:15:01+02;1249
2016-04-18 07:30:01+02;1239
2016-04-18 07:45:01+02;1239
2016-04-18 08:30:01+02;1229
2016-04-18 11:20:01+02;1229
2016-04-18 12:50:01+02;1259
2016-04-18 13:20:01+02;1249
2016-04-18 13:46:01+02;1229
2016-04-18 18:06:01+02;1219
2016-04-18 19:06:01+02;1219
2016-04-18 22:36:01+02;1299
2016-04-19 06:26:01+02;1289
2016-04-19 07:05:01+02;1279
2016-04-19 07:46:01+02;1269
2016-04-19 08:15:01+02;1259
2016-04-19 08:45:01+02;1249
2016-04-19 09:50:01+02;1239
2016-04-19 10:55:01+02;1229
2016-04-19 12:45:01+02;1249
2016-04-19 13:46:01+02;1229
2016-04-19 16:50:01+02;1219
2016-04-19 17:50:01+02;1209
2016-04-19 22:36:01+02;1299
2016-04-20 06:21:01+02;1269
2016-04-20 07:15:01+02;1259
2016-04-20 07:45:01+02;1249
2016-04-20 08:15:01+02;1239
2016-04-20 08:50:01+02;1239
2016-04-20 10:15:01+02;1229
2016-04-20 12:50:01+02;1249
2016-04-20 15:20:01+02;1229
2016-04-20 17:06:01+02;1219
2016-04-20 17:51:01+02;1209
2016-04-20 22:36:01+02;1299
2016-04-21 06:35:01+02;1279
2016-04-21 07:25:01+02;1269
2016-04-21 08:15:01+02;1259
2016-04-21 08:45:01+02;1249
2016-04-21 09:15:01+02;1239
2016-04-21 09:45:01+02;1229
2016-04-21 11:15:02+02;1219
2016-04-21 12:45:01+02;1239
2016-04-21 13:50:01+02;1219
2016-04-21 17:06:01+02;1209
2016-04-21 22:36:01+02;1299
2016-04-22 06:31:01+02;1279
2016-04-22 07:20:01+02;1269
2016-04-22 08:45:01+02;1259
2016-04-22 09:25:01+02;1249
2016-04-22 10:55:01+02;1239
2016-04-22 11:50:01+02;1229
2016-04-22 12:50:01+02;1239
2016-04-22 13:56:01+02;1229
2016-04-22 22:36:01+02;1299
2016-04-23 06:06:01+02;1299
2016-04-23 08:20:01+02;1279
2016-04-23 09:35:01+02;1269
2016-04-23 09:50:01+02;1259
2016-04-23 12:05:01+02;1249
2016-04-23 12:50:01+02;1279
2016-04-23 13:56:01+02;1269
2016-04-23 15:00:01+02;1259
2016-04-23 15:36:01+02;1249
2016-04-23 16:06:02+02;1249
2016-04-23 18:06:01+02;1239
2016-04-23 19:36:01+02;1229
2016-04-23 20:36:01+02;1219
2016-04-23 22:36:01+02;1299
2016-04-24 08:36:01+02;1289
2016-04-24 09:05:01+02;1279
2016-04-24 10:05:01+02;1269
2016-04-24 12:05:01+02;1259
2016-04-24 15:36:01+02;1249
2016-04-24 16:36:01+02;1239
2016-04-24 17:36:01+02;1229
2016-04-24 18:36:01+02;1219
2016-04-24 19:36:01+02;1219
2016-04-24 21:46:01+02;1219
2016-04-24 22:36:01+02;1299
2016-04-25 06:21:01+02;1289
2016-04-25 08:01:01+02;1279
2016-04-25 09:56:01+02;1269
2016-04-25 10:55:01+02;1259
2016-04-25 13:00:02+02;1269
2016-04-25 13:05:01+02;1279
2016-04-25 13:50:01+02;1259
2016-04-25 14:46:01+02;1249
2016-04-25 15:16:01+02;1239
2016-04-25 15:46:01+02;1229
2016-04-25 16:16:01+02;1219
2016-04-25 22:36:01+02;1299
2016-04-26 07:06:01+02;1289
2016-04-26 07:51:01+02;1279
2016-04-26 09:21:01+02;1269
2016-04-26 10:41:02+02;1259
2016-04-26 11:21:01+02;1249
2016-04-26 12:16:01+02;1239
2016-04-26 12:46:01+02;1269
2016-04-26 13:55:01+02;1239
2016-04-26 18:05:01+02;1229
2016-04-26 19:05:01+02;1219
2016-04-26 22:35:01+02;1309
2016-04-27 06:20:01+02;1299
2016-04-27 07:00:01+02;1289
2016-04-27 07:55:01+02;1279
2016-04-27 09:50:01+02;1269
2016-04-27 11:50:00+02;1259
2016-04-27 12:46:02+02;1289
2016-04-27 15:20:01+02;1249
2016-04-27 15:46:01+02;1239
2016-04-27 22:36:01+02;1309
2016-04-28 06:20:01+02;1299
2016-04-28 07:15:01+02;1289
2016-04-28 09:25:02+02;1279
2016-04-28 11:00:01+02;1269
2016-04-28 11:46:01+02;1259
2016-04-28 12:16:01+02;1249
2016-04-28 12:46:01+02;1279
2016-04-28 13:51:01+02;1259
2016-04-28 15:16:01+02;1249
2016-04-28 17:07:01+02;1249
2016-04-28 17:26:01+02;1239
2016-04-28 18:36:01+02;1229
2016-04-28 22:36:01+02;1309
2016-04-29 06:25:01+02;1299
2016-04-29 08:46:01+02;1289
2016-04-29 10:45:01+02;1279
2016-04-29 11:51:01+02;1269
2016-04-29 12:21:01+02;1259
2016-04-29 12:46:01+02;1279
2016-04-29 14:21:01+02;1249
2016-04-29 15:46:01+02;1239
2016-04-29 16:16:01+02;1229
2016-04-29 22:36:01+02;1309
2016-04-30 06:05:01+02;1309
2016-04-30 08:25:01+02;1299
2016-04-30 09:15:01+02;1279
2016-04-30 10:15:01+02;1269
2016-04-30 12:46:01+02;1299
2016-04-30 14:36:01+02;1289
2016-04-30 15:06:01+02;1279
2016-04-30 16:06:01+02;1269
2016-04-30 18:06:01+02;1269
2016-04-30 22:36:01+02;1309
2016-05-01 09:35:01+02;1299
2016-05-01 10:05:01+02;1289
2016-05-01 11:05:01+02;1279
2016-05-01 12:06:01+02;1279
2016-05-01 15:36:01+02;1269
2016-05-01 16:36:01+02;1259
2016-05-01 17:36:01+02;1249
2016-05-01 18:36:01+02;1239
2016-05-01 19:36:01+02;1229
2016-05-01 21:26:06+02;1229
2016-05-01 22:36:01+02;1309
2016-05-01 22:37:01+02;1309
2016-05-02 06:25:01+02;1299
2016-05-02 07:33:01+02;1289
2016-05-02 09:53:01+02;1269
2016-05-02 10:57:01+02;1259
2016-05-02 12:21:01+02;1249
2016-05-02 12:53:01+02;1279
2016-05-02 13:53:01+02;1249
2016-05-02 15:49:01+02;1239
2016-05-02 16:49:01+02;1239
2016-05-02 22:36:01+02;1309
2016-05-03 06:36:01+02;1299
2016-05-03 07:31:01+02;1289
2016-05-03 09:20:01+02;1279
2016-05-03 10:30:01+02;1269
2016-05-03 11:55:01+02;1259
2016-05-03 12:51:01+02;1279
2016-05-03 14:16:01+02;1259
2016-05-03 17:36:01+02;1249
2016-05-03 18:36:01+02;1239
2016-05-03 22:36:01+02;1309
2016-05-04 06:40:01+02;1299
2016-05-04 07:41:01+02;1289
2016-05-04 09:21:01+02;1279
2016-05-04 11:16:01+02;1269
2016-05-04 11:46:01+02;1249
2016-05-04 12:46:01+02;1279
2016-05-04 13:46:01+02;1269
2016-05-04 14:46:01+02;1249
2016-05-04 15:51:01+02;1239
2016-05-04 16:26:01+02;1239
2016-05-04 17:16:01+02;1239
2016-05-04 17:46:01+02;1239
2016-05-04 22:36:01+02;1309
2016-05-05 07:05:01+02;1299
2016-05-05 08:35:01+02;1289
2016-05-05 11:05:01+02;1279
2016-05-05 12:05:01+02;1259
2016-05-05 15:06:01+02;1249
2016-05-05 16:06:01+02;1239
2016-05-05 17:06:01+02;1229
2016-05-05 18:06:01+02;1229
2016-05-05 22:36:02+02;1309
2016-05-06 06:11:01+02;1299
2016-05-06 08:35:01+02;1289
2016-05-06 09:11:01+02;1279
2016-05-06 09:50:01+02;1269
2016-05-06 10:45:01+02;1259
2016-05-06 12:15:01+02;1249
2016-05-06 13:20:01+02;1269
2016-05-06 14:45:01+02;1249
2016-05-06 16:35:01+02;1239
2016-05-06 22:36:01+02;1309
2016-05-07 06:06:01+02;1299
2016-05-07 08:06:01+02;1289
2016-05-07 08:46:01+02;1279
2016-05-07 09:50:01+02;1269
2016-05-07 10:20:01+02;1269
2016-05-07 11:06:01+02;1249
2016-05-07 11:55:01+02;1249
2016-05-07 12:20:01+02;1239
2016-05-07 17:05:01+02;1229
2016-05-07 22:36:01+02;1309
2016-05-08 07:36:01+02;1289
2016-05-08 15:35:01+02;1279
2016-05-08 16:05:01+02;1239
2016-05-08 16:35:01+02;1239
2016-05-08 17:05:01+02;1229
2016-05-08 17:35:01+02;1229
2016-05-08 18:35:01+02;1229
2016-05-08 19:35:01+02;1229
2016-05-08 22:35:01+02;1309
2016-05-09 06:46:01+02;1289
2016-05-09 08:41:01+02;1279
2016-05-09 09:21:01+02;1269
2016-05-09 10:21:01+02;1259
2016-05-09 11:51:01+02;1249
2016-05-09 12:50:02+02;1259
2016-05-09 14:55:01+02;1249
2016-05-09 15:15:01+02;1239
2016-05-09 16:16:01+02;1229
2016-05-09 16:51:01+02;1219
2016-05-09 22:35:01+02;1309
2016-05-10 06:30:01+02;1289
2016-05-10 07:55:01+02;1289
2016-05-10 08:55:01+02;1269
2016-05-10 09:55:01+02;1259
2016-05-10 10:55:01+02;1249
2016-05-10 11:55:01+02;1239
2016-05-10 12:45:02+02;1259
2016-05-10 14:15:01+02;1239
2016-05-10 22:35:01+02;1309
2016-05-11 06:30:01+02;1299
2016-05-11 07:30:01+02;1289
2016-05-11 08:55:01+02;1279
2016-05-11 11:00:01+02;1239
2016-05-11 11:55:02+02;1229
2016-05-11 13:00:01+02;1259
2016-05-11 15:00:02+02;1219
2016-05-11 15:25:01+02;1219
2016-05-11 16:15:01+02;1219
2016-05-11 16:45:02+02;1219
2016-05-11 22:35:01+02;1309
2016-05-12 09:11:01+02;1269
2016-05-12 10:06:01+02;1259
2016-05-12 11:16:01+02;1249
2016-05-12 12:20:01+02;1239
2016-05-12 12:56:01+02;1259
2016-05-12 14:15:01+02;1229
2016-05-12 17:35:01+02;1219
2016-05-12 18:36:01+02;1219
2016-05-12 22:36:01+02;1309
2016-05-13 06:41:01+02;1299
2016-05-13 07:36:01+02;1289
2016-05-13 09:06:01+02;1279
2016-05-13 09:35:02+02;1269
2016-05-13 10:36:01+02;1259
2016-05-13 11:50:01+02;1249
2016-05-13 13:00:01+02;1279
2016-05-13 13:25:01+02;1279
2016-05-13 14:00:01+02;1249
2016-05-13 16:30:01+02;1239
2016-05-13 22:36:01+02;1309
2016-05-14 08:20:01+02;1299
2016-05-14 09:20:01+02;1289
2016-05-14 10:20:01+02;1279
2016-05-14 11:25:01+02;1269
2016-05-14 11:56:01+02;1269
2016-05-14 13:05:01+02;1289
2016-05-14 14:05:01+02;1279
2016-05-14 16:35:01+02;1269
2016-05-14 17:05:01+02;1259
2016-05-14 18:35:01+02;1249
2016-05-14 22:36:01+02;1309
2016-05-15 08:36:01+02;1299
2016-05-15 09:36:01+02;1289
2016-05-15 10:36:01+02;1279
2016-05-15 11:05:02+02;1269
2016-05-15 12:05:01+02;1269
2016-05-15 15:05:02+02;1259
2016-05-15 16:05:01+02;1249
2016-05-15 17:05:01+02;1239
2016-05-15 18:05:01+02;1229
2016-05-15 19:06:01+02;1219
2016-05-15 22:36:01+02;1309
2016-05-16 08:36:02+02;1299
2016-05-16 09:06:01+02;1289
2016-05-16 09:36:01+02;1279
2016-05-16 11:06:01+02;1269
2016-05-16 12:05:01+02;1269
2016-05-16 15:05:01+02;1259
2016-05-16 16:05:01+02;1249
2016-05-16 17:05:01+02;1239
2016-05-16 18:05:01+02;1229
2016-05-16 19:05:01+02;1219
2016-05-16 22:35:01+02;1309
2016-05-17 06:30:01+02;1299
2016-05-17 07:15:01+02;1289
2016-05-17 08:20:01+02;1279
2016-05-17 09:25:01+02;1269
2016-05-17 11:50:01+02;1259
2016-05-17 12:50:01+02;1279
2016-05-17 14:35:01+02;1259
2016-05-17 22:36:01+02;1309
2016-05-18 06:26:01+02;1299
2016-05-18 07:16:01+02;1289
2016-05-18 07:46:01+02;1279
2016-05-18 08:16:01+02;1269
2016-05-18 10:00:01+02;1259
2016-05-18 11:56:01+02;1249
2016-05-18 12:50:01+02;1279
2016-05-18 13:50:01+02;1249
2016-05-18 17:35:01+02;1239
2016-05-18 18:35:01+02;1229
2016-05-18 22:36:01+02;1309
2016-05-19 06:36:01+02;1299
2016-05-19 07:20:01+02;1289
2016-05-19 07:46:01+02;1279
2016-05-19 08:16:01+02;1269
2016-05-19 10:26:01+02;1269
2016-05-19 11:26:01+02;1259
2016-05-19 12:46:01+02;1279
2016-05-19 13:50:01+02;1259
2016-05-19 22:35:01+02;1309
2016-05-20 06:36:01+02;1299
2016-05-20 07:21:01+02;1289
2016-05-20 08:20:01+02;1279
2016-05-20 09:50:01+02;1269
2016-05-20 10:16:01+02;1269
2016-05-20 11:30:01+02;1259
2016-05-20 12:50:01+02;1279
2016-05-20 14:20:01+02;1269
2016-05-20 16:21:01+02;1259
2016-05-20 22:35:01+02;1309
2016-05-21 09:16:01+02;1299
2016-05-21 10:20:01+02;1289
2016-05-21 11:20:01+02;1279
2016-05-21 11:46:01+02;1269
2016-05-21 15:06:01+02;1259
2016-05-21 16:06:01+02;1249
2016-05-21 17:06:01+02;1239
2016-05-21 22:36:01+02;1309
2016-05-22 08:36:01+02;1299
2016-05-22 09:06:01+02;1289
2016-05-22 10:06:01+02;1289
2016-05-22 15:06:01+02;1279
2016-05-22 16:05:02+02;1269
2016-05-22 17:11:01+02;1259
2016-05-22 18:05:02+02;1249
2016-05-22 19:05:01+02;1239
2016-05-22 22:35:01+02;1309
2016-05-23 06:21:01+02;1299
2016-05-23 07:11:01+02;1299
2016-05-23 08:10:01+02;1289
2016-05-23 09:06:01+02;1279
2016-05-23 10:36:01+02;1269
2016-05-23 12:06:01+02;1259
2016-05-23 12:46:01+02;1279
2016-05-23 13:56:01+02;1259
2016-05-23 22:35:01+02;1319
2016-05-24 07:56:01+02;1319
2016-05-24 08:50:01+02;1299
2016-05-24 10:50:01+02;1289
2016-05-24 12:20:01+02;1269
2016-05-24 12:46:01+02;1299
2016-05-24 13:50:01+02;1289
2016-05-24 15:00:01+02;1279
2016-05-24 15:46:01+02;1269
2016-05-24 16:16:01+02;1259
2016-05-24 16:46:01+02;1249
2016-05-24 17:20:01+02;1249
2016-05-24 22:36:01+02;1339
2016-05-25 06:16:01+02;1319
2016-05-25 07:36:02+02;1309
2016-05-25 08:30:01+02;1299
2016-05-25 09:36:01+02;1289
2016-05-25 10:26:01+02;1279
2016-05-25 11:50:01+02;1269
2016-05-25 12:50:01+02;1299
2016-05-25 13:46:01+02;1279
2016-05-25 15:20:01+02;1269
2016-05-25 16:00:01+02;1259
2016-05-25 17:00:01+02;1249
2016-05-25 22:35:01+02;1339
2016-05-26 06:26:01+02;1329
2016-05-26 07:46:01+02;1319
2016-05-26 09:26:01+02;1309
2016-05-26 10:26:01+02;1299
2016-05-26 11:26:01+02;1289
2016-05-26 12:20:01+02;1279
2016-05-26 13:16:01+02;1299
2016-05-26 13:46:01+02;1279
2016-05-26 22:36:01+02;1339
2016-05-27 06:26:01+02;1339
2016-05-27 07:20:02+02;1329
2016-05-27 08:20:01+02;1319
2016-05-27 09:50:01+02;1309
2016-05-27 10:45:01+02;1299
2016-05-27 11:20:01+02;1289
2016-05-27 11:50:01+02;1279
2016-05-27 12:46:01+02;1299
2016-05-27 14:00:01+02;1289
2016-05-27 14:46:01+02;1279
2016-05-27 15:16:01+02;1269
2016-05-27 15:46:01+02;1259
2016-05-27 16:16:01+02;1249
2016-05-27 22:36:01+02;1339
2016-05-28 08:20:01+02;1329
2016-05-28 09:05:02+02;1309
2016-05-28 10:05:01+02;1299
2016-05-28 11:05:01+02;1289
2016-05-28 13:01:01+02;1319
2016-05-28 14:21:01+02;1289
2016-05-28 15:21:01+02;1279
2016-05-28 16:35:01+02;1269
2016-05-28 17:36:01+02;1259
2016-05-28 18:36:01+02;1249
2016-05-28 22:36:01+02;1339
2016-05-29 08:35:01+02;1329
2016-05-29 09:06:01+02;1319
2016-05-29 10:05:01+02;1309
2016-05-29 12:06:01+02;1309
2016-05-29 15:06:01+02;1299
2016-05-29 16:06:01+02;1289
2016-05-29 17:06:01+02;1279
2016-05-29 18:06:01+02;1269
2016-05-29 19:06:01+02;1259
2016-05-29 22:36:01+02;1339
2016-05-30 06:30:02+02;1329
2016-05-30 07:16:01+02;1319
2016-05-30 08:06:01+02;1309
2016-05-30 10:06:01+02;1299
2016-05-30 12:01:01+02;1289
2016-05-30 13:15:02+02;1319
2016-05-30 14:21:01+02;1289
2016-05-30 16:21:02+02;1279
2016-05-30 17:36:01+02;1269
2016-05-30 18:36:01+02;1259
2016-05-30 19:36:01+02;1259
2016-05-30 22:36:01+02;1349
2016-05-31 08:20:01+02;1279
2016-05-31 12:45:01+02;1299
2016-05-31 13:51:01+02;1279
2016-05-31 22:36:01+02;1349
2016-06-01 06:20:02+02;1339
2016-06-01 07:41:01+02;1329
2016-06-01 08:20:01+02;1329
2016-06-01 10:11:01+02;1319
2016-06-01 10:51:01+02;1309
2016-06-01 11:51:01+02;1299
2016-06-01 12:51:01+02;1319
2016-06-01 13:51:01+02;1289
2016-06-01 15:51:01+02;1279
2016-06-01 17:00:01+02;1269
2016-06-01 18:11:01+02;1269
2016-06-01 22:40:01+02;1349
2016-06-02 06:20:01+02;1339
2016-06-02 08:00:01+02;1329
2016-06-02 09:10:01+02;1319
2016-06-02 10:00:02+02;1319
2016-06-02 10:20:02+02;1309
2016-06-02 10:50:01+02;1299
2016-06-02 11:20:02+02;1289
2016-06-02 11:50:01+02;1289
2016-06-02 12:50:01+02;1299
2016-06-02 13:50:01+02;1289
2016-06-02 16:21:01+02;1279
2016-06-02 22:41:01+02;1349
2016-06-03 06:20:01+02;1339
2016-06-03 08:11:01+02;1329
2016-06-03 09:20:01+02;1319
2016-06-03 10:20:01+02;1319
2016-06-03 11:30:01+02;1309
2016-06-03 12:00:02+02;1299
2016-06-03 16:20:01+02;1289
2016-06-03 17:50:01+02;1279
2016-06-03 22:36:01+02;1349
2016-06-04 09:15:01+02;1329
2016-06-04 10:50:01+02;1319
2016-06-04 11:56:01+02;1309
2016-06-04 12:46:01+02;1319
2016-06-04 13:51:01+02;1309
2016-06-04 15:06:01+02;1299
2016-06-04 15:36:01+02;1299
2016-06-04 16:06:01+02;1289
2016-06-04 16:36:01+02;1289
2016-06-04 17:06:01+02;1279
2016-06-04 17:36:01+02;1269
2016-06-04 22:36:01+02;1349
2016-06-05 07:05:01+02;1349
2016-06-05 08:35:01+02;1349
2016-06-05 09:05:01+02;1339
2016-06-05 09:35:01+02;1329
2016-06-05 10:35:01+02;1319
2016-06-05 11:05:01+02;1319
2016-06-05 11:35:01+02;1309
2016-06-05 12:05:01+02;1299
2016-06-05 13:05:01+02;1289
2016-06-05 13:35:01+02;1299
2016-06-05 14:05:01+02;1289
2016-06-05 15:06:01+02;1279
2016-06-05 16:06:01+02;1269
2016-06-05 17:06:01+02;1269
2016-06-05 22:36:01+02;1349
2016-06-06 05:56:01+02;1349
2016-06-06 08:35:01+02;1339
2016-06-06 09:30:02+02;1329
2016-06-06 10:45:01+02;1319
2016-06-06 11:45:01+02;1309
2016-06-06 12:45:01+02;1319
2016-06-06 13:45:01+02;1299
2016-06-06 16:15:01+02;1289
2016-06-06 18:06:01+02;1279
2016-06-06 22:36:01+02;1349
2016-06-07 05:56:01+02;1339
2016-06-07 07:41:01+02;1339
2016-06-07 09:16:01+02;1329
2016-06-07 10:20:01+02;1309
2016-06-07 11:20:02+02;1299
2016-06-07 11:50:01+02;1289
2016-06-07 12:50:01+02;1319
2016-06-07 13:50:01+02;1289
2016-06-07 16:16:01+02;1279
2016-06-07 17:21:01+02;1269
2016-06-07 22:36:01+02;1379
2016-06-08 06:00:01+02;1339
2016-06-08 07:50:01+02;1329
2016-06-08 09:20:01+02;1319
2016-06-08 10:45:02+02;1309
2016-06-08 11:15:02+02;1299
2016-06-08 11:45:01+02;1289
2016-06-08 12:50:01+02;1309
2016-06-08 15:11:01+02;1279
2016-06-08 17:21:01+02;1269
2016-06-08 18:36:01+02;1259
2016-06-08 22:36:01+02;1379
2016-06-09 06:05:01+02;1349
2016-06-09 08:00:01+02;1339
2016-06-09 08:50:01+02;1329
2016-06-09 10:05:02+02;1319
2016-06-09 10:45:01+02;1309
2016-06-09 11:15:02+02;1299
2016-06-09 12:45:02+02;1309
2016-06-09 14:00:01+02;1289
2016-06-09 14:50:01+02;1289
2016-06-09 16:15:01+02;1279
2016-06-09 17:15:01+02;1269
2016-06-09 19:06:01+02;1259
2016-06-09 22:36:01+02;1379
2016-06-10 06:00:01+02;1349
2016-06-10 07:16:01+02;1339
2016-06-10 09:00:01+02;1319
2016-06-10 09:46:01+02;1309
2016-06-10 10:16:01+02;1299
2016-06-10 10:46:01+02;1289
2016-06-10 11:26:01+02;1279
2016-06-10 12:46:01+02;1299
2016-06-10 13:46:01+02;1279
2016-06-10 14:50:02+02;1269
2016-06-10 15:20:01+02;1259
2016-06-10 15:46:01+02;1259
2016-06-10 16:20:01+02;1259
2016-06-10 16:46:01+02;1259
2016-06-10 22:36:01+02;1379
2016-06-11 06:06:01+02;1359
2016-06-11 08:20:01+02;1349
2016-06-11 09:15:01+02;1329
2016-06-11 10:15:01+02;1319
2016-06-11 11:41:01+02;1289
2016-06-11 12:45:01+02;1319
2016-06-11 14:20:01+02;1279
2016-06-11 14:55:02+02;1269
2016-06-11 16:06:01+02;1259
2016-06-11 17:06:01+02;1259
2016-06-11 22:36:01+02;1379
2016-06-12 07:05:01+02;1349
2016-06-12 12:05:01+02;1299
2016-06-12 15:05:01+02;1289
2016-06-12 15:35:01+02;1269
2016-06-12 16:05:01+02;1269
2016-06-12 16:35:01+02;1259
2016-06-12 17:05:01+02;1259
2016-06-12 18:05:01+02;1259
2016-06-12 22:36:01+02;1379
2016-06-13 06:05:01+02;1339
2016-06-13 07:20:01+02;1329
2016-06-13 09:20:01+02;1319
2016-06-13 11:45:01+02;1289
2016-06-13 12:45:01+02;1309
2016-06-13 13:46:01+02;1289
2016-06-13 16:20:01+02;1279
2016-06-13 18:06:01+02;1269
2016-06-13 22:36:01+02;1379
2016-06-14 06:20:01+02;1349
2016-06-14 06:46:01+02;1339
2016-06-14 07:16:01+02;1329
2016-06-14 07:46:01+02;1319
2016-06-14 08:16:01+02;1309
2016-06-14 08:50:01+02;1299
2016-06-14 11:16:01+02;1299
2016-06-14 12:46:01+02;1309
2016-06-14 14:01:01+02;1289
2016-06-14 16:21:01+02;1279
2016-06-14 16:46:01+02;1269
2016-06-14 17:16:02+02;1259
2016-06-14 17:46:01+02;1259
2016-06-14 22:36:01+02;1379
2016-06-15 06:06:01+02;1349
2016-06-15 09:20:01+02;1329
2016-06-15 10:36:01+02;1319
2016-06-15 11:00:01+02;1309
2016-06-15 11:50:01+02;1289
2016-06-15 12:16:01+02;1289
2016-06-15 12:46:01+02;1309
2016-06-15 13:50:01+02;1289
2016-06-15 17:36:01+02;1279
2016-06-15 18:36:01+02;1269
2016-06-15 22:36:01+02;1379
2016-06-16 06:16:01+02;1349
2016-06-16 08:15:01+02;1339
2016-06-16 09:20:01+02;1329
2016-06-16 10:26:01+02;1319
2016-06-16 12:05:01+02;1289
2016-06-16 12:46:01+02;1299
2016-06-16 13:45:02+02;1289
2016-06-16 17:16:01+02;1279
2016-06-16 18:06:01+02;1269
2016-06-16 19:06:02+02;1259
2016-06-16 20:06:01+02;1259
2016-06-16 22:36:01+02;1379
2016-06-17 06:00:01+02;1329
2016-06-17 08:06:01+02;1329
2016-06-17 09:15:01+02;1319
2016-06-17 11:05:01+02;1309
2016-06-17 12:45:01+02;1329
2016-06-17 13:50:01+02;1309
2016-06-17 14:25:01+02;1299
2016-06-17 15:20:02+02;1289
2016-06-17 15:50:01+02;1279
2016-06-17 16:45:01+02;1269
2016-06-17 17:36:02+02;1259
2016-06-17 18:36:01+02;1249
2016-06-17 19:36:01+02;1249
2016-06-17 22:36:01+02;1379
2016-06-18 06:06:01+02;1339
2016-06-18 08:20:01+02;1329
2016-06-18 09:20:01+02;1319
2016-06-18 10:16:01+02;1309
2016-06-18 11:16:01+02;1299
2016-06-18 12:46:01+02;1319
2016-06-18 13:50:01+02;1299
2016-06-18 15:06:01+02;1289
2016-06-18 16:06:01+02;1279
2016-06-18 17:06:01+02;1269
2016-06-18 18:06:01+02;1259
2016-06-18 19:06:01+02;1249
2016-06-18 22:36:01+02;1379
2016-06-19 07:06:01+02;1339
2016-06-19 14:05:01+02;1309
2016-06-19 15:06:01+02;1299
2016-06-19 16:06:01+02;1289
2016-06-19 17:06:01+02;1279
2016-06-19 18:06:01+02;1269
2016-06-19 19:06:01+02;1259
2016-06-19 22:36:01+02;1379
2016-06-20 06:26:02+02;1339
2016-06-20 08:10:01+02;1329
2016-06-20 09:30:01+02;1319
2016-06-20 10:41:01+02;1309
2016-06-20 11:55:01+02;1299
2016-06-20 12:51:01+02;1319
2016-06-20 13:55:01+02;1299
2016-06-20 14:15:01+02;1289
2016-06-20 15:51:01+02;1279
2016-06-20 18:05:02+02;1269
2016-06-20 19:06:01+02;1259
2016-06-20 20:06:01+02;1249
2016-06-20 22:36:01+02;1379
2016-06-21 06:16:01+02;1339
2016-06-21 06:55:02+02;1329
2016-06-21 08:11:01+02;1319
2016-06-21 10:00:01+02;1309
2016-06-21 11:16:01+02;1299
2016-06-21 12:05:01+02;1289
2016-06-21 13:16:01+02;1309
2016-06-21 13:51:01+02;1289
2016-06-21 14:46:01+02;1279
2016-06-21 22:36:01+02;1379
2016-06-22 06:26:01+02;1349
2016-06-22 07:36:01+02;1339
2016-06-22 08:25:01+02;1329
2016-06-22 09:20:01+02;1319
2016-06-22 09:50:01+02;1309
2016-06-22 10:50:01+02;1299
2016-06-22 12:26:01+02;1289
2016-06-22 12:50:01+02;1309
2016-06-22 14:26:01+02;1289
2016-06-22 15:50:01+02;1279
2016-06-22 22:36:01+02;1379
2016-06-23 06:16:01+02;1349
2016-06-23 07:20:01+02;1339
2016-06-23 07:50:01+02;1329
2016-06-23 11:05:01+02;1319
2016-06-23 12:45:01+02;1339
2016-06-23 13:51:01+02;1319
2016-06-23 14:21:01+02;1309
2016-06-23 15:45:01+02;1299
2016-06-23 16:45:02+02;1289
2016-06-23 17:15:01+02;1279
2016-06-23 20:36:01+02;1259
2016-06-23 22:36:01+02;1379
2016-06-24 06:16:01+02;1349
2016-06-24 07:30:01+02;1339
2016-06-24 08:46:01+02;1329
2016-06-24 10:00:01+02;1319
2016-06-24 11:50:01+02;1309
2016-06-24 12:55:01+02;1329
2016-06-24 14:20:01+02;1299
2016-06-24 22:36:01+02;1379
2016-06-25 06:06:02+02;1369
2016-06-25 08:15:01+02;1359
2016-06-25 08:55:01+02;1349
2016-06-25 10:25:02+02;1319
2016-06-25 11:25:01+02;1309
2016-06-25 12:21:01+02;1299
2016-06-25 12:55:02+02;1329
2016-06-25 13:51:01+02;1299
2016-06-25 14:35:01+02;1279
2016-06-25 22:36:01+02;1379
2016-06-26 07:06:01+02;1359
2016-06-26 11:36:01+02;1329
2016-06-26 15:06:01+02;1319
2016-06-26 16:06:01+02;1309
2016-06-26 17:06:01+02;1299
2016-06-26 18:06:01+02;1289
2016-06-26 19:06:01+02;1279
2016-06-26 22:36:01+02;1379
2016-06-27 06:20:02+02;1349
2016-06-27 07:55:01+02;1339
2016-06-27 09:15:01+02;1329
2016-06-27 09:56:01+02;1329
2016-06-27 10:45:01+02;1319
2016-06-27 12:16:01+02;1309
2016-06-27 12:45:01+02;1329
2016-06-27 14:46:01+02;1309
2016-06-27 15:46:01+02;1309
2016-06-27 18:06:01+02;1299
2016-06-27 19:06:01+02;1289
2016-06-27 20:06:01+02;1279
2016-06-27 22:36:01+02;1379
2016-06-28 06:20:01+02;1349
2016-06-28 07:30:02+02;1339
2016-06-28 10:50:01+02;1329
2016-06-28 12:15:01+02;1319
2016-06-28 12:45:01+02;1339
2016-06-28 13:45:01+02;1319
2016-06-28 15:25:01+02;1309
2016-06-28 16:45:01+02;1299
2016-06-28 17:35:02+02;1289
2016-06-28 18:35:01+02;1279
2016-06-28 19:35:01+02;1269
2016-06-28 22:35:01+02;1379
2016-06-29 06:20:01+02;1349
2016-06-29 06:45:01+02;1339
2016-06-29 09:00:01+02;1329
2016-06-29 11:45:01+02;1319
2016-06-29 12:46:01+02;1349
2016-06-29 14:20:01+02;1319
2016-06-29 14:56:01+02;1309
2016-06-29 22:36:01+02;1359
2016-06-30 06:20:01+02;1349
2016-06-30 07:20:01+02;1339
2016-06-30 08:41:01+02;1329
2016-06-30 10:30:01+02;1319
2016-06-30 11:51:01+02;1309
2016-06-30 13:01:01+02;1329
2016-06-30 14:21:01+02;1309
2016-06-30 15:21:01+02;1299
2016-06-30 22:36:01+02;1379
2016-07-01 06:30:01+02;1359
2016-07-01 07:50:01+02;1349
2016-07-01 09:00:02+02;1339
2016-07-01 10:30:01+02;1329
2016-07-01 11:51:01+02;1319
2016-07-01 12:51:01+02;1349
2016-07-01 13:51:01+02;1309
2016-07-01 14:50:01+02;1299
2016-07-01 20:41:01+02;1299
2016-07-01 22:41:01+02;1379
2016-07-02 06:11:01+02;1369
2016-07-02 08:20:01+02;1359
2016-07-02 09:11:01+02;1349
2016-07-02 10:30:01+02;1339
2016-07-02 11:41:01+02;1329
2016-07-02 12:41:01+02;1299
2016-07-02 12:51:01+02;1319
2016-07-02 13:51:01+02;1299
2016-07-02 15:00:01+02;1289
2016-07-02 16:11:01+02;1279
2016-07-02 17:11:01+02;1269
2016-07-02 18:11:01+02;1269
2016-07-02 19:11:01+02;1269
2016-07-02 20:41:01+02;1269
2016-07-02 22:41:01+02;1379
2016-07-03 15:51:01+02;1339
2016-07-03 17:06:01+02;1329
2016-07-03 18:06:01+02;1319
2016-07-03 19:06:01+02;1309
2016-07-03 22:36:01+02;1379
2016-07-04 06:20:01+02;1349
2016-07-04 06:50:01+02;1339
2016-07-04 07:30:01+02;1339
2016-07-04 08:25:01+02;1329
2016-07-04 09:50:01+02;1319
2016-07-04 12:20:01+02;1309
2016-07-04 12:45:01+02;1329
2016-07-04 13:51:01+02;1309
2016-07-04 14:16:01+02;1299
2016-07-04 15:21:02+02;1289
2016-07-04 16:46:01+02;1279
2016-07-04 17:31:01+02;1269
2016-07-04 18:36:01+02;1259
2016-07-04 19:36:01+02;1249
2016-07-04 22:36:01+02;1349
2016-07-05 06:20:01+02;1319
2016-07-05 07:30:01+02;1309
2016-07-05 08:50:01+02;1299
2016-07-05 10:20:01+02;1289
2016-07-05 11:56:01+02;1289
2016-07-05 12:51:01+02;1299
2016-07-05 15:01:01+02;1289
2016-07-05 16:16:01+02;1279
2016-07-05 22:36:01+02;1349
2016-07-06 06:25:01+02;1339
2016-07-06 07:20:01+02;1329
2016-07-06 08:35:01+02;1319
2016-07-06 09:45:01+02;1309
2016-07-06 11:26:01+02;1299
2016-07-06 12:46:01+02;1319
2016-07-06 14:06:01+02;1289
2016-07-06 14:21:01+02;1289
2016-07-06 17:21:01+02;1279
2016-07-06 17:46:01+02;1269
2016-07-06 18:36:01+02;1259
2016-07-06 19:36:01+02;1249
2016-07-06 20:36:01+02;1239
2016-07-06 22:36:01+02;1349
2016-07-07 06:20:01+02;1339
2016-07-07 07:30:02+02;1329
2016-07-07 07:46:01+02;1249
2016-07-07 09:20:01+02;1239
2016-07-07 12:45:01+02;1259
2016-07-07 13:45:01+02;1239
2016-07-07 22:36:01+02;1349
2016-07-08 06:30:01+02;1309
2016-07-08 08:16:01+02;1299
2016-07-08 09:56:01+02;1299
2016-07-08 11:50:01+02;1289
2016-07-08 12:46:01+02;1309
2016-07-08 13:50:01+02;1269
2016-07-08 14:16:01+02;1269
2016-07-08 15:46:01+02;1259
2016-07-08 16:16:01+02;1249
2016-07-08 16:50:01+02;1239
2016-07-08 17:16:01+02;1229
2016-07-08 18:06:01+02;1229
2016-07-08 19:06:01+02;1229
2016-07-08 22:36:01+02;1349
2016-07-09 06:06:01+02;1309
2016-07-09 06:36:01+02;1309
2016-07-09 07:36:01+02;1229
2016-07-09 08:16:01+02;1299
2016-07-09 09:16:01+02;1249
2016-07-09 10:20:01+02;1239
2016-07-09 11:56:01+02;1229
2016-07-09 12:50:01+02;1279
2016-07-09 14:45:01+02;1249
2016-07-09 15:36:01+02;1229
2016-07-09 22:35:02+02;1349
2016-07-10 07:06:01+02;1309
2016-07-10 12:05:01+02;1289
2016-07-10 13:05:01+02;1279
2016-07-10 13:35:01+02;1289
2016-07-10 14:05:01+02;1279
2016-07-10 15:05:01+02;1269
2016-07-10 16:05:02+02;1259
2016-07-10 17:05:02+02;1249
2016-07-10 18:05:01+02;1239
2016-07-10 19:05:02+02;1229
2016-07-10 22:36:01+02;1349
2016-07-11 06:26:01+02;1309
2016-07-11 08:00:01+02;1299
2016-07-11 09:50:01+02;1289
2016-07-11 11:16:01+02;1279
2016-07-11 12:46:01+02;1299
2016-07-11 14:05:01+02;1279
2016-07-11 14:46:01+02;1269
2016-07-11 16:18:01+02;1259
2016-07-11 16:50:01+02;1249
2016-07-11 17:15:01+02;1239
2016-07-11 17:50:01+02;1229
2016-07-11 18:35:02+02;1219
2016-07-11 22:36:01+02;1349
2016-07-12 06:26:01+02;1299
2016-07-12 07:11:01+02;1289
2016-07-12 08:06:01+02;1279
2016-07-12 09:16:01+02;1269
2016-07-12 10:50:01+02;1259
2016-07-12 12:46:01+02;1279
2016-07-12 13:50:01+02;1259
2016-07-12 15:46:01+02;1249
2016-07-12 22:35:02+02;1339
2016-07-13 06:26:01+02;1309
2016-07-13 07:50:01+02;1299
2016-07-13 08:50:01+02;1289
2016-07-13 10:46:01+02;1279
2016-07-13 11:30:01+02;1269
2016-07-13 11:45:01+02;1259
2016-07-13 12:45:01+02;1289
2016-07-13 14:20:01+02;1259
2016-07-13 15:50:01+02;1249
2016-07-13 17:15:02+02;1239
2016-07-13 18:05:01+02;1229
2016-07-13 19:05:01+02;1219
2016-07-13 20:05:01+02;1209
2016-07-13 22:35:01+02;1349
2016-07-14 06:25:01+02;1299
2016-07-14 07:25:01+02;1289
2016-07-14 09:20:01+02;1279
2016-07-14 11:45:02+02;1279
2016-07-14 12:45:01+02;1299
2016-07-14 13:50:01+02;1279
2016-07-14 17:41:02+02;1249
2016-07-14 18:05:01+02;1239
2016-07-14 19:05:02+02;1229
2016-07-14 20:05:01+02;1219
2016-07-14 22:35:01+02;1349
2016-07-15 06:20:01+02;1289
2016-07-15 07:26:01+02;1279
2016-07-15 09:45:01+02;1269
2016-07-15 11:05:02+02;1259
2016-07-15 12:55:01+02;1279
2016-07-15 13:50:01+02;1259
2016-07-15 15:50:01+02;1249
2016-07-15 17:41:01+02;1239
2016-07-15 18:36:01+02;1229
2016-07-15 19:36:01+02;1219
2016-07-15 20:06:01+02;1209
2016-07-15 22:36:01+02;1349
2016-07-16 06:06:01+02;1299
2016-07-16 08:26:01+02;1289
2016-07-16 09:45:01+02;1279
2016-07-16 11:20:01+02;1249
2016-07-16 12:05:01+02;1249
2016-07-16 12:55:02+02;1279
2016-07-16 15:35:01+02;1249
2016-07-16 22:36:01+02;1349
2016-07-17 07:06:01+02;1319
2016-07-17 12:05:01+02;1269
2016-07-17 15:05:02+02;1259
2016-07-17 16:05:01+02;1249
2016-07-17 17:06:01+02;1239
2016-07-17 18:06:01+02;1229
2016-07-17 19:06:01+02;1219
2016-07-17 22:36:01+02;1349
2016-07-18 06:26:01+02;1299
2016-07-18 07:46:01+02;1289
2016-07-18 08:56:01+02;1279
2016-07-18 10:16:01+02;1269
2016-07-18 12:46:01+02;1289
2016-07-18 14:15:01+02;1269
2016-07-18 17:15:01+02;1259
2016-07-18 18:05:01+02;1249
2016-07-18 19:05:01+02;1239
2016-07-18 20:05:01+02;1229
2016-07-18 22:35:01+02;1339
2016-07-19 06:35:01+02;1299
2016-07-19 07:15:01+02;1289
2016-07-19 08:55:01+02;1279
2016-07-19 10:15:01+02;1269
2016-07-19 10:55:01+02;1259
2016-07-19 11:45:01+02;1249
2016-07-19 12:45:01+02;1279
2016-07-19 13:55:01+02;1249
2016-07-19 16:55:01+02;1239
2016-07-19 22:35:01+02;1339
2016-07-20 06:36:01+02;1309
2016-07-20 07:16:01+02;1299
2016-07-20 07:46:01+02;1289
2016-07-20 08:26:01+02;1279
2016-07-20 09:26:01+02;1269
2016-07-20 10:56:01+02;1259
2016-07-20 12:16:01+02;1249
2016-07-20 12:46:01+02;1279
2016-07-20 13:56:01+02;1249
2016-07-20 16:55:01+02;1239
2016-07-20 22:36:01+02;1339
2016-07-21 06:26:01+02;1309
2016-07-21 07:26:01+02;1299
2016-07-21 08:16:01+02;1289
2016-07-21 09:36:01+02;1279
2016-07-21 10:56:01+02;1269
2016-07-21 11:46:01+02;1259
2016-07-21 12:56:01+02;1279
2016-07-21 13:55:02+02;1249
2016-07-21 16:45:01+02;1239
2016-07-21 22:35:01+02;1339
2016-07-22 06:36:01+02;1309
2016-07-22 07:26:01+02;1299
2016-07-22 08:26:01+02;1289
2016-07-22 09:56:01+02;1279
2016-07-22 10:56:01+02;1269
2016-07-22 12:55:01+02;1279
2016-07-22 13:55:01+02;1259
2016-07-22 15:06:01+02;1249
2016-07-22 16:25:01+02;1239
2016-07-22 17:25:02+02;1219
2016-07-22 22:36:01+02;1339
2016-07-23 06:06:01+02;1299
2016-07-23 06:16:01+02;1289
2016-07-23 06:46:02+02;1279
2016-07-23 07:46:01+02;1269
2016-07-23 08:46:01+02;1259
2016-07-23 09:46:01+02;1249
2016-07-23 12:46:01+02;1259
2016-07-23 13:46:01+02;1249
2016-07-23 14:20:01+02;1239
2016-07-23 22:35:01+02;1339
2016-07-24 07:06:01+02;1319
2016-07-24 12:06:01+02;1279
2016-07-24 14:06:01+02;1239
2016-07-24 15:06:01+02;1229
2016-07-24 16:06:01+02;1219
2016-07-24 16:36:01+02;1209
2016-07-24 17:36:01+02;1209
2016-07-24 22:36:01+02;1339
2016-07-25 06:20:01+02;1289
2016-07-25 07:30:01+02;1279
2016-07-25 10:20:01+02;1269
2016-07-25 11:56:01+02;1259
2016-07-25 13:10:01+02;1289
2016-07-25 14:00:02+02;1249
2016-07-25 15:30:01+02;1239
2016-07-25 16:15:01+02;1219
2016-07-25 18:05:01+02;1209
2016-07-25 19:05:01+02;1209
2016-07-25 20:05:01+02;1209
2016-07-25 22:36:01+02;1339
2016-07-26 06:26:01+02;1289
2016-07-26 07:30:01+02;1279
2016-07-26 08:50:01+02;1269
2016-07-26 10:16:01+02;1259
2016-07-26 10:50:01+02;1249
2016-07-26 11:20:01+02;1239
2016-07-26 11:50:01+02;1229
2016-07-26 12:16:01+02;1219
2016-07-26 12:50:01+02;1249
2016-07-26 15:20:01+02;1219
2016-07-26 18:35:02+02;1199
2016-07-26 19:05:01+02;1219
2016-07-26 19:35:01+02;1199
2016-07-26 22:35:01+02;1339
2016-07-27 06:20:01+02;1279
2016-07-27 07:15:02+02;1279
2016-07-27 08:11:01+02;1269
2016-07-27 09:35:01+02;1259
2016-07-27 10:20:01+02;1249
2016-07-27 12:20:01+02;1239
2016-07-27 12:50:02+02;1259
2016-07-27 14:15:01+02;1229
2016-07-27 17:35:01+02;1219
2016-07-27 18:35:01+02;1209
2016-07-27 19:35:01+02;1199
2016-07-27 22:36:01+02;1339
2016-07-28 06:20:01+02;1279
2016-07-28 07:50:01+02;1269
2016-07-28 09:20:01+02;1259
2016-07-28 10:20:01+02;1249
2016-07-28 11:50:01+02;1239
2016-07-28 12:50:01+02;1259
2016-07-28 14:26:01+02;1229
2016-07-28 16:21:01+02;1219
2016-07-28 17:20:01+02;1199
2016-07-28 18:06:01+02;1199
2016-07-28 22:36:01+02;1339
2016-07-29 06:28:01+02;1279
2016-07-29 07:53:01+02;1269
2016-07-29 08:17:01+02;1259
2016-07-29 09:17:01+02;1249
2016-07-29 11:28:02+02;1239
2016-07-29 12:56:01+02;1249
2016-07-29 13:53:01+02;1229
2016-07-29 14:53:01+02;1219
2016-07-29 15:21:01+02;1209
2016-07-29 22:36:01+02;1339
2016-07-30 06:06:01+02;1289
2016-07-30 08:21:01+02;1279
2016-07-30 08:53:01+02;1259
2016-07-30 09:28:01+02;1249
2016-07-30 10:15:02+02;1239
2016-07-30 10:51:01+02;1229
2016-07-30 11:15:01+02;1229
2016-07-30 12:51:01+02;1239
2016-07-30 13:46:01+02;1219
2016-07-30 22:36:01+02;1339
2016-07-31 07:05:01+02;1299
2016-07-31 09:05:01+02;1239
2016-07-31 10:05:01+02;1219
2016-07-31 15:06:01+02;1209
2016-07-31 16:06:01+02;1199
2016-07-31 17:06:01+02;1199
2016-07-31 18:06:01+02;1199
2016-07-31 19:06:01+02;1199
2016-07-31 22:36:01+02;1339
2016-08-01 06:31:01+02;1269
2016-08-01 07:51:01+02;1259
2016-08-01 11:40:01+02;1259
2016-08-01 13:21:01+02;1269
2016-08-01 15:11:01+02;1249
2016-08-01 16:11:01+02;1239
2016-08-01 17:01:01+02;1229
2016-08-01 17:41:01+02;1229
2016-08-01 18:11:01+02;1219
2016-08-01 18:41:01+02;1219
2016-08-01 19:11:01+02;1209
2016-08-01 19:41:01+02;1199
2016-08-01 20:41:01+02;1189
2016-08-01 22:41:01+02;1339
2016-08-02 06:20:01+02;1269
2016-08-02 08:00:01+02;1269
2016-08-02 09:00:01+02;1239
2016-08-02 13:06:01+02;1269
2016-08-02 13:46:01+02;1239
2016-08-02 16:56:01+02;1229
2016-08-02 18:06:01+02;1219
2016-08-02 19:06:01+02;1209
2016-08-02 20:06:01+02;1199
2016-08-02 22:36:01+02;1319
2016-08-03 06:11:01+02;1269
2016-08-03 07:51:01+02;1259
2016-08-03 09:11:01+02;1249
2016-08-03 11:16:01+02;1219
2016-08-03 12:06:01+02;1209
2016-08-03 12:56:01+02;1239
2016-08-03 14:16:02+02;1209
2016-08-03 16:00:01+02;1209
2016-08-03 18:06:01+02;1199
2016-08-03 19:06:01+02;1189
2016-08-03 20:06:01+02;1189
2016-08-03 22:36:01+02;1319
2016-08-04 06:06:01+02;1279
2016-08-04 10:35:01+02;1239
2016-08-04 12:00:01+02;1219
2016-08-04 13:11:01+02;1249
2016-08-04 14:36:01+02;1219
2016-08-04 15:56:01+02;1219
2016-08-04 17:27:01+02;1219
2016-08-04 18:06:01+02;1219
2016-08-04 18:36:01+02;1219
2016-08-04 22:36:01+02;1319
2016-08-05 06:16:01+02;1289
2016-08-05 07:56:01+02;1279
2016-08-05 09:25:01+02;1269
2016-08-05 11:35:01+02;1259
2016-08-05 12:51:01+02;1279
2016-08-05 14:40:01+02;1259
2016-08-05 15:05:02+02;1249
2016-08-05 15:55:01+02;1239
2016-08-05 16:55:01+02;1229
2016-08-05 18:06:01+02;1219
2016-08-05 19:06:01+02;1209
2016-08-05 20:06:01+02;1199
2016-08-05 22:36:01+02;1299
2016-08-06 06:05:01+02;1289
2016-08-06 08:16:01+02;1279
2016-08-06 09:31:01+02;1269
2016-08-06 10:45:01+02;1259
2016-08-06 11:36:01+02;1249
2016-08-06 12:36:01+02;1239
2016-08-06 12:41:02+02;1269
2016-08-06 13:06:02+02;1249
2016-08-06 22:36:01+02;1299
2016-08-07 10:06:01+02;1239
2016-08-07 12:06:01+02;1219
2016-08-07 15:06:01+02;1209
2016-08-07 16:06:01+02;1199
2016-08-07 17:06:01+02;1189
2016-08-07 18:06:01+02;1189
2016-08-07 19:06:01+02;1189
2016-08-07 22:36:01+02;1299
2016-08-08 06:00:01+02;1279
2016-08-08 09:11:01+02;1269
2016-08-08 11:15:01+02;1259
2016-08-08 12:51:01+02;1289
2016-08-08 14:11:01+02;1259
2016-08-08 16:27:01+02;1249
2016-08-08 17:35:01+02;1239
2016-08-08 18:36:01+02;1229
2016-08-08 19:36:01+02;1219
2016-08-08 20:36:01+02;1209
2016-08-08 22:36:01+02;1299
2016-08-09 06:20:01+02;1279
2016-08-09 08:27:01+02;1269
2016-08-09 11:00:01+02;1239
2016-08-09 11:41:01+02;1239
2016-08-09 13:06:01+02;1259
2016-08-09 14:36:01+02;1239
2016-08-09 22:36:01+02;1299
2016-08-10 06:20:01+02;1299
2016-08-10 07:20:01+02;1289
2016-08-10 09:25:01+02;1279
2016-08-10 10:51:02+02;1269
2016-08-10 12:05:01+02;1259
2016-08-10 12:51:01+02;1299
2016-08-10 14:05:01+02;1279
2016-08-10 14:55:01+02;1259
2016-08-10 18:36:01+02;1249
2016-08-10 22:36:01+02;1299
2016-08-11 06:20:01+02;1299
2016-08-11 07:41:01+02;1289
2016-08-11 08:31:01+02;1279
2016-08-11 09:51:01+02;1269
2016-08-11 11:31:01+02;1259
2016-08-11 12:56:01+02;1289
2016-08-11 14:21:01+02;1259
2016-08-11 18:05:01+02;1239
2016-08-11 19:06:01+02;1239
2016-08-11 22:36:01+02;1299
2016-08-12 06:27:01+02;1289
2016-08-12 07:16:01+02;1279
2016-08-12 09:36:01+02;1269
2016-08-12 10:56:02+02;1259
2016-08-12 11:56:01+02;1239
2016-08-12 13:20:01+02;1269
2016-08-12 14:25:01+02;1239
2016-08-12 22:35:01+02;1299
2016-08-13 08:41:01+02;1289
2016-08-13 10:11:01+02;1279
2016-08-13 11:00:01+02;1269
2016-08-13 12:20:01+02;1259
2016-08-13 13:15:01+02;1279
2016-08-13 14:35:01+02;1249
2016-08-13 15:05:01+02;1239
2016-08-13 16:05:01+02;1229
2016-08-13 17:05:01+02;1209
2016-08-13 18:06:01+02;1199
2016-08-13 19:06:01+02;1199
2016-08-13 22:36:01+02;1299
2016-08-14 13:06:01+02;1289
2016-08-14 13:36:01+02;1299
2016-08-14 14:06:01+02;1289
2016-08-14 15:06:01+02;1239
2016-08-14 16:06:01+02;1229
2016-08-14 16:36:01+02;1219
2016-08-14 17:06:01+02;1199
2016-08-14 18:06:01+02;1199
2016-08-14 19:06:01+02;1199
2016-08-14 22:36:01+02;1299
2016-08-15 06:20:01+02;1289
2016-08-15 07:27:01+02;1279
2016-08-15 08:56:01+02;1269
2016-08-15 10:31:01+02;1259
2016-08-15 11:46:02+02;1249
2016-08-15 12:51:01+02;1259
2016-08-15 13:51:01+02;1229
2016-08-15 15:16:01+02;1219
2016-08-15 22:36:01+02;1299
2016-08-16 06:31:01+02;1289
2016-08-16 07:51:01+02;1279
2016-08-16 09:20:01+02;1269
2016-08-16 10:20:01+02;1259
2016-08-16 11:00:01+02;1249
2016-08-16 12:46:02+02;1269
2016-08-16 13:46:01+02;1249
2016-08-16 18:36:01+02;1239
2016-08-16 22:36:01+02;1319
2016-08-17 06:20:01+02;1299
2016-08-17 07:21:01+02;1289
2016-08-17 09:40:01+02;1279
2016-08-17 10:45:01+02;1269
2016-08-17 11:51:01+02;1259
2016-08-17 12:46:01+02;1279
2016-08-17 13:56:01+02;1259
2016-08-17 14:16:01+02;1249
2016-08-17 14:51:01+02;1239
2016-08-17 16:16:01+02;1229
2016-08-17 17:20:01+02;1219
2016-08-17 18:06:01+02;1209
2016-08-17 19:06:01+02;1199
2016-08-17 22:36:01+02;1319
2016-08-18 06:20:01+02;1299
2016-08-18 07:35:01+02;1289
2016-08-18 08:51:01+02;1279
2016-08-18 13:06:01+02;1299
2016-08-18 14:06:01+02;1279
2016-08-18 15:36:01+02;1279
2016-08-18 17:36:01+02;1249
2016-08-18 19:06:01+02;1249
2016-08-18 22:36:01+02;1329
2016-08-19 06:20:01+02;1319
2016-08-19 08:00:02+02;1309
2016-08-19 09:06:01+02;1299
2016-08-19 10:20:01+02;1289
2016-08-19 10:45:01+02;1279
2016-08-19 11:31:01+02;1269
2016-08-19 12:46:01+02;1279
2016-08-19 13:46:01+02;1249
2016-08-19 14:27:01+02;1239
2016-08-19 15:20:01+02;1229
2016-08-19 15:46:01+02;1219
2016-08-19 16:20:01+02;1209
2016-08-19 17:06:01+02;1199
2016-08-19 18:06:01+02;1199
2016-08-19 22:36:01+02;1329
2016-08-20 06:05:01+02;1319
2016-08-20 07:45:01+02;1309
2016-08-20 08:25:01+02;1299
2016-08-20 09:15:01+02;1289
2016-08-20 10:45:02+02;1279
2016-08-20 11:45:01+02;1269
2016-08-20 12:46:01+02;1289
2016-08-20 14:11:01+02;1259
2016-08-20 14:51:01+02;1249
2016-08-20 15:36:01+02;1229
2016-08-20 16:06:01+02;1239
2016-08-20 16:36:01+02;1219
2016-08-20 17:36:01+02;1209
2016-08-20 18:36:02+02;1199
2016-08-20 19:36:01+02;1199
2016-08-20 22:36:01+02;1329
2016-08-21 07:05:01+02;1319
2016-08-21 12:05:01+02;1309
2016-08-21 13:06:01+02;1329
2016-08-21 13:36:01+02;1309
2016-08-21 16:36:01+02;1289
2016-08-21 22:36:01+02;1329
2016-08-22 06:25:01+02;1319
2016-08-22 07:45:01+02;1309
2016-08-22 09:00:01+02;1299
2016-08-22 10:20:01+02;1289
2016-08-22 10:51:01+02;1279
2016-08-22 12:25:01+02;1269
2016-08-22 12:45:01+02;1279
2016-08-22 13:46:01+02;1259
2016-08-22 14:16:01+02;1239
2016-08-22 15:16:01+02;1229
2016-08-22 16:16:01+02;1219
2016-08-22 16:46:01+02;1209
2016-08-22 22:36:01+02;1329
2016-08-23 06:20:01+02;1309
2016-08-23 07:20:01+02;1299
2016-08-23 08:20:01+02;1289
2016-08-23 09:35:01+02;1279
2016-08-23 10:45:01+02;1269
2016-08-23 12:46:01+02;1289
2016-08-23 13:46:01+02;1259
2016-08-23 14:46:01+02;1259
2016-08-23 15:46:01+02;1249
2016-08-23 17:21:01+02;1239
2016-08-23 18:36:01+02;1229
2016-08-23 19:36:01+02;1219
2016-08-23 20:36:01+02;1209
2016-08-23 22:36:01+02;1329
2016-08-24 06:25:01+02;1309
2016-08-24 07:31:01+02;1299
2016-08-24 09:20:01+02;1289
2016-08-24 10:25:01+02;1279
2016-08-24 11:55:01+02;1269
2016-08-24 12:46:01+02;1289
2016-08-24 13:46:01+02;1269
2016-08-24 22:36:01+02;1329
2016-08-25 06:05:01+02;1339
2016-08-25 06:51:01+02;1329
2016-08-25 11:55:01+02;1299
2016-08-25 12:56:02+02;1319
2016-08-25 13:51:01+02;1299
2016-08-25 14:46:01+02;1279
2016-08-25 16:46:01+02;1279
2016-08-25 19:06:01+02;1259
2016-08-25 22:36:01+02;1329
2016-08-26 06:25:01+02;1319
2016-08-26 07:55:01+02;1309
2016-08-26 09:51:01+02;1299
2016-08-26 12:51:01+02;1319
2016-08-26 13:51:01+02;1299
2016-08-26 18:36:01+02;1289
2016-08-26 19:36:01+02;1259
2016-08-26 20:36:01+02;1259
2016-08-26 22:36:01+02;1329
2016-08-27 11:45:01+02;1289
2016-08-27 15:35:01+02;1279
2016-08-27 17:36:01+02;1269
2016-08-27 22:36:01+02;1329
2016-08-28 12:35:01+02;1299
2016-08-28 14:35:01+02;1289
2016-08-28 22:36:01+02;1329
2016-08-29 09:05:01+02;1319
2016-08-29 11:55:01+02;1309
2016-08-29 13:11:02+02;1319
2016-08-29 14:41:01+02;1299
2016-08-29 15:36:01+02;1289
2016-08-29 16:56:01+02;1279
2016-08-29 18:06:01+02;1269
2016-08-29 18:36:01+02;1269
2016-08-29 19:06:01+02;1259
2016-08-29 19:36:01+02;1259
2016-08-29 20:06:01+02;1249
2016-08-29 20:36:01+02;1249
2016-08-29 22:36:01+02;1329
2016-08-30 08:00:01+02;1319
2016-08-30 12:55:01+02;1339
2016-08-30 13:51:01+02;1319
2016-08-30 15:31:01+02;1309
2016-08-30 17:55:01+02;1299
2016-08-31 06:20:01+02;1339
2016-08-31 06:50:01+02;1289
2016-08-31 08:46:01+02;1279
2016-08-31 10:20:01+02;1269
2016-08-31 12:50:01+02;1289
2016-08-31 13:45:02+02;1269
2016-08-31 15:41:01+02;1259
2016-08-31 18:35:01+02;1249
2016-08-31 19:36:01+02;1239
2016-08-31 20:36:01+02;1229
2016-08-31 22:36:01+02;1339
2016-09-01 06:30:01+02;1299
2016-09-01 10:05:02+02;1289
2016-09-01 12:56:01+02;1319
2016-09-01 13:46:02+02;1289
2016-09-01 17:21:01+02;1279
2016-09-01 18:36:01+02;1269
2016-09-01 19:36:01+02;1259
2016-09-01 20:36:01+02;1249
2016-09-01 22:36:01+02;1339
2016-09-02 06:26:01+02;1319
2016-09-02 08:26:01+02;1309
2016-09-02 09:20:01+02;1299
2016-09-02 09:45:01+02;1289
2016-09-02 12:45:01+02;1309
2016-09-02 14:35:01+02;1289
2016-09-02 15:45:01+02;1279
2016-09-02 16:36:01+02;1259
2016-09-02 17:36:01+02;1249
2016-09-02 18:06:01+02;1239
2016-09-02 18:36:01+02;1239
2016-09-02 19:06:01+02;1229
2016-09-02 19:36:01+02;1229
2016-09-02 20:06:01+02;1219
2016-09-02 20:36:01+02;1219
2016-09-03 06:06:01+02;1349
2016-09-03 07:06:01+02;1309
2016-09-03 08:20:01+02;1299
2016-09-03 09:50:01+02;1289
2016-09-03 10:55:01+02;1279
2016-09-03 11:50:01+02;1269
2016-09-03 12:55:01+02;1289
2016-09-03 13:51:01+02;1269
2016-09-03 14:35:01+02;1259
2016-09-03 19:06:01+02;1229
2016-09-03 22:36:01+02;1339
2016-09-04 11:05:01+02;1319
2016-09-04 12:25:01+02;1229
2016-09-04 22:36:01+02;1339
2016-09-05 06:20:01+02;1309
2016-09-05 08:06:01+02;1299
2016-09-05 10:50:01+02;1289
2016-09-05 12:10:01+02;1279
2016-09-05 12:56:01+02;1299
2016-09-05 14:21:01+02;1279
2016-09-05 14:51:01+02;1269
2016-09-05 17:51:02+02;1259
2016-09-06 06:16:01+02;1329
2016-09-06 08:15:01+02;1269
2016-09-06 09:50:01+02;1259
2016-09-06 12:50:01+02;1279
2016-09-06 13:46:01+02;1259
2016-09-06 17:20:01+02;1249
2016-09-06 20:35:01+02;1239
2016-09-06 22:35:01+02;1329
2016-09-07 06:19:31+02;1319
2016-09-07 06:49:31+02;1319
2016-09-07 07:59:31+02;1309
2016-09-07 09:19:31+02;1299
2016-09-07 10:49:31+02;1289
2016-09-07 12:55:31+02;1309
2016-09-07 14:54:31+02;1289
2016-09-07 16:39:31+02;1279
2016-09-07 19:05:31+02;1279
2016-09-07 20:05:32+02;1269
2016-09-07 22:35:31+02;1319
2016-09-08 06:19:31+02;1319
2016-09-08 07:59:31+02;1309
2016-09-08 09:45:31+02;1299
2016-09-08 11:15:31+02;1289
2016-09-08 12:45:31+02;1309
2016-09-08 13:45:31+02;1289
2016-09-08 17:20:31+02;1279
2016-09-08 19:05:31+02;1269
2016-09-08 22:35:31+02;1329
2016-09-09 06:29:31+02;1319
2016-09-09 07:40:31+02;1319
2016-09-09 12:49:31+02;1319
2016-09-09 15:44:31+02;1299
2016-09-09 16:45:31+02;1289
2016-09-09 18:35:31+02;1279
2016-09-09 19:05:31+02;1279
2016-09-09 22:35:31+02;1329
2016-09-10 08:25:31+02;1319
2016-09-10 09:49:31+02;1309
2016-09-10 12:19:31+02;1299
2016-09-10 12:54:31+02;1329
2016-09-10 14:50:31+02;1289
2016-09-10 16:04:31+02;1279
2016-09-10 17:04:31+02;1269
2016-09-10 18:04:31+02;1259
2016-09-10 19:04:31+02;1249
2016-09-10 20:05:31+02;1239
2016-09-10 21:05:31+02;1229
2016-09-10 22:35:31+02;1319
2016-09-11 16:05:31+02;1319
2016-09-11 18:35:31+02;1309
2016-09-11 22:35:31+02;1319
2016-09-12 12:45:31+02;1339
2016-09-12 13:49:31+02;1339
2016-09-12 14:59:31+02;1319
2016-09-12 15:24:31+02;1319
2016-09-12 16:44:31+02;1309
2016-09-12 17:15:31+02;1309
2016-09-12 20:05:31+02;1299
2016-09-12 22:35:31+02;1319
2016-09-13 11:49:31+02;1319
2016-09-13 12:44:31+02;1339
2016-09-13 14:20:31+02;1319
2016-09-13 16:14:31+02;1319
2016-09-13 17:14:31+02;1309
2016-09-13 19:04:31+02;1299
2016-09-13 20:04:31+02;1299
2016-09-13 22:35:31+02;1319
2016-09-14 07:54:31+02;1319
2016-09-14 12:15:31+02;1319
2016-09-14 12:45:31+02;1339
2016-09-14 13:15:31+02;1329
2016-09-14 14:15:31+02;1319
2016-09-14 15:55:31+02;1309
2016-09-14 17:57:32+02;1309
2016-09-14 18:05:31+02;1299
2016-09-14 20:35:31+02;1299
2016-09-14 22:35:31+02;1319
2016-09-15 06:29:31+02;1319
2016-09-15 12:45:31+02;1339
2016-09-15 13:15:31+02;1339
2016-09-15 13:48:31+02;1309
2016-09-15 14:25:31+02;1289
2016-09-15 15:17:31+02;1289
2016-09-15 16:35:31+02;1289
2016-09-15 17:50:31+02;1279
2016-09-15 19:05:31+02;1269
2016-09-15 19:45:31+02;1269
2016-09-15 22:35:31+02;1319
2016-09-16 06:24:31+02;1319
2016-09-16 07:24:31+02;1319
2016-09-16 10:45:31+02;1319
2016-09-16 11:40:31+02;1309
2016-09-16 12:59:31+02;1329
2016-09-16 13:59:31+02;1309
2016-09-16 14:49:31+02;1299
2016-09-16 16:45:31+02;1289
2016-09-16 18:05:31+02;1289
2016-09-16 19:35:31+02;1279
2016-09-16 22:35:32+02;1319
2016-09-17 12:44:31+02;1299
2016-09-17 14:01:31+02;1289
2016-09-17 14:55:31+02;1279
2016-09-17 16:05:31+02;1269
2016-09-17 17:05:31+02;1259
2016-09-17 18:05:31+02;1249
2016-09-17 19:05:31+02;1239
2016-09-17 20:05:31+02;1229
2016-09-17 22:35:31+02;1319
2016-09-18 12:35:31+02;1299
2016-09-18 14:35:31+02;1289
2016-09-18 14:54:31+02;1289
2016-09-18 16:15:31+02;1289
2016-09-18 17:32:31+02;1289
2016-09-18 18:44:31+02;1289
2016-09-18 19:30:31+02;1289
2016-09-18 19:35:31+02;1289
2016-09-18 22:35:31+02;1319
2016-09-19 11:45:31+02;1269
2016-09-19 12:44:31+02;1289
2016-09-19 13:45:31+02;1289
2016-09-19 14:19:31+02;1279
2016-09-19 17:34:31+02;1279
2016-09-19 17:50:31+02;1279
2016-09-19 20:04:31+02;1279
2016-09-19 22:35:31+02;1319
2016-09-20 11:55:31+02;1309
2016-09-20 12:49:31+02;1329
2016-09-20 14:44:31+02;1309
2016-09-20 16:29:31+02;1309
2016-09-20 16:44:31+02;1299
2016-09-20 17:54:31+02;1279
2016-09-20 19:04:31+02;1279
2016-09-20 19:34:31+02;1269
2016-09-20 22:34:31+02;1319
2016-09-21 11:54:31+02;1299
2016-09-21 12:44:31+02;1319
2016-09-21 15:49:31+02;1319
2016-09-21 17:10:31+02;1299
2016-09-21 18:04:31+02;1299
2016-09-21 19:35:31+02;1289
2016-09-21 22:35:31+02;1319
2016-09-22 07:19:31+02;1319
2016-09-22 11:45:31+02;1319
2016-09-22 12:45:31+02;1339
2016-09-22 14:15:31+02;1339
2016-09-22 15:55:31+02;1329
2016-09-22 17:35:31+02;1299
2016-09-22 18:35:31+02;1269
2016-09-22 22:35:31+02;1319
2016-09-23 08:10:31+02;1319
2016-09-23 09:54:31+02;1319
2016-09-23 12:49:31+02;1329
2016-09-23 14:59:31+02;1319
2016-09-23 16:29:31+02;1299
2016-09-23 18:35:31+02;1289
2016-09-23 20:35:31+02;1269
2016-09-23 22:35:31+02;1319
2016-09-24 12:20:31+02;1309
2016-09-24 12:50:31+02;1329
2016-09-24 13:35:31+02;1309
2016-09-24 14:35:32+02;1299
2016-09-24 15:35:31+02;1289
2016-09-24 19:35:31+02;1269
2016-09-24 22:35:31+02;1319
2016-09-25 09:04:31+02;1269
2016-09-25 22:35:31+02;1319
2016-09-26 07:50:31+02;1319
2016-09-26 11:55:31+02;1299
2016-09-26 13:00:31+02;1319
2016-09-26 13:45:31+02;1299
2016-09-26 17:45:31+02;1299
2016-09-26 19:05:31+02;1299
2016-09-26 19:34:31+02;1289
2016-09-26 22:34:31+02;1329
2016-09-27 11:49:31+02;1319
2016-09-27 12:49:31+02;1339
2016-09-27 13:49:31+02;1329
2016-09-27 14:45:31+02;1319
2016-09-27 16:00:31+02;1319
2016-09-27 16:45:31+02;1289
2016-09-27 20:35:31+02;1279
2016-09-27 22:35:31+02;1329
2016-09-28 12:45:31+02;1329
2016-09-28 15:50:31+02;1309
2016-09-28 17:35:32+02;1299
2016-09-28 19:05:31+02;1299
2016-09-28 20:09:31+02;1289
2016-09-28 22:35:31+02;1329
2016-09-29 11:55:31+02;1309
2016-09-29 12:50:31+02;1319
2016-09-29 14:00:31+02;1309
2016-09-29 15:45:31+02;1299
2016-09-29 18:35:31+02;1289
2016-09-29 22:35:31+02;1329
2016-09-30 06:19:31+02;1279
2016-09-30 12:49:31+02;1289
2016-09-30 13:45:31+02;1269
2016-09-30 22:35:31+02;1329
2016-10-01 11:49:31+02;1309
2016-10-01 12:49:31+02;1329
2016-10-01 15:05:31+02;1309
2016-10-01 15:59:31+02;1299
2016-10-01 20:35:31+02;1289
2016-10-01 22:35:31+02;1329
2016-10-02 13:04:31+02;1319
2016-10-02 13:35:31+02;1329
2016-10-02 14:05:31+02;1319
2016-10-02 18:05:31+02;1309
2016-10-02 22:35:31+02;1329
2016-10-03 07:35:31+02;1299
2016-10-03 22:35:31+02;1329
2016-10-04 11:45:31+02;1299
2016-10-04 12:45:31+02;1319
2016-10-04 15:45:31+02;1299
2016-10-04 16:25:31+02;1299
2016-10-04 19:35:31+02;1289
2016-10-04 22:35:31+02;1329
2016-10-05 12:45:31+02;1349
2016-10-05 14:44:31+02;1329
2016-10-05 16:45:31+02;1299
2016-10-05 18:05:31+02;1289
2016-10-05 19:05:31+02;1279
2016-10-05 20:05:31+02;1269
2016-10-05 21:05:31+02;1259
2016-10-05 22:35:31+02;1329
2016-10-06 07:29:31+02;1299
2016-10-06 11:44:31+02;1269
2016-10-06 12:44:31+02;1289
2016-10-06 22:35:31+02;1329
2016-10-07 12:45:31+02;1349
2016-10-07 13:15:32+02;1319
2016-10-07 14:15:31+02;1299
2016-10-07 21:05:31+02;1289
2016-10-07 22:35:31+02;1329
2016-10-08 12:45:31+02;1349
2016-10-08 14:55:31+02;1319
2016-10-08 16:05:31+02;1299
2016-10-08 20:35:31+02;1279
2016-10-08 22:35:31+02;1329
2016-10-09 08:35:31+02;1279
2016-10-09 15:34:31+02;1269
2016-10-09 18:34:31+02;1259
2016-10-09 22:35:31+02;1329
2016-10-10 11:15:31+02;1319
2016-10-10 11:49:31+02;1299
2016-10-10 12:49:31+02;1319
2016-10-10 13:15:31+02;1299
2016-10-10 22:35:31+02;1339
2016-10-11 12:44:31+02;1359
2016-10-11 13:49:31+02;1349
2016-10-11 15:10:32+02;1339
2016-10-11 17:34:31+02;1329
2016-10-11 19:05:31+02;1329
2016-10-11 22:35:31+02;1339
2016-10-12 07:29:31+02;1319
2016-10-12 10:45:31+02;1319
2016-10-12 12:49:31+02;1339
2016-10-12 13:44:31+02;1329
2016-10-12 18:04:31+02;1329
2016-10-12 19:04:31+02;1319
2016-10-12 20:34:31+02;1299
2016-10-12 22:35:31+02;1359
2016-10-13 12:00:31+02;1339
2016-10-13 12:45:31+02;1359
2016-10-13 14:15:31+02;1349
2016-10-13 15:45:31+02;1339
2016-10-13 18:05:31+02;1339
2016-10-13 18:35:31+02;1329
2016-10-13 20:06:31+02;1319
2016-10-13 22:35:32+02;1359
2016-10-14 07:25:31+02;1319
2016-10-14 10:49:31+02;1299
2016-10-14 12:44:31+02;1319
2016-10-14 13:44:31+02;1319
2016-10-14 14:49:32+02;1299
2016-10-14 15:59:31+02;1299
2016-10-14 19:34:31+02;1299
2016-10-14 22:34:31+02;1359
2016-10-15 15:50:07+02;1349
2016-10-15 19:06:31+02;1319
2016-10-15 22:38:31+02;1359
2016-10-16 13:05:31+02;1359
2016-10-16 15:05:31+02;1309
2016-10-16 18:35:31+02;1309
2016-10-16 22:35:31+02;1359
2016-10-17 09:29:31+02;1309
2016-10-17 12:55:31+02;1329
2016-10-17 13:59:31+02;1309
2016-10-17 15:45:31+02;1309
2016-10-17 18:05:31+02;1299
2016-10-17 19:05:31+02;1299
2016-10-17 20:35:31+02;1279
2016-10-17 22:35:31+02;1359
2016-10-18 06:19:31+02;1349
2016-10-18 07:24:31+02;1299
2016-10-18 09:19:31+02;1289
2016-10-18 12:45:31+02;1319
2016-10-18 13:45:31+02;1289
2016-10-18 22:35:31+02;1359
2016-10-19 06:19:31+02;1349
2016-10-19 13:05:31+02;1369
2016-10-19 13:49:31+02;1349
2016-10-19 14:15:31+02;1339
2016-10-19 22:35:31+02;1359
2016-10-20 06:34:31+02;1329
2016-10-20 12:49:31+02;1359
2016-10-20 13:49:31+02;1349
2016-10-20 15:25:32+02;1329
2016-10-20 17:30:31+02;1319
2016-10-20 20:35:31+02;1309
2016-10-20 22:35:31+02;1359
2016-10-21 12:45:31+02;1379
2016-10-21 14:49:31+02;1359
2016-10-21 17:05:31+02;1349
2016-10-21 17:35:31+02;1329
2016-10-21 18:35:31+02;1319
2016-10-21 19:35:31+02;1309
2016-10-21 20:35:31+02;1299
2016-10-21 22:35:31+02;1359
2016-10-22 06:35:31+02;1309
2016-10-22 12:20:31+02;1309
2016-10-22 12:50:31+02;1339
2016-10-22 13:50:31+02;1309
2016-10-22 19:05:31+02;1309
2016-10-22 22:35:31+02;1359
2016-10-23 12:35:31+02;1349
2016-10-23 16:05:31+02;1309
2016-10-23 22:35:31+02;1359
2016-10-24 15:00:31+02;1349
2016-10-24 17:15:31+02;1339
2016-10-24 20:35:31+02;1329
2016-10-24 22:35:31+02;1359
2016-10-25 10:50:31+02;1349
2016-10-25 12:55:31+02;1369
2016-10-25 13:50:31+02;1349
2016-10-25 14:15:31+02;1339
2016-10-25 17:35:31+02;1329
2016-10-25 18:35:31+02;1319
2016-10-25 19:35:31+02;1309
2016-10-25 20:35:31+02;1299
2016-10-25 22:35:31+02;1359
2016-10-26 08:14:31+02;1299
2016-10-26 12:45:31+02;1319
2016-10-26 15:20:31+02;1299
2016-10-26 17:35:31+02;1289
2016-10-26 22:34:31+02;1359
2016-10-27 07:54:31+02;1289
2016-10-27 12:45:31+02;1309
2016-10-27 15:45:31+02;1289
2016-10-27 20:35:31+02;1289
2016-10-27 22:35:31+02;1359
2016-10-28 11:49:31+02;1349
2016-10-28 13:55:31+02;1299
2016-10-28 16:50:31+02;1279
2016-10-28 19:05:31+02;1279
2016-10-28 20:35:31+02;1269
2016-10-28 22:35:31+02;1359
2016-10-29 08:19:31+02;1299
2016-10-29 09:45:31+02;1289
2016-10-29 11:45:31+02;1289
2016-10-29 12:45:31+02;1309
2016-10-29 15:35:31+02;1299
2016-10-29 17:35:31+02;1289
2016-10-29 22:35:31+02;1359
2016-10-30 12:05:31+01;1349
2016-10-30 13:05:31+01;1339
2016-10-30 13:35:31+01;1349
2016-10-30 14:05:31+01;1339
2016-10-30 16:05:31+01;1309
2016-10-30 22:35:31+01;1359
2016-10-31 12:50:31+01;1339
2016-10-31 14:49:31+01;1329
2016-10-31 16:15:31+01;1319
2016-10-31 19:05:31+01;1309
2016-10-31 22:35:31+01;1359
2016-11-01 09:50:31+01;1349
2016-11-01 12:50:31+01;1369
2016-11-01 14:00:31+01;1349
2016-11-01 14:19:32+01;1329
2016-11-01 16:45:31+01;1319
2016-11-01 18:05:31+01;1309
2016-11-01 19:05:31+01;1299
2016-11-01 20:35:31+01;1289
2016-11-01 22:35:31+01;1359
2016-11-02 11:54:31+01;1339
2016-11-02 12:45:31+01;1349
2016-11-02 16:15:31+01;1319
2016-11-02 17:45:31+01;1289
2016-11-02 18:35:31+01;1279
2016-11-02 19:05:31+01;1279
2016-11-02 19:35:32+01;1269
2016-11-02 20:35:31+01;1259
2016-11-02 22:35:31+01;1359
2016-11-03 06:29:31+01;1349
2016-11-03 11:45:32+01;1349
2016-11-03 12:45:31+01;1369
2016-11-03 14:25:31+01;1359
2016-11-03 14:49:31+01;1329
2016-11-03 15:15:31+01;1319
2016-11-03 15:49:31+01;1309
2016-11-03 16:15:31+01;1299
2016-11-03 17:09:31+01;1289
2016-11-03 17:49:31+01;1279
2016-11-03 18:35:31+01;1269
2016-11-03 22:36:31+01;1359
2016-11-04 06:25:31+01;1349
2016-11-04 11:35:31+01;1299
2016-11-04 12:49:31+01;1309
2016-11-04 14:19:31+01;1299
2016-11-04 16:45:31+01;1269
2016-11-04 22:34:31+01;1359
2016-11-05 06:05:31+01;1349
2016-11-05 11:55:31+01;1309
2016-11-05 12:55:31+01;1329
2016-11-05 13:59:31+01;1309
2016-11-05 14:34:31+01;1309
2016-11-05 15:04:31+01;1299
2016-11-05 17:04:31+01;1289
2016-11-05 22:35:31+01;1359
2016-11-06 07:05:31+01;1349
2016-11-06 14:04:31+01;1319
2016-11-06 14:34:31+01;1299
2016-11-06 15:34:31+01;1299
2016-11-06 17:34:31+01;1289
2016-11-06 22:35:31+01;1359
2016-11-07 06:19:31+01;1349
2016-11-07 07:15:31+01;1289
2016-11-07 12:59:31+01;1309
2016-11-07 13:49:31+01;1289
2016-11-07 17:34:31+01;1239
2016-11-07 18:34:31+01;1229
2016-11-07 22:35:32+01;1359
2016-11-08 06:19:31+01;1319
2016-11-08 12:05:31+01;1319
2016-11-08 12:49:31+01;1339
2016-11-08 15:44:31+01;1329
2016-11-08 17:14:31+01;1289
2016-11-08 17:45:31+01;1279
2016-11-08 18:34:31+01;1269
2016-11-08 19:34:31+01;1259
2016-11-08 20:34:31+01;1249
2016-11-08 22:34:31+01;1359
2016-11-09 06:15:31+01;1339
2016-11-09 11:49:31+01;1299
2016-11-09 12:45:31+01;1319
2016-11-09 14:49:31+01;1299
2016-11-09 16:45:31+01;1259
2016-11-09 19:05:31+01;1249
2016-11-09 22:35:31+01;1359
2016-11-10 06:15:31+01;1339
2016-11-10 12:09:31+01;1289
2016-11-10 12:44:31+01;1309
2016-11-10 15:29:31+01;1299
2016-11-10 16:24:31+01;1289
2016-11-10 17:19:31+01;1279
2016-11-10 17:40:31+01;1279
2016-11-10 19:04:31+01;1269
2016-11-10 20:04:31+01;1269
2016-11-10 22:34:31+01;1359
2016-11-11 06:14:31+01;1329
2016-11-11 11:44:31+01;1299
2016-11-11 12:49:31+01;1319
2016-11-11 13:44:31+01;1299
2016-11-11 14:14:31+01;1299
2016-11-11 16:19:31+01;1289
2016-11-11 17:05:31+01;1269
2016-11-11 17:59:31+01;1259
2016-11-11 19:05:31+01;1249
2016-11-11 19:35:31+01;1239
2016-11-11 20:35:31+01;1229
2016-11-11 22:35:31+01;1359
2016-11-12 06:05:32+01;1319
2016-11-12 12:49:31+01;1339
2016-11-12 14:49:31+01;1319
2016-11-12 15:34:31+01;1289
2016-11-12 18:34:31+01;1269
2016-11-12 22:35:31+01;1359
2016-11-13 07:05:31+01;1339
2016-11-13 12:05:31+01;1289
2016-11-13 13:05:31+01;1279
2016-11-13 13:35:31+01;1289
2016-11-13 14:04:31+01;1279
2016-11-13 19:05:32+01;1259
2016-11-13 22:35:31+01;1359
2016-11-14 05:59:31+01;1339
2016-11-14 08:29:31+01;1329
2016-11-14 10:49:31+01;1319
2016-11-14 12:09:31+01;1279
2016-11-14 12:54:32+01;1309
2016-11-14 13:49:31+01;1279
2016-11-14 17:04:31+01;1279
2016-11-14 17:54:31+01;1279
2016-11-14 19:05:31+01;1269
2016-11-14 22:35:31+01;1359
2016-11-15 05:49:31+01;1329
2016-11-15 11:49:31+01;1309
2016-11-15 12:49:31+01;1299
2016-11-15 14:10:31+01;1299
2016-11-15 15:04:31+01;1289
2016-11-15 16:04:31+01;1279
2016-11-15 17:24:31+01;1269
2016-11-15 18:04:31+01;1279
2016-11-15 18:34:31+01;1269
2016-11-15 20:04:31+01;1259
2016-11-15 22:35:31+01;1359
2016-11-16 06:30:31+01;1329
2016-11-16 11:49:32+01;1289
2016-11-16 12:49:31+01;1299
2016-11-16 16:19:31+01;1289
2016-11-16 16:45:31+01;1269
2016-11-16 17:34:31+01;1259
2016-11-16 18:35:31+01;1249
2016-11-16 19:34:31+01;1239
2016-11-16 20:34:31+01;1229
2016-11-16 22:34:31+01;1329
2016-11-17 06:14:31+01;1319
2016-11-17 11:44:31+01;1289
2016-11-17 12:44:31+01;1299
2016-11-17 15:19:31+01;1299
2016-11-17 16:24:31+01;1259
2016-11-17 18:05:31+01;1249
2016-11-17 19:05:31+01;1239
2016-11-17 20:05:31+01;1229
2016-11-17 21:05:31+01;1219
2016-11-18 05:29:31+01;1359
2016-11-18 06:15:31+01;1319
2016-11-18 11:44:31+01;1259
2016-11-18 12:49:31+01;1279
2016-11-18 14:19:31+01;1279
2016-11-18 14:50:31+01;1269
2016-11-18 17:15:31+01;1249
2016-11-18 22:35:31+01;1329
2016-11-19 11:49:31+01;1299
2016-11-19 12:44:31+01;1319
2016-11-19 13:49:31+01;1289
2016-11-19 14:44:31+01;1279
2016-11-19 15:34:31+01;1269
2016-11-19 16:34:31+01;1259
2016-11-19 17:34:31+01;1249
2016-11-19 18:35:31+01;1239
2016-11-19 19:05:31+01;1229
2016-11-19 20:05:32+01;1219
2016-11-19 22:35:31+01;1329
2016-11-20 10:54:31+01;1279
2016-11-20 12:04:31+01;1269
2016-11-20 13:04:31+01;1259
2016-11-20 14:04:31+01;1249
2016-11-20 15:04:31+01;1239
2016-11-20 16:04:31+01;1229
2016-11-20 17:05:31+01;1219
2016-11-20 22:35:31+01;1329
2016-11-21 06:15:31+01;1309
2016-11-21 11:45:31+01;1289
2016-11-21 12:45:31+01;1299
2016-11-21 14:25:31+01;1289
2016-11-21 15:19:31+01;1279
2016-11-21 16:15:31+01;1249
2016-11-21 16:45:31+01;1239
2016-11-21 17:20:32+01;1229
2016-11-21 22:35:32+01;1329
2016-11-22 06:15:31+01;1319
2016-11-22 11:44:31+01;1309
2016-11-22 12:45:31+01;1329
2016-11-22 13:49:31+01;1329
2016-11-22 15:15:31+01;1299
2016-11-22 17:20:31+01;1279
2016-11-22 17:45:31+01;1269
2016-11-22 18:35:31+01;1259
2016-11-22 19:35:31+01;1249
2016-11-22 20:35:31+01;1239
2016-11-22 22:35:31+01;1329
2016-11-23 12:45:31+01;1349
2016-11-23 13:45:31+01;1329
2016-11-23 14:15:31+01;1329
2016-11-23 16:15:31+01;1299
2016-11-23 17:15:32+01;1289
2016-11-23 19:35:31+01;1279
2016-11-23 22:35:31+01;1329
2016-11-24 11:45:31+01;1279
2016-11-24 12:49:31+01;1299
2016-11-24 13:44:31+01;1289
2016-11-24 15:14:31+01;1289
2016-11-24 16:15:31+01;1279
2016-11-24 16:49:31+01;1269
2016-11-24 17:20:31+01;1259
2016-11-24 17:44:31+01;1249
2016-11-24 18:34:32+01;1239
2016-11-24 19:34:31+01;1229
2016-11-24 20:34:31+01;1219
2016-11-24 22:35:31+01;1329
2016-11-25 12:49:31+01;1349
2016-11-25 14:55:31+01;1339
2016-11-25 15:25:31+01;1319
2016-11-25 16:35:31+01;1309
2016-11-25 17:35:31+01;1299
2016-11-25 18:05:32+01;1269
2016-11-25 19:05:31+01;1259
2016-11-25 20:05:31+01;1249
2016-11-25 22:35:31+01;1329
2016-11-26 11:45:31+01;1309
2016-11-26 12:45:31+01;1329
2016-11-26 14:45:31+01;1299
2016-11-26 20:05:31+01;1269
2016-11-26 22:35:31+01;1329
2016-11-27 11:55:31+01;1269
2016-11-27 22:35:31+01;1329
2016-11-28 12:49:31+01;1349
2016-11-28 15:15:32+01;1339
2016-11-28 16:50:31+01;1319
2016-11-28 19:05:31+01;1319
2016-11-28 19:35:31+01;1309
2016-11-28 22:35:31+01;1329
2016-11-29 11:59:31+01;1299
2016-11-29 12:49:31+01;1319
2016-11-29 13:45:31+01;1309
2016-11-29 14:49:31+01;1299
2016-11-29 17:45:31+01;1279
2016-11-29 20:05:31+01;1269
2016-11-29 22:35:31+01;1329
2016-11-30 10:59:32+01;1319
2016-11-30 12:45:31+01;1339
2016-11-30 14:14:31+01;1329
2016-11-30 14:59:31+01;1319
2016-11-30 16:14:31+01;1309
2016-11-30 17:14:31+01;1299
2016-11-30 17:44:31+01;1289
2016-11-30 18:34:31+01;1279
2016-11-30 19:34:31+01;1269
2016-11-30 20:34:31+01;1259
2016-11-30 22:34:31+01;1329
2016-12-01 07:49:31+01;1319
2016-12-01 11:49:31+01;1279
2016-12-01 12:44:31+01;1299
2016-12-01 13:44:31+01;1299
2016-12-01 14:24:31+01;1289
2016-12-01 15:25:31+01;1279
2016-12-01 16:25:31+01;1269
2016-12-01 22:35:31+01;1329
2016-12-02 12:45:31+01;1349
2016-12-02 13:44:31+01;1339
2016-12-02 14:19:31+01;1329
2016-12-02 14:45:31+01;1319
2016-12-02 15:49:31+01;1309
2016-12-02 16:15:31+01;1299
2016-12-02 17:15:31+01;1289
2016-12-02 17:45:31+01;1279
2016-12-02 18:35:31+01;1269
2016-12-02 19:35:31+01;1259
2016-12-02 20:35:31+01;1249
2016-12-02 22:35:31+01;1349
2016-12-03 08:25:31+01;1339
2016-12-03 09:45:31+01;1339
2016-12-03 10:15:31+01;1329
2016-12-03 12:45:31+01;1309
2016-12-03 13:44:31+01;1309
2016-12-03 15:04:31+01;1299
2016-12-03 22:34:31+01;1349
2016-12-04 15:04:31+01;1329
2016-12-04 20:05:31+01;1319
2016-12-04 22:35:31+01;1349
2016-12-05 07:19:31+01;1339
2016-12-05 12:54:31+01;1359
2016-12-05 13:29:31+01;1339
2016-12-05 14:19:31+01;1329
2016-12-05 14:49:31+01;1319
2016-12-05 15:14:31+01;1309
2016-12-05 15:44:31+01;1299
2016-12-05 16:14:31+01;1289
2016-12-05 22:35:31+01;1359
2016-12-06 06:29:31+01;1299
2016-12-06 12:45:31+01;1319
2016-12-06 15:44:31+01;1309
2016-12-06 16:14:31+01;1299
2016-12-06 16:44:31+01;1289
2016-12-06 17:14:31+01;1279
2016-12-06 18:04:31+01;1269
2016-12-06 19:04:31+01;1259
2016-12-06 20:04:31+01;1249
2016-12-06 22:34:31+01;1359
2016-12-07 08:29:31+01;1349
2016-12-07 11:55:31+01;1349
2016-12-07 12:45:31+01;1369
2016-12-07 14:59:31+01;1349
2016-12-07 16:19:31+01;1339
2016-12-07 17:15:31+01;1319
2016-12-07 18:05:31+01;1309
2016-12-07 18:35:31+01;1299
2016-12-07 19:05:31+01;1289
2016-12-07 20:05:31+01;1279
2016-12-07 22:35:31+01;1369
2016-12-08 09:35:31+01;1359
2016-12-08 11:15:31+01;1359
2016-12-08 12:44:31+01;1379
2016-12-08 13:49:31+01;1359
2016-12-08 14:49:31+01;1359
2016-12-08 16:24:31+01;1349
2016-12-08 16:44:31+01;1339
2016-12-08 17:44:31+01;1329
2016-12-08 18:34:31+01;1319
2016-12-08 19:34:31+01;1309
2016-12-08 20:34:31+01;1299
2016-12-08 22:34:31+01;1379
2016-12-09 07:14:31+01;1369
2016-12-09 11:59:31+01;1359
2016-12-09 12:44:31+01;1379
2016-12-09 13:44:31+01;1379
2016-12-09 14:49:31+01;1349
2016-12-09 15:45:31+01;1339
2016-12-09 16:15:31+01;1329
2016-12-09 16:45:31+01;1319
2016-12-09 17:19:31+01;1309
2016-12-09 22:35:31+01;1379
2016-12-10 06:05:31+01;1379
2016-12-10 11:04:31+01;1369
2016-12-10 12:00:31+01;1359
2016-12-10 12:45:31+01;1389
2016-12-10 14:30:31+01;1369
2016-12-10 15:05:31+01;1339
2016-12-10 16:35:31+01;1319
2016-12-10 22:35:31+01;1379
2016-12-12 11:45:31+01;1349
2016-12-12 12:50:31+01;1369
2016-12-12 14:50:31+01;1359
2016-12-12 15:15:31+01;1349
2016-12-12 17:45:32+01;1349
2016-12-12 20:05:31+01;1329
2016-12-12 22:35:31+01;1379
2016-12-13 07:49:31+01;1369
2016-12-13 10:19:32+01;1359
2016-12-13 12:45:31+01;1379
2016-12-13 13:50:31+01;1369
2016-12-13 14:45:32+01;1369
2016-12-13 16:20:31+01;1359
2016-12-13 17:45:31+01;1349
2016-12-13 18:35:31+01;1329
2016-12-13 19:05:31+01;1319
2016-12-13 20:05:31+01;1309
2016-12-13 22:35:31+01;1389
2016-12-14 12:45:31+01;1349
2016-12-14 13:50:31+01;1349
2016-12-14 14:05:31+01;1339
2016-12-14 15:05:31+01;1329
2016-12-14 15:45:31+01;1319
2016-12-14 16:35:31+01;1309
2016-12-14 17:15:31+01;1259
2016-12-14 17:45:31+01;1259
2016-12-14 18:35:31+01;1259
2016-12-14 19:35:32+01;1259
2016-12-14 20:35:31+01;1259
2016-12-14 22:35:31+01;1399
2016-12-15 06:34:31+01;1349
2016-12-15 11:45:31+01;1339
2016-12-15 12:45:31+01;1349
2016-12-15 13:49:31+01;1329
2016-12-15 14:50:31+01;1319
2016-12-15 17:15:31+01;1319
2016-12-15 17:45:31+01;1299
2016-12-15 20:35:31+01;1299
2016-12-15 22:35:31+01;1399
2016-12-16 06:19:31+01;1389
2016-12-16 12:45:31+01;1409
2016-12-16 13:45:31+01;1379
2016-12-16 14:45:31+01;1359
2016-12-16 17:45:31+01;1339
2016-12-16 19:35:31+01;1319
2016-12-16 22:35:31+01;1399
2016-12-17 06:04:31+01;1389
2016-12-17 09:19:31+01;1379
2016-12-17 12:35:32+01;1369
2016-12-17 14:30:31+01;1359
2016-12-17 16:05:31+01;1349
2016-12-17 19:35:31+01;1339
2016-12-17 22:35:31+01;1399
2016-12-18 12:35:31+01;1389
2016-12-18 13:05:31+01;1349
2016-12-18 14:19:31+01;1349
2016-12-18 15:05:31+01;1339
2016-12-18 22:35:31+01;1399
2016-12-19 10:55:31+01;1389
2016-12-19 11:55:31+01;1359
2016-12-19 12:45:31+01;1379
2016-12-19 13:45:31+01;1379
2016-12-19 15:20:31+01;1369
2016-12-19 15:50:31+01;1349
2016-12-19 16:15:31+01;1339
2016-12-19 16:45:31+01;1329
2016-12-19 20:05:31+01;1319
2016-12-19 22:35:31+01;1399
2016-12-20 07:44:31+01;1379
2016-12-20 08:59:31+01;1339
2016-12-20 10:14:31+01;1339
2016-12-20 12:55:32+01;1359
2016-12-20 14:00:31+01;1339
2016-12-20 16:45:31+01;1329
2016-12-20 20:05:31+01;1329
2016-12-20 22:35:31+01;1399
2016-12-21 11:50:31+01;1369
2016-12-21 12:50:31+01;1379
2016-12-21 17:00:31+01;1349
2016-12-21 18:35:31+01;1339
2016-12-21 20:05:31+01;1329
2016-12-21 22:35:31+01;1399
2016-12-22 12:04:31+01;1339
2016-12-22 12:49:31+01;1359
2016-12-22 14:19:31+01;1349
2016-12-22 14:50:31+01;1349
2016-12-22 15:50:31+01;1339
2016-12-22 17:35:32+01;1329
2016-12-22 20:05:31+01;1309
2016-12-22 22:35:31+01;1399
2016-12-23 11:49:31+01;1369
2016-12-23 12:35:31+01;1349
2016-12-23 13:10:31+01;1369
2016-12-23 15:04:31+01;1349
2016-12-23 16:10:31+01;1339
2016-12-23 18:04:31+01;1319
2016-12-23 22:34:31+01;1399
2016-12-24 11:55:31+01;1359
2016-12-24 12:45:31+01;1379
2016-12-24 15:05:31+01;1339
2016-12-24 19:05:31+01;1329
2016-12-24 22:35:31+01;1399
2016-12-25 10:35:32+01;1389
2016-12-25 13:05:31+01;1409
2016-12-25 13:35:31+01;1389
2016-12-25 15:05:31+01;1379
2016-12-25 22:35:31+01;1399
2016-12-26 10:35:31+01;1389
2016-12-26 11:05:31+01;1399
2016-12-26 11:35:32+01;1389
2016-12-26 14:35:31+01;1379
2016-12-26 15:05:31+01;1369
2016-12-26 18:05:31+01;1329
2016-12-26 22:35:31+01;1399
2016-12-27 08:49:31+01;1389
2016-12-27 11:45:31+01;1389
2016-12-27 12:45:31+01;1399
2016-12-27 13:50:31+01;1389
2016-12-27 15:40:31+01;1379
2016-12-27 16:45:31+01;1359
2016-12-27 17:45:31+01;1319
2016-12-27 20:05:31+01;1309
2016-12-27 22:35:31+01;1399
2016-12-28 12:00:31+01;1389
2016-12-28 12:50:31+01;1399
2016-12-28 13:55:31+01;1379
2016-12-28 15:25:31+01;1369
2016-12-28 16:45:31+01;1329
2016-12-28 17:45:31+01;1319
2016-12-28 18:35:31+01;1309
2016-12-28 22:35:31+01;1399
2016-12-29 11:49:31+01;1349
2016-12-29 12:44:31+01;1369
2016-12-29 13:49:31+01;1359
2016-12-29 14:44:31+01;1349
2016-12-29 16:54:31+01;1329
2016-12-29 17:34:31+01;1319
2016-12-29 22:34:31+01;1399
2016-12-30 11:44:31+01;1369
2016-12-30 12:49:31+01;1389
2016-12-30 14:49:31+01;1379
2016-12-30 15:34:31+01;1359
2016-12-30 18:35:31+01;1349
2016-12-30 20:05:31+01;1339
2016-12-30 22:35:31+01;1399
2016-12-31 11:10:31+01;1389
2016-12-31 11:59:31+01;1379
2016-12-31 12:54:31+01;1389
2016-12-31 13:49:31+01;1379
2016-12-31 15:30:31+01;1369
2016-12-31 16:35:31+01;1359
2016-12-31 17:35:32+01;1349
2016-12-31 18:35:31+01;1339
2016-12-31 19:35:31+01;1329
2016-12-31 20:35:31+01;1319
2016-12-31 22:35:32+01;1399
2017-01-01 13:04:31+01;1419
2017-01-01 13:34:31+01;1399
2017-01-02 12:59:31+01;1409
2017-01-02 13:54:31+01;1389
2017-01-02 14:49:31+01;1369
2017-01-02 22:35:31+01;1399
2017-01-03 10:29:31+01;1389
2017-01-03 11:59:31+01;1379
2017-01-03 12:44:31+01;1399
2017-01-03 13:49:31+01;1399
2017-01-03 15:34:31+01;1379
2017-01-03 16:49:31+01;1369
2017-01-03 19:05:31+01;1329
2017-01-03 20:35:31+01;1319
2017-01-03 22:35:31+01;1399
2017-01-04 11:49:31+01;1389
2017-01-04 12:49:32+01;1399
2017-01-04 14:49:31+01;1389
2017-01-04 16:24:31+01;1359
2017-01-04 17:19:31+01;1349
2017-01-04 18:04:31+01;1339
2017-01-04 19:04:31+01;1329
2017-01-04 20:04:31+01;1319
2017-01-04 22:34:31+01;1399
2017-01-05 08:19:31+01;1389
2017-01-05 12:49:31+01;1409
2017-01-05 14:54:31+01;1389
2017-01-05 16:09:31+01;1379
2017-01-05 17:19:31+01;1359
2017-01-05 19:35:31+01;1339
2017-01-05 22:35:31+01;1399
2017-01-06 12:04:31+01;1389
2017-01-06 12:54:31+01;1409
2017-01-06 13:54:31+01;1389
2017-01-06 15:54:31+01;1389
2017-01-06 16:14:31+01;1369
2017-01-06 18:35:31+01;1359
2017-01-06 19:35:31+01;1349
2017-01-06 22:35:31+01;1399
2017-01-07 09:49:31+01;1389
2017-01-07 10:25:31+01;1379
2017-01-07 11:15:31+01;1369
2017-01-07 11:45:31+01;1359
2017-01-07 13:45:31+01;1349
2017-01-07 14:24:31+01;1339
2017-01-07 15:34:31+01;1329
2017-01-07 16:35:31+01;1319
2017-01-07 17:35:31+01;1309
2017-01-07 18:35:31+01;1299
2017-01-07 22:35:31+01;1399
2017-01-08 10:05:31+01;1389
2017-01-08 11:05:31+01;1379
2017-01-08 14:04:31+01;1369
2017-01-08 15:04:31+01;1359
2017-01-08 16:05:31+01;1349
2017-01-08 22:35:31+01;1399
2017-01-09 13:14:31+01;1419
2017-01-09 14:14:31+01;1399
2017-01-09 17:35:32+01;1379
2017-01-09 18:05:31+01;1289
2017-01-09 18:35:31+01;1289
2017-01-09 20:05:31+01;1289
2017-01-09 22:35:31+01;1399
2017-01-10 12:55:31+01;1389
2017-01-10 14:54:31+01;1379
2017-01-10 18:04:31+01;1369
2017-01-10 19:04:31+01;1359
2017-01-10 19:34:31+01;1339
2017-01-10 22:34:31+01;1419
2017-01-11 07:54:31+01;1419
2017-01-11 11:40:31+01;1399
2017-01-11 12:49:32+01;1389
2017-01-11 14:54:31+01;1369
2017-01-11 16:44:31+01;1289
2017-01-11 20:04:31+01;1289
2017-01-11 22:34:31+01;1439
2017-01-12 06:24:31+01;1389
2017-01-12 09:44:31+01;1379
2017-01-12 11:44:31+01;1379
2017-01-12 12:45:31+01;1399
2017-01-12 14:59:31+01;1389
2017-01-12 15:45:31+01;1379
2017-01-12 16:15:31+01;1369
2017-01-12 16:49:31+01;1339
2017-01-12 19:05:31+01;1329
2017-01-12 20:05:31+01;1319
2017-01-12 22:35:31+01;1439
2017-01-13 06:34:31+01;1409
2017-01-13 08:10:31+01;1399
2017-01-13 11:45:31+01;1389
2017-01-13 12:50:31+01;1399
2017-01-13 14:06:31+01;1389
2017-01-13 14:55:31+01;1369
2017-01-13 16:20:31+01;1359
2017-01-13 17:35:31+01;1349
2017-01-13 18:05:31+01;1329
2017-01-13 19:05:31+01;1319
2017-01-13 20:05:31+01;1309
2017-01-13 22:35:31+01;1409
2017-01-14 09:55:31+01;1359
2017-01-14 10:14:31+01;1379
2017-01-14 10:55:31+01;1359
2017-01-14 11:45:31+01;1349
2017-01-14 12:45:31+01;1369
2017-01-14 14:45:31+01;1349
2017-01-14 19:05:32+01;1349
2017-01-14 20:05:31+01;1339
2017-01-14 22:35:31+01;1409
2017-01-15 10:04:31+01;1399
2017-01-15 11:04:31+01;1389
2017-01-15 11:34:31+01;1379
2017-01-15 12:05:31+01;1389
2017-01-15 12:35:31+01;1379
2017-01-15 13:05:31+01;1359
2017-01-15 13:35:31+01;1379
2017-01-15 14:05:31+01;1349
2017-01-15 15:05:31+01;1339
2017-01-15 16:05:31+01;1329
2017-01-15 17:05:31+01;1329
2017-01-15 22:35:31+01;1409
2017-01-16 11:54:31+01;1369
2017-01-16 12:45:31+01;1389
2017-01-16 13:40:31+01;1379
2017-01-16 14:45:31+01;1369
2017-01-16 17:59:31+01;1299
2017-01-16 18:35:31+01;1289
2017-01-16 19:05:31+01;1289
2017-01-16 22:35:31+01;1409
2017-01-17 06:14:31+01;1399
2017-01-17 11:45:31+01;1369
2017-01-17 12:44:31+01;1389
2017-01-17 15:34:31+01;1369
2017-01-17 18:35:31+01;1349
2017-01-17 20:05:31+01;1349
2017-01-17 22:35:31+01;1409
2017-01-18 06:15:31+01;1409
2017-01-18 11:49:31+01;1399
2017-01-18 12:44:31+01;1389
2017-01-18 14:44:31+01;1379
2017-01-18 16:19:31+01;1369
2017-01-18 18:29:31+01;1359
2017-01-18 19:19:31+01;1349
2017-01-18 22:35:31+01;1409
2017-01-19 10:19:31+01;1399
2017-01-19 10:59:31+01;1389
2017-01-19 11:49:31+01;1379
2017-01-19 12:44:31+01;1399
2017-01-19 15:34:31+01;1389
2017-01-19 18:34:32+01;1369
2017-01-19 19:34:31+01;1359
2017-01-19 20:04:31+01;1349
2017-01-19 22:34:31+01;1409
2017-01-20 10:29:31+01;1399
2017-01-20 12:29:31+01;1329
2017-01-20 12:45:31+01;1349
2017-01-20 16:35:31+01;1299
2017-01-20 18:34:31+01;1299
2017-01-20 22:34:31+01;1409
2017-01-21 06:05:31+01;1399
2017-01-21 12:45:31+01;1419
2017-01-21 13:59:31+01;1349
2017-01-21 17:35:31+01;1349
2017-01-21 18:35:31+01;1329
2017-01-21 22:35:31+01;1409
2017-01-22 07:35:31+01;1409
2017-01-22 10:05:31+01;1399
2017-01-22 11:05:31+01;1389
2017-01-22 11:35:31+01;1379
2017-01-22 12:05:31+01;1389
2017-01-22 12:35:31+01;1379
2017-01-22 13:35:31+01;1369
2017-01-22 14:35:31+01;1329
2017-01-22 15:34:31+01;1319
2017-01-22 16:34:31+01;1309
2017-01-22 17:04:31+01;1319
2017-01-22 17:34:31+01;1309
2017-01-22 22:34:31+01;1409
2017-01-23 06:19:31+01;1399
2017-01-23 11:25:31+01;1389
2017-01-23 11:45:31+01;1379
2017-01-23 12:45:31+01;1389
2017-01-23 14:55:31+01;1379
2017-01-23 15:49:31+01;1379
2017-01-23 16:55:31+01;1349
2017-01-23 20:35:31+01;1349
2017-01-23 22:34:31+01;1399
2017-01-24 08:29:31+01;1339
2017-01-24 09:24:31+01;1339
2017-01-24 11:49:31+01;1339
2017-01-24 12:44:31+01;1359
2017-01-24 13:49:31+01;1359
2017-01-24 14:44:31+01;1339
2017-01-24 16:20:31+01;1339
2017-01-24 20:04:31+01;1339
2017-01-24 22:35:31+01;1399
2017-01-25 11:49:31+01;1339
2017-01-25 13:09:32+01;1359
2017-01-25 13:49:31+01;1339
2017-01-25 15:45:31+01;1319
2017-01-25 16:45:31+01;1289
2017-01-25 18:35:31+01;1289
2017-01-25 20:05:31+01;1289
2017-01-25 22:35:31+01;1399
2017-01-26 06:25:31+01;1399
2017-01-26 11:44:31+01;1319
2017-01-26 12:44:31+01;1349
2017-01-26 14:24:31+01;1339
2017-01-26 14:45:31+01;1319
2017-01-26 19:05:31+01;1319
2017-01-26 19:35:31+01;1309
2017-01-26 22:35:31+01;1399
2017-01-27 06:25:31+01;1399
2017-01-27 11:44:31+01;1339
2017-01-27 12:45:31+01;1369
2017-01-27 13:14:31+01;1359
2017-01-27 14:14:31+01;1349
2017-01-27 15:44:31+01;1339
2017-01-27 18:05:31+01;1329
2017-01-27 19:35:31+01;1319
2017-01-27 22:35:31+01;1399
2017-01-28 09:59:31+01;1399
2017-01-28 11:54:31+01;1349
2017-01-28 13:24:31+01;1379
2017-01-28 14:29:31+01;1349
2017-01-28 16:34:31+01;1319
2017-01-28 19:35:31+01;1319
2017-01-28 22:35:31+01;1399
2017-01-29 10:05:31+01;1389
2017-01-29 11:05:31+01;1379
2017-01-29 13:34:31+01;1359
2017-01-29 14:04:31+01;1349
2017-01-29 15:04:31+01;1329
2017-01-29 16:04:31+01;1319
2017-01-29 17:05:31+01;1309
2017-01-29 17:35:31+01;1319
2017-01-29 18:05:31+01;1309
2017-01-29 22:35:31+01;1399
2017-01-30 06:15:31+01;1399
2017-01-30 11:50:31+01;1369
2017-01-30 12:50:31+01;1389
2017-01-30 14:20:31+01;1379
2017-01-30 15:15:31+01;1369
2017-01-30 17:00:31+01;1359
2017-01-30 17:25:31+01;1359
2017-01-30 17:45:31+01;1359
2017-01-30 22:35:31+01;1399
2017-01-31 06:14:31+01;1399
2017-01-31 10:45:31+01;1389
2017-01-31 12:15:31+01;1389
2017-01-31 12:49:31+01;1399
2017-01-31 14:45:31+01;1399
2017-01-31 16:00:31+01;1389
2017-01-31 16:15:31+01;1359
2017-01-31 19:35:31+01;1339
2017-01-31 22:35:31+01;1399
2017-02-01 09:59:31+01;1399
2017-02-01 11:59:31+01;1339
2017-02-01 12:50:31+01;1359
2017-02-01 14:30:31+01;1349
2017-02-01 16:20:31+01;1329
2017-02-01 17:10:31+01;1309
2017-02-01 22:40:31+01;1399
2017-02-02 09:49:31+01;1399
2017-02-02 11:59:31+01;1389
2017-02-02 12:59:31+01;1369
2017-02-02 13:59:31+01;1359
2017-02-02 14:49:31+01;1359
2017-02-02 16:19:31+01;1339
2017-02-02 16:50:31+01;1289
2017-02-02 19:10:31+01;1289
2017-02-02 22:40:31+01;1399
2017-02-03 13:00:31+01;1389
2017-02-03 14:00:31+01;1379
2017-02-03 15:10:31+01;1349
2017-02-03 17:00:31+01;1339
2017-02-03 19:10:31+01;1339
2017-02-03 22:39:31+01;1399
2017-02-04 10:49:31+01;1399
2017-02-04 12:45:32+01;1419
2017-02-04 13:45:31+01;1409
2017-02-04 14:15:31+01;1399
2017-02-04 17:05:31+01;1369
2017-02-04 20:05:31+01;1359
2017-02-04 22:35:31+01;1399
2017-02-05 10:35:31+01;1389
2017-02-05 11:35:31+01;1379
2017-02-05 12:05:31+01;1389
2017-02-05 12:35:31+01;1379
2017-02-05 14:05:31+01;1369
2017-02-05 15:05:31+01;1359
2017-02-05 16:05:31+01;1349
2017-02-05 22:35:31+01;1399
2017-02-06 11:50:31+01;1389
2017-02-06 12:50:31+01;1409
2017-02-06 14:49:31+01;1399
2017-02-06 15:55:31+01;1389
2017-02-06 16:55:31+01;1369
2017-02-06 19:05:31+01;1359
2017-02-06 20:35:31+01;1359
2017-02-06 22:35:31+01;1399
2017-02-07 12:29:31+01;1399
2017-02-07 12:45:31+01;1399
2017-02-07 14:49:31+01;1399
2017-02-07 15:50:31+01;1389
2017-02-07 16:50:31+01;1379
2017-02-07 17:55:31+01;1369
2017-02-07 19:05:31+01;1359
2017-02-07 19:35:31+01;1349
2017-02-07 22:35:31+01;1399
2017-02-08 13:04:31+01;1419
2017-02-08 13:45:32+01;1389
2017-02-08 14:45:31+01;1389
2017-02-08 17:35:31+01;1369
2017-02-08 18:35:31+01;1349
2017-02-08 19:35:31+01;1339
2017-02-08 20:35:31+01;1329
2017-02-08 22:35:31+01;1399
2017-02-09 12:49:31+01;1419
2017-02-09 13:54:31+01;1409
2017-02-09 15:34:31+01;1389
2017-02-09 17:05:31+01;1299
2017-02-09 17:25:31+01;1299
2017-02-09 17:49:31+01;1289
2017-02-09 18:35:31+01;1299
2017-02-09 18:49:31+01;1299
2017-02-09 22:35:31+01;1399
2017-02-10 11:55:31+01;1399
2017-02-10 12:49:31+01;1419
2017-02-10 14:25:31+01;1409
2017-02-10 15:15:31+01;1369
2017-02-10 17:05:31+01;1369
2017-02-10 19:35:31+01;1349
2017-02-10 20:05:32+01;1349
2017-02-10 22:35:31+01;1399
2017-02-11 12:44:31+01;1419
2017-02-11 14:49:31+01;1409
2017-02-11 16:35:31+01;1399
2017-02-11 18:05:31+01;1379
2017-02-11 18:35:31+01;1349
2017-02-11 20:35:31+01;1349
2017-02-11 22:35:31+01;1399
2017-02-12 10:34:31+01;1389
2017-02-12 11:34:31+01;1379
2017-02-12 12:04:31+01;1389
2017-02-12 12:54:31+01;1379
2017-02-12 13:34:31+01;1389
2017-02-12 14:04:31+01;1369
2017-02-12 14:34:31+01;1339
2017-02-12 15:34:31+01;1329
2017-02-12 16:34:31+01;1319
2017-02-12 17:04:32+01;1329
2017-02-12 17:34:31+01;1319
2017-02-12 22:35:31+01;1399
2017-02-13 09:45:31+01;1399
2017-02-13 11:50:31+01;1389
2017-02-13 12:55:31+01;1409
2017-02-13 13:45:31+01;1359
2017-02-13 17:15:31+01;1339
2017-02-13 19:35:31+01;1339
2017-02-13 22:35:32+01;1399
2017-02-14 11:14:31+01;1389
2017-02-14 12:00:31+01;1389
2017-02-14 12:54:31+01;1409
2017-02-14 13:44:32+01;1389
2017-02-14 17:15:32+01;1379
2017-02-14 17:45:31+01;1369
2017-02-14 19:05:31+01;1359
2017-02-14 19:35:31+01;1349
2017-02-14 20:05:31+01;1349
2017-02-14 22:35:31+01;1399
2017-02-15 08:15:31+01;1389
2017-02-15 12:45:32+01;1409
2017-02-15 14:19:31+01;1409
2017-02-15 15:19:31+01;1389
2017-02-15 16:25:31+01;1389
2017-02-15 17:35:31+01;1389
2017-02-15 19:35:31+01;1379
2017-02-15 22:35:32+01;1399
2017-02-16 09:49:31+01;1399
2017-02-16 13:01:31+01;1389
2017-02-16 13:44:31+01;1369
2017-02-16 14:59:31+01;1349
2017-02-16 16:40:31+01;1329
2017-02-16 18:20:31+01;1309
2017-02-16 22:35:31+01;1399
2017-02-17 11:55:31+01;1399
2017-02-17 12:55:31+01;1399
2017-02-17 14:19:31+01;1399
2017-02-17 16:59:31+01;1379
2017-02-17 17:55:31+01;1369
2017-02-17 19:05:31+01;1349
2017-02-17 20:05:31+01;1339
2017-02-17 22:35:31+01;1399
2017-02-18 15:04:31+01;1379
2017-02-18 16:04:31+01;1369
2017-02-18 17:04:31+01;1359
2017-02-18 18:04:31+01;1349
2017-02-18 19:04:31+01;1339
2017-02-18 22:35:32+01;1399
2017-02-19 10:05:31+01;1389
2017-02-19 11:05:31+01;1379
2017-02-19 12:35:31+01;1369
2017-02-19 14:04:31+01;1359
2017-02-19 15:04:31+01;1349
2017-02-19 16:04:31+01;1339
2017-02-19 22:34:31+01;1399
2017-02-20 06:25:32+01;1419
2017-02-20 07:45:31+01;1409
2017-02-20 08:54:31+01;1399
2017-02-20 11:24:31+01;1399
2017-02-20 13:10:31+01;1419
2017-02-20 14:24:31+01;1349
2017-02-20 15:20:31+01;1339
2017-02-20 16:45:31+01;1329
2017-02-20 22:35:31+01;1419
2017-02-21 11:54:31+01;1409
2017-02-21 12:54:31+01;1409
2017-02-21 14:15:31+01;1409
2017-02-21 14:44:31+01;1399
2017-02-21 16:44:31+01;1369
2017-02-21 18:34:31+01;1359
2017-02-21 20:35:31+01;1339
2017-02-21 22:35:31+01;1419
2017-02-22 09:49:31+01;1409
2017-02-22 11:49:31+01;1399
2017-02-22 12:55:31+01;1379
2017-02-22 14:19:31+01;1349
2017-02-22 15:44:31+01;1319
2017-02-22 18:04:31+01;1319
2017-02-22 22:34:31+01;1419
2017-02-23 06:29:31+01;1409
2017-02-23 09:24:31+01;1399
2017-02-23 11:04:31+01;1399
2017-02-23 12:54:31+01;1419
2017-02-23 13:54:31+01;1399
2017-02-23 15:29:31+01;1389
2017-02-23 16:14:31+01;1379
2017-02-23 16:49:31+01;1369
2017-02-23 22:35:32+01;1419
2017-02-24 09:49:31+01;1399
2017-02-24 12:45:31+01;1419
2017-02-24 13:45:31+01;1419
2017-02-24 14:25:31+01;1409
2017-02-24 15:19:31+01;1389
2017-02-24 16:45:31+01;1359
2017-02-24 19:05:31+01;1349
2017-02-24 22:34:31+01;1419
2017-02-25 12:45:31+01;1429
2017-02-25 15:05:31+01;1339
2017-02-25 18:35:31+01;1329
2017-02-25 19:05:31+01;1329
2017-02-25 20:35:31+01;1329
2017-02-25 22:35:31+01;1419
2017-02-26 10:04:31+01;1409
2017-02-26 11:04:31+01;1399
2017-02-26 12:30:31+01;1389
2017-02-26 16:35:31+01;1349
2017-02-26 22:35:31+01;1419
2017-02-27 11:45:31+01;1399
2017-02-27 13:10:31+01;1419
2017-02-27 14:00:31+01;1399
2017-02-27 14:45:31+01;1399
2017-02-27 17:05:31+01;1369
2017-02-27 17:30:31+01;1359
2017-02-27 18:05:31+01;1349
2017-02-27 18:35:31+01;1349
2017-02-27 19:05:31+01;1339
2017-02-27 19:35:31+01;1339
2017-02-27 20:05:31+01;1329
2017-02-27 20:35:31+01;1329
2017-02-27 22:35:31+01;1419
2017-02-28 12:56:31+01;1379
2017-02-28 13:49:31+01;1359
2017-02-28 14:25:31+01;1349
2017-02-28 16:20:32+01;1329
2017-02-28 17:05:31+01;1309
2017-02-28 18:35:31+01;1309
2017-02-28 22:35:31+01;1419
2017-03-01 06:15:31+01;1409
2017-03-01 12:05:31+01;1389
2017-03-01 12:55:31+01;1419
2017-03-01 14:25:32+01;1389
2017-03-01 16:19:31+01;1389
2017-03-01 17:49:31+01;1379
2017-03-01 18:35:31+01;1359
2017-03-01 19:35:31+01;1359
2017-03-01 20:35:31+01;1359
2017-03-01 22:35:54+01;1399
2017-03-02 10:14:31+01;1399
2017-03-02 10:49:31+01;1399
2017-03-02 11:49:31+01;1389
2017-03-02 12:50:31+01;1399
2017-03-02 14:05:31+01;1389
2017-03-02 16:10:31+01;1369
2017-03-02 17:55:31+01;1359
2017-03-02 18:35:31+01;1339
2017-03-02 19:35:31+01;1329
2017-03-02 20:35:31+01;1319
2017-03-02 22:35:31+01;1399
2017-03-03 11:55:31+01;1389
2017-03-03 12:55:31+01;1399
2017-03-03 15:10:31+01;1379
2017-03-03 15:55:31+01;1369
2017-03-03 16:50:31+01;1299
2017-03-03 17:35:31+01;1289
2017-03-03 18:05:31+01;1289
2017-03-03 19:05:31+01;1289
2017-03-03 22:35:31+01;1399
2017-03-04 11:40:31+01;1389
2017-03-04 12:45:31+01;1379
2017-03-04 13:45:31+01;1379
2017-03-04 14:59:31+01;1329
2017-03-04 17:05:32+01;1329
2017-03-04 18:35:31+01;1309
2017-03-04 22:35:31+01;1399
2017-03-05 10:35:31+01;1389
2017-03-05 11:35:31+01;1379
2017-03-05 12:05:31+01;1389
2017-03-05 12:35:31+01;1379
2017-03-05 14:05:31+01;1369
2017-03-05 15:05:31+01;1359
2017-03-05 15:35:32+01;1319
2017-03-05 16:35:31+01;1309
2017-03-05 17:05:31+01;1319
2017-03-05 17:35:31+01;1309
2017-03-05 22:35:31+01;1399
2017-03-06 10:49:31+01;1389
2017-03-06 12:05:31+01;1379
2017-03-06 12:50:31+01;1399
2017-03-06 14:20:31+01;1379
2017-03-06 18:05:31+01;1379
2017-03-06 18:35:31+01;1359
2017-03-06 22:35:31+01;1399
2017-03-07 07:49:31+01;1359
2017-03-07 09:49:31+01;1359
2017-03-07 10:44:31+01;1359
2017-03-07 12:50:31+01;1379
2017-03-07 14:35:31+01;1359
2017-03-07 17:15:31+01;1349
2017-03-07 18:35:32+01;1339
2017-03-07 19:35:31+01;1329
2017-03-07 20:35:31+01;1329
2017-03-07 22:35:31+01;1399
2017-03-08 07:49:31+01;1399
2017-03-08 09:59:31+01;1379
2017-03-08 10:55:31+01;1379
2017-03-08 12:55:31+01;1389
2017-03-08 14:20:31+01;1379
2017-03-08 16:45:32+01;1349
2017-03-08 19:05:31+01;1339
2017-03-08 20:05:31+01;1329
2017-03-08 22:35:31+01;1399
2017-03-09 07:29:31+01;1399
2017-03-09 07:49:31+01;1319
2017-03-09 12:49:31+01;1339
2017-03-09 13:59:31+01;1319
2017-03-09 17:19:31+01;1319
2017-03-10 12:07:31+01;1309
2017-03-10 12:54:31+01;1329
2017-03-10 14:19:31+01;1309
2017-03-10 18:35:31+01;1299
2017-03-10 22:35:31+01;1399
2017-03-11 06:05:31+01;1389
2017-03-11 09:45:31+01;1379
2017-03-11 10:49:31+01;1369
2017-03-11 12:55:31+01;1379
2017-03-11 14:10:31+01;1369
2017-03-11 14:34:31+01;1369
2017-03-11 14:59:31+01;1349
2017-03-11 17:04:31+01;1329
2017-03-11 18:35:31+01;1319
2017-03-11 22:35:31+01;1399
2017-03-12 10:05:32+01;1389
2017-03-12 11:05:31+01;1379
2017-03-12 12:05:31+01;1349
2017-03-12 14:05:31+01;1339
2017-03-12 15:04:31+01;1329
2017-03-12 16:04:32+01;1319
2017-03-12 22:35:31+01;1399
2017-03-13 06:55:32+01;1399
2017-03-13 10:49:31+01;1389
2017-03-13 11:55:31+01;1349
2017-03-13 12:49:31+01;1369
2017-03-13 14:09:31+01;1349
2017-03-13 14:49:31+01;1339
2017-03-13 17:30:31+01;1329
2017-03-13 22:35:31+01;1399
2017-03-14 06:45:31+01;1389
2017-03-14 08:25:31+01;1379
2017-03-14 10:19:31+01;1379
2017-03-14 11:59:31+01;1329
2017-03-14 12:45:31+01;1349
2017-03-14 13:49:31+01;1339
2017-03-14 14:59:31+01;1319
2017-03-14 17:15:32+01;1309
2017-03-14 18:34:31+01;1309
2017-03-14 20:34:31+01;1299
2017-03-14 22:34:31+01;1399
2017-03-15 06:15:31+01;1389
2017-03-15 10:19:31+01;1379
2017-03-15 12:55:31+01;1369
2017-03-15 13:55:31+01;1359
2017-03-15 15:05:31+01;1339
2017-03-15 16:05:31+01;1329
2017-03-15 17:15:31+01;1309
2017-03-15 18:35:31+01;1309
2017-03-15 19:05:32+01;1299
2017-03-15 22:35:31+01;1399
2017-03-16 06:39:31+01;1389
2017-03-16 09:55:31+01;1389
2017-03-16 12:19:31+01;1329
2017-03-16 12:44:31+01;1359
2017-03-16 14:14:31+01;1319
2017-03-16 16:44:31+01;1279
2017-03-16 18:34:31+01;1269
2017-03-16 22:35:31+01;1399
2017-03-17 06:35:31+01;1379
2017-03-17 07:59:31+01;1359
2017-03-17 08:55:31+01;1359
2017-03-17 11:04:31+01;1359
2017-03-17 11:49:31+01;1359
2017-03-17 12:44:31+01;1349
2017-03-17 13:50:31+01;1339
2017-03-17 14:19:31+01;1309
2017-03-17 17:05:31+01;1309
2017-03-17 18:05:31+01;1299
2017-03-17 18:35:31+01;1299
2017-03-17 20:25:31+01;1289
2017-03-17 22:35:31+01;1379
2017-03-18 06:05:31+01;1369
2017-03-18 10:44:31+01;1359
2017-03-18 11:44:31+01;1359
2017-03-18 13:44:31+01;1339
2017-03-18 14:44:31+01;1309
2017-03-18 18:04:31+01;1299
2017-03-18 22:35:31+01;1379
2017-03-19 07:05:31+01;1379
2017-03-19 10:05:31+01;1369
2017-03-19 11:05:31+01;1359
2017-03-19 12:05:31+01;1349
2017-03-19 12:35:31+01;1319
2017-03-19 13:34:31+01;1349
2017-03-19 14:04:31+01;1309
2017-03-19 14:34:31+01;1299
2017-03-19 15:04:31+01;1299
2017-03-19 15:34:31+01;1289
2017-03-19 16:04:31+01;1289
2017-03-19 16:34:31+01;1279
2017-03-19 17:04:31+01;1289
2017-03-19 17:34:31+01;1279
2017-03-19 22:35:31+01;1379
2017-03-20 06:15:31+01;1369
2017-03-20 11:45:31+01;1299
2017-03-20 12:45:31+01;1319
2017-03-20 13:49:31+01;1319
2017-03-20 15:15:31+01;1289
2017-03-20 18:05:31+01;1279
2017-03-20 22:35:31+01;1379
2017-03-21 06:15:31+01;1369
2017-03-21 12:49:31+01;1329
2017-03-21 14:14:31+01;1309
2017-03-21 15:44:31+01;1299
2017-03-21 16:49:31+01;1289
2017-03-21 18:34:31+01;1279
2017-03-21 22:34:31+01;1379
2017-03-22 06:14:31+01;1369
2017-03-22 12:44:31+01;1349
2017-03-22 14:15:31+01;1319
2017-03-22 16:19:31+01;1299
2017-03-22 17:15:31+01;1299
2017-03-22 18:05:31+01;1289
2017-03-22 18:35:31+01;1289
2017-03-22 20:04:31+01;1279
2017-03-22 22:35:31+01;1379
2017-03-23 06:15:31+01;1369
2017-03-23 12:45:31+01;1329
2017-03-23 15:49:31+01;1269
2017-03-23 16:35:31+01;1269
2017-03-23 17:19:31+01;1269
2017-03-23 18:35:31+01;1259
2017-03-23 20:35:31+01;1259
2017-03-23 22:35:31+01;1379
2017-03-24 06:14:31+01;1359
2017-03-24 12:45:31+01;1349
2017-03-24 13:49:31+01;1339
2017-03-24 14:45:31+01;1309
2017-03-24 16:15:31+01;1309
2017-03-24 16:45:31+01;1309
2017-03-24 18:35:31+01;1299
2017-03-24 20:39:31+01;1299
2017-03-24 22:35:31+01;1379
2017-03-25 10:20:31+01;1369
2017-03-25 11:49:31+01;1319
2017-03-25 12:45:31+01;1339
2017-03-25 13:45:31+01;1319
2017-03-25 14:49:31+01;1309
2017-03-25 18:35:31+01;1289
2017-03-25 20:35:31+01;1289
2017-03-25 22:35:31+01;1379
2017-03-26 07:04:31+02;1379
2017-03-26 10:04:31+02;1369
2017-03-26 11:04:31+02;1359
2017-03-26 12:35:31+02;1329
2017-03-26 13:05:31+02;1319
2017-03-26 13:35:31+02;1349
2017-03-26 14:05:31+02;1309
2017-03-26 15:05:31+02;1299
2017-03-26 16:05:31+02;1289
2017-03-26 22:35:31+02;1379
2017-03-27 06:14:31+02;1379
2017-03-27 12:19:31+02;1309
2017-03-27 12:49:31+02;1329
2017-03-27 14:15:31+02;1309
2017-03-27 16:45:31+02;1299
2017-03-27 18:35:31+02;1289
2017-03-27 22:35:31+02;1379
2017-03-28 06:14:31+02;1379
2017-03-28 11:14:31+02;1369
2017-03-28 11:55:31+02;1319
2017-03-28 12:50:31+02;1339
2017-03-28 14:35:31+02;1329
2017-03-28 15:45:31+02;1319
2017-03-28 16:19:31+02;1309
2017-03-28 16:45:31+02;1299
2017-03-28 18:35:31+02;1289
2017-03-28 22:35:31+02;1379
2017-03-29 06:14:31+02;1379
2017-03-29 12:49:31+02;1339
2017-03-29 14:45:31+02;1319
2017-03-29 16:45:31+02;1309
2017-03-29 18:35:31+02;1299
2017-03-29 22:35:31+02;1379
2017-03-30 06:15:31+02;1379
2017-03-30 12:45:31+02;1349
2017-03-30 14:25:32+02;1339
2017-03-30 14:45:31+02;1329
2017-03-30 15:45:31+02;1289
2017-03-30 16:45:31+02;1289
2017-03-30 18:35:31+02;1279
2017-03-30 22:35:31+02;1379
2017-03-31 06:14:31+02;1379
2017-03-31 12:49:31+02;1349
2017-03-31 14:49:31+02;1319
2017-03-31 18:35:31+02;1309
2017-03-31 22:35:31+02;1379
2017-04-01 05:30:31+02;1379
2017-04-01 06:03:31+02;1379
2017-04-01 12:49:31+02;1379
2017-04-01 14:45:31+02;1349
2017-04-01 15:35:31+02;1329
2017-04-01 17:05:31+02;1319
2017-04-01 18:35:31+02;1309
2017-04-01 22:35:31+02;1379
2017-04-02 07:05:31+02;1379
2017-04-02 10:04:31+02;1369
2017-04-02 11:05:31+02;1359
2017-04-02 12:05:31+02;1359
2017-04-02 12:35:31+02;1349
2017-04-02 13:35:31+02;1379
2017-04-02 14:05:31+02;1339
2017-04-02 15:05:31+02;1329
2017-04-02 16:05:31+02;1319
2017-04-02 19:35:31+02;1319
2017-04-02 22:35:31+02;1379
2017-04-03 12:45:31+02;1359
2017-04-03 13:45:31+02;1349
2017-04-03 14:55:31+02;1339
2017-04-03 16:50:31+02;1329
2017-04-03 17:35:32+02;1319
2017-04-03 18:35:31+02;1319
2017-04-03 22:35:31+02;1379
2017-04-04 11:19:31+02;1369
2017-04-04 12:45:31+02;1349
2017-04-04 13:45:31+02;1349
2017-04-04 14:19:31+02;1319
2017-04-04 18:35:31+02;1309
2017-04-04 22:35:31+02;1379
2017-04-05 06:14:31+02;1379
2017-04-05 12:59:31+02;1359
2017-04-05 14:59:31+02;1329
2017-04-05 18:35:31+02;1319
2017-04-05 22:35:31+02;1379
2017-04-06 12:49:31+02;1359
2017-04-06 14:34:31+02;1339
2017-04-06 18:35:31+02;1329
2017-04-06 22:35:31+02;1379
2017-04-07 12:44:31+02;1329
2017-04-07 14:14:31+02;1329
2017-04-07 18:35:31+02;1319
2017-04-07 22:35:31+02;1379
2017-04-08 12:19:31+02;1349
2017-04-08 13:15:31+02;1379
2017-04-08 14:04:31+02;1349
2017-04-08 17:36:31+02;1339
2017-04-08 22:35:31+02;1379
2017-04-09 10:04:31+02;1369
2017-04-09 11:04:31+02;1359
2017-04-09 12:04:31+02;1339
2017-04-09 13:04:31+02;1339
2017-04-09 13:34:31+02;1369
2017-04-09 14:04:31+02;1329
2017-04-09 15:04:31+02;1319
2017-04-09 16:05:31+02;1309
2017-04-09 22:35:31+02;1379
2017-04-10 10:55:31+02;1379
2017-04-10 11:59:31+02;1339
2017-04-10 12:44:31+02;1359
2017-04-10 14:14:31+02;1339
2017-04-10 17:15:31+02;1339
2017-04-10 18:35:31+02;1329
2017-04-10 22:35:31+02;1379
2017-04-11 12:10:31+02;1359
2017-04-11 12:54:31+02;1379
2017-04-11 14:54:31+02;1359
2017-04-11 15:44:31+02;1349
2017-04-11 18:35:31+02;1339
2017-04-11 22:35:31+02;1379
2017-04-12 12:44:31+02;1369
2017-04-12 14:14:31+02;1349
2017-04-12 16:19:31+02;1349
2017-04-12 18:34:31+02;1339
2017-04-12 22:34:31+02;1379
2017-04-13 12:49:31+02;1369
2017-04-13 14:44:31+02;1359
2017-04-13 16:45:31+02;1349
2017-04-13 18:05:31+02;1339
2017-04-13 22:35:31+02;1379
2017-04-14 12:34:31+02;1359
2017-04-14 13:04:31+02;1349
2017-04-14 13:34:31+02;1379
2017-04-14 14:04:31+02;1349
2017-04-14 22:35:31+02;1379
2017-04-15 12:19:31+02;1379
2017-04-15 14:44:32+02;1359
2017-04-15 15:35:31+02;1349
2017-04-15 18:35:31+02;1339
2017-04-15 22:35:31+02;1379
2017-04-16 12:34:31+02;1359
2017-04-16 13:34:32+02;1389
2017-04-16 14:04:31+02;1359
2017-04-16 18:35:31+02;1359
2017-04-16 22:35:31+02;1379
2017-04-17 12:34:31+02;1359
2017-04-17 13:34:31+02;1389
2017-04-17 14:04:31+02;1359
2017-04-17 15:35:31+02;1359
2017-04-17 18:35:31+02;1349
2017-04-17 22:35:31+02;1379
2017-04-18 14:19:31+02;1369
2017-04-18 16:04:31+02;1359
2017-04-18 17:34:31+02;1349
2017-04-18 18:34:31+02;1339
2017-04-18 22:34:31+02;1399
2017-04-19 11:49:31+02;1349
2017-04-19 12:49:31+02;1379
2017-04-19 14:49:31+02;1349
2017-04-19 16:24:31+02;1339
2017-04-19 18:04:31+02;1339
2017-04-19 18:34:31+02;1329
2017-04-19 22:34:31+02;1399
2017-04-20 06:14:31+02;1399
2017-04-20 11:55:31+02;1349
2017-04-20 12:45:31+02;1369
2017-04-20 14:55:31+02;1369
2017-04-20 16:49:31+02;1339
2017-04-20 17:35:31+02;1339
2017-04-20 18:35:31+02;1329
2017-04-20 19:56:24+02;1329
2017-04-20 22:35:31+02;1399
2017-04-21 06:29:31+02;1399
2017-04-21 12:50:31+02;1369
2017-04-21 16:59:31+02;1329
2017-04-21 18:35:31+02;1319
2017-04-21 22:35:31+02;1399
2017-04-22 06:05:31+02;1399
2017-04-22 12:55:31+02;1369
2017-04-22 14:25:31+02;1339
2017-04-22 20:05:31+02;1329
2017-04-22 22:35:31+02;1399
2017-04-23 07:05:31+02;1399
2017-04-23 12:35:31+02;1349
2017-04-23 13:35:31+02;1379
2017-04-23 14:05:31+02;1349
2017-04-23 17:05:31+02;1339
2017-04-23 19:05:31+02;1329
2017-04-23 22:35:31+02;1399
2017-04-24 06:44:31+02;1399
2017-04-24 11:55:31+02;1339
2017-04-24 12:55:31+02;1369
2017-04-24 14:25:31+02;1339
2017-04-24 16:15:31+02;1339
2017-04-24 17:15:31+02;1329
2017-04-24 19:05:31+02;1319
2017-04-24 22:35:31+02;1399
2017-04-25 07:29:31+02;1399
2017-04-25 08:29:31+02;1359
2017-04-25 09:10:31+02;1339
2017-04-25 10:45:31+02;1339
2017-04-25 12:00:31+02;1329
2017-04-25 12:45:31+02;1349
2017-04-25 15:30:31+02;1329
2017-04-25 18:35:31+02;1319
2017-04-25 22:35:31+02;1399
2017-04-26 06:19:31+02;1399
2017-04-26 08:14:31+02;1379
2017-04-26 11:49:31+02;1349
2017-04-26 14:15:31+02;1329
2017-04-26 19:05:31+02;1319
2017-04-26 22:35:31+02;1399
2017-04-27 06:19:32+02;1399
2017-04-27 09:29:31+02;1329
2017-04-27 12:45:31+02;1349
2017-04-27 14:59:31+02;1339
2017-04-27 16:45:31+02;1309
2017-04-27 22:35:31+02;1399
2017-04-28 06:25:31+02;1399
2017-04-28 12:20:31+02;1369
2017-04-28 13:50:31+02;1349
2017-04-28 14:50:31+02;1329
2017-04-28 16:50:31+02;1319
2017-04-28 18:05:32+02;1289
2017-04-28 22:35:31+02;1399
2017-04-29 06:05:31+02;1379
2017-04-29 14:49:31+02;1329
2017-04-29 16:05:32+02;1319
2017-04-29 16:35:31+02;1309
2017-04-29 18:05:31+02;1329
2017-04-29 18:35:31+02;1309
2017-04-29 22:35:31+02;1399
2017-04-30 07:04:31+02;1399
2017-04-30 12:35:31+02;1319
2017-04-30 13:35:31+02;1349
2017-04-30 14:05:31+02;1319
2017-04-30 18:05:31+02;1339
2017-04-30 18:36:36+02;1319
2017-04-30 22:35:32+02;1399
2017-05-01 07:10:31+02;1399
2017-05-01 12:39:31+02;1319
2017-05-01 13:40:31+02;1349
2017-05-01 14:09:31+02;1319
2017-05-01 18:10:31+02;1339
2017-05-01 18:39:31+02;1319
2017-05-01 22:40:31+02;1399
2017-05-02 06:29:31+02;1389
2017-05-02 11:50:31+02;1299
2017-05-02 13:00:31+02;1319
2017-05-02 14:50:31+02;1289
2017-05-02 17:20:31+02;1309
2017-05-02 18:20:31+02;1289
2017-05-02 22:40:31+02;1399
2017-05-03 06:09:31+02;1379
2017-05-03 12:59:31+02;1339
2017-05-03 13:49:31+02;1329
2017-05-03 14:50:31+02;1319
2017-05-03 16:19:31+02;1289
2017-05-03 17:20:32+02;1309
2017-05-03 18:39:31+02;1289
2017-05-03 22:40:31+02;1379
2017-05-04 06:40:31+02;1379
2017-05-04 10:49:31+02;1369
2017-05-04 12:09:31+02;1299
2017-05-04 12:49:31+02;1319
2017-05-04 14:19:31+02;1289
2017-05-04 16:19:31+02;1289
2017-05-04 17:19:31+02;1309
2017-05-04 18:39:32+02;1289
2017-05-04 22:40:31+02;1379
2017-05-05 06:19:31+02;1379
2017-05-05 12:20:31+02;1329
2017-05-05 14:20:32+02;1299
2017-05-05 16:40:31+02;1279
2017-05-05 18:10:31+02;1299
2017-05-05 18:40:31+02;1279
2017-05-05 22:40:31+02;1379
2017-05-06 06:10:31+02;1369
2017-05-06 10:45:31+02;1359
2017-05-06 12:19:31+02;1289
2017-05-06 12:44:31+02;1309
2017-05-06 15:04:31+02;1289
2017-05-06 16:05:31+02;1279
2017-05-06 17:05:31+02;1269
2017-05-06 18:05:31+02;1289
2017-05-06 18:35:31+02;1259
2017-05-06 22:35:32+02;1379
2017-05-07 07:05:32+02;1359
2017-05-07 12:05:31+02;1299
2017-05-07 13:35:31+02;1329
2017-05-07 14:05:31+02;1299
2017-05-07 18:05:31+02;1319
2017-05-07 18:35:31+02;1299
2017-05-07 22:35:31+02;1379
2017-05-08 06:35:31+02;1379
2017-05-08 06:44:31+02;1339
2017-05-08 08:35:31+02;1329
2017-05-08 10:06:31+02;1329
2017-05-08 12:00:31+02;1309
2017-05-08 12:50:31+02;1339
2017-05-08 14:25:31+02;1299
2017-05-08 16:55:31+02;1299
2017-05-08 17:40:32+02;1319
2017-05-08 18:35:31+02;1299
2017-05-08 19:35:31+02;1289
2017-05-08 22:35:31+02;1379
2017-05-09 07:45:31+02;1299
2017-05-09 12:44:31+02;1319
2017-05-09 14:14:31+02;1289
2017-05-09 16:55:31+02;1279
2017-05-09 22:35:31+02;1379
2017-05-10 06:15:31+02;1369
2017-05-10 09:45:31+02;1359
2017-05-10 12:49:32+02;1319
2017-05-10 14:15:31+02;1319
2017-05-10 15:00:31+02;1309
2017-05-10 17:05:31+02;1289
2017-05-10 18:05:32+02;1309
2017-05-10 18:35:31+02;1289
2017-05-10 22:35:31+02;1379
2017-05-11 06:15:31+02;1379
2017-05-11 12:59:31+02;1379
2017-05-11 14:29:31+02;1339
2017-05-11 14:49:31+02;1329
2017-05-11 15:49:31+02;1319
2017-05-11 16:50:31+02;1309
2017-05-11 17:45:31+02;1339
2017-05-11 18:35:31+02;1299
2017-05-11 19:35:31+02;1289
2017-05-11 20:35:31+02;1279
2017-05-11 22:35:31+02;1379
2017-05-12 06:15:31+02;1369
2017-05-12 12:10:31+02;1309
2017-05-12 13:04:31+02;1339
2017-05-12 15:00:31+02;1319
2017-05-12 16:54:31+02;1309
2017-05-12 17:50:32+02;1339
2017-05-12 18:35:31+02;1309
2017-05-12 22:35:31+02;1379
2017-05-13 06:04:31+02;1379
2017-05-13 12:05:31+02;1309
2017-05-13 13:05:31+02;1339
2017-05-13 14:35:31+02;1319
2017-05-13 15:05:31+02;1309
2017-05-13 18:05:31+02;1329
2017-05-13 18:35:31+02;1309
2017-05-13 20:35:31+02;1309
2017-05-13 22:35:31+02;1379
2017-05-14 09:04:31+02;1309
2017-05-14 13:34:31+02;1339
2017-05-14 14:04:31+02;1309
2017-05-14 17:35:31+02;1309
2017-05-14 18:05:31+02;1329
2017-05-14 18:36:31+02;1309
2017-05-14 22:35:31+02;1379
2017-05-15 07:56:31+02;1379
2017-05-15 08:46:31+02;1379
2017-05-15 09:46:31+02;1379
2017-05-15 12:45:31+02;1339
2017-05-15 14:25:31+02;1329
2017-05-15 17:15:31+02;1319
2017-05-15 18:05:31+02;1339
2017-05-15 18:35:31+02;1319
2017-05-15 22:35:32+02;1379
2017-05-16 08:29:31+02;1319
2017-05-16 09:54:31+02;1309
2017-05-16 10:14:31+02;1299
2017-05-16 12:45:31+02;1349
2017-05-16 13:50:31+02;1329
2017-05-16 14:20:31+02;1329
2017-05-16 15:15:31+02;1319
2017-05-16 16:15:32+02;1289
2017-05-16 22:35:31+02;1379
2017-05-17 06:24:31+02;1379
2017-05-17 07:49:31+02;1379
2017-05-17 09:24:31+02;1319
2017-05-17 10:19:31+02;1319
2017-05-17 10:49:31+02;1309
2017-05-17 11:49:31+02;1299
2017-05-17 12:45:31+02;1309
2017-05-17 16:45:31+02;1309
2017-05-17 18:05:31+02;1329
2017-05-17 18:35:31+02;1309
2017-05-17 20:35:31+02;1309
2017-05-17 22:35:31+02;1379
2017-05-18 06:19:31+02;1369
2017-05-18 08:35:31+02;1319
2017-05-18 10:54:31+02;1319
2017-05-18 12:09:31+02;1289
2017-05-18 13:04:31+02;1319
2017-05-18 14:24:31+02;1319
2017-05-18 15:34:31+02;1309
2017-05-18 17:04:31+02;1299
2017-05-18 17:14:31+02;1319
2017-05-18 18:15:31+02;1309
2017-05-18 19:05:31+02;1289
2017-05-18 22:35:31+02;1379
2017-05-19 05:55:31+02;1369
2017-05-19 08:55:31+02;1329
2017-05-19 10:19:32+02;1309
2017-05-19 12:49:31+02;1299
2017-05-19 19:04:31+02;1299
2017-05-19 20:04:31+02;1299
2017-05-20 06:05:31+02;1389
2017-05-20 08:19:31+02;1369
2017-05-20 09:10:31+02;1359
2017-05-20 09:49:31+02;1309
2017-05-20 12:49:31+02;1339
2017-05-20 13:55:31+02;1329
2017-05-20 14:46:31+02;1319
2017-05-20 15:35:31+02;1309
2017-05-20 16:35:31+02;1299
2017-05-20 17:05:31+02;1289
2017-05-20 22:35:31+02;1379
2017-05-21 07:05:31+02;1379
2017-05-21 08:35:31+02;1369
2017-05-21 09:05:31+02;1319
2017-05-21 12:34:31+02;1319
2017-05-21 13:34:31+02;1349
2017-05-21 14:04:31+02;1319
2017-05-21 17:34:31+02;1339
2017-05-21 18:34:31+02;1319
2017-05-21 22:35:31+02;1379
2017-05-22 06:15:31+02;1379
2017-05-22 07:54:31+02;1369
2017-05-22 09:54:31+02;1329
2017-05-22 10:29:31+02;1319
2017-05-22 12:29:31+02;1309
2017-05-22 12:55:31+02;1319
2017-05-22 15:59:31+02;1309
2017-05-22 17:09:31+02;1299
2017-05-22 17:44:31+02;1319
2017-05-22 18:29:31+02;1299
2017-05-22 22:35:31+02;1379
2017-05-23 06:15:31+02;1379
2017-05-23 07:29:31+02;1369
2017-05-23 08:49:31+02;1329
2017-05-23 09:59:31+02;1329
2017-05-23 10:49:31+02;1319
2017-05-23 11:44:31+02;1299
2017-05-23 12:59:31+02;1329
2017-05-23 16:04:32+02;1319
2017-05-23 16:55:31+02;1309
2017-05-23 19:05:31+02;1309
2017-05-23 22:35:31+02;1379
2017-05-24 08:39:31+02;1349
2017-05-24 09:19:31+02;1339
2017-05-24 10:14:31+02;1339
2017-05-24 11:49:06+02;1319
2017-05-24 12:54:06+02;1339
2017-05-24 14:19:06+02;1329
2017-05-24 15:49:07+02;1329
2017-05-24 16:44:06+02;1309
2017-05-24 17:14:06+02;1299
2017-05-24 18:04:05+02;1319
2017-05-24 18:34:05+02;1299
2017-05-24 22:35:06+02;1379
2017-05-25 07:05:18+02;1379
2017-05-25 08:34:06+02;1379
2017-05-25 10:04:06+02;1369
2017-05-25 10:35:06+02;1339
2017-05-25 11:04:06+02;1339
2017-05-25 12:34:06+02;1329
2017-05-25 13:35:06+02;1359
2017-05-25 14:05:06+02;1329
2017-05-25 15:34:05+02;1319
2017-05-25 17:04:06+02;1309
2017-05-25 18:04:05+02;1329
2017-05-25 18:34:06+02;1309
2017-05-25 19:34:06+02;1309
2017-05-25 22:34:05+02;1379
2017-05-26 06:49:05+02;1379
2017-05-26 08:19:06+02;1339
2017-05-26 10:49:06+02;1329
2017-05-26 11:54:07+02;1329
2017-05-26 12:14:08+02;1319
2017-05-26 12:49:07+02;1339
2017-05-26 16:24:06+02;1299
2017-05-26 17:19:05+02;1319
2017-05-26 18:15:06+02;1299
2017-05-26 22:35:06+02;1379
2017-05-27 06:35:06+02;1379
2017-05-27 08:19:05+02;1369
2017-05-27 09:55:06+02;1359
2017-05-27 11:19:05+02;1319
2017-05-27 12:14:06+02;1319
2017-05-27 12:54:06+02;1349
2017-05-27 13:54:06+02;1349
2017-05-27 14:34:05+02;1349
2017-05-27 15:04:06+02;1319
2017-05-27 17:04:05+02;1309
2017-05-27 18:04:06+02;1329
2017-05-27 18:34:06+02;1309
2017-05-27 19:04:06+02;1299
2017-05-27 22:35:06+02;1379
2017-05-28 07:05:06+02;1379
2017-05-28 08:05:06+02;1369
2017-05-28 09:05:06+02;1359
2017-05-28 10:05:06+02;1349
2017-05-28 11:05:06+02;1319
2017-05-28 12:35:06+02;1319
2017-05-28 13:35:06+02;1349
2017-05-28 14:05:06+02;1319
2017-05-28 14:19:06+02;1319
2017-05-28 16:30:07+02;1289
2017-05-28 17:04:06+02;1289
2017-05-28 18:04:06+02;1309
2017-05-28 18:34:05+02;1289
2017-05-28 20:34:06+02;1289
2017-05-28 22:34:05+02;1379
2017-05-29 06:19:05+02;1379
2017-05-29 08:19:05+02;1319
2017-05-29 09:55:07+02;1319
2017-05-29 10:25:06+02;1309
2017-05-29 12:49:06+02;1339
2017-05-29 14:19:06+02;1329
2017-05-29 15:19:05+02;1289
2017-05-29 16:22:06+02;1289
2017-05-29 18:00:06+02;1309
2017-05-29 18:35:06+02;1289
2017-05-29 19:05:06+02;1289
2017-05-29 19:35:06+02;1289
2017-05-29 20:35:06+02;1289
2017-05-29 22:35:06+02;1379
2017-05-30 06:29:05+02;1379
2017-05-30 08:10:06+02;1369
2017-05-30 08:59:05+02;1329
2017-05-30 09:49:06+02;1329
2017-05-30 11:15:06+02;1309
2017-05-30 12:05:06+02;1299
2017-05-30 16:44:06+02;1299
2017-05-30 17:14:06+02;1299
2017-05-30 17:44:05+02;1319
2017-05-30 18:19:05+02;1299
2017-05-30 21:04:06+02;1279
2017-05-30 22:35:06+02;1379
2017-05-31 06:35:06+02;1379
2017-05-31 07:49:05+02;1369
2017-05-31 08:45:06+02;1319
2017-05-31 09:59:06+02;1319
2017-05-31 11:05:06+02;1289
2017-05-31 13:05:06+02;1319
2017-05-31 14:24:06+02;1299
2017-05-31 15:55:06+02;1299
2017-05-31 17:35:07+02;1319
2017-05-31 18:25:06+02;1289
2017-05-31 22:35:06+02;1379
2017-06-01 06:30:07+02;1369
2017-06-01 07:49:05+02;1369
2017-06-01 08:39:06+02;1319
2017-06-01 09:59:06+02;1319
2017-06-01 11:39:07+02;1299
2017-06-01 12:59:06+02;1319
2017-06-01 14:29:06+02;1309
2017-06-01 14:59:05+02;1309
2017-06-01 16:30:08+02;1309
2017-06-01 17:00:07+02;1299
2017-06-01 17:30:07+02;1319
2017-06-01 18:10:07+02;1299
2017-06-01 20:40:06+02;1289
2017-06-01 22:40:06+02;1379
2017-06-02 06:19:05+02;1369
2017-06-02 08:10:05+02;1359
2017-06-02 08:59:06+02;1319
2017-06-02 10:09:06+02;1299
2017-06-02 11:39:06+02;1299
2017-06-02 12:59:05+02;1329
2017-06-02 14:19:06+02;1329
2017-06-02 15:49:05+02;1319
2017-06-02 16:39:05+02;1309
2017-06-02 17:39:06+02;1319
2017-06-02 18:09:05+02;1309
2017-06-02 18:39:05+02;1299
2017-06-02 20:10:07+02;1299
2017-06-02 22:39:05+02;1379
2017-06-03 06:10:06+02;1379
2017-06-03 06:39:06+02;1379
2017-06-03 08:29:05+02;1359
2017-06-03 08:59:06+02;1359
2017-06-03 09:29:06+02;1319
2017-06-03 11:55:06+02;1319
2017-06-03 12:55:06+02;1349
2017-06-03 15:04:06+02;1329
2017-06-03 15:35:06+02;1319
2017-06-03 16:35:06+02;1309
2017-06-03 17:05:06+02;1299
2017-06-03 17:35:06+02;1319
2017-06-03 18:05:06+02;1299
2017-06-03 22:35:06+02;1379
2017-06-04 07:05:06+02;1379
2017-06-04 08:05:06+02;1369
2017-06-04 08:35:06+02;1359
2017-06-04 09:35:06+02;1349
2017-06-04 11:34:05+02;1339
2017-06-04 12:04:05+02;1339
2017-06-04 12:34:06+02;1329
2017-06-04 13:34:05+02;1359
2017-06-04 14:04:06+02;1329
2017-06-04 14:34:06+02;1329
2017-06-04 15:04:05+02;1329
2017-06-04 16:34:05+02;1309
2017-06-04 17:04:06+02;1309
2017-06-04 17:34:06+02;1329
2017-06-04 18:04:06+02;1309
2017-06-04 19:35:06+02;1299
2017-06-04 22:35:06+02;1379
2017-06-05 07:05:06+02;1379
2017-06-05 08:05:06+02;1369
2017-06-05 09:35:06+02;1349
2017-06-05 10:35:06+02;1329
2017-06-05 11:35:06+02;1319
2017-06-05 13:34:05+02;1349
2017-06-05 14:04:06+02;1319
2017-06-05 17:04:06+02;1299
2017-06-05 17:34:05+02;1319
2017-06-05 18:04:06+02;1299
2017-06-05 19:34:06+02;1299
2017-06-05 22:35:06+02;1379
2017-06-06 06:25:06+02;1379
2017-06-06 07:29:05+02;1299
2017-06-06 09:35:07+02;1299
2017-06-06 10:54:07+02;1299
2017-06-06 12:55:06+02;1319
2017-06-06 15:04:06+02;1319
2017-06-06 16:25:07+02;1289
2017-06-06 17:29:06+02;1309
2017-06-06 18:25:06+02;1289
2017-06-06 19:35:06+02;1289
2017-06-06 20:35:06+02;1289
2017-06-07 06:24:06+02;1379
2017-06-07 07:54:06+02;1379
2017-06-07 08:24:06+02;1329
2017-06-07 09:59:05+02;1309
2017-06-07 10:24:06+02;1299
2017-06-07 10:54:06+02;1299
2017-06-07 12:54:07+02;1329
2017-06-07 14:54:06+02;1319
2017-06-07 16:29:06+02;1319
2017-06-07 16:54:06+02;1279
2017-06-07 17:30:07+02;1299
2017-06-07 18:29:05+02;1279
2017-06-07 20:35:06+02;1279
2017-06-07 22:35:05+02;1379
2017-06-08 06:25:05+02;1369
2017-06-08 07:54:06+02;1329
2017-06-08 10:05:06+02;1319
2017-06-08 11:31:05+02;1319
2017-06-08 11:59:05+02;1309
2017-06-08 12:54:06+02;1329
2017-06-08 14:05:06+02;1319
2017-06-08 15:05:07+02;1319
2017-06-08 16:25:06+02;1299
2017-06-08 16:59:06+02;1289
2017-06-08 17:25:06+02;1309
2017-06-08 17:55:06+02;1289
2017-06-08 20:05:06+02;1289
2017-06-08 22:35:06+02;1379
2017-06-09 06:25:06+02;1369
2017-06-09 07:55:05+02;1359
2017-06-09 08:54:06+02;1319
2017-06-09 11:09:06+02;1309
2017-06-09 11:59:06+02;1289
2017-06-09 13:09:05+02;1319
2017-06-09 14:29:07+02;1299
2017-06-09 15:05:06+02;1289
2017-06-09 16:29:10+02;1279
2017-06-09 17:29:06+02;1299
2017-06-09 18:30:08+02;1279
2017-06-09 20:35:06+02;1279
2017-06-10 06:05:06+02;1369
2017-06-10 07:05:06+02;1369
2017-06-10 10:49:06+02;1319
2017-06-10 11:55:06+02;1309
2017-06-10 13:05:06+02;1329
2017-06-10 13:55:06+02;1329
2017-06-10 14:25:06+02;1309
2017-06-10 14:55:05+02;1289
2017-06-10 15:35:06+02;1279
2017-06-10 17:35:05+02;1299
2017-06-10 18:05:06+02;1279
2017-06-10 20:05:06+02;1299
2017-06-10 20:35:05+02;1279
2017-06-10 22:35:06+02;1379
2017-06-11 07:34:19+02;1359
2017-06-11 09:04:05+02;1339
2017-06-11 10:35:05+02;1329
2017-06-11 11:04:06+02;1309
2017-06-11 11:34:06+02;1309
2017-06-11 12:34:05+02;1299
2017-06-11 13:34:05+02;1319
2017-06-11 14:04:05+02;1299
2017-06-11 14:35:05+02;1289
2017-06-11 17:05:05+02;1289
2017-06-11 17:35:06+02;1309
2017-06-11 18:05:06+02;1289
2017-06-11 19:35:06+02;1289
2017-06-11 22:35:06+02;1379
2017-06-12 06:29:05+02;1359
2017-06-12 07:55:05+02;1349
2017-06-12 08:39:10+02;1309
2017-06-12 09:49:05+02;1309
2017-06-12 10:24:06+02;1289
2017-06-12 11:25:04+02;1289
2017-06-12 12:02:04+02;1289
2017-06-12 12:04:05+02;1279
2017-06-12 12:39:04+02;1279
2017-06-12 12:54:06+02;1299
2017-06-12 13:41:06+02;1299
2017-06-12 14:40:06+02;1279
2017-06-12 15:54:11+02;1279
2017-06-12 16:24:08+02;1279
2017-06-12 16:54:06+02;1279
2017-06-12 17:30:08+02;1299
2017-06-12 18:25:06+02;1279
2017-06-12 22:35:06+02;1369
2017-06-13 06:39:05+02;1369
2017-06-13 08:59:05+02;1319
2017-06-13 10:25:17+02;1289
2017-06-13 12:55:06+02;1319
2017-06-13 14:19:06+02;1319
2017-06-13 15:59:06+02;1289
2017-06-13 16:25:06+02;1269
2017-06-13 17:25:07+02;1289
2017-06-13 18:25:06+02;1269
2017-06-13 22:35:06+02;1369
2017-06-14 06:44:06+02;1359
2017-06-14 08:34:06+02;1309
2017-06-14 09:35:05+02;1309
2017-06-14 09:59:06+02;1299
2017-06-14 12:29:05+02;1279
2017-06-14 12:55:06+02;1299
2017-06-14 14:55:06+02;1299
2017-06-14 16:55:06+02;1279
2017-06-14 17:30:07+02;1299
2017-06-14 17:59:05+02;1279
2017-06-14 22:35:06+02;1369
2017-06-15 06:45:07+02;1369
2017-06-15 09:54:06+02;1279
2017-06-15 12:54:06+02;1309
2017-06-15 15:59:05+02;1279
2017-06-15 16:24:05+02;1269
2017-06-15 17:24:06+02;1289
2017-06-15 18:25:06+02;1269
2017-06-15 22:35:06+02;1369
2017-06-16 06:25:06+02;1359
2017-06-16 08:25:23+02;1359
2017-06-16 09:24:06+02;1299
2017-06-16 10:25:06+02;1289
2017-06-16 11:25:06+02;1279
2017-06-16 12:00:07+02;1279
2017-06-16 12:55:09+02;1309
2017-06-16 15:35:06+02;1299
2017-06-16 16:30:08+02;1289
2017-06-16 16:55:06+02;1269
2017-06-16 17:25:06+02;1289
2017-06-16 17:55:06+02;1269
2017-06-16 22:35:06+02;1369
2017-06-17 06:05:06+02;1359
2017-06-17 10:39:06+02;1339
2017-06-17 10:55:07+02;1269
2017-06-17 11:55:06+02;1269
2017-06-17 12:55:05+02;1299
2017-06-17 13:54:06+02;1299
2017-06-17 14:30:07+02;1279
2017-06-17 15:34:05+02;1269
2017-06-17 17:05:05+02;1269
2017-06-17 17:35:06+02;1289
2017-06-17 18:05:07+02;1269
2017-06-17 22:35:06+02;1369
2017-06-18 07:05:05+02;1359
2017-06-18 08:05:05+02;1359
2017-06-18 08:35:05+02;1339
2017-06-18 10:34:06+02;1329
2017-06-18 11:04:06+02;1309
2017-06-18 12:04:06+02;1269
2017-06-18 13:34:06+02;1299
2017-06-18 14:04:06+02;1269
2017-06-18 17:04:06+02;1269
2017-06-18 17:34:05+02;1289
2017-06-18 18:04:06+02;1269
2017-06-18 22:35:05+02;1369
2017-06-19 06:25:06+02;1349
2017-06-19 08:25:05+02;1339
2017-06-19 09:29:06+02;1299
2017-06-19 10:24:06+02;1279
2017-06-19 11:24:06+02;1269
2017-06-19 12:00:06+02;1269
2017-06-19 12:55:06+02;1299
2017-06-19 14:20:06+02;1279
2017-06-19 15:30:08+02;1269
2017-06-19 17:29:06+02;1289
2017-06-19 18:05:06+02;1279
2017-06-19 18:35:06+02;1259
2017-06-19 22:35:06+02;1369
2017-06-20 06:25:06+02;1349
2017-06-20 08:04:06+02;1339
2017-06-20 10:09:06+02;1299
2017-06-20 10:54:06+02;1279
2017-06-20 12:24:15+02;1269
2017-06-20 13:04:06+02;1299
2017-06-20 13:54:06+02;1279
2017-06-20 14:54:07+02;1269
2017-06-20 16:55:06+02;1249
2017-06-20 17:25:06+02;1269
2017-06-20 18:09:06+02;1249
2017-06-20 18:35:06+02;1249
2017-06-20 22:35:06+02;1369
2017-06-21 06:25:06+02;1339
2017-06-21 07:25:05+02;1339
2017-06-21 07:59:06+02;1329
2017-06-21 08:39:06+02;1309
2017-06-21 10:25:07+02;1299
2017-06-21 11:09:07+02;1299
2017-06-21 11:49:06+02;1289
2017-06-21 12:59:06+02;1309
2017-06-21 14:05:07+02;1269
2017-06-21 15:09:06+02;1269
2017-06-21 17:25:06+02;1289
2017-06-21 18:05:06+02;1269
2017-06-21 18:35:06+02;1269
2017-06-21 22:35:06+02;1369
2017-06-22 06:24:06+02;1359
2017-06-22 08:09:07+02;1349
2017-06-22 09:24:07+02;1299
2017-06-22 10:29:06+02;1289
2017-06-22 12:04:06+02;1279
2017-06-22 13:04:05+02;1299
2017-06-22 14:59:05+02;1289
2017-06-22 15:35:06+02;1289
2017-06-22 16:35:06+02;1279
2017-06-22 17:35:06+02;1299
2017-06-22 18:09:06+02;1279
2017-06-22 18:35:06+02;1279
2017-06-22 19:35:06+02;1269
2017-06-22 22:35:06+02;1369
2017-06-23 06:25:06+02;1369
2017-06-23 10:24:08+02;1279
2017-06-23 11:30:08+02;1269
2017-06-23 12:54:07+02;1299
2017-06-23 16:04:06+02;1279
2017-06-23 16:40:06+02;1269
2017-06-23 17:34:05+02;1289
2017-06-23 18:05:06+02;1269
2017-06-23 18:35:06+02;1269
2017-06-23 22:35:06+02;1369
2017-06-24 06:04:06+02;1369
2017-06-24 06:34:05+02;1349
2017-06-24 08:14:06+02;1339
2017-06-24 09:04:05+02;1319
2017-06-24 09:24:06+02;1309
2017-06-24 11:04:06+02;1299
2017-06-24 11:24:06+02;1269
2017-06-24 15:05:06+02;1269
2017-06-24 16:35:06+02;1269
2017-06-24 17:05:06+02;1269
2017-06-24 17:35:05+02;1289
2017-06-24 18:05:06+02;1269
2017-06-24 22:35:06+02;1369
2017-06-25 07:04:05+02;1359
2017-06-25 07:34:06+02;1359
2017-06-25 11:04:05+02;1269
2017-06-25 13:34:05+02;1299
2017-06-25 14:04:06+02;1269
2017-06-25 15:35:06+02;1259
2017-06-25 22:35:06+02;1369
2017-06-26 06:35:06+02;1349
2017-06-26 07:35:05+02;1339
2017-06-26 08:09:05+02;1329
2017-06-26 09:59:05+02;1289
2017-06-26 11:09:05+02;1279
2017-06-26 12:14:05+02;1259
2017-06-26 13:14:06+02;1289
2017-06-26 14:34:06+02;1259
2017-06-26 16:54:06+02;1259
2017-06-26 17:24:05+02;1279
2017-06-26 17:54:05+02;1259
2017-06-26 22:35:06+02;1349
2017-06-27 08:19:05+02;1339
2017-06-27 09:44:06+02;1299
2017-06-27 09:59:06+02;1279
2017-06-27 11:24:06+02;1269
2017-06-27 12:49:06+02;1299
2017-06-27 15:55:06+02;1289
2017-06-27 16:25:07+02;1269
2017-06-27 17:25:06+02;1289
2017-06-27 17:55:06+02;1269
2017-06-27 22:35:06+02;1349
2017-06-28 09:19:05+02;1339
2017-06-28 10:29:08+02;1289
2017-06-28 12:24:06+02;1279
2017-06-28 12:54:08+02;1309
2017-06-28 13:24:06+02;1299
2017-06-28 14:39:06+02;1299
2017-06-28 15:24:06+02;1289
2017-06-28 15:54:06+02;1279
2017-06-28 17:14:06+02;1269
2017-06-28 17:24:06+02;1289
2017-06-28 17:54:06+02;1269
2017-06-28 22:34:06+02;1349
2017-06-29 07:49:05+02;1349
2017-06-29 08:19:06+02;1339
2017-06-29 09:09:05+02;1309
2017-06-29 11:29:06+02;1299
2017-06-29 11:49:05+02;1289
2017-06-29 12:49:06+02;1309
2017-06-29 14:59:07+02;1289
2017-06-29 16:29:06+02;1269
2017-06-29 17:25:06+02;1289
2017-06-29 17:59:06+02;1269
2017-06-29 18:25:07+02;1259
2017-06-29 22:34:06+02;1349
2017-06-30 06:49:05+02;1339
2017-06-30 07:15:07+02;1329
2017-06-30 07:45:06+02;1329
2017-06-30 08:05:06+02;1319
2017-06-30 08:59:06+02;1299
2017-06-30 09:45:06+02;1279
2017-06-30 11:04:11+02;1269
2017-06-30 11:25:11+02;1269
2017-06-30 12:59:08+02;1299
2017-06-30 14:29:05+02;1289
2017-06-30 14:55:06+02;1279
2017-06-30 15:25:06+02;1269
2017-06-30 16:05:06+02;1259
2017-06-30 17:05:06+02;1249
2017-06-30 17:35:06+02;1269
2017-06-30 18:05:06+02;1239
2017-06-30 19:05:07+02;1229
2017-06-30 22:34:06+02;1349
2017-07-01 06:40:06+02;1339
2017-07-01 08:39:07+02;1329
2017-07-01 09:59:06+02;1319
2017-07-01 10:31:06+02;1279
2017-07-01 11:59:05+02;1269
2017-07-01 12:55:06+02;1289
2017-07-01 14:35:07+02;1279
2017-07-01 15:05:06+02;1259
2017-07-01 16:05:18+02;1249
2017-07-01 17:05:06+02;1239
2017-07-01 17:35:06+02;1259
2017-07-01 18:05:06+02;1229
2017-07-01 19:05:07+02;1229
2017-07-01 20:05:06+02;1229
2017-07-01 22:34:06+02;1349
2017-07-02 07:05:05+02;1339
2017-07-02 08:05:06+02;1339
2017-07-02 09:05:06+02;1339
2017-07-02 09:35:06+02;1319
2017-07-02 10:35:06+02;1309
2017-07-02 11:05:06+02;1279
2017-07-02 11:35:06+02;1269
2017-07-02 12:05:06+02;1269
2017-07-02 13:35:06+02;1299
2017-07-02 14:05:06+02;1269
2017-07-02 17:05:06+02;1239
2017-07-02 17:35:06+02;1259
2017-07-02 18:05:06+02;1239
2017-07-02 22:35:06+02;1349
2017-07-03 06:55:06+02;1339
2017-07-03 08:00:07+02;1329
2017-07-03 08:25:06+02;1279
2017-07-03 09:30:07+02;1269
2017-07-03 11:06:07+02;1269
2017-07-03 12:09:06+02;1269
2017-07-03 13:05:06+02;1299
2017-07-03 15:09:06+02;1279
2017-07-03 17:05:06+02;1259
2017-07-03 22:35:06+02;1349
2017-07-04 08:30:07+02;1339
2017-07-04 09:24:06+02;1269
2017-07-04 10:24:24+02;1259
2017-07-04 12:29:06+02;1309
2017-07-04 13:29:05+02;1289
2017-07-04 14:59:06+02;1279
2017-07-04 18:20:06+02;1269
2017-07-04 19:05:07+02;1249
2017-07-04 20:05:07+02;1239
2017-07-04 22:35:07+02;1349
2017-07-05 06:29:06+02;1339
2017-07-05 08:09:06+02;1329
2017-07-05 09:14:06+02;1289
2017-07-05 11:04:06+02;1269
2017-07-05 13:09:05+02;1299
2017-07-05 15:44:06+02;1279
2017-07-05 17:00:07+02;1279
2017-07-05 17:25:06+02;1299
2017-07-05 18:05:06+02;1279
2017-07-05 20:05:06+02;1269
2017-07-05 22:35:06+02;1349
2017-07-06 08:35:06+02;1309
2017-07-06 08:59:05+02;1299
2017-07-06 11:05:06+02;1289
2017-07-06 12:09:05+02;1279
2017-07-06 12:59:06+02;1299
2017-07-06 14:34:05+02;1299
2017-07-06 15:14:07+02;1289
2017-07-06 16:04:07+02;1289
2017-07-06 16:49:06+02;1279
2017-07-06 22:35:06+02;1349
2017-07-07 07:59:06+02;1339
2017-07-07 08:34:06+02;1309
2017-07-07 08:59:05+02;1299
2017-07-07 09:59:06+02;1299
2017-07-07 11:34:06+02;1289
2017-07-07 12:59:05+02;1309
2017-07-07 16:04:06+02;1289
2017-07-07 16:34:06+02;1279
2017-07-07 17:34:06+02;1299
2017-07-07 18:04:06+02;1279
2017-07-07 22:34:06+02;1349
2017-07-08 07:34:06+02;1339
2017-07-08 08:29:06+02;1329
2017-07-08 10:54:06+02;1289
2017-07-08 11:34:06+02;1279
2017-07-08 12:34:06+02;1279
2017-07-08 13:24:06+02;1309
2017-07-08 14:04:06+02;1279
2017-07-08 17:04:06+02;1279
2017-07-08 17:34:06+02;1299
2017-07-08 18:04:06+02;1279
2017-07-08 19:35:06+02;1279
2017-07-08 22:35:06+02;1349
2017-07-09 08:04:06+02;1339
2017-07-09 11:04:06+02;1329
2017-07-09 11:34:06+02;1319
2017-07-09 12:05:05+02;1309
2017-07-09 12:35:06+02;1299
2017-07-09 13:35:08+02;1329
2017-07-09 14:05:06+02;1299
2017-07-09 16:05:06+02;1289
2017-07-09 18:35:06+02;1279
2017-07-09 22:35:06+02;1349
2017-07-10 07:54:06+02;1339
2017-07-10 08:29:05+02;1309
2017-07-10 08:54:06+02;1299
2017-07-10 09:54:06+02;1279
2017-07-10 10:39:06+02;1279
2017-07-10 11:35:06+02;1279
2017-07-10 11:55:06+02;1279
2017-07-10 12:59:06+02;1299
2017-07-10 16:40:07+02;1269
2017-07-10 17:29:06+02;1269
2017-07-10 18:15:06+02;1269
2017-07-10 19:05:07+02;1249
2017-07-10 22:35:06+02;1349
2017-07-11 06:24:05+02;1339
2017-07-11 07:54:06+02;1329
2017-07-11 08:24:06+02;1309
2017-07-11 08:54:06+02;1299
2017-07-11 09:24:06+02;1289
2017-07-11 10:59:06+02;1279
2017-07-11 12:19:06+02;1269
2017-07-11 12:55:06+02;1299
2017-07-11 15:09:06+02;1289
2017-07-11 16:15:06+02;1279
2017-07-11 17:35:06+02;1259
2017-07-11 18:35:06+02;1249
2017-07-11 22:35:06+02;1349
2017-07-12 06:24:06+02;1339
2017-07-12 07:54:06+02;1329
2017-07-12 09:24:06+02;1289
2017-07-12 10:39:06+02;1289
2017-07-12 13:04:06+02;1299
2017-07-12 17:05:06+02;1269
2017-07-12 17:39:05+02;1289
2017-07-12 18:25:06+02;1269
2017-07-12 22:35:06+02;1349
2017-07-13 07:09:05+02;1339
2017-07-13 11:09:06+02;1289
2017-07-13 12:14:06+02;1269
2017-07-13 13:04:06+02;1299
2017-07-13 16:34:06+02;1259
2017-07-13 17:29:05+02;1279
2017-07-13 17:55:06+02;1259
2017-07-13 22:35:06+02;1349
2017-07-14 07:55:06+02;1339
2017-07-14 08:29:06+02;1299
2017-07-14 09:25:07+02;1289
2017-07-14 09:59:05+02;1279
2017-07-14 10:44:05+02;1279
2017-07-14 11:49:06+02;1269
2017-07-14 13:14:06+02;1299
2017-07-14 14:09:06+02;1299
2017-07-14 15:09:06+02;1269
2017-07-14 17:04:06+02;1269
2017-07-14 17:35:06+02;1289
2017-07-14 18:06:06+02;1269
2017-07-14 20:05:06+02;1239
2017-07-14 22:35:06+02;1349
2017-07-15 06:05:06+02;1339
2017-07-15 08:24:06+02;1339
2017-07-15 09:24:07+02;1329
2017-07-15 10:04:06+02;1309
2017-07-15 10:25:06+02;1299
2017-07-15 11:34:06+02;1289
2017-07-15 12:54:06+02;1299
2017-07-15 15:04:06+02;1269
2017-07-15 17:04:10+02;1269
2017-07-15 17:34:06+02;1289
2017-07-15 18:04:27+02;1269
2017-07-15 22:35:06+02;1349
2017-07-16 08:35:06+02;1339
2017-07-16 09:34:06+02;1329
2017-07-16 10:34:06+02;1309
2017-07-16 11:04:06+02;1299
2017-07-16 12:34:06+02;1289
2017-07-16 13:34:06+02;1319
2017-07-16 14:04:06+02;1289
2017-07-16 15:34:06+02;1279
2017-07-16 16:04:06+02;1279
2017-07-16 17:04:06+02;1269
2017-07-16 17:35:06+02;1289
2017-07-16 18:05:06+02;1269
2017-07-16 22:35:06+02;1349
2017-07-17 08:59:06+02;1309
2017-07-17 10:24:06+02;1299
2017-07-17 10:59:06+02;1289
2017-07-17 11:54:06+02;1279
2017-07-17 12:59:06+02;1309
2017-07-17 16:49:05+02;1269
2017-07-17 17:44:05+02;1289
2017-07-17 18:24:06+02;1269
2017-07-17 22:34:06+02;1349
2017-07-18 08:35:06+02;1299
2017-07-18 08:55:06+02;1299
2017-07-18 09:29:06+02;1289
2017-07-18 10:29:06+02;1279
2017-07-18 10:55:06+02;1279
2017-07-18 11:59:06+02;1269
2017-07-18 12:59:06+02;1299
2017-07-18 15:19:18+02;1299
2017-07-18 16:35:06+02;1279
2017-07-18 17:29:06+02;1299
2017-07-18 18:09:05+02;1279
2017-07-18 22:35:06+02;1349
2017-07-19 08:55:06+02;1319
2017-07-19 09:29:05+02;1319
2017-07-19 11:35:06+02;1289
2017-07-19 12:59:05+02;1319
2017-07-19 14:29:05+02;1309
2017-07-19 14:59:06+02;1299
2017-07-19 16:14:06+02;1289
2017-07-19 16:59:08+02;1269
2017-07-19 17:29:06+02;1289
2017-07-19 17:59:05+02;1269
2017-07-19 22:34:06+02;1349
2017-07-20 08:29:05+02;1309
2017-07-20 09:25:06+02;1299
2017-07-20 09:59:07+02;1299
2017-07-20 10:59:06+02;1279
2017-07-20 12:59:06+02;1299
2017-07-20 15:59:06+02;1289
2017-07-20 16:59:05+02;1259
2017-07-20 17:19:06+02;1279
2017-07-20 18:05:06+02;1259
2017-07-20 22:35:06+02;1349
2017-07-21 06:29:05+02;1339
2017-07-21 07:55:06+02;1329
2017-07-21 08:55:06+02;1289
2017-07-21 10:09:05+02;1289
2017-07-21 11:34:06+02;1279
2017-07-21 12:14:05+02;1269
2017-07-21 12:59:06+02;1299
2017-07-21 14:35:06+02;1269
2017-07-21 16:49:06+02;1259
2017-07-21 17:29:06+02;1289
2017-07-21 18:04:06+02;1259
2017-07-21 22:35:06+02;1349
2017-07-22 02:20:07+02;1349
2017-07-22 08:20:07+02;1339
2017-07-22 10:29:06+02;1329
2017-07-22 11:19:05+02;1299
2017-07-22 12:59:05+02;1309
2017-07-22 15:14:06+02;1299
2017-07-22 16:04:06+02;1289
2017-07-22 16:24:06+02;1279
2017-07-22 17:34:06+02;1299
2017-07-22 18:04:06+02;1279
2017-07-22 18:34:05+02;1279
2017-07-22 22:34:06+02;1349
2017-07-23 10:05:06+02;1309
2017-07-23 11:35:06+02;1299
2017-07-23 13:05:06+02;1319
2017-07-23 14:05:06+02;1309
2017-07-23 15:05:06+02;1289
2017-07-23 16:05:06+02;1279
2017-07-23 17:35:06+02;1299
2017-07-23 18:05:06+02;1279
2017-07-23 22:35:06+02;1349
2017-07-24 08:09:06+02;1309
2017-07-24 09:05:06+02;1299
2017-07-24 10:09:06+02;1289
2017-07-24 10:25:06+02;1289
2017-07-24 10:59:06+02;1279
2017-07-24 12:35:06+02;1279
2017-07-24 13:19:05+02;1309
2017-07-24 13:59:05+02;1279
2017-07-24 16:29:06+02;1279
2017-07-24 17:29:06+02;1299
2017-07-24 17:54:07+02;1279
2017-07-24 18:34:05+02;1269
2017-07-24 19:34:06+02;1259
2017-07-24 20:34:06+02;1249
2017-07-24 22:35:09+02;1349
2017-07-25 08:29:05+02;1319
2017-07-25 09:39:06+02;1299
2017-07-25 10:39:20+02;1299
2017-07-25 10:55:06+02;1289
2017-07-25 12:05:17+02;1279
2017-07-25 13:05:06+02;1299
2017-07-25 14:15:06+02;1279
2017-07-25 16:24:06+02;1269
2017-07-25 17:59:06+02;1259
2017-07-25 22:34:06+02;1349
2017-07-26 08:29:06+02;1309
2017-07-26 09:09:05+02;1309
2017-07-26 09:25:06+02;1299
2017-07-26 10:29:05+02;1299
2017-07-26 10:54:06+02;1289
2017-07-26 12:09:06+02;1279
2017-07-26 12:59:06+02;1299
2017-07-26 13:59:06+02;1279
2017-07-26 14:24:06+02;1269
2017-07-26 22:35:06+02;1349
2017-07-27 07:55:06+02;1339
2017-07-27 09:15:06+02;1339
2017-07-27 09:35:06+02;1299
2017-07-27 11:05:12+02;1289
2017-07-27 11:49:06+02;1279
2017-07-27 12:55:06+02;1299
2017-07-27 14:14:06+02;1289
2017-07-27 16:24:11+02;1269
2017-07-27 17:24:20+02;1289
2017-07-27 18:19:06+02;1269
2017-07-27 19:04:07+02;1269
2017-07-27 22:34:06+02;1349
2017-07-28 08:24:06+02;1309
2017-07-28 09:29:06+02;1299
2017-07-28 09:54:06+02;1299
2017-07-28 11:44:08+02;1299
2017-07-28 11:50:05+02;1289
2017-07-28 12:01:12+02;1289
2017-07-28 12:29:06+02;1269
2017-07-28 12:54:05+02;1299
2017-07-28 14:29:05+02;1279
2017-07-28 15:59:05+02;1279
2017-07-28 16:29:05+02;1269
2017-07-28 17:29:05+02;1289
2017-07-28 17:55:05+02;1269
2017-07-28 18:35:06+02;1259
2017-07-28 19:35:05+02;1249
2017-07-28 20:35:05+02;1239
2017-07-28 22:35:06+02;1349
2017-07-29 06:35:06+02;1339
2017-07-29 08:09:05+02;1309
2017-07-29 08:55:06+02;1309
2017-07-29 10:35:05+02;1289
2017-07-29 13:55:06+02;1289
2017-07-29 15:05:06+02;1259
2017-07-29 16:05:07+02;1249
2017-07-29 17:05:06+02;1239
2017-07-29 17:35:05+02;1259
2017-07-29 18:05:05+02;1239
2017-07-29 19:05:06+02;1239
2017-07-29 22:35:06+02;1349
2017-07-30 07:05:05+02;1339
2017-07-30 08:04:17+02;1309
2017-07-30 11:34:06+02;1289
2017-07-30 12:04:06+02;1279
2017-07-30 12:34:05+02;1279
2017-07-30 13:34:05+02;1309
2017-07-30 14:05:06+02;1279
2017-07-30 15:05:06+02;1269
2017-07-30 16:05:07+02;1269
2017-07-30 17:35:06+02;1289
2017-07-30 18:05:06+02;1269
2017-07-30 22:35:06+02;1349
2017-07-31 08:59:05+02;1279
2017-07-31 09:24:06+02;1269
2017-07-31 12:54:06+02;1289
2017-07-31 13:59:05+02;1279
2017-07-31 15:10:06+02;1279
2017-07-31 17:05:06+02;1269
2017-07-31 17:45:07+02;1289
2017-07-31 18:15:06+02;1269
2017-07-31 22:35:06+02;1349
2017-08-01 09:09:06+02;1289
2017-08-01 10:29:05+02;1279
2017-08-01 11:29:06+02;1269
2017-08-01 12:59:06+02;1289
2017-08-01 13:59:05+02;1279
2017-08-01 17:29:06+02;1299
2017-08-01 18:09:06+02;1279
2017-08-01 22:39:06+02;1349
2017-08-02 06:29:05+02;1299
2017-08-02 08:39:05+02;1289
2017-08-02 13:04:06+02;1319
2017-08-02 14:04:06+02;1299
2017-08-02 14:59:06+02;1299
2017-08-02 16:59:06+02;1289
2017-08-02 17:29:06+02;1309
2017-08-02 17:59:05+02;1289
2017-08-02 22:35:06+02;1349
2017-08-03 07:39:05+02;1309
2017-08-03 08:39:05+02;1309
2017-08-03 10:05:06+02;1299
2017-08-03 11:34:06+02;1289
2017-08-03 12:09:06+02;1279
2017-08-03 13:09:06+02;1309
2017-08-03 14:25:06+02;1289
2017-08-03 15:29:06+02;1279
2017-08-03 17:30:09+02;1299
2017-08-03 17:59:06+02;1279
2017-08-03 18:34:06+02;1279
2017-08-03 22:34:06+02;1349
2017-08-04 07:59:06+02;1289
2017-08-04 08:29:06+02;1279
2017-08-04 13:04:06+02;1309
2017-08-04 14:24:05+02;1289
2017-08-04 16:19:06+02;1289
2017-08-04 22:35:06+02;1369
2017-08-05 06:34:05+02;1349
2017-08-05 08:54:11+02;1319
2017-08-05 09:29:12+02;1319
2017-08-05 10:59:05+02;1309
2017-08-05 12:05:08+02;1299
2017-08-05 12:59:16+02;1329
2017-08-05 14:19:06+02;1309
2017-08-05 22:35:05+02;1369
2017-08-06 07:04:05+02;1349
2017-08-06 08:34:05+02;1339
2017-08-06 09:34:05+02;1329
2017-08-06 11:04:05+02;1319
2017-08-06 11:35:06+02;1309
2017-08-06 12:35:06+02;1299
2017-08-06 13:35:05+02;1329
2017-08-06 14:05:06+02;1299
2017-08-06 17:35:06+02;1319
2017-08-06 18:05:06+02;1299
2017-08-06 19:35:06+02;1289
2017-08-06 22:35:06+02;1369
2017-08-07 06:59:05+02;1359
2017-08-07 08:29:16+02;1329
2017-08-07 09:04:05+02;1319
2017-08-07 09:24:06+02;1309
2017-08-07 11:09:05+02;1299
2017-08-07 12:05:06+02;1289
2017-08-07 13:00:06+02;1319
2017-08-07 14:00:06+02;1299
2017-08-07 15:45:06+02;1299
2017-08-07 16:35:06+02;1289
2017-08-07 17:35:06+02;1299
2017-08-07 17:55:09+02;1289
2017-08-07 18:35:06+02;1289
2017-08-07 22:35:06+02;1369
2017-08-08 07:54:05+02;1359
2017-08-08 08:34:05+02;1329
2017-08-08 09:09:06+02;1319
2017-08-08 10:14:06+02;1309
2017-08-08 10:29:05+02;1309
2017-08-08 10:54:06+02;1299
2017-08-08 11:59:05+02;1289
2017-08-08 12:59:05+02;1319
2017-08-08 14:35:06+02;1299
2017-08-08 15:29:05+02;1299
2017-08-08 16:29:06+02;1289
2017-08-08 17:29:12+02;1309
2017-08-08 18:09:06+02;1289
2017-08-08 22:35:06+02;1369
2017-08-09 07:09:06+02;1359
2017-08-09 08:29:05+02;1329
2017-08-09 09:59:05+02;1309
2017-08-09 12:55:05+02;1329
2017-08-09 14:29:06+02;1309
2017-08-09 18:35:06+02;1299
2017-08-09 19:35:06+02;1289
2017-08-09 20:05:06+02;1289
2017-08-09 22:35:06+02;1369
2017-08-10 07:54:06+02;1329
2017-08-10 08:24:06+02;1329
2017-08-10 09:29:05+02;1319
2017-08-10 10:04:06+02;1309
2017-08-10 11:15:06+02;1299
2017-08-10 11:45:07+02;1289
2017-08-10 13:09:05+02;1319
2017-08-10 14:25:06+02;1289
2017-08-10 17:29:05+02;1309
2017-08-10 18:15:06+02;1289
2017-08-10 22:35:06+02;1369
2017-08-11 08:34:06+02;1329
2017-08-11 09:29:05+02;1319
2017-08-11 09:54:06+02;1319
2017-08-11 10:24:06+02;1309
2017-08-11 10:59:05+02;1299
2017-08-11 12:15:06+02;1289
2017-08-11 13:15:06+02;1319
2017-08-11 14:09:05+02;1289
2017-08-11 17:05:06+02;1279
2017-08-11 17:29:14+02;1309
2017-08-11 17:59:05+02;1279
2017-08-11 22:35:06+02;1369
2017-08-12 07:04:05+02;1359
2017-08-12 08:24:06+02;1329
2017-08-12 09:24:06+02;1319
2017-08-12 10:29:05+02;1309
2017-08-12 11:29:05+02;1299
2017-08-12 12:55:06+02;1319
2017-08-12 13:55:06+02;1309
2017-08-12 16:05:06+02;1299
2017-08-12 16:35:06+02;1289
2017-08-12 17:35:06+02;1309
2017-08-12 18:05:05+02;1289
2017-08-12 22:35:06+02;1369
2017-08-13 07:05:06+02;1359
2017-08-13 10:04:06+02;1349
2017-08-13 12:05:06+02;1319
2017-08-13 13:05:06+02;1349
2017-08-13 14:05:06+02;1319
2017-08-13 15:05:06+02;1309
2017-08-13 16:05:06+02;1299
2017-08-13 16:35:06+02;1289
2017-08-13 17:35:06+02;1309
2017-08-13 18:05:06+02;1289
2017-08-13 20:05:06+02;1289
2017-08-13 22:35:06+02;1369
2017-08-14 07:09:06+02;1359
2017-08-14 08:04:05+02;1319
2017-08-14 09:44:06+02;1309
2017-08-14 10:29:05+02;1289
2017-08-14 11:09:06+02;1289
2017-08-14 12:16:05+02;1289
2017-08-14 13:05:06+02;1319
2017-08-14 14:09:06+02;1299
2017-08-14 15:25:06+02;1289
2017-08-14 17:25:06+02;1309
2017-08-14 17:55:06+02;1289
2017-08-14 22:35:06+02;1369
2017-08-15 08:14:06+02;1329
2017-08-15 09:09:06+02;1319
2017-08-15 09:39:06+02;1309
2017-08-15 10:29:06+02;1309
2017-08-15 12:15:06+02;1299
2017-08-15 12:59:05+02;1319
2017-08-15 14:09:06+02;1309
2017-08-15 16:15:06+02;1299
2017-08-15 16:35:06+02;1289
2017-08-15 17:25:06+02;1309
2017-08-15 18:25:06+02;1289
2017-08-15 22:35:06+02;1369
2017-08-16 08:04:06+02;1329
2017-08-16 08:24:05+02;1329
2017-08-16 08:54:06+02;1319
2017-08-16 09:34:06+02;1309
2017-08-16 10:54:06+02;1299
2017-08-16 12:59:05+02;1319
2017-08-16 14:04:06+02;1309
2017-08-16 16:19:05+02;1289
2017-08-16 16:59:05+02;1279
2017-08-16 17:39:06+02;1299
2017-08-16 18:05:06+02;1279
2017-08-16 20:05:06+02;1269
2017-08-16 22:35:06+02;1369
2017-08-17 06:25:06+02;1359
2017-08-17 07:49:05+02;1349
2017-08-17 09:24:06+02;1309
2017-08-17 10:34:05+02;1309
2017-08-17 11:54:06+02;1299
2017-08-17 13:09:06+02;1329
2017-08-17 14:14:05+02;1319
2017-08-17 14:59:07+02;1309
2017-08-17 15:45:14+02;1309
2017-08-17 17:10:11+02;1279
2017-08-17 17:39:09+02;1299
2017-08-17 18:19:08+02;1279
2017-08-17 20:05:09+02;1269
2017-08-17 22:35:09+02;1369
2017-08-18 06:34:07+02;1359
2017-08-18 07:54:15+02;1349
2017-08-18 08:24:08+02;1339
2017-08-18 09:14:09+02;1329
2017-08-18 10:39:10+02;1319
2017-08-18 11:24:11+02;1309
2017-08-18 12:29:08+02;1299
2017-08-18 12:59:08+02;1319
2017-08-18 13:59:08+02;1299
2017-08-18 14:54:11+02;1299
2017-08-18 17:04:10+02;1279
2017-08-18 17:24:12+02;1299
2017-08-18 17:59:11+02;1289
2017-08-18 18:34:12+02;1279
2017-08-18 22:34:08+02;1369
2017-08-19 08:19:09+02;1359
2017-08-19 10:04:08+02;1319
2017-08-19 10:29:07+02;1309
2017-08-19 10:34:09+02;1299
2017-08-19 13:29:09+02;1329
2017-08-19 14:04:08+02;1299
2017-08-19 16:35:08+02;1289
2017-08-19 17:05:08+02;1279
2017-08-19 17:35:10+02;1299
2017-08-19 18:04:09+02;1279
2017-08-19 22:35:08+02;1369
2017-08-20 10:34:08+02;1319
2017-08-20 11:04:10+02;1309
2017-08-20 12:04:10+02;1299
2017-08-20 12:34:09+02;1289
2017-08-20 14:35:10+02;1279
2017-08-20 17:35:10+02;1299
2017-08-20 18:05:12+02;1279
2017-08-20 22:34:08+02;1369
2017-08-21 08:04:09+02;1359
2017-08-21 08:59:17+02;1349
2017-08-21 10:09:16+02;1299
2017-08-21 12:04:12+02;1279
2017-08-21 12:54:13+02;1309
2017-08-21 15:55:13+02;1299
2017-08-21 16:25:13+02;1289
2017-08-21 16:59:12+02;1279
2017-08-21 17:25:16+02;1299
2017-08-21 18:35:12+02;1279
2017-08-21 20:05:14+02;1269
2017-08-21 22:35:10+02;1369
2017-08-22 06:29:07+02;1359
2017-08-22 07:59:08+02;1319
2017-08-22 09:09:10+02;1309
2017-08-22 09:29:10+02;1299
2017-08-22 10:24:12+02;1299
2017-08-22 10:59:25+02;1289
2017-08-22 12:54:15+02;1309
2017-08-22 16:24:19+02;1279
2017-08-22 17:25:11+02;1299
2017-08-22 18:35:12+02;1279
2017-08-22 22:35:10+02;1369
2017-08-23 06:29:07+02;1359
2017-08-23 07:59:08+02;1349
2017-08-23 08:49:08+02;1319
2017-08-23 09:59:08+02;1309
2017-08-23 11:04:13+02;1309
2017-08-23 11:34:14+02;1299
2017-08-23 11:54:11+02;1289
2017-08-23 12:54:13+02;1309
2017-08-23 17:25:11+02;1309
2017-08-23 18:35:09+02;1289
2017-08-23 22:35:09+02;1369
2017-08-24 03:33:06+02;1369
2017-08-24 06:39:07+02;1359
2017-08-24 07:59:05+02;1319
2017-08-24 08:29:05+02;1309
2017-08-24 10:04:06+02;1309
2017-08-24 10:29:05+02;1309
2017-08-24 10:59:08+02;1299
2017-08-24 11:29:06+02;1289
2017-08-24 12:09:06+02;1289
2017-08-24 12:54:06+02;1309
2017-08-24 16:00:07+02;1289
2017-08-24 16:55:06+02;1279
2017-08-24 17:25:06+02;1299
2017-08-24 18:35:06+02;1279
2017-08-24 22:35:06+02;1369
2017-08-25 07:29:05+02;1359
2017-08-25 07:59:05+02;1319
2017-08-25 08:59:05+02;1309
2017-08-25 10:14:06+02;1309
2017-08-25 10:59:05+02;1299
2017-08-25 11:59:06+02;1299
2017-08-25 12:59:05+02;1319
2017-08-25 13:59:05+02;1309
2017-08-25 15:59:06+02;1289
2017-08-25 16:55:06+02;1279
2017-08-26 06:04:13+02;1369
2017-08-26 08:39:05+02;1339
2017-08-26 09:24:06+02;1329
2017-08-26 10:29:06+02;1309
2017-08-26 10:54:05+02;1299
2017-08-26 11:59:05+02;1289
2017-08-26 13:04:05+02;1319
2017-08-26 14:55:06+02;1289
2017-08-26 17:35:06+02;1309
2017-08-26 18:05:06+02;1289
2017-08-27 07:04:05+02;1379
2017-08-27 07:34:06+02;1289
2017-08-27 13:34:05+02;1319
2017-08-27 14:04:05+02;1289
2017-08-27 17:35:06+02;1309
2017-08-27 18:05:06+02;1289
2017-08-28 06:04:05+02;1379
2017-08-28 06:39:06+02;1369
2017-08-28 07:39:05+02;1359
2017-08-28 07:59:10+02;1349
2017-08-28 08:34:07+02;1319
2017-08-28 09:54:06+02;1309
2017-08-28 10:24:06+02;1309
2017-08-28 10:59:06+02;1299
2017-08-28 13:04:06+02;1319
2017-08-28 14:29:05+02;1309
2017-08-28 16:25:06+02;1279
2017-08-28 17:25:06+02;1299
2017-08-28 19:50:06+02;1279
2017-08-28 20:05:06+02;1279
2017-08-28 22:40:06+02;1369
2017-08-29 07:59:06+02;1319
2017-08-29 08:54:05+02;1309
2017-08-29 09:34:06+02;1299
2017-08-29 10:29:06+02;1299
2017-08-29 11:24:06+02;1299
2017-08-29 12:59:05+02;1329
2017-08-29 15:55:06+02;1309
2017-08-29 16:25:06+02;1299
2017-08-29 16:55:06+02;1289
2017-08-29 17:29:05+02;1309
2017-08-29 18:35:06+02;1289
2017-08-29 22:35:06+02;1389
2017-08-30 06:09:08+02;1379
2017-08-30 07:09:06+02;1369
2017-08-30 07:29:06+02;1359
2017-08-30 08:04:06+02;1339
2017-08-30 09:09:06+02;1329
2017-08-30 09:59:05+02;1319
2017-08-30 11:09:05+02;1309
2017-08-30 12:59:05+02;1329
2017-08-30 14:55:06+02;1319
2017-08-30 15:59:06+02;1319
2017-08-30 16:29:05+02;1309
2017-08-30 17:29:06+02;1319
2017-08-30 18:55:06+02;1299
2017-08-30 22:35:06+02;1389
2017-08-31 06:14:05+02;1379
2017-08-31 08:29:06+02;1329
2017-08-31 09:34:13+02;1319
2017-08-31 10:34:07+02;1309
2017-08-31 11:34:06+02;1299
2017-08-31 12:54:06+02;1329
2017-08-31 15:59:06+02;1309
2017-08-31 16:40:07+02;1299
2017-08-31 17:30:07+02;1319
2017-08-31 18:30:08+02;1299
2017-08-31 22:35:06+02;1389
2017-09-01 06:09:05+02;1379
2017-09-01 06:59:05+02;1369
2017-09-01 07:39:06+02;1369
2017-09-01 08:49:06+02;1369
2017-09-01 10:19:07+02;1319
2017-09-01 11:59:05+02;1319
2017-09-01 12:59:06+02;1329
2017-09-01 16:29:06+02;1319
2017-09-01 22:35:06+02;1389
2017-09-02 09:29:06+02;1389
2017-09-02 10:34:06+02;1339
2017-09-02 10:54:06+02;1339
2017-09-02 11:29:06+02;1329
2017-09-02 12:54:06+02;1359
2017-09-02 15:04:06+02;1329
2017-09-02 17:35:06+02;1349
2017-09-02 18:05:06+02;1329
2017-09-02 22:35:06+02;1389
2017-09-03 07:04:06+02;1389
2017-09-03 08:04:06+02;1369
2017-09-03 10:04:05+02;1359
2017-09-03 11:04:06+02;1329
2017-09-03 11:34:06+02;1329
2017-09-03 13:34:06+02;1359
2017-09-03 14:04:05+02;1329
2017-09-03 17:35:06+02;1349
2017-09-03 18:05:06+02;1329
2017-09-03 22:35:06+02;1389
2017-09-04 08:29:06+02;1359
2017-09-04 09:05:06+02;1359
2017-09-04 09:34:07+02;1349
2017-09-04 10:09:06+02;1339
2017-09-04 10:54:06+02;1339
2017-09-04 11:24:05+02;1329
2017-09-04 12:54:06+02;1349
2017-09-04 15:54:06+02;1349
2017-09-04 16:24:06+02;1319
2017-09-04 17:24:06+02;1339
2017-09-04 18:24:06+02;1319
2017-09-04 20:05:06+02;1319
2017-09-04 22:35:06+02;1389
2017-09-05 07:55:06+02;1369
2017-09-05 08:25:06+02;1359
2017-09-05 08:59:06+02;1349
2017-09-05 09:55:06+02;1339
2017-09-05 10:39:06+02;1329
2017-09-05 11:25:06+02;1329
2017-09-05 12:59:06+02;1359
2017-09-05 13:59:06+02;1349
2017-09-05 14:59:05+02;1329
2017-09-05 15:24:06+02;1319
2017-09-05 16:29:06+02;1319
2017-09-05 17:04:06+02;1319
2017-09-05 17:29:06+02;1339
2017-09-05 18:24:06+02;1319
2017-09-05 22:35:06+02;1389
2017-09-06 07:54:06+02;1379
2017-09-06 08:25:06+02;1309
2017-09-06 08:55:06+02;1309
2017-09-06 10:09:06+02;1309
2017-09-06 10:24:06+02;1309
2017-09-06 12:55:06+02;1339
2017-09-06 14:59:05+02;1339
2017-09-06 15:29:06+02;1339
2017-09-06 15:55:06+02;1329
2017-09-06 16:39:06+02;1319
2017-09-06 17:35:07+02;1339
2017-09-06 17:59:06+02;1319
2017-09-06 18:25:06+02;1309
2017-09-06 20:05:06+02;1299
2017-09-06 22:35:06+02;1389
2017-09-07 08:05:06+02;1359
2017-09-07 08:39:06+02;1349
2017-09-07 09:29:05+02;1339
2017-09-07 10:05:06+02;1329
2017-09-07 10:34:07+02;1329
2017-09-07 12:14:06+02;1319
2017-09-07 12:54:06+02;1339
2017-09-07 14:39:05+02;1329
2017-09-07 14:59:06+02;1319
2017-09-07 17:29:06+02;1339
2017-09-07 18:29:06+02;1319
2017-09-07 22:36:21+02;1389
2017-09-08 08:19:06+02;1379
2017-09-08 08:59:06+02;1369
2017-09-08 09:39:07+02;1329
2017-09-08 09:59:05+02;1319
2017-09-08 10:29:05+02;1319
2017-09-08 13:04:06+02;1349
2017-09-08 15:59:05+02;1339
2017-09-08 16:54:06+02;1319
2017-09-08 17:24:06+02;1339
2017-09-08 18:34:06+02;1319
2017-09-08 19:34:06+02;1319
2017-09-08 22:35:06+02;1389
2017-09-09 07:35:06+02;1329
2017-09-09 10:09:05+02;1319
2017-09-09 13:35:06+02;1349
2017-09-09 14:05:06+02;1319
2017-09-09 17:35:05+02;1339
2017-09-09 18:05:06+02;1319
2017-09-09 22:35:05+02;1389
2017-09-10 08:05:06+02;1359
2017-09-10 08:34:24+02;1349
2017-09-10 10:35:06+02;1329
2017-09-10 13:34:06+02;1359
2017-09-10 14:04:05+02;1329
2017-09-10 16:04:06+02;1319
2017-09-10 17:34:05+02;1339
2017-09-10 18:04:06+02;1319
2017-09-10 22:35:06+02;1389
2017-09-11 08:44:06+02;1349
2017-09-11 09:09:06+02;1339
2017-09-11 10:34:07+02;1339
2017-09-11 10:54:06+02;1329
2017-09-11 11:59:06+02;1319
2017-09-11 12:55:06+02;1349
2017-09-11 15:55:06+02;1329
2017-09-11 16:56:06+02;1319
2017-09-11 17:29:59+02;1339
2017-09-11 18:25:07+02;1319
2017-09-11 22:35:06+02;1389
2017-09-12 07:59:05+02;1379
2017-09-12 09:09:06+02;1339
2017-09-12 10:04:06+02;1329
2017-09-12 10:24:06+02;1319
2017-09-12 11:24:06+02;1319
2017-09-12 12:54:06+02;1349
2017-09-12 15:59:05+02;1309
2017-09-12 17:24:06+02;1329
2017-09-12 18:25:06+02;1309
2017-09-12 22:35:06+02;1389
2017-09-13 08:35:06+02;1349
2017-09-13 08:59:05+02;1339
2017-09-13 09:35:06+02;1329
2017-09-13 10:29:05+02;1329
2017-09-13 11:05:06+02;1319
2017-09-13 12:54:06+02;1339
2017-09-13 16:29:05+02;1309
2017-09-13 17:24:06+02;1329
2017-09-13 18:29:06+02;1309
2017-09-13 22:35:06+02;1389
2017-09-14 08:49:05+02;1389
2017-09-14 09:34:06+02;1319
2017-09-14 10:59:06+02;1309
2017-09-14 12:55:06+02;1339
2017-09-14 16:29:06+02;1309
2017-09-14 17:30:07+02;1329
2017-09-14 18:35:06+02;1309
2017-09-14 22:35:06+02;1389
2017-09-15 08:29:06+02;1339
2017-09-15 08:59:06+02;1329
2017-09-15 09:59:06+02;1319
2017-09-15 10:34:06+02;1319
2017-09-15 11:09:06+02;1309
2017-09-15 12:54:06+02;1339
2017-09-15 14:25:06+02;1309
2017-09-15 17:25:06+02;1329
2017-09-15 18:29:05+02;1309
2017-09-15 22:35:06+02;1389
2017-09-16 07:04:06+02;1369
2017-09-16 07:34:05+02;1389
2017-09-16 08:14:06+02;1349
2017-09-16 09:24:06+02;1319
2017-09-16 11:04:08+02;1319
2017-09-16 13:09:05+02;1349
2017-09-16 15:00:06+02;1329
2017-09-16 15:34:06+02;1319
2017-09-16 17:05:06+02;1309
2017-09-16 17:35:06+02;1329
2017-09-16 18:05:06+02;1309
2017-09-16 22:35:06+02;1389
2017-09-17 09:35:06+02;1319
2017-09-17 13:34:06+02;1349
2017-09-17 14:04:06+02;1319
2017-09-17 15:35:06+02;1309
2017-09-17 17:35:06+02;1329
2017-09-17 18:05:06+02;1309
2017-09-17 19:35:06+02;1299
2017-09-17 22:35:06+02;1389
2017-09-18 06:59:06+02;1379
2017-09-18 07:29:05+02;1369
2017-09-18 08:39:05+02;1349
2017-09-18 09:59:05+02;1329
2017-09-18 10:25:06+02;1319
2017-09-18 11:04:07+02;1309
2017-09-18 12:59:05+02;1339
2017-09-18 15:59:06+02;1299
2017-09-18 17:29:06+02;1319
2017-09-18 18:35:06+02;1299
2017-09-18 22:35:07+02;1389
2017-09-19 07:35:06+02;1379
2017-09-19 08:05:06+02;1349
2017-09-19 08:59:06+02;1319
2017-09-19 10:14:06+02;1309
2017-09-19 10:29:06+02;1309
2017-09-19 12:59:06+02;1339
2017-09-19 15:24:06+02;1329
2017-09-19 15:54:06+02;1309
2017-09-19 17:24:20+02;1329
2017-09-19 18:24:06+02;1319
2017-09-19 20:04:06+02;1309
2017-09-19 22:35:06+02;1389
2017-09-19 23:16:20+02;1389
2017-09-20 07:09:06+02;1379
2017-09-20 08:59:05+02;1319
2017-09-20 10:34:07+02;1309
2017-09-20 11:24:06+02;1299
2017-09-20 12:54:06+02;1329
2017-09-20 16:05:06+02;1299
2017-09-20 17:29:06+02;1319
2017-09-20 18:25:07+02;1309
2017-09-20 20:05:06+02;1299
2017-09-20 22:35:06+02;1389
2017-09-21 07:35:06+02;1379
2017-09-21 08:19:06+02;1339
2017-09-21 10:04:06+02;1319
2017-09-21 10:24:06+02;1309
2017-09-21 11:24:09+02;1289
2017-09-21 12:54:05+02;1319
2017-09-21 15:54:05+02;1309
2017-09-21 16:29:06+02;1299
2017-09-21 17:24:05+02;1319
2017-09-21 17:54:05+02;1319
2017-09-21 18:24:05+02;1299
2017-09-21 22:35:06+02;1389
