2014-06-08 09:50:01+02;1589
2014-06-08 11:10:01+02;1579
2014-06-09 00:02:01+02;1669
2014-06-09 00:50:01+02;1669
2014-06-09 04:42:01+02;1639
2014-06-09 06:30:01+02;1599
2014-06-09 15:58:01+02;1679
2014-06-09 23:42:01+02;1669
2014-06-10 02:50:01+02;1639
2014-06-10 03:10:01+02;1609
2014-06-10 06:18:01+02;1599
2014-06-10 08:54:01+02;1589
2014-06-10 09:42:01+02;1559
2014-06-10 15:30:01+02;1679
2014-06-11 03:18:01+02;1639
2014-06-11 03:30:01+02;1609
2014-06-11 09:58:01+02;1609
2014-06-11 15:30:01+02;1689
2014-06-11 23:50:01+02;1669
2014-06-12 02:18:01+02;1669
2014-06-12 02:30:01+02;1639
2014-06-12 03:10:01+02;1629
2014-06-12 05:30:01+02;1599
2014-06-12 06:42:01+02;1599
2014-06-12 07:42:01+02;1569
2014-06-12 15:30:01+02;1699
2014-06-13 00:42:01+02;1669
2014-06-13 02:58:01+02;1629
2014-06-13 05:50:01+02;1609
2014-06-13 07:38:01+02;1589
2014-06-13 08:50:01+02;1579
2014-06-13 15:30:01+02;1709
2014-06-14 00:38:01+02;1659
2014-06-14 04:02:01+02;1639
2014-06-14 04:58:01+02;1609
2014-06-14 08:38:01+02;1589
2014-06-14 15:58:01+02;1679
2014-06-15 00:42:01+02;1669
2014-06-15 05:42:01+02;1619
2014-06-15 06:10:01+02;1609
2014-06-15 08:50:01+02;1589
2014-06-15 15:58:01+02;1679
2014-06-16 00:50:01+02;1669
2014-06-16 07:34:01+02;1619
2014-06-16 08:10:01+02;1589
2014-06-16 15:30:01+02;1709
2014-06-17 00:10:01+02;1669
2014-06-17 00:58:01+02;1669
2014-06-17 10:02:01+02;1609
2014-06-17 10:30:01+02;1589
2014-06-17 11:22:01+02;1569
2014-06-17 15:30:01+02;1699
2014-06-17 23:58:01+02;1669
2014-06-18 04:10:01+02;1629
2014-06-18 05:30:01+02;1619
2014-06-18 06:38:01+02;1609
2014-06-18 11:14:01+02;1579
2014-06-18 15:30:01+02;1709
2014-06-19 04:54:01+02;1669
2014-06-19 05:10:01+02;1649
2014-06-19 05:50:01+02;1619
2014-06-19 10:06:01+02;1609
2014-06-19 10:14:01+02;1589
2014-06-19 15:30:01+02;1719
2014-06-19 23:22:01+02;1679
2014-06-20 03:54:01+02;1649
2014-06-20 04:14:01+02;1649
2014-06-20 05:54:01+02;1609
2014-06-20 15:30:01+02;1719
2014-06-21 00:38:01+02;1679
2014-06-21 05:02:01+02;1659
2014-06-21 07:14:01+02;1629
2014-06-21 07:30:01+02;1619
2014-06-21 11:14:01+02;1589
2014-06-21 15:58:01+02;1679
2014-06-22 03:58:01+02;1619
2014-06-22 09:30:01+02;1589
2014-06-22 15:58:01+02;1679
2014-06-23 03:38:01+02;1649
2014-06-23 05:22:01+02;1629
2014-06-23 07:18:01+02;1619
2014-06-23 08:18:01+02;1619
2014-06-23 09:58:01+02;1589
2014-06-23 15:30:01+02;1709
2014-06-23 23:38:01+02;1679
2014-06-24 04:14:01+02;1639
2014-06-24 04:38:01+02;1639
2014-06-24 06:10:01+02;1619
2014-06-24 08:38:01+02;1619
2014-06-24 09:58:01+02;1589
2014-06-24 10:42:01+02;1589
2014-06-24 15:30:01+02;1709
2014-06-24 23:54:01+02;1679
2014-06-25 03:22:01+02;1649
2014-06-25 05:22:01+02;1639
2014-06-25 06:14:01+02;1629
2014-06-25 07:58:01+02;1599
2014-06-25 08:30:01+02;1599
2014-06-25 10:42:01+02;1599
2014-06-25 12:14:01+02;1589
2014-06-25 15:30:01+02;1709
2014-06-25 23:54:01+02;1679
2014-06-26 03:14:01+02;1649
2014-06-26 05:10:01+02;1629
2014-06-26 07:26:01+02;1619
2014-06-26 09:02:01+02;1609
2014-06-26 09:42:01+02;1589
2014-06-26 10:54:01+02;1579
2014-06-26 15:30:01+02;1699
2014-06-27 00:10:01+02;1679
2014-06-27 04:34:01+02;1649
2014-06-27 05:50:01+02;1629
2014-06-27 07:38:01+02;1599
2014-06-27 08:14:01+02;1599
2014-06-27 08:26:01+02;1589
2014-06-27 10:54:01+02;1579
2014-06-27 11:30:01+02;1579
2014-06-27 15:30:01+02;1709
2014-06-28 00:58:01+02;1679
2014-06-28 05:50:01+02;1669
2014-06-28 08:46:01+02;1609
2014-06-28 10:06:01+02;1579
2014-06-28 16:02:01+02;1669
2014-06-29 05:14:01+02;1629
2014-06-29 08:14:01+02;1599
2014-06-29 09:22:01+02;1589
2014-06-29 15:58:01+02;1679
2014-06-30 00:30:01+02;1679
2014-06-30 06:06:01+02;1619
2014-06-30 08:14:01+02;1609
2014-06-30 08:38:01+02;1579
2014-06-30 11:30:01+02;1579
2014-06-30 15:30:01+02;1709
2014-06-30 23:38:01+02;1679
2014-07-01 02:14:01+02;1649
2014-07-01 04:10:01+02;1649
2014-07-01 05:10:01+02;1629
2014-07-01 07:46:01+02;1609
2014-07-01 08:50:01+02;1589
2014-07-01 12:10:01+02;1579
2014-07-01 15:30:01+02;1709
2014-07-02 00:18:01+02;1679
2014-07-02 03:46:01+02;1669
2014-07-02 03:58:01+02;1639
2014-07-02 04:54:01+02;1619
2014-07-02 06:46:01+02;1619
2014-07-02 07:10:01+02;1589
2014-07-02 10:14:01+02;1579
2014-07-02 15:30:01+02;1709
2014-07-02 23:58:01+02;1669
2014-07-03 01:34:01+02;1639
2014-07-03 04:30:01+02;1619
2014-07-03 08:30:01+02;1589
2014-07-03 11:06:01+02;1579
2014-07-03 15:30:01+02;1709
2014-07-03 23:58:01+02;1669
2014-07-04 06:10:01+02;1669
2014-07-04 06:18:01+02;1629
2014-07-04 06:50:01+02;1629
2014-07-04 07:46:01+02;1619
2014-07-04 08:18:01+02;1599
2014-07-04 09:30:01+02;1589
2014-07-04 11:26:01+02;1579
2014-07-04 15:30:01+02;1699
2014-07-05 00:50:01+02;1669
2014-07-05 05:06:01+02;1649
2014-07-05 07:30:01+02;1619
2014-07-05 08:14:01+02;1589
2014-07-05 15:58:01+02;1679
2014-07-05 23:50:01+02;1679
2014-07-06 00:50:01+02;1669
2014-07-06 04:58:01+02;1639
2014-07-06 09:30:01+02;1639
2014-07-06 15:58:01+02;1709
2014-07-06 23:34:01+02;1699
2014-07-07 00:46:01+02;1699
2014-07-07 04:18:01+02;1639
2014-07-07 05:58:01+02;1609
2014-07-07 06:50:01+02;1599
2014-07-07 08:54:01+02;1589
2014-07-07 15:30:01+02;1709
2014-07-08 02:34:01+02;1669
2014-07-08 03:14:01+02;1639
2014-07-08 03:58:01+02;1619
2014-07-08 05:30:01+02;1589
2014-07-08 15:30:01+02;1709
2014-07-09 00:14:01+02;1669
2014-07-09 02:38:01+02;1639
2014-07-09 03:38:01+02;1629
2014-07-09 04:06:01+02;1619
2014-07-09 05:30:01+02;1609
2014-07-09 07:18:01+02;1589
2014-07-09 15:30:01+02;1709
2014-07-09 23:50:01+02;1669
2014-07-10 03:14:01+02;1639
2014-07-10 03:54:01+02;1629
2014-07-10 06:26:01+02;1619
2014-07-10 07:50:01+02;1589
2014-07-10 09:38:01+02;1579
2014-07-10 15:30:01+02;1699
2014-07-10 23:38:01+02;1669
2014-07-11 02:30:01+02;1639
2014-07-11 03:06:01+02;1639
2014-07-11 05:46:01+02;1589
2014-07-11 07:18:01+02;1579
2014-07-11 09:38:01+02;1579
2014-07-11 15:30:01+02;1709
2014-07-12 00:38:01+02;1659
2014-07-12 03:10:01+02;1619
2014-07-12 04:54:01+02;1589
2014-07-12 16:02:01+02;1679
2014-07-12 23:38:01+02;1679
2014-07-13 00:38:01+02;1659
2014-07-13 03:50:01+02;1619
2014-07-13 15:58:01+02;1709
2014-07-13 23:30:01+02;1659
2014-07-14 03:30:01+02;1629
2014-07-14 04:26:01+02;1609
2014-07-14 06:38:01+02;1589
2014-07-14 15:30:01+02;1709
2014-07-14 23:38:01+02;1649
2014-07-15 02:58:01+02;1629
2014-07-15 03:54:01+02;1619
2014-07-15 05:50:01+02;1609
2014-07-15 07:14:01+02;1579
2014-07-15 15:30:01+02;1699
2014-07-15 23:38:01+02;1699
2014-07-16 00:10:01+02;1649
2014-07-16 02:26:01+02;1619
2014-07-16 03:58:01+02;1609
2014-07-16 06:34:01+02;1579
2014-07-16 15:30:01+02;1699
2014-07-16 23:38:01+02;1659
2014-07-17 00:38:01+02;1649
2014-07-17 01:46:01+02;1619
2014-07-17 04:30:01+02;1609
2014-07-17 06:30:01+02;1579
2014-07-17 07:26:01+02;1569
2014-07-17 09:58:01+02;1559
2014-07-17 15:30:01+02;1689
2014-07-17 23:38:01+02;1669
2014-07-17 23:50:01+02;1649
2014-07-18 03:50:01+02;1619
2014-07-18 05:10:01+02;1609
2014-07-18 07:14:01+02;1609
2014-07-18 07:34:01+02;1579
2014-07-18 08:26:01+02;1549
2014-07-18 15:30:01+02;1679
2014-07-18 23:50:01+02;1669
2014-07-19 00:38:01+02;1639
2014-07-19 03:18:01+02;1579
2014-07-19 04:34:01+02;1549
2014-07-19 15:58:01+02;1639
2014-07-20 00:38:01+02;1639
2014-07-20 03:50:01+02;1579
2014-07-20 04:54:01+02;1549
2014-07-20 15:58:01+02;1639
2014-07-21 00:30:01+02;1639
2014-07-21 01:38:01+02;1639
2014-07-21 02:34:01+02;1609
2014-07-21 03:50:01+02;1609
2014-07-21 05:26:01+02;1579
2014-07-21 05:50:01+02;1549
2014-07-21 15:30:01+02;1679
2014-07-21 23:38:01+02;1669
2014-07-21 23:50:01+02;1649
2014-07-22 02:58:01+02;1619
2014-07-22 03:18:01+02;1609
2014-07-22 03:38:01+02;1599
2014-07-22 03:50:01+02;1589
2014-07-22 06:30:01+02;1569
2014-07-22 08:26:01+02;1559
2014-07-22 08:34:01+02;1549
2014-07-22 15:30:01+02;1689
2014-07-22 23:46:01+02;1649
2014-07-23 02:58:01+02;1619
2014-07-23 03:18:01+02;1589
2014-07-23 04:50:01+02;1579
2014-07-23 06:26:01+02;1579
2014-07-23 07:34:01+02;1569
2014-07-23 09:34:01+02;1559
2014-07-23 15:30:01+02;1699
2014-07-24 00:02:01+02;1649
2014-07-24 01:50:01+02;1649
2014-07-24 01:58:01+02;1619
2014-07-24 02:34:01+02;1619
2014-07-24 05:46:01+02;1589
2014-07-24 06:10:01+02;1569
2014-07-24 08:54:01+02;1559
2014-07-24 15:30:01+02;1699
2014-07-24 23:30:01+02;1649
2014-07-25 01:38:01+02;1619
2014-07-25 02:58:01+02;1609
2014-07-25 04:50:01+02;1599
2014-07-25 06:46:01+02;1589
2014-07-25 08:38:01+02;1579
2014-07-25 15:30:01+02;1699
2014-07-26 00:38:01+02;1649
2014-07-26 03:30:02+02;1649
2014-07-26 03:58:01+02;1639
2014-07-26 04:18:01+02;1589
2014-07-26 05:46:01+02;1559
2014-07-26 06:34:01+02;1559
2014-07-26 15:58:01+02;1649
2014-07-27 03:54:01+02;1619
2014-07-27 04:10:01+02;1619
2014-07-27 15:58:01+02;1699
2014-07-27 23:38:01+02;1679
2014-07-28 02:10:01+02;1649
2014-07-28 02:18:01+02;1649
2014-07-28 02:34:01+02;1629
2014-07-28 03:54:01+02;1619
2014-07-28 06:38:01+02;1579
2014-07-28 08:50:01+02;1549
2014-07-28 15:30:01+02;1679
2014-07-28 23:38:01+02;1649
2014-07-29 01:46:01+02;1619
2014-07-29 03:14:01+02;1609
2014-07-29 05:10:01+02;1599
2014-07-29 08:06:01+02;1579
2014-07-29 08:50:01+02;1569
2014-07-29 09:10:01+02;1559
2014-07-29 15:30:01+02;1689
2014-07-29 23:30:01+02;1649
2014-07-30 02:46:01+02;1619
2014-07-30 03:26:01+02;1619
2014-07-30 05:18:01+02;1599
2014-07-30 07:38:01+02;1599
2014-07-30 07:50:01+02;1589
2014-07-30 09:06:01+02;1559
2014-07-30 15:30:01+02;1689
2014-07-31 00:30:01+02;1649
2014-07-31 01:34:01+02;1619
2014-07-31 02:38:01+02;1619
2014-07-31 04:10:01+02;1609
2014-07-31 04:34:01+02;1599
2014-07-31 06:10:01+02;1589
2014-07-31 06:26:01+02;1569
2014-07-31 08:18:01+02;1569
2014-07-31 11:30:01+02;1559
2014-07-31 15:30:01+02;1689
2014-07-31 23:30:01+02;1649
2014-08-01 00:30:01+02;1649
2014-08-01 01:58:01+02;1619
2014-08-01 02:50:01+02;1619
2014-08-01 03:58:01+02;1599
2014-08-01 07:02:01+02;1579
2014-08-01 07:58:01+02;1569
2014-08-01 08:10:01+02;1569
2014-08-01 10:26:01+02;1549
2014-08-01 15:30:01+02;1679
2014-08-02 00:38:01+02;1649
2014-08-02 00:58:01+02;1649
2014-08-02 03:34:01+02;1619
2014-08-02 04:34:01+02;1619
2014-08-02 05:26:01+02;1619
2014-08-02 05:34:01+02;1589
2014-08-02 08:18:01+02;1569
2014-08-02 11:58:01+02;1559
2014-08-02 15:58:01+02;1649
2014-08-03 03:58:01+02;1639
2014-08-03 04:18:01+02;1629
2014-08-03 06:30:01+02;1619
2014-08-03 15:58:01+02;1689
2014-08-03 23:30:01+02;1669
2014-08-04 00:38:01+02;1659
2014-08-04 03:10:01+02;1639
2014-08-04 03:34:01+02;1609
2014-08-04 06:58:01+02;1579
2014-08-04 07:18:01+02;1569
2014-08-04 08:06:01+02;1549
2014-08-04 15:30:01+02;1679
2014-08-05 05:22:01+02;1639
2014-08-05 08:14:01+02;1569
2014-08-05 09:30:01+02;1559
2014-08-05 12:30:01+02;1549
2014-08-05 13:34:01+02;1539
2014-08-05 21:30:01+02;1669
2014-08-06 05:50:01+02;1629
2014-08-06 08:14:01+02;1599
2014-08-06 09:26:01+02;1589
2014-08-06 10:14:01+02;1589
2014-08-06 10:38:01+02;1559
2014-08-06 10:50:01+02;1559
2014-08-06 11:46:01+02;1559
2014-08-06 13:06:01+02;1559
2014-08-06 13:26:01+02;1539
2014-08-06 21:30:01+02;1669
2014-08-07 05:50:01+02;1619
2014-08-07 09:58:01+02;1609
2014-08-07 11:54:01+02;1579
2014-08-07 12:06:01+02;1569
2014-08-07 12:18:01+02;1569
2014-08-07 14:14:01+02;1559
2014-08-07 14:54:01+02;1549
2014-08-07 15:30:01+02;1539
2014-08-07 21:30:01+02;1679
2014-08-08 05:18:01+02;1629
2014-08-08 07:34:01+02;1599
2014-08-08 08:30:01+02;1599
2014-08-08 08:54:01+02;1589
2014-08-08 12:54:01+02;1569
2014-08-08 13:18:01+02;1559
2014-08-08 16:30:01+02;1549
2014-08-08 17:34:01+02;1539
2014-08-08 21:34:01+02;1679
2014-08-09 06:38:01+02;1639
2014-08-09 07:22:01+02;1639
2014-08-09 09:38:01+02;1639
2014-08-09 09:50:01+02;1629
2014-08-09 10:06:01+02;1609
2014-08-09 14:10:01+02;1569
2014-08-09 14:26:01+02;1549
2014-08-09 21:58:01+02;1639
2014-08-10 10:34:01+02;1609
2014-08-10 21:58:01+02;1679
2014-08-11 05:34:01+02;1669
2014-08-11 06:38:01+02;1649
2014-08-11 11:10:01+02;1619
2014-08-11 12:54:01+02;1619
2014-08-11 13:10:01+02;1569
2014-08-11 14:26:01+02;1539
2014-08-11 21:30:01+02;1679
2014-08-12 05:26:01+02;1639
2014-08-12 08:26:01+02;1609
2014-08-12 08:50:01+02;1599
2014-08-12 09:46:01+02;1589
2014-08-12 09:54:01+02;1589
2014-08-12 13:30:01+02;1569
2014-08-12 13:38:01+02;1569
2014-08-12 15:14:01+02;1559
2014-08-12 16:18:01+02;1549
2014-08-12 17:34:01+02;1539
2014-08-12 21:30:01+02;1679
2014-08-13 05:54:01+02;1639
2014-08-13 07:54:01+02;1609
2014-08-13 09:58:01+02;1599
2014-08-13 10:30:01+02;1579
2014-08-13 10:54:01+02;1549
2014-08-13 11:14:01+02;1539
2014-08-13 21:30:01+02;1679
2014-08-14 05:46:01+02;1629
2014-08-14 08:18:01+02;1599
2014-08-14 09:30:01+02;1589
2014-08-14 09:50:01+02;1579
2014-08-14 12:38:01+02;1569
2014-08-14 15:58:01+02;1559
2014-08-14 17:38:01+02;1539
2014-08-14 18:54:01+02;1529
2014-08-14 21:30:01+02;1659
2014-08-15 05:26:01+02;1629
2014-08-15 08:10:01+02;1599
2014-08-15 09:58:01+02;1589
2014-08-15 11:14:01+02;1559
2014-08-15 13:54:01+02;1549
2014-08-15 16:10:01+02;1529
2014-08-15 21:30:01+02;1659
2014-08-16 06:46:01+02;1639
2014-08-16 10:54:01+02;1629
2014-08-16 11:50:01+02;1569
2014-08-16 13:30:01+02;1549
2014-08-16 14:26:01+02;1539
2014-08-16 21:58:01+02;1629
2014-08-17 09:58:01+02;1619
2014-08-17 10:18:01+02;1559
2014-08-17 13:54:01+02;1549
2014-08-17 16:34:01+02;1529
2014-08-17 21:58:01+02;1619
2014-08-18 08:18:01+02;1609
2014-08-18 09:34:01+02;1599
2014-08-18 09:58:01+02;1579
2014-08-18 10:34:01+02;1569
2014-08-18 11:18:01+02;1569
2014-08-18 13:30:01+02;1559
2014-08-18 15:26:01+02;1549
2014-08-18 18:10:01+02;1529
2014-08-18 21:30:01+02;1659
2014-08-19 05:34:01+02;1629
2014-08-19 07:50:01+02;1599
2014-08-19 09:14:01+02;1589
2014-08-19 11:26:01+02;1569
2014-08-19 12:30:01+02;1549
2014-08-19 15:54:01+02;1519
2014-08-19 21:30:01+02;1649
2014-08-20 05:22:01+02;1619
2014-08-20 07:58:01+02;1589
2014-08-20 08:34:01+02;1579
2014-08-20 11:18:01+02;1579
2014-08-20 11:26:01+02;1549
2014-08-20 13:50:01+02;1539
2014-08-20 14:54:01+02;1539
2014-08-20 15:38:02+02;1529
2014-08-20 16:58:01+02;1529
2014-08-20 21:30:01+02;1669
2014-08-21 05:46:01+02;1629
2014-08-21 08:10:01+02;1599
2014-08-21 09:18:01+02;1579
2014-08-21 10:06:01+02;1579
2014-08-21 10:38:01+02;1549
2014-08-21 11:06:01+02;1539
2014-08-21 12:38:01+02;1529
2014-08-21 21:30:01+02;1669
2014-08-22 05:26:01+02;1639
2014-08-22 07:58:01+02;1589
2014-08-22 09:06:01+02;1589
2014-08-22 09:26:01+02;1579
2014-08-22 10:38:01+02;1569
2014-08-22 12:06:01+02;1559
2014-08-22 15:14:01+02;1549
2014-08-22 18:34:01+02;1529
2014-08-22 21:34:01+02;1659
2014-08-23 06:50:01+02;1639
2014-08-23 09:54:01+02;1569
2014-08-23 13:38:01+02;1559
2014-08-23 14:14:01+02;1539
2014-08-23 15:38:01+02;1539
2014-08-23 21:58:01+02;1629
2014-08-24 11:06:01+02;1609
2014-08-24 14:18:01+02;1569
2014-08-24 18:34:01+02;1539
2014-08-24 21:58:01+02;1629
2014-08-25 08:22:01+02;1609
2014-08-25 09:50:01+02;1569
2014-08-25 12:18:01+02;1569
2014-08-25 13:54:01+02;1559
2014-08-25 14:18:01+02;1539
2014-08-25 21:30:01+02;1669
2014-08-26 05:50:01+02;1649
2014-08-26 08:14:01+02;1619
2014-08-26 08:46:01+02;1599
2014-08-26 08:58:01+02;1599
2014-08-26 10:38:01+02;1589
2014-08-26 12:10:01+02;1569
2014-08-26 12:18:01+02;1559
2014-08-26 13:38:01+02;1549
2014-08-26 16:10:01+02;1539
2014-08-26 21:30:01+02;1669
2014-08-27 05:42:01+02;1649
2014-08-27 07:58:01+02;1619
2014-08-27 08:14:01+02;1609
2014-08-27 09:26:01+02;1599
2014-08-27 09:58:01+02;1599
2014-08-27 10:38:01+02;1589
2014-08-27 11:10:01+02;1569
2014-08-27 11:18:01+02;1559
2014-08-27 14:46:01+02;1549
2014-08-27 21:30:01+02;1679
2014-08-28 05:46:01+02;1649
2014-08-28 08:14:01+02;1609
2014-08-28 09:14:01+02;1589
2014-08-28 09:38:01+02;1579
2014-08-28 09:50:02+02;1579
2014-08-28 11:46:01+02;1559
2014-08-28 16:58:01+02;1559
2014-08-28 21:30:01+02;1679
2014-08-29 05:46:01+02;1649
2014-08-29 08:34:01+02;1619
2014-08-29 09:18:01+02;1599
2014-08-29 09:38:01+02;1589
2014-08-29 11:38:01+02;1579
2014-08-29 12:46:01+02;1559
2014-08-29 15:06:01+02;1549
2014-08-29 21:30:01+02;1679
2014-08-30 06:46:01+02;1649
2014-08-30 09:30:01+02;1629
2014-08-30 09:50:01+02;1629
2014-08-30 09:58:01+02;1579
2014-08-30 13:50:01+02;1549
2014-08-30 21:58:01+02;1639
2014-08-31 09:58:01+02;1579
2014-08-31 13:10:01+02;1549
2014-08-31 14:50:01+02;1549
2014-08-31 21:58:01+02;1639
2014-09-01 07:50:01+02;1619
2014-09-01 09:26:01+02;1579
2014-09-01 09:46:01+02;1579
2014-09-01 13:06:01+02;1579
2014-09-01 14:10:01+02;1549
2014-09-01 21:30:01+02;1679
2014-09-02 05:30:01+02;1649
2014-09-02 08:30:01+02;1619
2014-09-02 09:14:01+02;1599
2014-09-02 11:38:01+02;1579
2014-09-02 13:34:01+02;1559
2014-09-02 15:54:01+02;1549
2014-09-02 21:30:01+02;1679
2014-09-03 05:50:01+02;1649
2014-09-03 08:26:01+02;1619
2014-09-03 09:18:01+02;1609
2014-09-03 09:30:01+02;1609
2014-09-03 10:30:01+02;1609
2014-09-03 10:38:01+02;1589
2014-09-03 11:54:01+02;1579
2014-09-03 11:58:01+02;1579
2014-09-03 12:42:01+02;1579
2014-09-03 13:30:01+02;1569
2014-09-03 13:50:01+02;1549
2014-09-03 16:38:01+02;1539
2014-09-03 21:30:01+02;1669
2014-09-04 05:26:01+02;1649
2014-09-04 08:42:01+02;1619
2014-09-04 09:18:01+02;1609
2014-09-04 09:38:01+02;1589
2014-09-04 11:46:01+02;1579
2014-09-04 13:06:01+02;1549
2014-09-04 21:54:01+02;1679
2014-09-05 05:46:01+02;1669
2014-09-05 05:54:01+02;1649
2014-09-05 09:46:01+02;1619
2014-09-05 10:30:01+02;1609
2014-09-05 11:58:01+02;1579
2014-09-05 13:58:01+02;1569
2014-09-05 14:26:01+02;1559
2014-09-05 15:14:01+02;1549
2014-09-05 21:30:01+02;1679
2014-09-06 05:50:01+02;1669
2014-09-06 06:46:01+02;1669
2014-09-06 09:10:01+02;1639
2014-09-06 09:34:01+02;1609
2014-09-06 10:50:01+02;1599
2014-09-06 11:18:01+02;1589
2014-09-06 11:30:01+02;1589
2014-09-06 12:38:01+02;1579
2014-09-06 13:46:01+02;1579
2014-09-06 14:38:01+02;1559
2014-09-06 21:58:01+02;1649
2014-09-07 09:30:01+02;1589
2014-09-07 13:18:01+02;1559
2014-09-07 21:58:01+02;1649
2014-09-08 08:30:01+02;1629
2014-09-08 09:06:01+02;1589
2014-09-08 13:06:01+02;1579
2014-09-08 13:38:01+02;1559
2014-09-08 21:30:01+02;1669
2014-09-09 05:38:01+02;1659
2014-09-09 09:06:01+02;1569
2014-09-09 09:54:01+02;1569
2014-09-09 11:18:01+02;1559
2014-09-09 15:02:01+02;1549
2014-09-09 21:30:01+02;1669
2014-09-10 05:50:01+02;1649
2014-09-10 07:58:01+02;1619
2014-09-10 08:50:01+02;1609
2014-09-10 11:14:01+02;1599
2014-09-10 12:06:01+02;1579
2014-09-10 12:58:01+02;1579
2014-09-10 13:38:01+02;1569
2014-09-10 16:38:01+02;1549
2014-09-10 16:54:01+02;1549
2014-09-10 21:30:01+02;1669
2014-09-11 05:38:01+02;1659
2014-09-11 08:26:01+02;1649
2014-09-11 09:46:01+02;1599
2014-09-11 10:06:01+02;1599
2014-09-11 12:14:02+02;1569
2014-09-11 12:38:02+02;1559
2014-09-11 15:30:01+02;1549
2014-09-11 21:30:01+02;1669
2014-09-12 05:38:01+02;1649
2014-09-12 08:14:01+02;1639
2014-09-12 10:14:01+02;1629
2014-09-12 12:10:01+02;1579
2014-09-12 15:18:01+02;1559
2014-09-12 16:14:01+02;1559
2014-09-12 17:18:01+02;1539
2014-09-12 21:30:01+02;1659
2014-09-13 05:46:01+02;1649
2014-09-13 06:46:01+02;1649
2014-09-13 10:14:01+02;1589
2014-09-13 10:30:01+02;1579
2014-09-13 11:30:01+02;1569
2014-09-13 12:46:01+02;1559
2014-09-13 14:38:01+02;1549
2014-09-14 01:18:01+02;1639
2014-09-14 11:26:01+02;1639
2014-09-14 13:30:01+02;1559
2014-09-14 14:34:01+02;1539
2014-09-14 17:26:01+02;1529
2014-09-14 21:58:01+02;1619
2014-09-15 07:58:01+02;1619
2014-09-15 09:10:01+02;1589
2014-09-15 10:10:01+02;1589
2014-09-15 11:06:01+02;1579
2014-09-15 12:34:01+02;1569
2014-09-15 14:14:01+02;1559
2014-09-15 14:50:01+02;1539
2014-09-15 21:30:01+02;1649
2014-09-16 05:30:01+02;1629
2014-09-16 08:34:01+02;1609
2014-09-16 09:18:01+02;1579
2014-09-16 09:30:01+02;1579
2014-09-16 09:46:01+02;1579
2014-09-16 11:06:01+02;1559
2014-09-16 15:10:02+02;1539
2014-09-16 21:30:01+02;1649
2014-09-17 05:46:01+02;1629
2014-09-17 05:58:01+02;1629
2014-09-17 09:26:01+02;1589
2014-09-17 09:34:01+02;1579
2014-09-17 11:18:01+02;1569
2014-09-17 13:10:01+02;1539
2014-09-17 21:30:01+02;1649
2014-09-18 05:34:01+02;1629
2014-09-18 07:54:01+02;1629
2014-09-18 09:02:01+02;1589
2014-09-18 11:26:01+02;1579
2014-09-18 12:38:01+02;1579
2014-09-18 18:30:01+02;1549
2014-09-18 21:30:01+02;1649
2014-09-19 05:30:01+02;1579
2014-09-19 08:38:01+02;1559
2014-09-19 10:10:01+02;1549
2014-09-19 15:38:01+02;1539
2014-09-19 21:30:01+02;1649
2014-09-20 05:50:01+02;1639
2014-09-20 06:38:01+02;1629
2014-09-20 07:58:01+02;1629
2014-09-20 09:50:01+02;1579
2014-09-20 13:50:01+02;1559
2014-09-20 15:10:01+02;1549
2014-09-20 21:58:01+02;1639
2014-09-21 09:34:01+02;1589
2014-09-21 11:58:01+02;1559
2014-09-21 12:14:01+02;1549
2014-09-21 17:10:01+02;1549
2014-09-21 21:58:01+02;1639
2014-09-22 05:34:01+02;1629
2014-09-22 08:38:01+02;1609
2014-09-22 09:38:01+02;1609
2014-09-22 09:46:01+02;1589
2014-09-22 13:26:01+02;1559
2014-09-22 14:26:01+02;1539
2014-09-22 21:30:01+02;1649
2014-09-23 05:46:01+02;1629
2014-09-23 08:58:01+02;1609
2014-09-23 09:50:01+02;1579
2014-09-23 11:50:01+02;1549
2014-09-23 21:30:01+02;1649
2014-09-24 05:50:01+02;1629
2014-09-24 08:14:01+02;1609
2014-09-24 09:42:01+02;1599
2014-09-24 09:58:01+02;1579
2014-09-24 13:18:01+02;1559
2014-09-24 13:46:01+02;1549
2014-09-24 15:06:01+02;1539
2014-09-24 18:50:01+02;1529
2014-09-24 21:30:01+02;1649
2014-09-25 05:54:01+02;1629
2014-09-25 06:14:01+02;1619
2014-09-25 08:54:01+02;1599
2014-09-25 09:30:01+02;1589
2014-09-25 11:18:01+02;1569
2014-09-25 13:06:01+02;1539
2014-09-25 21:30:01+02;1649
2014-09-26 05:38:01+02;1619
2014-09-26 08:54:01+02;1599
2014-09-26 09:30:01+02;1599
2014-09-26 09:38:01+02;1579
2014-09-26 11:54:01+02;1549
2014-09-26 21:30:01+02;1639
2014-09-27 05:50:01+02;1629
2014-09-27 06:46:01+02;1619
2014-09-27 11:02:01+02;1569
2014-09-27 15:10:01+02;1539
2014-09-27 21:58:01+02;1629
2014-09-28 08:46:01+02;1619
2014-09-28 09:50:01+02;1569
2014-09-28 14:14:01+02;1539
2014-09-28 15:38:01+02;1539
2014-09-28 21:58:01+02;1629
2014-09-29 05:38:01+02;1619
2014-09-29 08:34:01+02;1609
2014-09-29 09:30:01+02;1569
2014-09-29 10:38:01+02;1549
2014-09-29 12:54:01+02;1539
2014-09-29 17:18:01+02;1529
2014-09-29 21:30:01+02;1639
2014-09-30 05:50:01+02;1619
2014-09-30 07:54:01+02;1619
2014-09-30 08:54:01+02;1609
2014-09-30 09:18:01+02;1599
2014-09-30 09:34:01+02;1589
2014-09-30 09:38:01+02;1589
2014-09-30 09:46:01+02;1579
2014-09-30 10:46:01+02;1569
2014-09-30 12:10:01+02;1549
2014-09-30 14:46:01+02;1539
2014-09-30 16:30:01+02;1529
2014-09-30 21:30:01+02;1639
2014-10-01 06:06:01+02;1619
2014-10-01 06:46:01+02;1619
2014-10-01 07:46:01+02;1619
2014-10-01 07:54:01+02;1599
2014-10-01 08:18:02+02;1599
2014-10-01 10:26:01+02;1569
2014-10-01 13:06:01+02;1559
2014-10-01 13:38:01+02;1539
2014-10-01 21:34:01+02;1649
2014-10-02 05:30:01+02;1619
2014-10-02 07:14:01+02;1609
2014-10-02 09:34:01+02;1579
2014-10-02 09:50:01+02;1569
2014-10-02 10:06:01+02;1569
2014-10-02 12:30:01+02;1559
2014-10-02 13:34:01+02;1549
2014-10-02 15:54:01+02;1529
2014-10-02 21:30:01+02;1639
2014-10-03 05:54:01+02;1619
2014-10-03 06:46:01+02;1619
2014-10-03 09:46:01+02;1569
2014-10-03 11:26:01+02;1569
2014-10-03 16:06:01+02;1539
2014-10-03 21:30:01+02;1629
2014-10-04 05:54:02+02;1619
2014-10-04 07:18:01+02;1559
2014-10-04 10:18:01+02;1539
2014-10-04 10:54:01+02;1539
2014-10-04 11:26:01+02;1539
2014-10-04 14:10:01+02;1519
2014-10-04 21:30:01+02;1609
2014-10-05 09:26:01+02;1549
2014-10-05 12:10:01+02;1549
2014-10-05 16:10:01+02;1529
2014-10-05 19:38:01+02;1529
2014-10-05 21:30:01+02;1619
2014-10-06 05:38:01+02;1619
2014-10-06 07:10:01+02;1569
2014-10-06 09:14:01+02;1539
2014-10-06 10:54:01+02;1539
2014-10-06 13:14:01+02;1519
2014-10-06 21:30:01+02;1639
2014-10-07 05:46:01+02;1619
2014-10-07 08:18:01+02;1599
2014-10-07 09:10:01+02;1569
2014-10-07 09:46:01+02;1569
2014-10-07 10:14:01+02;1559
2014-10-07 12:54:01+02;1549
2014-10-07 14:06:01+02;1539
2014-10-07 14:38:01+02;1529
2014-10-07 21:30:01+02;1639
2014-10-08 05:46:01+02;1639
2014-10-08 08:42:01+02;1579
2014-10-08 09:18:01+02;1579
2014-10-08 11:18:01+02;1549
2014-10-08 12:30:01+02;1539
2014-10-08 17:34:01+02;1519
2014-10-08 21:30:01+02;1629
2014-10-09 05:46:01+02;1629
2014-10-09 08:10:01+02;1619
2014-10-09 08:26:01+02;1619
2014-10-09 08:34:01+02;1589
2014-10-09 09:18:01+02;1569
2014-10-09 10:14:01+02;1559
2014-10-09 12:46:01+02;1539
2014-10-09 15:14:01+02;1519
2014-10-09 15:46:01+02;1519
2014-10-09 21:30:01+02;1629
2014-10-10 05:54:01+02;1619
2014-10-10 08:54:01+02;1589
2014-10-10 09:38:01+02;1579
2014-10-10 09:50:01+02;1549
2014-10-10 12:18:01+02;1539
2014-10-10 13:14:01+02;1539
2014-10-10 13:46:01+02;1529
2014-10-10 14:58:01+02;1529
2014-10-10 17:18:01+02;1519
2014-10-10 18:38:01+02;1509
2014-10-10 21:58:01+02;1619
2014-10-11 05:26:01+02;1609
2014-10-11 10:30:01+02;1609
2014-10-11 11:06:01+02;1609
2014-10-11 11:14:01+02;1569
2014-10-11 12:26:01+02;1549
2014-10-11 13:10:01+02;1539
2014-10-11 15:14:01+02;1509
2014-10-11 15:18:01+02;1509
2014-10-11 16:06:01+02;1509
2014-10-11 21:58:01+02;1599
2014-10-12 10:30:01+02;1539
2014-10-12 15:50:01+02;1529
2014-10-12 18:50:01+02;1509
2014-10-12 21:58:01+02;1599
2014-10-13 08:46:01+02;1579
2014-10-13 09:14:01+02;1569
2014-10-13 10:38:01+02;1559
2014-10-13 11:58:01+02;1549
2014-10-13 13:30:01+02;1539
2014-10-13 14:38:01+02;1529
2014-10-13 15:06:01+02;1529
2014-10-13 17:06:01+02;1519
2014-10-13 17:50:02+02;1499
2014-10-13 21:30:01+02;1599
2014-10-14 05:46:01+02;1599
2014-10-14 07:54:01+02;1589
2014-10-14 09:34:01+02;1589
2014-10-14 10:30:01+02;1569
2014-10-14 11:06:01+02;1539
2014-10-14 12:58:01+02;1529
2014-10-14 13:54:01+02;1519
2014-10-14 17:30:01+02;1499
2014-10-14 21:30:01+02;1589
2014-10-15 09:18:01+02;1579
2014-10-15 09:34:01+02;1549
2014-10-15 10:18:01+02;1519
2014-10-15 16:38:01+02;1479
2014-10-15 21:30:01+02;1569
2014-10-16 06:06:01+02;1559
2014-10-16 09:38:01+02;1549
2014-10-16 10:06:01+02;1519
2014-10-16 11:18:01+02;1509
2014-10-16 12:38:01+02;1509
2014-10-16 12:54:01+02;1499
2014-10-16 14:18:01+02;1499
2014-10-16 15:50:01+02;1479
2014-10-16 17:38:01+02;1459
2014-10-16 21:30:01+02;1559
2014-10-17 06:38:01+02;1549
2014-10-17 07:14:01+02;1509
2014-10-17 12:34:01+02;1489
2014-10-17 12:46:01+02;1479
2014-10-17 12:58:02+02;1459
2014-10-17 21:34:01+02;1579
2014-10-18 06:54:01+02;1539
2014-10-18 09:34:01+02;1509
2014-10-18 11:30:01+02;1509
2014-10-18 12:18:01+02;1499
2014-10-18 12:38:01+02;1499
2014-10-18 14:38:01+02;1489
2014-10-18 15:50:01+02;1459
2014-10-18 21:58:01+02;1549
2014-10-19 08:58:01+02;1549
2014-10-19 11:34:01+02;1489
2014-10-19 13:54:01+02;1459
2014-10-19 21:58:01+02;1549
2014-10-20 05:26:01+02;1539
2014-10-20 07:54:01+02;1539
2014-10-20 10:10:01+02;1529
2014-10-20 10:30:01+02;1499
2014-10-20 10:42:01+02;1499
2014-10-20 12:14:01+02;1489
2014-10-20 13:10:01+02;1479
2014-10-20 14:06:01+02;1459
2014-10-20 15:14:01+02;1459
2014-10-20 16:06:01+02;1459
2014-10-20 21:58:01+02;1579
2014-10-21 05:34:01+02;1539
2014-10-21 07:38:01+02;1519
2014-10-21 09:30:01+02;1499
2014-10-21 13:06:01+02;1469
2014-10-21 13:54:01+02;1459
2014-10-21 21:58:01+02;1579
2014-10-22 05:50:01+02;1539
2014-10-22 09:26:01+02;1499
2014-10-22 11:18:01+02;1499
2014-10-22 11:34:01+02;1489
2014-10-22 12:34:01+02;1479
2014-10-22 13:14:01+02;1469
2014-10-22 14:46:01+02;1459
2014-10-22 21:58:01+02;1579
2014-10-23 05:38:01+02;1539
2014-10-23 08:22:01+02;1509
2014-10-23 09:18:01+02;1499
2014-10-23 09:30:01+02;1499
2014-10-23 10:34:01+02;1489
2014-10-23 11:38:01+02;1489
2014-10-23 12:14:01+02;1479
2014-10-23 14:06:01+02;1469
2014-10-23 21:58:01+02;1589
2014-10-24 05:34:01+02;1549
2014-10-24 06:54:01+02;1549
2014-10-24 09:50:01+02;1499
2014-10-24 10:50:01+02;1499
2014-10-24 11:50:01+02;1479
2014-10-24 12:18:01+02;1469
2014-10-24 14:30:01+02;1449
2014-10-24 21:58:01+02;1579
2014-10-25 06:46:02+02;1539
2014-10-25 07:26:01+02;1539
2014-10-25 10:50:01+02;1539
2014-10-25 11:54:01+02;1489
2014-10-25 14:34:01+02;1459
2014-10-25 21:58:01+02;1549
2014-10-26 05:50:01+01;1549
2014-10-26 06:50:01+01;1549
2014-10-26 10:26:01+01;1489
2014-10-26 11:26:01+01;1489
2014-10-26 12:46:01+01;1459
2014-10-26 21:58:01+01;1549
2014-10-27 05:46:01+01;1549
2014-10-27 09:26:01+01;1539
2014-10-27 10:10:01+01;1499
2014-10-27 11:14:01+01;1469
2014-10-27 13:50:01+01;1459
2014-10-27 14:58:01+01;1449
2014-10-27 21:58:01+01;1569
2014-10-28 05:38:01+01;1549
2014-10-28 07:58:01+01;1549
2014-10-28 09:54:01+01;1469
2014-10-28 12:18:01+01;1459
2014-10-28 12:34:01+01;1449
2014-10-28 21:58:01+01;1569
2014-10-29 05:46:01+01;1549
2014-10-29 07:46:01+01;1549
2014-10-29 08:58:01+01;1519
2014-10-29 09:38:01+01;1499
2014-10-29 10:54:01+01;1489
2014-10-29 12:34:01+01;1479
2014-10-29 13:46:01+01;1449
2014-10-29 21:58:01+01;1569
2014-10-30 05:46:01+01;1549
2014-10-30 07:50:01+01;1549
2014-10-30 08:26:02+01;1489
2014-10-30 10:58:01+01;1469
2014-10-30 21:58:01+01;1579
2014-10-31 05:34:01+01;1559
2014-10-31 07:38:01+01;1539
2014-10-31 09:18:01+01;1509
2014-10-31 09:30:01+01;1509
2014-10-31 10:06:01+01;1479
2014-10-31 11:50:01+01;1479
2014-10-31 12:06:01+01;1469
2014-10-31 13:54:01+01;1459
2014-10-31 21:58:01+01;1579
2014-11-01 07:06:01+01;1569
2014-11-01 07:46:01+01;1569
2014-11-01 11:30:01+01;1489
2014-11-01 14:10:02+01;1489
2014-11-01 14:34:01+01;1459
2014-11-01 15:18:01+01;1459
2014-11-01 21:58:01+01;1549
2014-11-02 06:58:01+01;1549
2014-11-02 09:10:01+01;1489
2014-11-02 10:30:01+01;1459
2014-11-02 20:58:01+01;1549
2014-11-03 06:46:01+01;1549
2014-11-03 08:42:01+01;1489
2014-11-03 09:26:01+01;1489
2014-11-03 10:50:01+01;1489
2014-11-03 11:58:01+01;1469
2014-11-03 12:18:01+01;1459
2014-11-03 20:58:01+01;1569
2014-11-03 21:17:00+01;1459
2014-11-03 21:57:00+01;1569
2014-11-04 05:33:00+01;1559
2014-11-04 07:45:00+01;1559
2014-11-04 10:09:00+01;1539
2014-11-04 11:13:00+01;1509
2014-11-04 12:25:00+01;1499
2014-11-04 13:17:00+01;1479
2014-11-04 18:37:00+01;1459
2014-11-04 21:57:00+01;1569
2014-11-05 05:25:00+01;1569
2014-11-05 07:41:00+01;1559
2014-11-05 09:37:00+01;1549
2014-11-05 09:53:00+01;1549
2014-11-05 10:05:00+01;1509
2014-11-05 11:37:00+01;1509
2014-11-05 12:29:00+01;1479
2014-11-05 12:53:00+01;1469
2014-11-05 14:13:00+01;1449
2014-11-05 21:57:00+01;1549
2014-11-06 05:33:00+01;1549
2014-11-06 07:45:00+01;1549
2014-11-06 10:05:00+01;1509
2014-11-06 10:33:00+01;1499
2014-11-06 10:53:00+01;1469
2014-11-06 11:53:00+01;1459
2014-11-06 21:57:00+01;1559
2014-11-07 05:25:00+01;1549
2014-11-07 07:37:00+01;1549
2014-11-07 08:49:00+01;1489
2014-11-07 12:29:00+01;1459
2014-11-07 21:57:00+01;1579
2014-11-08 06:49:00+01;1559
2014-11-08 07:53:00+01;1559
2014-11-08 09:57:00+01;1539
2014-11-08 10:29:00+01;1539
2014-11-08 10:37:00+01;1499
2014-11-08 11:05:00+01;1499
2014-11-08 12:45:00+01;1489
2014-11-08 12:57:00+01;1489
2014-11-08 13:09:00+01;1469
2014-11-08 21:57:00+01;1559
2014-11-09 05:49:00+01;1549
2014-11-09 07:33:00+01;1549
2014-11-09 08:29:00+01;1499
2014-11-09 10:05:00+01;1469
2014-11-09 21:57:00+01;1559
2014-11-10 06:49:00+01;1499
2014-11-10 09:45:00+01;1469
2014-11-10 21:57:00+01;1579
2014-11-11 05:45:00+01;1569
2014-11-11 07:37:00+01;1569
2014-11-11 09:17:00+01;1499
2014-11-11 11:09:00+01;1469
2014-11-11 21:57:00+01;1569
2014-11-12 05:45:00+01;1559
2014-11-12 07:41:00+01;1559
2014-11-12 09:29:00+01;1509
2014-11-12 11:09:00+01;1489
2014-11-12 12:33:00+01;1459
2014-11-12 14:37:00+01;1459
2014-11-12 21:57:00+01;1569
2014-11-13 05:45:00+01;1559
2014-11-13 08:33:00+01;1489
2014-11-13 09:17:00+01;1479
2014-11-13 10:05:00+01;1479
2014-11-13 12:05:00+01;1459
2014-11-13 21:57:00+01;1559
2014-11-14 05:49:00+01;1559
2014-11-14 09:13:00+01;1509
2014-11-14 09:29:00+01;1499
2014-11-14 09:49:00+01;1469
2014-11-14 11:37:00+01;1459
2014-11-14 12:25:00+01;1449
2014-11-14 21:57:00+01;1549
2014-11-15 07:33:00+01;1469
2014-11-15 08:17:00+01;1469
2014-11-15 11:13:00+01;1449
2014-11-16 00:57:00+01;1529
2014-11-16 09:49:00+01;1469
2014-11-16 09:57:00+01;1449
2014-11-16 21:57:00+01;1539
2014-11-17 08:57:00+01;1469
2014-11-17 10:33:00+01;1449
2014-11-17 21:57:00+01;1559
2014-11-18 05:25:00+01;1549
2014-11-18 08:05:00+01;1539
2014-11-18 09:33:00+01;1489
2014-11-18 10:09:00+01;1479
2014-11-18 11:09:00+01;1479
2014-11-18 13:33:00+01;1459
2014-11-18 14:13:00+01;1459
2014-11-18 17:25:00+01;1449
2014-11-18 21:57:00+01;1549
2014-11-19 05:25:00+01;1549
2014-11-19 09:37:00+01;1539
2014-11-19 09:49:00+01;1499
2014-11-19 10:45:00+01;1489
2014-11-19 12:37:00+01;1459
2014-11-19 13:57:00+01;1449
2014-11-19 15:29:00+01;1449
2014-11-19 21:57:00+01;1549
2014-11-20 05:33:00+01;1549
2014-11-20 07:37:00+01;1539
2014-11-20 09:17:00+01;1539
2014-11-20 09:45:00+01;1509
2014-11-20 10:29:00+01;1499
2014-11-20 11:13:00+01;1499
2014-11-20 11:57:00+01;1469
2014-11-20 12:09:00+01;1459
2014-11-20 13:57:00+01;1449
2014-11-20 21:57:00+01;1549
2014-11-21 05:49:00+01;1539
2014-11-21 07:49:00+01;1539
2014-11-21 08:33:00+01;1479
2014-11-21 10:53:00+01;1459
2014-11-21 11:37:00+01;1449
2014-11-21 13:05:00+01;1439
2014-11-21 15:45:00+01;1429
2014-11-21 21:57:00+01;1539
2014-11-22 06:57:00+01;1539
2014-11-22 09:17:00+01;1529
2014-11-22 10:13:00+01;1479
2014-11-22 12:33:00+01;1449
2014-11-22 21:57:00+01;1539
2014-11-23 12:25:00+01;1479
2014-11-23 12:33:00+01;1449
2014-11-23 21:57:00+01;1539
2014-11-24 05:53:00+01;1539
2014-11-24 09:09:00+01;1529
2014-11-24 09:45:00+01;1479
2014-11-24 11:05:00+01;1449
2014-11-24 12:49:00+01;1449
2014-11-24 21:57:00+01;1549
2014-11-25 06:49:00+01;1549
2014-11-25 08:05:00+01;1539
2014-11-25 09:25:00+01;1539
2014-11-25 10:29:00+01;1529
2014-11-25 11:33:00+01;1479
2014-11-25 13:09:00+01;1449
2014-11-25 21:57:00+01;1549
2014-11-26 05:25:00+01;1549
2014-11-26 07:37:00+01;1539
2014-11-26 09:53:00+01;1539
2014-11-26 10:05:00+01;1489
2014-11-26 10:57:00+01;1479
2014-11-26 12:13:00+01;1469
2014-11-26 12:33:00+01;1439
2014-11-26 16:13:00+01;1439
2014-11-26 21:57:00+01;1549
2014-11-27 05:25:00+01;1539
2014-11-27 07:37:00+01;1529
2014-11-27 10:37:00+01;1479
2014-11-27 11:05:00+01;1479
2014-11-27 12:13:00+01;1469
2014-11-27 12:29:00+01;1469
2014-11-27 13:25:00+01;1449
2014-11-27 16:29:00+01;1439
2014-11-27 17:53:00+01;1429
2014-11-27 18:57:00+01;1419
2014-11-27 22:13:01+01;1519
2014-11-28 05:33:00+01;1519
2014-11-28 09:29:00+01;1479
2014-11-28 10:45:00+01;1469
2014-11-28 11:53:00+01;1459
2014-11-28 12:29:00+01;1449
2014-11-28 15:33:00+01;1439
2014-11-28 21:57:00+01;1519
2014-11-29 06:49:00+01;1499
2014-11-29 07:25:00+01;1499
2014-11-29 10:13:00+01;1459
2014-11-29 11:13:00+01;1439
2014-11-29 13:01:00+01;1409
2014-11-29 21:57:00+01;1499
2014-11-30 09:09:00+01;1499
2014-11-30 09:21:00+01;1439
2014-11-30 13:05:00+01;1439
2014-11-30 13:17:00+01;1409
2014-11-30 21:57:00+01;1499
2014-12-01 06:05:00+01;1489
2014-12-01 10:49:00+01;1449
2014-12-01 11:05:00+01;1449
2014-12-01 12:29:00+01;1439
2014-12-01 12:48:00+01;1429
2014-12-01 13:57:00+01;1419
2014-12-01 18:29:00+01;1409
2014-12-01 21:57:00+01;1499
2014-12-02 06:57:00+01;1499
2014-12-02 08:09:00+01;1489
2014-12-02 10:05:00+01;1459
2014-12-02 10:25:00+01;1459
2014-12-02 10:29:00+01;1449
2014-12-02 12:25:00+01;1429
2014-12-02 13:45:00+01;1419
2014-12-02 15:53:00+01;1399
2014-12-02 19:49:00+01;1379
2014-12-02 22:01:00+01;1469
2014-12-03 05:45:00+01;1469
2014-12-03 07:45:00+01;1469
2014-12-03 10:44:00+01;1459
2014-12-03 12:13:00+01;1419
2014-12-03 12:25:00+01;1419
2014-12-03 12:33:00+01;1409
2014-12-03 13:13:00+01;1409
2014-12-03 14:01:00+01;1389
2014-12-03 16:29:00+01;1389
2014-12-03 21:57:00+01;1479
2014-12-04 05:17:00+01;1469
2014-12-04 09:17:00+01;1439
2014-12-04 10:05:00+01;1429
2014-12-04 11:13:00+01;1409
2014-12-04 13:05:00+01;1379
2014-12-04 21:57:00+01;1469
2014-12-05 05:29:00+01;1469
2014-12-05 10:01:00+01;1459
2014-12-05 10:49:00+01;1459
2014-12-05 12:09:00+01;1409
2014-12-05 12:53:00+01;1409
2014-12-05 15:13:00+01;1379
2014-12-05 22:01:00+01;1469
2014-12-06 05:57:00+01;1469
2014-12-06 10:37:00+01;1459
2014-12-06 10:53:00+01;1459
2014-12-06 11:21:00+01;1449
2014-12-06 12:17:00+01;1399
2014-12-06 12:45:00+01;1389
2014-12-06 14:37:00+01;1389
2014-12-06 14:49:00+01;1379
2014-12-06 15:13:00+01;1369
2014-12-06 21:57:00+01;1459
2014-12-07 08:57:00+01;1399
2014-12-07 09:53:00+01;1369
2014-12-07 21:57:00+01;1459
2014-12-08 08:13:00+01;1449
2014-12-08 09:49:00+01;1439
2014-12-08 10:17:00+01;1409
2014-12-08 10:29:00+01;1409
2014-12-08 10:45:00+01;1399
2014-12-08 11:53:00+01;1389
2014-12-08 12:13:00+01;1389
2014-12-08 14:25:00+01;1369
2014-12-08 22:01:00+01;1459
2014-12-09 07:45:00+01;1459
2014-12-09 08:53:00+01;1449
2014-12-09 10:25:00+01;1439
2014-12-09 10:37:00+01;1409
2014-12-09 11:53:00+01;1389
2014-12-09 14:13:00+01;1379
2014-12-09 14:25:00+01;1369
2014-12-09 15:05:00+01;1359
2014-12-09 21:57:00+01;1449
2014-12-10 07:45:00+01;1449
2014-12-10 09:53:00+01;1439
2014-12-10 10:53:00+01;1409
2014-12-10 11:17:00+01;1409
2014-12-10 11:57:00+01;1389
2014-12-10 13:13:00+01;1379
2014-12-10 14:53:00+01;1359
2014-12-10 17:45:00+01;1349
2014-12-10 21:57:00+01;1439
2014-12-11 09:45:00+01;1429
2014-12-11 11:29:00+01;1419
2014-12-11 11:41:00+01;1379
2014-12-11 13:49:00+01;1369
2014-12-11 14:29:00+01;1369
2014-12-11 14:49:00+01;1349
2014-12-11 17:29:00+01;1339
2014-12-11 21:57:00+01;1429
2014-12-12 05:45:00+01;1429
2014-12-12 09:29:00+01;1419
2014-12-12 09:37:00+01;1389
2014-12-12 12:05:00+01;1379
2014-12-12 13:13:00+01;1369
2014-12-12 15:17:00+01;1359
2014-12-12 16:29:00+01;1349
2014-12-12 17:33:00+01;1319
2014-12-12 21:57:00+01;1399
2014-12-13 11:25:00+01;1399
2014-12-13 11:33:00+01;1359
2014-12-13 11:57:00+01;1359
2014-12-13 12:33:00+01;1359
2014-12-13 13:13:00+01;1349
2014-12-13 13:49:00+01;1339
2014-12-13 14:57:00+01;1339
2014-12-13 17:05:00+01;1329
2014-12-13 21:57:00+01;1419
2014-12-14 10:09:00+01;1359
2014-12-14 10:37:00+01;1349
2014-12-14 12:57:00+01;1339
2014-12-14 14:53:00+01;1329
2014-12-14 16:30:01+01;1329
2014-12-14 21:58:01+01;1419
2014-12-15 09:30:01+01;1409
2014-12-15 09:58:01+01;1389
2014-12-15 10:14:01+01;1389
2014-12-15 11:34:01+01;1389
2014-12-15 12:26:01+01;1359
2014-12-15 13:38:01+01;1339
2014-12-15 14:38:01+01;1329
2014-12-15 16:30:01+01;1329
2014-12-15 17:38:01+01;1329
2014-12-15 21:58:01+01;1419
2014-12-16 05:18:01+01;1409
2014-12-16 09:34:01+01;1369
2014-12-16 10:02:01+01;1369
2014-12-16 10:10:01+01;1359
2014-12-16 11:26:01+01;1339
2014-12-16 13:50:02+01;1329
2014-12-16 15:26:01+01;1319
2014-12-16 21:58:01+01;1409
2014-12-17 05:26:01+01;1409
2014-12-17 07:58:01+01;1369
2014-12-17 08:58:01+01;1369
2014-12-17 09:18:01+01;1339
2014-12-17 10:30:01+01;1339
2014-12-17 11:06:01+01;1329
2014-12-17 12:46:01+01;1329
2014-12-17 14:10:01+01;1319
2014-12-17 15:38:01+01;1319
2014-12-17 21:58:01+01;1419
2014-12-18 05:18:01+01;1399
2014-12-18 08:18:01+01;1399
2014-12-18 09:06:01+01;1389
2014-12-18 09:10:01+01;1359
2014-12-18 10:14:01+01;1349
2014-12-18 11:50:01+01;1319
2014-12-18 17:34:01+01;1309
2014-12-18 21:58:01+01;1419
2014-12-19 05:50:01+01;1369
2014-12-19 09:06:01+01;1339
2014-12-19 13:34:01+01;1329
2014-12-19 21:58:01+01;1419
2014-12-20 06:46:01+01;1409
2014-12-20 08:30:01+01;1409
2014-12-20 10:10:01+01;1409
2014-12-20 10:18:01+01;1339
2014-12-20 11:46:01+01;1319
2014-12-20 12:50:01+01;1309
2014-12-20 21:58:01+01;1399
2014-12-21 10:30:01+01;1389
2014-12-21 10:42:01+01;1329
2014-12-21 12:10:01+01;1309
2014-12-21 12:30:01+01;1309
2014-12-21 21:58:01+01;1399
2014-12-22 09:06:01+01;1349
2014-12-22 09:54:01+01;1339
2014-12-22 12:46:01+01;1319
2014-12-22 14:06:01+01;1309
2014-12-22 21:58:01+01;1419
2014-12-23 05:58:01+01;1389
2014-12-23 09:26:01+01;1359
2014-12-23 09:54:01+01;1359
2014-12-23 09:58:01+01;1349
2014-12-23 10:58:01+01;1339
2014-12-23 12:18:01+01;1329
2014-12-23 15:18:01+01;1319
2014-12-23 17:34:01+01;1309
2014-12-23 21:58:01+01;1419
2014-12-24 05:50:01+01;1389
2014-12-24 08:18:01+01;1359
2014-12-24 09:10:01+01;1349
2014-12-24 11:14:01+01;1319
2014-12-24 15:46:01+01;1309
2014-12-24 21:58:01+01;1399
2014-12-25 09:54:01+01;1339
2014-12-25 12:54:01+01;1309
2014-12-25 21:58:01+01;1399
2014-12-26 05:50:01+01;1389
2014-12-26 12:18:01+01;1389
2014-12-26 12:34:01+01;1349
2014-12-26 12:58:01+01;1349
2014-12-26 14:14:01+01;1329
2014-12-26 21:58:01+01;1419
2014-12-27 06:02:01+01;1409
2014-12-27 10:38:01+01;1349
2014-12-27 11:34:02+01;1339
2014-12-27 12:34:01+01;1329
2014-12-27 13:06:01+01;1329
2014-12-27 13:38:01+01;1309
2014-12-27 14:54:01+01;1309
2014-12-27 21:58:01+01;1399
2014-12-28 09:58:01+01;1339
2014-12-28 11:46:01+01;1309
2014-12-28 21:58:01+01;1399
2014-12-29 05:18:01+01;1389
2014-12-29 09:18:01+01;1349
2014-12-29 09:30:01+01;1349
2014-12-29 10:58:01+01;1339
2014-12-29 12:14:01+01;1339
2014-12-29 12:38:01+01;1319
2014-12-29 13:38:01+01;1309
2014-12-29 21:58:01+01;1419
2014-12-30 05:18:01+01;1389
2014-12-30 09:30:01+01;1349
2014-12-30 10:54:01+01;1339
2014-12-30 11:54:01+01;1319
2014-12-30 15:14:01+01;1309
2014-12-30 15:46:01+01;1299
2014-12-30 18:38:01+01;1289
2014-12-30 21:58:01+01;1389
2014-12-31 05:30:01+01;1389
2014-12-31 09:34:01+01;1369
2014-12-31 11:26:01+01;1329
2014-12-31 12:30:01+01;1319
2014-12-31 13:18:01+01;1319
2014-12-31 13:30:01+01;1309
2014-12-31 14:30:01+01;1299
2014-12-31 16:10:01+01;1299
2014-12-31 21:58:01+01;1389
2015-01-01 10:10:01+01;1379
2015-01-01 12:54:01+01;1329
2015-01-01 18:30:01+01;1319
2015-01-01 21:58:01+01;1399
2015-01-02 05:50:01+01;1379
2015-01-02 09:38:01+01;1339
2015-01-02 10:54:01+01;1329
2015-01-02 12:38:01+01;1329
2015-01-02 13:18:01+01;1319
2015-01-02 14:34:01+01;1299
2015-01-02 15:54:01+01;1299
2015-01-02 21:58:01+01;1399
2015-01-03 05:58:01+01;1389
2015-01-03 06:54:01+01;1379
2015-01-03 07:06:01+01;1369
2015-01-03 10:30:01+01;1339
2015-01-03 11:10:01+01;1329
2015-01-03 12:50:01+01;1319
2015-01-03 13:30:01+01;1309
2015-01-03 14:58:01+01;1299
2015-01-03 21:58:01+01;1389
2015-01-04 05:50:01+01;1379
2015-01-04 09:10:01+01;1379
2015-01-04 20:18:01+01;1359
2015-01-04 20:38:01+01;1349
2015-01-04 21:58:01+01;1399
2015-01-05 05:30:01+01;1379
2015-01-05 08:38:01+01;1349
2015-01-05 09:14:01+01;1339
2015-01-05 09:58:01+01;1339
2015-01-05 11:10:01+01;1329
2015-01-05 13:26:01+01;1319
2015-01-05 14:46:02+01;1309
2015-01-05 15:46:01+01;1299
2015-01-05 21:58:01+01;1389
2015-01-06 06:06:01+01;1379
2015-01-06 07:14:01+01;1379
2015-01-06 09:10:01+01;1359
2015-01-06 09:54:01+01;1339
2015-01-06 12:18:01+01;1339
2015-01-06 14:18:01+01;1319
2015-01-06 17:26:01+01;1289
2015-01-06 21:58:01+01;1379
2015-01-07 05:50:01+01;1369
2015-01-07 06:58:01+01;1339
2015-01-07 10:30:01+01;1329
2015-01-07 11:26:01+01;1319
2015-01-07 13:30:01+01;1309
2015-01-07 15:30:01+01;1299
2015-01-07 16:14:01+01;1289
2015-01-07 17:30:01+01;1289
2015-01-07 18:18:01+01;1269
2015-01-07 21:58:01+01;1359
2015-01-08 07:58:01+01;1339
2015-01-08 09:38:01+01;1329
2015-01-08 10:14:01+01;1329
2015-01-08 11:50:01+01;1319
2015-01-08 12:50:01+01;1299
2015-01-08 13:58:01+01;1299
2015-01-08 15:34:01+01;1289
2015-01-08 16:18:01+01;1289
2015-01-08 17:26:02+01;1279
2015-01-08 19:02:01+01;1279
2015-01-08 21:58:01+01;1369
2015-01-09 05:30:01+01;1369
2015-01-09 09:50:01+01;1349
2015-01-09 11:14:01+01;1329
2015-01-09 12:30:01+01;1309
2015-01-09 13:14:01+01;1299
2015-01-09 13:54:01+01;1279
2015-01-09 21:58:01+01;1369
2015-01-10 05:58:01+01;1359
2015-01-10 09:06:01+01;1339
2015-01-10 11:50:01+01;1309
2015-01-10 13:46:01+01;1299
2015-01-10 15:26:01+01;1289
2015-01-10 16:18:01+01;1279
2015-01-10 21:58:01+01;1359
2015-01-11 12:26:01+01;1329
2015-01-11 13:46:01+01;1299
2015-01-11 18:14:01+01;1279
2015-01-11 21:58:01+01;1359
2015-01-12 07:10:01+01;1339
2015-01-12 09:30:01+01;1319
2015-01-12 09:38:01+01;1319
2015-01-12 11:58:01+01;1309
2015-01-12 12:58:01+01;1289
2015-01-12 13:58:01+01;1279
2015-01-12 16:10:01+01;1279
2015-01-12 17:46:01+01;1279
2015-01-12 21:58:01+01;1359
2015-01-13 08:06:01+01;1339
2015-01-13 09:14:01+01;1319
2015-01-13 11:50:01+01;1319
2015-01-13 11:58:01+01;1289
2015-01-13 13:18:01+01;1289
2015-01-13 16:10:01+01;1279
2015-01-13 17:10:01+01;1269
2015-01-13 17:50:01+01;1269
2015-01-13 21:58:01+01;1359
2015-01-14 05:30:01+01;1349
2015-01-14 07:38:01+01;1349
2015-01-14 11:46:01+01;1309
2015-01-14 13:50:01+01;1299
2015-01-14 14:18:01+01;1289
2015-01-14 16:06:01+01;1269
2015-01-14 18:46:01+01;1259
2015-01-14 21:58:01+01;1349
2015-01-15 05:46:01+01;1349
2015-01-15 10:18:01+01;1339
2015-01-15 12:06:01+01;1289
2015-01-15 13:18:01+01;1269
2015-01-15 21:58:01+01;1359
2015-01-16 05:30:01+01;1349
2015-01-16 09:26:01+01;1319
2015-01-16 09:34:01+01;1319
2015-01-16 09:58:01+01;1309
2015-01-16 11:34:01+01;1299
2015-01-16 12:06:01+01;1299
2015-01-16 12:10:01+01;1289
2015-01-16 12:46:01+01;1289
2015-01-16 14:10:01+01;1279
2015-01-16 14:34:01+01;1269
2015-01-16 21:58:01+01;1359
2015-01-17 05:46:01+01;1349
2015-01-17 06:46:01+01;1349
2015-01-17 10:22:01+01;1349
2015-01-17 11:14:01+01;1309
2015-01-17 12:46:01+01;1279
2015-01-17 21:58:01+01;1359
2015-01-18 05:54:01+01;1349
2015-01-18 07:38:01+01;1349
2015-01-18 08:58:01+01;1289
2015-01-18 10:06:01+01;1279
2015-01-18 21:58:01+01;1359
2015-01-19 05:50:01+01;1349
2015-01-19 07:38:01+01;1349
2015-01-19 08:34:01+01;1309
2015-01-19 08:50:01+01;1279
2015-01-19 21:58:01+01;1359
2015-01-20 05:18:01+01;1359
2015-01-20 07:38:01+01;1359
2015-01-20 11:26:01+01;1339
2015-01-20 11:38:01+01;1309
2015-01-20 12:18:01+01;1299
2015-01-20 13:58:01+01;1279
2015-01-20 21:58:01+01;1359
2015-01-21 05:30:01+01;1359
2015-01-21 08:46:01+01;1359
2015-01-21 10:26:01+01;1319
2015-01-21 12:10:01+01;1299
2015-01-21 13:26:01+01;1289
2015-01-21 15:34:01+01;1279
2015-01-21 17:30:01+01;1269
2015-01-21 21:58:01+01;1359
2015-01-22 05:46:01+01;1349
2015-01-22 06:54:01+01;1349
2015-01-22 08:26:01+01;1289
2015-01-22 11:30:01+01;1269
2015-01-22 21:58:01+01;1359
2015-01-23 09:38:01+01;1329
2015-01-23 11:46:01+01;1309
2015-01-23 11:58:01+01;1309
2015-01-23 13:14:01+01;1299
2015-01-23 13:46:01+01;1279
2015-01-23 21:58:01+01;1369
2015-01-24 06:10:01+01;1369
2015-01-24 06:58:01+01;1359
2015-01-24 07:34:01+01;1359
2015-01-24 10:14:01+01;1359
2015-01-24 10:26:01+01;1319
2015-01-24 13:10:01+01;1309
2015-01-24 13:50:02+01;1309
2015-01-24 14:14:01+01;1289
2015-01-24 21:58:01+01;1359
2015-01-25 06:30:01+01;1359
2015-01-25 07:38:01+01;1359
2015-01-25 09:14:01+01;1319
2015-01-25 11:46:02+01;1289
2015-01-25 21:58:01+01;1359
2015-01-26 05:50:01+01;1359
2015-01-26 12:10:01+01;1359
2015-01-26 14:58:01+01;1309
2015-01-26 15:58:01+01;1289
2015-01-26 21:58:01+01;1359
2015-01-27 07:30:01+01;1359
2015-01-27 09:10:01+01;1359
2015-01-27 09:18:01+01;1329
2015-01-27 10:46:01+01;1319
2015-01-27 12:38:01+01;1309
2015-01-27 13:14:01+01;1299
2015-01-27 14:26:01+01;1279
2015-01-27 21:58:01+01;1359
2015-01-28 10:10:01+01;1319
2015-01-28 11:14:01+01;1319
2015-01-28 11:30:01+01;1309
2015-01-28 12:06:01+01;1299
2015-01-28 12:50:01+01;1289
2015-01-28 15:10:01+01;1289
2015-01-28 15:26:01+01;1279
2015-01-28 15:54:01+01;1279
2015-01-28 21:58:01+01;1369
2015-01-29 05:18:01+01;1359
2015-01-29 07:10:01+01;1359
2015-01-29 08:54:01+01;1349
2015-01-29 09:38:01+01;1319
2015-01-29 09:50:01+01;1309
2015-01-29 11:14:01+01;1299
2015-01-29 12:50:01+01;1279
2015-01-29 17:34:01+01;1279
2015-01-29 21:58:01+01;1369
2015-01-30 05:30:01+01;1369
2015-01-30 07:02:01+01;1369
2015-01-30 09:14:01+01;1319
2015-01-30 10:30:01+01;1309
2015-01-30 11:30:01+01;1289
2015-01-30 14:14:01+01;1289
2015-01-30 21:58:01+01;1369
2015-01-31 06:50:01+01;1369
2015-01-31 07:34:01+01;1359
2015-01-31 09:34:01+01;1349
2015-01-31 09:50:01+01;1329
2015-01-31 10:34:01+01;1319
2015-01-31 12:58:01+01;1299
2015-01-31 13:54:01+01;1289
2015-01-31 21:58:01+01;1369
2015-02-01 07:34:01+01;1359
2015-02-01 09:14:01+01;1319
2015-02-01 11:54:01+01;1309
2015-02-01 12:58:01+01;1289
2015-02-01 21:58:01+01;1369
2015-02-02 07:46:01+01;1359
2015-02-02 09:38:01+01;1319
2015-02-02 11:50:01+01;1289
2015-02-02 21:58:01+01;1389
2015-02-03 05:18:01+01;1379
2015-02-03 07:14:01+01;1369
2015-02-03 08:14:01+01;1339
2015-02-03 10:26:01+01;1329
2015-02-03 15:58:01+01;1329
2015-02-03 22:02:01+01;1409
2015-02-04 06:18:01+01;1409
2015-02-04 10:14:01+01;1349
2015-02-04 11:18:01+01;1339
2015-02-04 15:58:01+01;1329
2015-02-04 22:34:01+01;1419
2015-02-05 06:38:01+01;1419
2015-02-05 07:18:01+01;1389
2015-02-05 09:26:01+01;1359
2015-02-05 10:14:01+01;1349
2015-02-05 11:06:01+01;1339
2015-02-05 11:14:01+01;1329
2015-02-05 12:54:01+01;1329
2015-02-05 14:02:01+01;1319
2015-02-05 15:46:01+01;1309
2015-02-05 21:58:01+01;1439
2015-02-06 05:34:01+01;1419
2015-02-06 06:18:01+01;1419
2015-02-06 07:10:01+01;1389
2015-02-06 09:26:01+01;1359
2015-02-06 10:26:01+01;1339
2015-02-06 12:14:01+01;1329
2015-02-06 12:54:01+01;1329
2015-02-06 14:10:01+01;1319
2015-02-06 15:58:01+01;1309
2015-02-06 21:58:01+01;1419
2015-02-07 07:34:01+01;1419
2015-02-07 09:46:01+01;1359
2015-02-07 10:58:01+01;1349
2015-02-07 11:26:01+01;1339
2015-02-07 12:34:01+01;1329
2015-02-07 21:58:01+01;1419
2015-02-08 07:34:01+01;1419
2015-02-08 09:30:01+01;1399
2015-02-08 11:06:01+01;1389
2015-02-08 11:14:01+01;1379
2015-02-08 11:34:02+01;1349
2015-02-08 12:50:01+01;1329
2015-02-08 21:58:01+01;1419
2015-02-09 05:46:01+01;1409
2015-02-09 07:58:01+01;1339
2015-02-09 12:06:01+01;1329
2015-02-09 21:58:01+01;1449
2015-02-10 05:18:01+01;1439
2015-02-10 07:42:01+01;1429
2015-02-10 09:14:01+01;1399
2015-02-10 09:46:01+01;1389
2015-02-10 10:34:01+01;1369
2015-02-10 11:50:01+01;1349
2015-02-10 14:30:01+01;1339
2015-02-11 00:10:01+01;1449
2015-02-11 07:38:01+01;1419
2015-02-11 09:10:01+01;1409
2015-02-11 10:46:01+01;1399
2015-02-11 11:18:01+01;1369
2015-02-11 12:10:01+01;1349
2015-02-11 13:34:01+01;1339
2015-02-11 16:46:01+01;1329
2015-02-11 21:58:01+01;1449
2015-02-12 05:38:01+01;1439
2015-02-12 07:46:01+01;1419
2015-02-12 09:02:01+01;1369
2015-02-12 10:06:01+01;1359
2015-02-12 13:30:01+01;1339
2015-02-12 14:06:01+01;1329
2015-02-12 19:30:01+01;1329
2015-02-12 21:58:01+01;1449
2015-02-13 05:46:01+01;1439
2015-02-13 07:34:01+01;1419
2015-02-13 09:34:01+01;1409
2015-02-13 10:46:01+01;1359
2015-02-13 11:58:01+01;1359
2015-02-13 13:58:01+01;1329
2015-02-13 21:58:01+01;1449
2015-02-14 07:38:01+01;1439
2015-02-14 10:26:01+01;1379
2015-02-14 11:46:01+01;1369
2015-02-14 13:54:01+01;1349
2015-02-14 21:58:01+01;1439
2015-02-15 05:50:01+01;1429
2015-02-15 07:38:01+01;1429
2015-02-15 10:58:01+01;1429
2015-02-15 11:10:01+01;1379
2015-02-15 12:14:01+01;1349
2015-02-15 21:58:01+01;1439
2015-02-16 07:34:01+01;1439
2015-02-16 09:18:01+01;1389
2015-02-16 10:34:01+01;1379
2015-02-16 12:30:01+01;1359
2015-02-16 13:34:01+01;1349
2015-02-16 21:58:01+01;1459
2015-02-17 07:38:01+01;1439
2015-02-17 09:18:01+01;1439
2015-02-17 09:30:01+01;1389
2015-02-17 11:06:01+01;1389
2015-02-17 12:26:01+01;1359
2015-02-17 16:50:01+01;1349
2015-02-17 21:58:01+01;1459
2015-02-18 05:46:01+01;1449
2015-02-18 06:30:01+01;1449
2015-02-18 07:34:01+01;1449
2015-02-18 09:38:02+01;1389
2015-02-18 11:54:01+01;1379
2015-02-18 11:58:01+01;1379
2015-02-18 12:06:01+01;1369
2015-02-18 13:54:01+01;1349
2015-02-18 21:58:01+01;1459
2015-02-19 05:46:01+01;1449
2015-02-19 06:54:01+01;1439
2015-02-19 09:06:01+01;1389
2015-02-19 10:30:02+01;1369
2015-02-19 12:10:01+01;1359
2015-02-19 12:26:01+01;1349
2015-02-19 15:18:01+01;1339
2015-02-19 16:14:01+01;1329
2015-02-19 21:58:01+01;1439
2015-02-20 05:30:01+01;1439
2015-02-20 06:26:01+01;1429
2015-02-20 09:46:01+01;1419
2015-02-20 12:10:01+01;1359
2015-02-20 13:58:01+01;1339
2015-02-20 15:06:01+01;1339
2015-02-20 16:30:01+01;1329
2015-02-20 21:58:01+01;1459
2015-02-21 05:26:01+01;1449
2015-02-21 06:50:01+01;1449
2015-02-21 07:38:01+01;1409
2015-02-21 10:26:01+01;1399
2015-02-21 11:30:01+01;1399
2015-02-21 12:18:01+01;1369
2015-02-21 14:14:01+01;1349
2015-02-21 21:58:01+01;1439
2015-02-22 09:18:01+01;1439
2015-02-22 09:34:01+01;1429
2015-02-22 10:14:01+01;1419
2015-02-22 11:14:01+01;1379
2015-02-22 12:26:01+01;1379
2015-02-22 12:46:01+01;1369
2015-02-22 13:46:01+01;1349
2015-02-22 21:58:01+01;1449
2015-02-23 07:34:01+01;1429
2015-02-23 09:26:01+01;1419
2015-02-23 09:34:01+01;1389
2015-02-23 09:54:01+01;1379
2015-02-23 10:54:01+01;1369
2015-02-23 12:10:01+01;1359
2015-02-23 13:18:01+01;1349
2015-02-23 21:58:01+01;1459
2015-02-24 05:30:01+01;1449
2015-02-24 06:46:01+01;1449
2015-02-24 09:46:01+01;1389
2015-02-24 11:14:01+01;1359
2015-02-24 15:26:01+01;1349
2015-02-24 16:34:01+01;1339
2015-02-24 21:58:01+01;1449
2015-02-25 01:26:01+01;1449
2015-02-25 06:26:01+01;1449
2015-02-25 07:30:01+01;1449
2015-02-25 09:18:01+01;1439
2015-02-25 09:30:01+01;1399
2015-02-25 09:46:01+01;1389
2015-02-25 10:50:01+01;1389
2015-02-25 11:10:01+01;1369
2015-02-25 11:38:01+01;1369
2015-02-25 12:38:01+01;1359
2015-02-25 15:26:01+01;1359
2015-02-25 15:34:01+01;1349
2015-02-25 18:30:01+01;1339
2015-02-25 21:58:01+01;1459
2015-02-26 05:34:01+01;1459
2015-02-26 06:34:01+01;1429
2015-02-26 09:46:01+01;1389
2015-02-26 10:26:01+01;1379
2015-02-26 12:58:01+01;1379
2015-02-26 13:26:01+01;1369
2015-02-26 14:06:01+01;1359
2015-02-26 14:18:01+01;1349
2015-02-26 18:58:01+01;1349
2015-02-26 21:58:01+01;1469
2015-02-27 05:30:01+01;1459
2015-02-27 07:38:01+01;1449
2015-02-27 09:34:01+01;1409
2015-02-27 10:26:01+01;1409
2015-02-27 11:30:01+01;1389
2015-02-27 12:18:01+01;1379
2015-02-27 16:30:01+01;1369
2015-02-27 18:34:01+01;1359
2015-02-27 21:58:01+01;1489
2015-02-28 05:18:01+01;1489
2015-02-28 05:58:01+01;1479
2015-02-28 06:54:01+01;1479
2015-02-28 08:38:01+01;1459
2015-02-28 10:14:01+01;1449
2015-02-28 10:58:01+01;1439
2015-02-28 12:26:01+01;1389
2015-02-28 13:06:01+01;1389
2015-02-28 15:30:01+01;1369
2015-02-28 18:18:01+01;1359
2015-02-28 21:58:01+01;1449
2015-03-01 10:18:01+01;1409
2015-03-01 11:14:01+01;1389
2015-03-01 11:30:02+01;1389
2015-03-01 12:54:02+01;1379
2015-03-01 14:30:01+01;1369
2015-03-01 16:30:01+01;1359
2015-03-01 21:58:01+01;1469
2015-03-02 07:14:01+01;1459
2015-03-02 09:38:01+01;1409
2015-03-02 09:50:01+01;1409
2015-03-02 11:14:01+01;1399
2015-03-02 11:34:01+01;1389
2015-03-02 13:02:01+01;1389
2015-03-02 13:34:01+01;1389
2015-03-02 14:14:01+01;1369
2015-03-02 14:26:01+01;1359
2015-03-02 21:58:01+01;1479
2015-03-03 05:30:01+01;1479
2015-03-03 07:02:01+01;1469
2015-03-03 07:50:01+01;1469
2015-03-03 09:58:01+01;1459
2015-03-03 10:54:01+01;1409
2015-03-03 11:38:01+01;1379
2015-03-03 12:38:01+01;1379
2015-03-03 13:10:01+01;1369
2015-03-03 21:58:01+01;1489
2015-03-04 05:50:01+01;1479
2015-03-04 06:54:01+01;1469
2015-03-04 09:46:01+01;1469
2015-03-04 10:02:01+01;1419
2015-03-04 10:34:01+01;1409
2015-03-04 11:10:01+01;1379
2015-03-04 13:10:01+01;1379
2015-03-04 21:58:01+01;1489
2015-03-05 05:54:01+01;1489
2015-03-05 06:54:01+01;1469
2015-03-05 08:58:01+01;1459
2015-03-05 09:10:01+01;1429
2015-03-05 09:30:01+01;1419
2015-03-05 11:10:01+01;1399
2015-03-05 11:26:01+01;1389
2015-03-05 12:38:01+01;1379
2015-03-05 13:06:01+01;1379
2015-03-05 21:58:01+01;1499
2015-03-06 05:30:01+01;1499
2015-03-06 06:06:01+01;1489
2015-03-06 07:06:01+01;1469
2015-03-06 08:46:01+01;1449
2015-03-06 09:46:01+01;1419
2015-03-06 11:06:01+01;1409
2015-03-06 11:18:01+01;1389
2015-03-06 12:26:01+01;1379
2015-03-06 21:58:01+01;1499
2015-03-07 06:50:01+01;1499
2015-03-07 07:38:01+01;1489
2015-03-07 09:30:01+01;1469
2015-03-07 09:58:01+01;1469
2015-03-07 10:50:01+01;1409
2015-03-07 11:14:01+01;1409
2015-03-07 12:30:01+01;1379
2015-03-07 21:58:01+01;1469
2015-03-08 10:50:01+01;1459
2015-03-08 11:14:01+01;1409
2015-03-08 12:10:01+01;1379
2015-03-08 21:58:01+01;1489
2015-03-09 06:50:01+01;1489
2015-03-09 07:10:01+01;1469
2015-03-09 08:18:01+01;1469
2015-03-09 09:14:01+01;1459
2015-03-09 09:50:01+01;1419
2015-03-09 10:58:01+01;1389
2015-03-09 13:14:01+01;1379
2015-03-09 21:58:01+01;1499
2015-03-10 05:18:01+01;1499
2015-03-10 06:50:01+01;1489
2015-03-10 08:10:01+01;1479
2015-03-10 09:10:01+01;1469
2015-03-10 09:18:01+01;1429
2015-03-10 10:38:01+01;1399
2015-03-10 13:18:01+01;1389
2015-03-10 14:50:01+01;1389
2015-03-10 21:58:01+01;1499
2015-03-11 05:46:01+01;1499
2015-03-11 06:18:01+01;1499
2015-03-11 07:58:01+01;1479
2015-03-11 09:30:01+01;1469
2015-03-11 09:38:01+01;1439
2015-03-11 09:54:01+01;1439
2015-03-11 09:58:01+01;1429
2015-03-11 10:46:02+01;1409
2015-03-11 12:18:01+01;1389
2015-03-11 21:58:01+01;1499
2015-03-12 05:18:01+01;1499
2015-03-12 07:14:01+01;1489
2015-03-12 08:14:01+01;1479
2015-03-12 09:34:01+01;1479
2015-03-12 09:54:01+01;1479
2015-03-12 10:02:01+01;1429
2015-03-12 10:58:01+01;1399
2015-03-12 21:58:01+01;1499
2015-03-13 05:50:01+01;1499
2015-03-13 07:02:01+01;1489
2015-03-13 08:10:01+01;1479
2015-03-13 09:06:01+01;1439
2015-03-13 09:50:01+01;1429
2015-03-13 10:34:01+01;1409
2015-03-13 10:54:01+01;1409
2015-03-13 12:30:01+01;1399
2015-03-13 21:58:01+01;1509
2015-03-14 06:50:01+01;1509
2015-03-14 08:06:01+01;1489
2015-03-14 08:54:01+01;1489
2015-03-14 10:46:01+01;1479
2015-03-14 10:58:01+01;1409
2015-03-14 12:54:01+01;1399
2015-03-14 21:58:01+01;1489
2015-03-15 09:06:01+01;1489
2015-03-15 09:58:01+01;1439
2015-03-15 10:18:01+01;1409
2015-03-15 10:54:01+01;1409
2015-03-15 12:34:01+01;1399
2015-03-15 21:58:01+01;1509
2015-03-16 05:18:01+01;1509
2015-03-16 07:34:02+01;1489
2015-03-16 10:26:01+01;1469
2015-03-16 10:34:01+01;1439
2015-03-16 12:10:01+01;1409
2015-03-16 13:34:01+01;1389
2015-03-16 14:50:01+01;1389
2015-03-16 21:58:01+01;1499
2015-03-17 05:54:01+01;1489
2015-03-17 07:58:01+01;1489
2015-03-17 09:46:01+01;1429
2015-03-17 10:26:01+01;1399
2015-03-17 14:10:01+01;1379
2015-03-17 15:14:01+01;1379
2015-03-17 22:02:01+01;1499
2015-03-18 05:54:01+01;1489
2015-03-18 07:18:01+01;1469
2015-03-18 09:54:01+01;1469
2015-03-18 11:18:01+01;1469
2015-03-18 11:30:01+01;1409
2015-03-18 11:34:01+01;1409
2015-03-18 11:46:01+01;1389
2015-03-18 13:50:01+01;1379
2015-03-18 16:50:01+01;1379
2015-03-18 21:58:01+01;1499
2015-03-19 05:54:01+01;1489
2015-03-19 07:18:01+01;1479
2015-03-19 08:14:01+01;1469
2015-03-19 09:38:01+01;1419
2015-03-19 10:30:01+01;1389
2015-03-19 13:14:01+01;1389
2015-03-19 14:46:01+01;1389
2015-03-19 21:58:01+01;1499
2015-03-20 05:50:01+01;1489
2015-03-20 09:50:01+01;1489
2015-03-20 10:30:01+01;1429
2015-03-20 12:14:01+01;1409
2015-03-20 13:58:01+01;1389
2015-03-20 21:58:01+01;1499
2015-03-21 05:50:01+01;1489
2015-03-21 06:54:01+01;1489
2015-03-21 07:10:01+01;1489
2015-03-21 08:30:01+01;1479
2015-03-21 09:30:01+01;1479
2015-03-21 11:02:01+01;1469
2015-03-21 11:14:01+01;1469
2015-03-21 11:26:01+01;1449
2015-03-21 11:30:01+01;1449
2015-03-21 11:38:01+01;1419
2015-03-21 12:26:01+01;1409
2015-03-21 12:46:01+01;1399
2015-03-21 13:14:01+01;1389
2015-03-21 13:38:01+01;1379
2015-03-21 14:18:01+01;1379
2015-03-21 21:58:01+01;1469
2015-03-22 09:10:01+01;1469
2015-03-22 11:46:01+01;1459
2015-03-22 12:38:01+01;1409
2015-03-22 14:34:01+01;1379
2015-03-22 15:50:01+01;1379
2015-03-22 21:58:01+01;1489
2015-03-23 07:46:01+01;1479
2015-03-23 08:50:01+01;1469
2015-03-23 10:46:01+01;1459
2015-03-23 12:46:01+01;1419
2015-03-23 13:06:01+01;1399
2015-03-23 13:50:01+01;1399
2015-03-23 13:58:01+01;1399
2015-03-23 14:46:01+01;1389
2015-03-23 15:30:01+01;1379
2015-03-23 21:58:01+01;1489
2015-03-24 05:34:01+01;1489
2015-03-24 07:14:01+01;1489
2015-03-24 08:02:01+01;1479
2015-03-24 09:02:01+01;1479
2015-03-24 09:30:01+01;1469
2015-03-24 10:54:01+01;1429
2015-03-24 11:30:01+01;1399
2015-03-24 14:10:01+01;1399
2015-03-24 14:50:01+01;1399
2015-03-24 21:58:01+01;1489
2015-03-25 05:30:01+01;1489
2015-03-25 06:30:01+01;1489
2015-03-25 09:34:01+01;1429
2015-03-25 11:02:01+01;1419
2015-03-25 11:34:01+01;1399
2015-03-25 21:58:01+01;1499
2015-03-26 07:02:01+01;1489
2015-03-26 08:54:01+01;1479
2015-03-26 10:22:01+01;1459
2015-03-26 12:02:01+01;1449
2015-03-26 13:02:01+01;1429
2015-03-26 14:34:01+01;1409
2015-03-26 21:58:01+01;1509
2015-03-27 05:58:01+01;1509
2015-03-27 07:02:01+01;1499
2015-03-27 07:18:01+01;1499
2015-03-27 09:34:01+01;1489
2015-03-27 11:54:01+01;1459
2015-03-27 12:30:01+01;1449
2015-03-27 14:14:01+01;1429
2015-03-27 21:58:01+01;1519
2015-03-28 06:54:01+01;1519
2015-03-28 07:18:01+01;1509
2015-03-28 09:34:01+01;1489
2015-03-28 09:54:01+01;1489
2015-03-28 11:34:01+01;1439
2015-03-28 12:34:01+01;1429
2015-03-28 21:58:01+01;1519
2015-03-29 07:22:01+02;1429
2015-03-29 10:14:01+02;1429
2015-03-29 21:58:01+02;1519
2015-03-30 05:22:01+02;1519
2015-03-30 07:18:01+02;1509
2015-03-30 07:54:01+02;1429
2015-03-30 12:38:01+02;1429
2015-03-30 21:58:01+02;1519
2015-03-31 05:18:01+02;1519
2015-03-31 07:14:01+02;1509
2015-03-31 08:22:01+02;1499
2015-03-31 09:34:01+02;1499
2015-03-31 09:42:01+02;1489
2015-03-31 11:14:01+02;1479
2015-03-31 12:54:01+02;1469
2015-03-31 13:30:01+02;1419
2015-03-31 13:38:01+02;1419
2015-03-31 21:58:01+02;1519
2015-04-01 05:54:01+02;1509
2015-04-01 06:58:01+02;1499
2015-04-01 08:02:01+02;1479
2015-04-01 09:10:01+02;1479
2015-04-01 11:10:01+02;1449
2015-04-01 12:02:01+02;1429
2015-04-01 13:46:01+02;1429
2015-04-01 14:10:01+02;1419
2015-04-01 21:58:01+02;1539
2015-04-02 05:38:01+02;1519
2015-04-02 06:30:01+02;1509
2015-04-02 08:02:01+02;1509
2015-04-02 08:14:01+02;1489
2015-04-02 09:34:01+02;1479
2015-04-02 13:22:01+02;1449
2015-04-02 13:34:01+02;1429
2015-04-02 14:10:01+02;1409
2015-04-02 21:58:01+02;1519
2015-04-03 06:50:01+02;1519
2015-04-03 07:18:01+02;1509
2015-04-03 10:02:01+02;1499
2015-04-03 11:34:01+02;1429
2015-04-03 12:22:01+02;1419
2015-04-03 21:58:01+02;1509
2015-04-04 06:10:01+02;1509
2015-04-04 08:42:01+02;1499
2015-04-04 09:34:01+02;1479
2015-04-04 10:42:01+02;1449
2015-04-04 11:18:01+02;1429
2015-04-04 12:14:01+02;1419
2015-04-04 21:58:01+02;1509
2015-04-05 06:02:01+02;1509
2015-04-05 09:34:01+02;1489
2015-04-05 09:50:01+02;1479
2015-04-05 10:54:01+02;1439
2015-04-05 11:58:01+02;1419
2015-04-05 21:58:01+02;1509
2015-04-06 06:02:01+02;1509
2015-04-06 10:18:01+02;1499
2015-04-06 12:14:01+02;1429
2015-04-06 18:14:01+02;1419
2015-04-06 21:58:01+02;1519
2015-04-07 06:30:01+02;1509
2015-04-07 07:18:01+02;1509
2015-04-07 09:22:01+02;1489
2015-04-07 10:18:01+02;1479
2015-04-07 10:38:01+02;1459
2015-04-07 11:54:01+02;1439
2015-04-07 13:14:01+02;1429
2015-04-07 14:34:01+02;1419
2015-04-07 21:58:01+02;1519
2015-04-08 06:42:01+02;1499
2015-04-08 09:22:01+02;1449
2015-04-08 10:54:01+02;1429
2015-04-08 21:58:01+02;1519
2015-04-09 09:18:01+02;1459
2015-04-09 10:42:01+02;1439
2015-04-09 14:14:01+02;1429
2015-04-09 21:58:01+02;1519
2015-04-10 05:22:01+02;1519
2015-04-10 07:18:01+02;1509
2015-04-10 09:22:01+02;1509
2015-04-10 09:42:01+02;1449
2015-04-10 10:38:01+02;1429
2015-04-10 13:22:01+02;1429
2015-04-10 14:14:01+02;1419
2015-04-10 21:58:01+02;1539
2015-04-11 07:02:01+02;1509
2015-04-11 07:54:01+02;1499
2015-04-11 09:54:01+02;1449
2015-04-11 10:58:01+02;1439
2015-04-11 11:38:01+02;1419
2015-04-11 21:58:01+02;1509
2015-04-12 05:50:01+02;1509
2015-04-12 10:30:01+02;1499
2015-04-12 11:30:01+02;1479
2015-04-12 11:54:02+02;1469
2015-04-12 11:58:01+02;1469
2015-04-12 12:02:01+02;1439
2015-04-12 12:30:01+02;1419
2015-04-12 21:58:01+02;1529
2015-04-13 07:10:01+02;1519
2015-04-13 07:18:01+02;1509
2015-04-13 07:42:01+02;1499
2015-04-13 09:14:01+02;1449
2015-04-13 10:14:01+02;1429
2015-04-13 14:02:01+02;1419
2015-04-13 21:58:01+02;1539
2015-04-14 05:18:01+02;1529
2015-04-14 06:58:01+02;1509
2015-04-14 09:30:01+02;1459
2015-04-14 10:10:01+02;1459
2015-04-14 10:42:01+02;1439
2015-04-14 14:42:01+02;1439
2015-04-14 21:58:01+02;1549
2015-04-15 05:58:01+02;1539
2015-04-15 07:10:01+02;1529
2015-04-15 08:42:01+02;1519
2015-04-15 09:14:01+02;1469
2015-04-15 10:34:01+02;1449
2015-04-15 13:30:01+02;1429
2015-04-15 21:58:01+02;1549
2015-04-16 05:30:01+02;1539
2015-04-16 06:38:01+02;1529
2015-04-16 07:42:01+02;1469
2015-04-16 10:30:01+02;1449
2015-04-16 13:22:01+02;1449
2015-04-16 14:34:01+02;1439
2015-04-16 21:58:01+02;1559
2015-04-17 05:42:01+02;1549
2015-04-17 06:58:01+02;1539
2015-04-17 08:02:01+02;1529
2015-04-17 09:34:01+02;1489
2015-04-17 10:30:01+02;1469
2015-04-17 12:54:01+02;1459
2015-04-17 21:58:01+02;1569
2015-04-18 06:50:01+02;1549
2015-04-18 06:58:01+02;1539
2015-04-18 09:30:01+02;1529
2015-04-18 09:38:01+02;1489
2015-04-18 11:30:01+02;1469
2015-04-18 11:42:01+02;1469
2015-04-18 21:58:01+02;1559
2015-04-19 05:42:01+02;1559
2015-04-19 06:42:01+02;1549
2015-04-19 07:30:01+02;1539
2015-04-19 08:54:01+02;1489
2015-04-19 09:10:01+02;1469
2015-04-19 12:30:01+02;1459
2015-04-19 21:58:01+02;1569
2015-04-20 05:22:01+02;1549
2015-04-20 06:42:01+02;1549
2015-04-20 07:02:01+02;1539
2015-04-20 08:10:01+02;1539
2015-04-20 09:34:01+02;1529
2015-04-20 09:54:01+02;1489
2015-04-20 11:14:01+02;1469
2015-04-20 13:34:01+02;1459
2015-04-20 21:58:01+02;1569
2015-04-21 05:18:01+02;1559
2015-04-21 06:42:01+02;1549
2015-04-21 06:58:01+02;1539
2015-04-21 09:22:01+02;1529
2015-04-21 09:42:01+02;1489
2015-04-21 11:10:01+02;1469
2015-04-21 13:58:01+02;1459
2015-04-21 21:58:01+02;1569
2015-04-22 05:38:01+02;1559
2015-04-22 07:02:01+02;1549
2015-04-22 07:58:01+02;1539
2015-04-22 09:42:01+02;1489
2015-04-22 10:50:01+02;1489
2015-04-22 11:10:01+02;1479
2015-04-22 11:14:01+02;1469
2015-04-22 14:54:01+02;1459
2015-04-22 21:58:01+02;1569
2015-04-23 05:30:01+02;1559
2015-04-23 06:58:01+02;1549
2015-04-23 09:30:01+02;1489
2015-04-23 10:38:01+02;1469
2015-04-23 13:38:01+02;1469
2015-04-23 21:58:01+02;1579
2015-04-24 05:18:01+02;1549
2015-04-24 07:18:01+02;1549
2015-04-24 09:38:01+02;1489
2015-04-24 10:38:01+02;1469
2015-04-24 21:58:01+02;1579
2015-04-25 06:50:01+02;1569
2015-04-25 07:18:01+02;1559
2015-04-25 09:18:01+02;1499
2015-04-25 09:42:01+02;1479
2015-04-25 21:58:01+02;1569
2015-04-26 05:42:01+02;1559
2015-04-26 09:38:01+02;1499
2015-04-26 12:42:01+02;1479
2015-04-26 21:58:01+02;1579
2015-04-27 05:18:01+02;1569
2015-04-27 06:58:01+02;1559
2015-04-27 09:18:01+02;1509
2015-04-27 10:02:01+02;1509
2015-04-27 10:42:01+02;1489
2015-04-27 13:18:01+02;1479
2015-04-27 21:58:01+02;1579
2015-04-28 05:34:01+02;1569
2015-04-28 06:18:01+02;1559
2015-04-28 09:34:01+02;1509
2015-04-28 12:50:01+02;1489
2015-04-28 13:58:01+02;1479
2015-04-28 21:58:01+02;1589
2015-04-29 05:38:01+02;1569
2015-04-29 06:54:01+02;1559
2015-04-29 09:54:01+02;1499
2015-04-29 10:34:01+02;1479
2015-04-29 12:34:01+02;1479
2015-04-29 13:54:01+02;1469
2015-04-29 21:58:02+02;1589
2015-04-30 05:18:01+02;1559
2015-04-30 06:54:01+02;1549
2015-04-30 09:30:01+02;1539
2015-04-30 09:38:01+02;1499
2015-04-30 10:10:01+02;1479
2015-04-30 13:54:01+02;1469
2015-04-30 16:42:01+02;1469
2015-04-30 21:58:01+02;1599
2015-05-01 06:50:01+02;1559
2015-05-01 07:18:01+02;1549
2015-05-01 11:54:01+02;1529
2015-05-01 12:02:01+02;1489
2015-05-01 13:30:01+02;1469
2015-05-01 21:58:01+02;1559
2015-05-02 05:42:01+02;1559
2015-05-02 06:50:01+02;1549
2015-05-02 09:38:01+02;1499
2015-05-02 12:42:01+02;1479
2015-05-02 15:14:01+02;1469
2015-05-02 21:58:01+02;1559
2015-05-03 05:50:01+02;1559
2015-05-03 07:14:01+02;1549
2015-05-03 09:38:01+02;1489
2015-05-03 12:42:01+02;1469
2015-05-03 21:58:01+02;1579
2015-05-04 05:22:01+02;1569
2015-05-04 06:58:01+02;1549
2015-05-04 09:38:01+02;1499
2015-05-04 12:42:01+02;1479
2015-05-04 12:54:01+02;1479
2015-05-04 13:10:01+02;1469
2015-05-04 21:58:01+02;1609
2015-05-05 05:18:02+02;1569
2015-05-05 07:10:01+02;1559
2015-05-05 09:38:01+02;1499
2015-05-05 10:22:01+02;1479
2015-05-05 21:58:01+02;1609
2015-05-06 05:50:01+02;1569
2015-05-06 07:14:01+02;1559
2015-05-06 09:18:01+02;1499
2015-05-06 10:30:01+02;1489
2015-05-06 12:42:01+02;1479
2015-05-06 13:02:01+02;1479
2015-05-06 21:58:01+02;1609
2015-05-07 05:58:01+02;1579
2015-05-07 07:18:01+02;1569
2015-05-07 09:30:01+02;1569
2015-05-07 09:50:02+02;1509
2015-05-07 12:02:01+02;1509
2015-05-07 12:38:01+02;1489
2015-05-07 14:02:01+02;1479
2015-05-07 21:58:01+02;1609
2015-05-08 05:50:01+02;1569
2015-05-08 06:54:01+02;1559
2015-05-08 09:18:01+02;1509
2015-05-08 12:22:01+02;1489
2015-05-08 12:50:01+02;1479
2015-05-08 15:22:01+02;1469
2015-05-08 21:58:01+02;1599
2015-05-09 06:50:01+02;1549
2015-05-09 08:34:01+02;1529
2015-05-09 09:22:01+02;1509
2015-05-09 10:34:01+02;1489
2015-05-09 12:38:01+02;1469
2015-05-09 21:58:01+02;1559
2015-05-10 05:50:01+02;1559
2015-05-10 07:14:01+02;1549
2015-05-10 08:54:01+02;1529
2015-05-10 13:34:01+02;1479
2015-05-10 16:30:01+02;1469
2015-05-10 21:58:01+02;1579
2015-05-11 05:42:01+02;1549
2015-05-11 09:26:01+02;1509
2015-05-11 12:18:01+02;1479
2015-05-11 12:42:01+02;1459
2015-05-11 21:58:01+02;1599
2015-05-12 05:18:01+02;1549
2015-05-12 06:42:01+02;1549
2015-05-12 09:34:01+02;1499
2015-05-12 11:54:01+02;1479
2015-05-12 13:14:01+02;1459
2015-05-12 21:58:01+02;1599
2015-05-13 05:18:01+02;1549
2015-05-13 09:34:01+02;1489
2015-05-13 09:50:01+02;1489
2015-05-13 10:10:01+02;1489
2015-05-13 10:54:01+02;1469
2015-05-13 21:58:01+02;1609
2015-05-14 06:42:01+02;1559
2015-05-14 07:18:01+02;1549
2015-05-14 09:38:01+02;1549
2015-05-14 13:42:01+02;1539
2015-05-14 14:30:01+02;1479
2015-05-14 16:38:01+02;1469
2015-05-14 21:58:01+02;1579
2015-05-15 05:42:01+02;1559
2015-05-15 06:42:01+02;1559
2015-05-15 07:14:01+02;1559
2015-05-15 10:14:01+02;1549
2015-05-15 11:42:01+02;1499
2015-05-15 12:42:01+02;1479
2015-05-15 13:22:01+02;1469
2015-05-15 21:58:01+02;1609
2015-05-16 06:42:01+02;1549
2015-05-16 09:22:01+02;1499
2015-05-16 12:42:01+02;1479
2015-05-16 15:18:01+02;1469
2015-05-17 00:42:01+02;1589
2015-05-17 05:42:01+02;1559
2015-05-17 10:10:01+02;1549
2015-05-17 12:30:01+02;1489
2015-05-17 14:02:01+02;1469
2015-05-17 21:58:01+02;1589
2015-05-18 05:50:01+02;1559
2015-05-18 15:58:01+02;1469
2015-05-18 21:58:01+02;1599
2015-05-19 05:18:01+02;1559
2015-05-19 07:18:01+02;1559
2015-05-19 09:42:01+02;1549
2015-05-19 09:54:01+02;1489
2015-05-19 12:42:01+02;1469
2015-05-19 16:18:01+02;1459
2015-05-19 21:58:01+02;1609
2015-05-20 05:38:01+02;1549
2015-05-20 09:18:01+02;1539
2015-05-20 10:18:01+02;1529
2015-05-20 10:30:01+02;1499
2015-05-20 13:02:01+02;1479
2015-05-20 16:18:01+02;1459
2015-05-20 21:58:01+02;1609
2015-05-21 05:18:01+02;1549
2015-05-21 08:34:01+02;1529
2015-05-21 09:50:01+02;1529
2015-05-21 09:58:01+02;1499
2015-05-21 10:30:01+02;1479
2015-05-21 12:58:01+02;1459
2015-05-21 21:58:01+02;1609
2015-05-22 05:18:01+02;1559
2015-05-22 06:58:01+02;1549
2015-05-22 09:54:01+02;1539
2015-05-22 09:58:01+02;1499
2015-05-22 10:42:01+02;1499
2015-05-22 12:50:01+02;1479
2015-05-22 13:30:01+02;1479
2015-05-22 17:54:01+02;1469
2015-05-22 21:58:02+02;1609
2015-05-23 05:50:01+02;1609
2015-05-23 06:42:01+02;1569
2015-05-23 06:58:01+02;1559
2015-05-23 09:38:01+02;1499
2015-05-23 10:22:01+02;1479
2015-05-23 12:54:01+02;1469
2015-05-23 21:58:01+02;1559
2015-05-24 05:50:01+02;1559
2015-05-24 12:42:01+02;1479
2015-05-24 21:58:01+02;1569
2015-05-25 05:54:01+02;1569
2015-05-25 07:14:01+02;1559
2015-05-25 11:58:01+02;1489
2015-05-25 13:42:01+02;1469
2015-05-25 21:58:01+02;1579
2015-05-26 05:54:01+02;1569
2015-05-26 06:58:01+02;1559
2015-05-26 09:50:01+02;1549
2015-05-26 10:14:01+02;1539
2015-05-26 10:54:01+02;1539
2015-05-26 12:34:01+02;1539
2015-05-26 12:58:01+02;1519
2015-05-26 13:30:01+02;1499
2015-05-26 13:42:01+02;1499
2015-05-26 14:18:01+02;1489
2015-05-26 21:58:01+02;1609
2015-05-27 05:30:01+02;1579
2015-05-27 07:10:01+02;1529
2015-05-27 07:34:01+02;1529
2015-05-27 09:22:01+02;1509
2015-05-27 09:50:01+02;1499
2015-05-27 12:42:01+02;1489
2015-05-27 21:58:01+02;1609
2015-05-28 05:18:01+02;1569
2015-05-28 06:58:02+02;1549
2015-05-28 09:14:01+02;1499
2015-05-28 09:58:01+02;1489
2015-05-28 10:34:01+02;1479
2015-05-28 15:14:01+02;1479
2015-05-28 15:38:01+02;1459
2015-05-28 21:58:01+02;1599
2015-05-29 05:54:01+02;1559
2015-05-29 07:14:01+02;1539
2015-05-29 09:42:02+02;1459
2015-05-29 09:54:01+02;1459
2015-05-29 21:58:01+02;1609
2015-05-30 05:50:01+02;1609
2015-05-30 06:54:01+02;1559
2015-05-30 07:18:01+02;1549
2015-05-30 10:30:01+02;1499
2015-05-30 13:22:01+02;1479
2015-05-30 21:58:01+02;1569
2015-05-31 05:50:01+02;1559
2015-05-31 07:18:01+02;1549
2015-05-31 09:38:01+02;1489
2015-05-31 12:22:01+02;1469
2015-05-31 21:58:01+02;1579
2015-06-01 06:10:01+02;1569
2015-06-01 07:02:01+02;1549
2015-06-01 09:02:01+02;1499
2015-06-01 12:50:01+02;1479
2015-06-01 21:58:01+02;1619
2015-06-02 05:58:01+02;1619
2015-06-02 06:22:01+02;1569
2015-06-02 06:34:01+02;1569
2015-06-02 09:42:01+02;1539
2015-06-02 09:54:01+02;1519
2015-06-02 11:22:01+02;1519
2015-06-02 12:50:01+02;1499
2015-06-02 13:34:01+02;1479
2015-06-02 21:58:01+02;1619
2015-06-03 06:10:01+02;1619
2015-06-03 06:22:01+02;1589
2015-06-03 06:34:01+02;1559
2015-06-03 09:18:01+02;1539
2015-06-03 09:30:01+02;1539
2015-06-03 09:50:01+02;1519
2015-06-03 10:42:01+02;1509
2015-06-03 14:42:01+02;1489
2015-06-03 15:30:02+02;1479
2015-06-03 15:38:01+02;1479
2015-06-03 21:58:01+02;1609
2015-06-04 06:10:01+02;1609
2015-06-04 07:18:01+02;1549
2015-06-04 09:54:01+02;1549
2015-06-04 10:18:01+02;1539
2015-06-04 11:34:01+02;1489
2015-06-04 12:50:01+02;1479
2015-06-04 21:58:01+02;1599
2015-06-05 06:14:01+02;1569
2015-06-05 07:02:01+02;1549
2015-06-05 07:18:01+02;1519
2015-06-05 07:30:01+02;1519
2015-06-05 09:18:01+02;1489
2015-06-05 09:50:01+02;1469
2015-06-05 14:58:01+02;1469
2015-06-05 21:58:01+02;1609
2015-06-06 06:58:01+02;1539
2015-06-06 10:10:01+02;1529
2015-06-06 10:30:01+02;1529
2015-06-06 10:38:01+02;1499
2015-06-06 12:50:01+02;1479
2015-06-06 15:10:01+02;1479
2015-06-06 16:30:01+02;1469
2015-06-06 21:58:01+02;1559
2015-06-07 07:02:01+02;1559
2015-06-07 07:18:01+02;1539
2015-06-07 09:38:01+02;1499
2015-06-07 11:38:01+02;1479
2015-06-07 12:50:01+02;1469
2015-06-07 21:58:01+02;1579
2015-06-08 05:58:01+02;1579
2015-06-08 06:22:01+02;1539
2015-06-08 09:10:01+02;1539
2015-06-08 09:22:01+02;1539
2015-06-08 09:42:01+02;1509
2015-06-08 12:50:01+02;1489
2015-06-08 13:18:01+02;1469
2015-06-08 13:30:01+02;1459
2015-06-08 21:58:01+02;1609
2015-06-09 05:58:01+02;1609
2015-06-09 06:14:01+02;1559
2015-06-09 06:54:01+02;1529
2015-06-09 07:02:01+02;1509
2015-06-09 11:42:01+02;1509
2015-06-09 12:14:01+02;1499
2015-06-09 12:38:01+02;1489
2015-06-09 13:30:01+02;1479
2015-06-09 17:14:01+02;1469
2015-06-09 21:58:01+02;1609
2015-06-10 05:54:01+02;1609
2015-06-10 06:14:01+02;1569
2015-06-10 07:10:01+02;1529
2015-06-10 09:18:02+02;1519
2015-06-10 10:18:01+02;1499
2015-06-10 12:50:01+02;1489
2015-06-10 15:10:01+02;1479
2015-06-10 21:58:01+02;1609
2015-06-11 05:58:01+02;1609
2015-06-11 06:22:01+02;1569
2015-06-11 06:58:01+02;1529
2015-06-11 09:02:01+02;1499
2015-06-11 09:18:01+02;1499
2015-06-11 10:22:01+02;1489
2015-06-11 10:34:01+02;1479
2015-06-11 21:58:01+02;1619
2015-06-12 05:50:01+02;1619
2015-06-12 06:14:01+02;1589
2015-06-12 06:54:01+02;1569
2015-06-12 10:22:01+02;1559
2015-06-12 12:38:01+02;1509
2015-06-12 13:10:01+02;1499
2015-06-12 21:58:01+02;1619
2015-06-13 06:22:01+02;1589
2015-06-13 07:22:01+02;1569
2015-06-13 09:54:01+02;1549
2015-06-13 10:14:01+02;1519
2015-06-13 10:34:01+02;1499
2015-06-13 16:02:01+02;1489
2015-06-14 01:54:01+02;1579
2015-06-14 06:58:01+02;1579
2015-06-14 07:18:01+02;1569
2015-06-14 09:18:01+02;1509
2015-06-14 12:50:01+02;1489
2015-06-14 21:58:01+02;1609
2015-06-15 06:14:01+02;1589
2015-06-15 06:22:01+02;1539
2015-06-15 09:10:01+02;1519
2015-06-15 09:42:01+02;1509
2015-06-15 10:18:01+02;1499
2015-06-15 12:42:01+02;1499
2015-06-15 13:02:01+02;1489
2015-06-15 16:10:01+02;1489
2015-06-15 21:58:01+02;1609
2015-06-16 05:54:01+02;1609
2015-06-16 06:10:01+02;1589
2015-06-16 06:54:01+02;1549
2015-06-16 09:30:01+02;1519
2015-06-16 10:34:01+02;1499
2015-06-16 14:42:01+02;1489
2015-06-16 15:18:01+02;1489
2015-06-16 21:58:01+02;1619
2015-06-17 05:54:01+02;1619
2015-06-17 06:22:01+02;1589
2015-06-17 06:34:01+02;1539
2015-06-17 07:42:01+02;1519
2015-06-17 09:50:01+02;1509
2015-06-17 10:42:01+02;1509
2015-06-17 12:50:01+02;1489
2015-06-17 21:58:01+02;1619
2015-06-18 05:54:01+02;1619
2015-06-18 06:22:01+02;1589
2015-06-18 06:34:01+02;1569
2015-06-18 06:58:01+02;1549
2015-06-18 09:18:01+02;1529
2015-06-18 09:38:02+02;1519
2015-06-18 12:50:01+02;1499
2015-06-18 13:10:01+02;1499
2015-06-18 13:38:01+02;1489
2015-06-18 21:58:01+02;1619
2015-06-19 06:50:01+02;1559
2015-06-19 09:14:01+02;1539
2015-06-19 09:30:01+02;1519
2015-06-19 10:42:01+02;1499
2015-06-19 12:02:01+02;1499
2015-06-19 12:50:01+02;1479
2015-06-19 21:58:01+02;1619
2015-06-20 07:30:01+02;1589
2015-06-20 07:38:01+02;1539
2015-06-20 10:54:01+02;1519
2015-06-20 12:22:01+02;1499
2015-06-20 18:42:01+02;1479
2015-06-20 21:58:01+02;1569
2015-06-21 05:58:01+02;1569
2015-06-21 07:18:01+02;1539
2015-06-21 09:38:01+02;1499
2015-06-21 12:22:01+02;1479
2015-06-21 21:58:01+02;1599
2015-06-22 06:22:01+02;1569
2015-06-22 07:02:01+02;1559
2015-06-22 07:42:01+02;1559
2015-06-22 09:34:01+02;1549
2015-06-22 09:54:01+02;1539
2015-06-22 10:54:01+02;1519
2015-06-22 12:38:01+02;1509
2015-06-22 12:50:01+02;1499
2015-06-22 14:58:01+02;1489
2015-06-22 16:14:01+02;1479
2015-06-22 21:58:01+02;1619
2015-06-23 06:02:01+02;1619
2015-06-23 06:14:01+02;1579
2015-06-23 06:30:01+02;1529
2015-06-23 06:58:01+02;1509
2015-06-23 09:14:01+02;1509
2015-06-23 10:14:01+02;1479
2015-06-23 11:30:01+02;1479
2015-06-23 14:34:01+02;1469
2015-06-23 21:58:01+02;1619
2015-06-24 05:54:01+02;1619
2015-06-24 06:02:02+02;1559
2015-06-24 06:58:01+02;1549
2015-06-24 09:34:01+02;1539
2015-06-24 09:50:01+02;1529
2015-06-24 11:02:01+02;1499
2015-06-24 12:30:01+02;1499
2015-06-24 12:54:01+02;1479
2015-06-24 21:58:01+02;1619
2015-06-25 05:54:02+02;1609
2015-06-25 06:14:01+02;1569
2015-06-25 06:22:01+02;1559
2015-06-25 09:54:01+02;1509
2015-06-25 10:30:01+02;1489
2015-06-25 15:30:01+02;1479
2015-06-25 21:58:01+02;1619
2015-06-26 06:02:01+02;1579
2015-06-26 06:22:01+02;1549
2015-06-26 08:58:01+02;1529
2015-06-26 09:14:01+02;1499
2015-06-26 10:34:01+02;1479
2015-06-26 21:58:01+02;1619
2015-06-27 06:42:01+02;1569
2015-06-27 07:10:01+02;1549
2015-06-27 10:38:01+02;1499
2015-06-27 12:30:01+02;1479
2015-06-27 13:54:01+02;1479
2015-06-27 21:58:01+02;1569
2015-06-28 05:50:01+02;1549
2015-06-28 08:22:01+02;1499
2015-06-28 12:38:01+02;1479
2015-06-28 21:58:01+02;1599
2015-06-29 05:50:01+02;1579
2015-06-29 05:58:01+02;1569
2015-06-29 06:54:01+02;1549
2015-06-29 09:02:01+02;1499
2015-06-29 10:14:01+02;1479
2015-06-29 21:58:01+02;1619
2015-06-30 05:50:01+02;1619
2015-06-30 05:58:01+02;1569
2015-06-30 07:14:01+02;1559
2015-06-30 07:22:01+02;1499
2015-06-30 08:38:01+02;1479
2015-06-30 09:22:01+02;1479
2015-06-30 12:30:01+02;1509
2015-06-30 15:22:01+02;1479
2015-06-30 21:58:01+02;1619
2015-07-01 05:50:01+02;1619
2015-07-01 06:10:01+02;1569
2015-07-01 09:54:01+02;1549
2015-07-01 10:50:01+02;1499
2015-07-01 12:30:01+02;1529
2015-07-01 15:30:01+02;1499
2015-07-01 15:38:01+02;1489
2015-07-01 21:58:01+02;1619
2015-07-02 06:14:01+02;1579
2015-07-02 06:22:01+02;1569
2015-07-02 08:54:01+02;1549
2015-07-02 10:50:01+02;1509
2015-07-02 12:30:01+02;1539
2015-07-02 14:34:01+02;1489
2015-07-02 15:30:01+02;1489
2015-07-02 21:58:01+02;1619
2015-07-03 05:34:01+02;1619
2015-07-03 06:02:01+02;1579
2015-07-03 06:58:01+02;1569
2015-07-03 09:18:01+02;1559
2015-07-03 10:38:01+02;1509
2015-07-03 12:30:01+02;1539
2015-07-03 14:50:01+02;1489
2015-07-03 18:18:01+02;1489
2015-07-03 21:58:01+02;1619
2015-07-04 06:50:01+02;1579
2015-07-04 07:18:01+02;1569
2015-07-04 09:58:01+02;1509
2015-07-04 10:10:01+02;1489
2015-07-04 12:30:01+02;1519
2015-07-04 14:34:01+02;1489
2015-07-04 21:58:01+02;1579
2015-07-05 06:18:01+02;1579
2015-07-05 07:22:02+02;1559
2015-07-05 09:02:01+02;1509
2015-07-05 09:58:01+02;1489
2015-07-05 21:58:01+02;1609
2015-07-06 05:54:01+02;1599
2015-07-06 06:22:01+02;1599
2015-07-06 07:02:01+02;1569
2015-07-06 09:58:01+02;1559
2015-07-06 10:42:01+02;1509
2015-07-06 12:30:01+02;1539
2015-07-06 14:34:01+02;1499
2015-07-06 14:54:01+02;1499
2015-07-06 17:18:01+02;1499
2015-07-06 21:58:01+02;1619
2015-07-07 05:58:01+02;1599
2015-07-07 06:50:01+02;1569
2015-07-07 10:34:01+02;1519
2015-07-07 12:30:01+02;1549
2015-07-07 14:34:01+02;1509
2015-07-07 15:02:01+02;1509
2015-07-07 15:30:01+02;1509
2015-07-07 15:38:01+02;1499
2015-07-07 21:58:01+02;1619
2015-07-08 06:22:01+02;1569
2015-07-08 08:02:01+02;1549
2015-07-08 10:02:01+02;1499
2015-07-08 10:42:01+02;1499
2015-07-08 12:30:01+02;1529
2015-07-08 14:34:01+02;1509
2015-07-08 15:18:01+02;1509
2015-07-08 18:10:01+02;1509
2015-07-08 18:18:01+02;1499
2015-07-08 21:58:01+02;1619
2015-07-09 05:38:01+02;1599
2015-07-09 07:10:01+02;1589
2015-07-09 09:34:01+02;1589
2015-07-09 10:34:01+02;1549
2015-07-09 11:58:01+02;1579
2015-07-09 14:42:01+02;1579
2015-07-09 15:14:01+02;1519
2015-07-09 15:34:01+02;1519
2015-07-09 17:50:01+02;1509
2015-07-09 18:38:01+02;1499
2015-07-09 21:58:01+02;1619
2015-07-10 05:58:01+02;1569
2015-07-10 07:54:01+02;1549
2015-07-10 12:30:01+02;1579
2015-07-10 14:38:01+02;1579
2015-07-10 15:02:01+02;1519
2015-07-10 15:42:01+02;1519
2015-07-11 12:30:01+02;1549
2015-07-11 12:58:01+02;1609
2015-07-11 14:42:01+02;1519
2015-07-11 18:14:01+02;1519
2015-07-11 21:58:01+02;1609
2015-07-12 05:50:01+02;1609
2015-07-12 06:58:01+02;1579
2015-07-12 09:30:01+02;1559
2015-07-12 09:38:01+02;1559
2015-07-12 09:54:01+02;1539
2015-07-12 12:30:01+02;1569
2015-07-12 14:30:01+02;1519
2015-07-12 21:58:01+02;1619
2015-07-13 06:14:01+02;1579
2015-07-13 07:54:01+02;1559
2015-07-13 12:14:01+02;1549
2015-07-13 12:30:01+02;1579
2015-07-13 15:02:01+02;1529
2015-07-13 15:18:01+02;1519
2015-07-13 17:54:01+02;1519
2015-07-13 21:58:01+02;1619
2015-07-14 05:58:01+02;1579
2015-07-14 09:22:01+02;1569
2015-07-14 11:42:01+02;1549
2015-07-14 12:30:01+02;1579
2015-07-14 14:14:01+02;1549
2015-07-14 14:30:01+02;1549
2015-07-14 14:42:01+02;1519
2015-07-14 17:30:01+02;1499
2015-07-14 21:58:01+02;1619
2015-07-15 05:50:01+02;1619
2015-07-15 05:58:01+02;1559
2015-07-15 09:50:01+02;1549
2015-07-15 10:50:01+02;1519
2015-07-15 12:30:01+02;1549
2015-07-15 14:34:01+02;1539
2015-07-15 17:38:01+02;1499
2015-07-15 18:42:01+02;1489
2015-07-15 21:58:01+02;1599
2015-07-16 05:50:01+02;1599
2015-07-16 06:14:01+02;1549
2015-07-16 09:58:01+02;1529
2015-07-16 10:42:01+02;1509
2015-07-16 12:30:01+02;1539
2015-07-16 14:50:01+02;1539
2015-07-16 15:30:01+02;1489
2015-07-16 17:58:01+02;1489
2015-07-16 21:58:01+02;1599
2015-07-17 06:02:01+02;1539
2015-07-17 10:42:01+02;1509
2015-07-17 12:30:01+02;1539
2015-07-17 14:38:01+02;1499
2015-07-17 17:54:01+02;1479
2015-07-17 21:58:01+02;1599
2015-07-18 06:54:01+02;1539
2015-07-18 08:22:01+02;1519
2015-07-18 10:10:02+02;1509
2015-07-18 10:22:01+02;1499
2015-07-18 11:30:01+02;1479
2015-07-18 12:30:01+02;1509
2015-07-18 15:14:01+02;1479
2015-07-18 21:58:01+02;1569
2015-07-19 06:14:01+02;1569
2015-07-19 07:18:01+02;1539
2015-07-19 09:02:01+02;1519
2015-07-19 09:42:01+02;1499
2015-07-19 11:42:01+02;1479
2015-07-19 12:30:01+02;1509
2015-07-19 14:18:01+02;1499
2015-07-19 14:42:01+02;1479
2015-07-19 21:58:01+02;1569
2015-07-20 05:50:01+02;1569
2015-07-20 06:10:02+02;1539
2015-07-20 09:50:02+02;1509
2015-07-20 10:22:01+02;1499
2015-07-20 12:30:01+02;1529
2015-07-20 13:54:01+02;1509
2015-07-20 15:14:01+02;1499
2015-07-20 17:22:01+02;1479
2015-07-20 21:58:01+02;1599
2015-07-21 05:54:01+02;1539
2015-07-21 09:38:01+02;1519
2015-07-21 10:42:01+02;1499
2015-07-21 12:30:01+02;1529
2015-07-21 14:54:01+02;1499
2015-07-21 18:14:01+02;1479
2015-07-21 21:58:01+02;1599
2015-07-22 06:10:01+02;1539
2015-07-22 08:34:01+02;1529
2015-07-22 09:42:01+02;1519
2015-07-22 11:02:01+02;1499
2015-07-22 12:30:01+02;1529
2015-07-22 15:02:01+02;1499
2015-07-22 17:42:01+02;1489
2015-07-22 21:58:01+02;1599
2015-07-23 06:10:01+02;1549
2015-07-23 08:18:01+02;1539
2015-07-23 08:30:01+02;1539
2015-07-23 10:54:01+02;1529
2015-07-23 11:10:01+02;1509
2015-07-23 11:30:01+02;1499
2015-07-23 12:30:01+02;1529
2015-07-23 14:38:01+02;1499
2015-07-23 17:58:01+02;1479
2015-07-23 21:58:01+02;1589
2015-07-24 06:02:01+02;1539
2015-07-24 08:22:01+02;1529
2015-07-24 08:34:02+02;1519
2015-07-24 12:30:01+02;1549
2015-07-24 14:50:01+02;1499
2015-07-24 17:18:01+02;1489
2015-07-24 18:58:01+02;1479
2015-07-24 21:58:01+02;1589
2015-07-25 06:50:01+02;1539
2015-07-25 07:42:01+02;1529
2015-07-25 09:10:01+02;1509
2015-07-25 09:18:01+02;1509
2015-07-25 09:46:01+02;1489
2015-07-25 12:30:01+02;1519
2015-07-25 14:54:01+02;1499
2015-07-25 18:14:01+02;1479
2015-07-25 21:58:01+02;1569
2015-07-26 06:50:01+02;1539
2015-07-26 08:42:01+02;1509
2015-07-26 09:14:01+02;1489
2015-07-26 12:30:01+02;1519
2015-07-26 16:58:01+02;1489
2015-07-26 21:58:01+02;1579
2015-07-27 05:58:01+02;1539
2015-07-27 08:14:01+02;1529
2015-07-27 09:58:01+02;1529
2015-07-27 10:34:01+02;1509
2015-07-27 10:58:01+02;1489
2015-07-27 12:10:01+02;1479
2015-07-27 12:30:01+02;1509
2015-07-27 13:42:01+02;1489
2015-07-27 14:54:01+02;1489
2015-07-27 15:06:01+02;1479
2015-07-27 21:58:01+02;1589
2015-07-28 05:58:01+02;1539
2015-07-28 07:50:01+02;1529
2015-07-28 08:14:01+02;1529
2015-07-28 10:30:01+02;1519
2015-07-28 10:38:01+02;1499
2015-07-28 12:30:01+02;1529
2015-07-28 14:10:01+02;1489
2015-07-28 14:34:01+02;1469
2015-07-28 14:54:01+02;1469
2015-07-28 18:38:01+02;1459
2015-07-28 21:58:01+02;1589
2015-07-29 05:58:01+02;1529
2015-07-29 06:50:01+02;1519
2015-07-29 08:50:01+02;1499
2015-07-29 10:30:01+02;1489
2015-07-29 11:02:01+02;1479
2015-07-29 11:18:01+02;1469
2015-07-29 11:54:01+02;1469
2015-07-29 12:30:01+02;1499
2015-07-29 13:38:01+02;1499
2015-07-29 14:42:01+02;1469
2015-07-29 19:18:01+02;1459
2015-07-29 19:34:01+02;1449
2015-07-29 21:58:01+02;1579
2015-07-30 06:02:01+02;1509
2015-07-30 08:58:01+02;1499
2015-07-30 11:06:01+02;1499
2015-07-30 11:14:01+02;1479
2015-07-30 11:50:01+02;1469
2015-07-30 12:30:01+02;1499
2015-07-30 14:54:01+02;1489
2015-07-30 15:02:01+02;1489
2015-07-30 17:50:01+02;1459
2015-07-30 18:18:01+02;1449
2015-07-30 21:58:01+02;1579
2015-07-31 05:54:01+02;1509
2015-07-31 08:42:01+02;1499
2015-07-31 10:18:01+02;1489
2015-07-31 10:30:01+02;1479
2015-07-31 11:54:01+02;1479
2015-07-31 12:30:01+02;1509
2015-07-31 13:34:01+02;1489
2015-07-31 14:38:01+02;1489
2015-07-31 15:22:01+02;1469
2015-07-31 18:10:01+02;1459
2015-07-31 21:58:01+02;1589
2015-08-01 06:50:01+02;1519
2015-08-01 07:18:01+02;1469
2015-08-01 12:30:01+02;1499
2015-08-01 17:54:01+02;1459
2015-08-01 21:58:01+02;1549
2015-08-02 06:10:01+02;1549
2015-08-02 07:02:01+02;1519
2015-08-02 08:18:01+02;1479
2015-08-02 10:54:01+02;1479
2015-08-02 12:30:01+02;1509
2015-08-02 14:54:01+02;1469
2015-08-02 21:58:01+02;1559
2015-08-03 06:22:01+02;1519
2015-08-03 08:10:01+02;1509
2015-08-03 10:02:01+02;1489
2015-08-03 12:30:01+02;1519
2015-08-03 14:02:01+02;1489
2015-08-03 18:30:01+02;1469
2015-08-03 21:58:01+02;1589
2015-08-04 06:02:01+02;1529
2015-08-04 09:50:01+02;1519
2015-08-04 09:58:01+02;1509
2015-08-04 10:22:01+02;1489
2015-08-04 11:38:01+02;1469
2015-08-04 12:30:01+02;1499
2015-08-04 14:42:01+02;1499
2015-08-04 14:54:01+02;1469
2015-08-04 21:58:01+02;1579
2015-08-05 05:38:02+02;1529
2015-08-05 09:14:01+02;1509
2015-08-05 09:50:01+02;1489
2015-08-05 12:30:01+02;1519
2015-08-05 14:46:01+02;1479
2015-08-05 17:50:01+02;1459
2015-08-05 21:58:01+02;1579
2015-08-06 06:06:01+02;1519
2015-08-06 09:50:01+02;1509
2015-08-06 09:58:01+02;1479
2015-08-06 12:30:01+02;1509
2015-08-06 13:46:01+02;1499
2015-08-06 17:26:01+02;1459
2015-08-06 21:58:01+02;1579
2015-08-07 05:58:01+02;1519
2015-08-07 09:54:01+02;1499
2015-08-07 10:46:01+02;1479
2015-08-07 12:30:01+02;1509
2015-08-07 14:26:01+02;1469
2015-08-07 17:30:01+02;1459
2015-08-07 18:46:01+02;1449
2015-08-07 21:58:01+02;1569
2015-08-08 06:54:01+02;1509
2015-08-08 09:14:01+02;1489
2015-08-08 09:54:01+02;1479
2015-08-08 10:18:01+02;1479
2015-08-08 12:30:01+02;1509
2015-08-08 14:38:01+02;1459
2015-08-08 15:30:01+02;1449
2015-08-08 21:58:01+02;1539
2015-08-09 06:26:01+02;1509
2015-08-09 10:18:01+02;1489
2015-08-09 12:30:01+02;1519
2015-08-09 13:34:01+02;1509
2015-08-09 13:46:01+02;1479
2015-08-09 14:26:01+02;1449
2015-08-09 21:58:01+02;1569
2015-08-10 06:10:01+02;1509
2015-08-10 08:58:01+02;1489
2015-08-10 10:06:01+02;1479
2015-08-10 10:14:01+02;1479
2015-08-10 10:54:01+02;1459
2015-08-10 12:30:01+02;1489
2015-08-10 15:34:01+02;1449
2015-08-10 17:54:01+02;1449
2015-08-10 21:58:01+02;1569
2015-08-11 06:06:01+02;1509
2015-08-11 09:26:01+02;1489
2015-08-11 09:34:01+02;1489
2015-08-11 09:50:01+02;1479
2015-08-11 10:18:01+02;1469
2015-08-11 10:34:01+02;1459
2015-08-11 12:30:01+02;1489
2015-08-11 14:26:01+02;1459
2015-08-11 17:54:01+02;1439
2015-08-11 21:58:01+02;1559
2015-08-12 06:26:01+02;1499
2015-08-12 08:10:01+02;1479
2015-08-12 09:26:01+02;1459
2015-08-12 12:14:01+02;1439
2015-08-12 12:30:01+02;1469
2015-08-12 14:14:01+02;1449
2015-08-12 14:26:01+02;1439
2015-08-12 21:58:01+02;1559
2015-08-13 06:10:01+02;1489
2015-08-13 09:26:01+02;1469
2015-08-13 09:34:01+02;1459
2015-08-13 10:30:01+02;1439
2015-08-13 12:30:01+02;1469
2015-08-13 13:50:01+02;1469
2015-08-13 13:58:01+02;1429
2015-08-13 21:58:01+02;1559
2015-08-14 06:14:01+02;1489
2015-08-14 09:54:01+02;1459
2015-08-14 10:06:01+02;1449
2015-08-14 11:54:01+02;1449
2015-08-14 12:30:01+02;1479
2015-08-14 13:34:01+02;1439
2015-08-14 13:54:01+02;1429
2015-08-14 21:58:01+02;1559
2015-08-15 06:58:01+02;1489
2015-08-15 09:10:01+02;1469
2015-08-15 09:34:01+02;1469
2015-08-15 09:46:01+02;1459
2015-08-15 10:06:01+02;1449
2015-08-15 12:30:01+02;1479
2015-08-15 14:06:01+02;1439
2015-08-15 18:30:01+02;1429
2015-08-15 21:58:01+02;1519
2015-08-16 06:14:01+02;1519
2015-08-16 07:14:01+02;1479
2015-08-16 07:34:01+02;1459
2015-08-16 09:46:01+02;1439
2015-08-16 12:30:01+02;1469
2015-08-16 13:54:01+02;1439
2015-08-16 21:58:01+02;1549
2015-08-17 05:58:01+02;1479
2015-08-17 09:34:01+02;1469
2015-08-17 09:54:01+02;1449
2015-08-17 11:06:01+02;1439
2015-08-17 12:30:01+02;1469
2015-08-17 14:06:01+02;1449
2015-08-17 14:14:01+02;1449
2015-08-17 15:10:01+02;1439
2015-08-17 16:26:01+02;1429
2015-08-17 21:58:01+02;1549
2015-08-18 06:10:01+02;1479
2015-08-18 09:50:01+02;1459
2015-08-18 09:58:01+02;1449
2015-08-18 10:30:01+02;1439
2015-08-18 11:50:01+02;1429
2015-08-18 12:30:01+02;1459
2015-08-18 13:34:01+02;1439
2015-08-18 15:34:01+02;1429
2015-08-18 21:58:02+02;1549
2015-08-19 05:38:01+02;1479
2015-08-19 09:34:01+02;1459
2015-08-19 09:54:01+02;1439
2015-08-19 12:30:01+02;1469
2015-08-19 13:46:01+02;1449
2015-08-19 13:58:01+02;1439
2015-08-19 15:46:01+02;1419
2015-08-19 15:58:01+02;1419
2015-08-19 21:58:01+02;1539
2015-08-20 06:14:01+02;1479
2015-08-20 07:14:01+02;1469
2015-08-20 09:14:01+02;1449
2015-08-20 09:34:01+02;1439
2015-08-20 10:34:01+02;1429
2015-08-20 12:30:01+02;1459
2015-08-20 14:10:01+02;1419
2015-08-20 18:34:01+02;1409
2015-08-20 21:58:01+02;1539
2015-08-21 06:18:01+02;1469
2015-08-21 06:54:01+02;1459
2015-08-21 09:34:01+02;1439
2015-08-21 11:14:01+02;1429
2015-08-21 12:30:01+02;1459
2015-08-21 14:06:01+02;1449
2015-08-21 14:18:01+02;1429
2015-08-21 14:46:01+02;1419
2015-08-21 15:46:01+02;1399
2015-08-21 19:26:01+02;1389
2015-08-21 21:58:01+02;1519
2015-08-22 06:58:01+02;1449
2015-08-22 08:58:01+02;1429
2015-08-22 09:30:01+02;1429
2015-08-22 10:30:01+02;1419
2015-08-22 11:30:01+02;1409
2015-08-22 12:30:01+02;1439
2015-08-22 13:46:01+02;1419
2015-08-22 13:54:01+02;1409
2015-08-22 15:46:01+02;1399
2015-08-22 21:58:01+02;1489
2015-08-23 07:18:01+02;1439
2015-08-23 08:30:01+02;1419
2015-08-23 09:54:01+02;1399
2015-08-23 12:30:01+02;1429
2015-08-23 14:18:01+02;1409
2015-08-23 16:18:01+02;1389
2015-08-23 21:58:01+02;1499
2015-08-24 06:26:01+02;1399
2015-08-24 08:58:01+02;1389
2015-08-24 09:46:01+02;1389
2015-08-24 12:30:01+02;1419
2015-08-24 13:54:01+02;1399
2015-08-24 14:34:01+02;1379
2015-08-24 15:14:01+02;1379
2015-08-24 21:58:01+02;1499
2015-08-25 06:26:01+02;1439
2015-08-25 08:06:01+02;1419
2015-08-25 09:58:01+02;1409
2015-08-25 10:34:01+02;1409
2015-08-25 10:46:01+02;1389
2015-08-25 12:30:01+02;1419
2015-08-25 13:38:01+02;1399
2015-08-25 14:46:01+02;1389
2015-08-25 15:38:01+02;1369
2015-08-25 16:34:01+02;1359
2015-08-25 21:58:01+02;1479
2015-08-26 00:26:01+02;1479
2015-08-26 00:42:01+02;1479
2015-08-26 06:14:01+02;1479
2015-08-26 06:38:01+02;1419
2015-08-26 08:46:01+02;1399
2015-08-26 09:26:01+02;1399
2015-08-26 09:46:01+02;1379
2015-08-26 10:18:01+02;1379
2015-08-26 11:38:01+02;1369
2015-08-26 12:30:01+02;1399
2015-08-26 13:38:01+02;1379
2015-08-26 14:38:02+02;1369
2015-08-26 15:38:01+02;1359
2015-08-26 18:54:01+02;1349
2015-08-26 21:58:01+02;1479
2015-08-27 06:14:01+02;1409
2015-08-27 08:34:01+02;1389
2015-08-27 09:26:01+02;1379
2015-08-27 11:10:01+02;1369
2015-08-27 12:30:01+02;1399
2015-08-27 13:38:01+02;1369
2015-08-27 14:50:01+02;1359
2015-08-27 15:58:01+02;1359
2015-08-27 18:34:01+02;1349
2015-08-27 21:58:01+02;1479
2015-08-28 06:10:01+02;1399
2015-08-28 09:14:01+02;1379
2015-08-28 09:34:01+02;1379
2015-08-28 10:18:01+02;1369
2015-08-28 12:30:01+02;1399
2015-08-28 14:06:01+02;1379
2015-08-28 15:46:01+02;1369
2015-08-28 15:50:01+02;1349
2015-08-28 16:14:01+02;1349
2015-08-28 21:58:01+02;1489
2015-08-29 06:34:01+02;1409
2015-08-29 09:18:01+02;1389
2015-08-29 09:50:01+02;1389
2015-08-29 11:46:01+02;1379
2015-08-29 12:30:01+02;1409
2015-08-29 13:46:01+02;1379
2015-08-29 14:30:01+02;1379
2015-08-29 15:26:02+02;1369
2015-08-29 15:54:01+02;1349
2015-08-29 21:58:01+02;1439
2015-08-30 07:34:01+02;1409
2015-08-30 08:54:01+02;1389
2015-08-30 10:14:01+02;1389
2015-08-30 12:30:01+02;1419
2015-08-30 13:38:01+02;1399
2015-08-30 14:18:01+02;1389
2015-08-30 14:26:01+02;1389
2015-08-30 14:30:01+02;1379
2015-08-30 21:58:01+02;1489
2015-08-31 06:54:01+02;1409
2015-08-31 07:26:01+02;1409
2015-08-31 10:14:01+02;1389
2015-08-31 11:18:01+02;1389
2015-08-31 12:30:01+02;1419
2015-08-31 13:30:01+02;1419
2015-08-31 13:38:01+02;1409
2015-08-31 14:06:01+02;1399
2015-08-31 15:30:01+02;1389
2015-08-31 16:46:01+02;1379
2015-08-31 18:54:01+02;1369
2015-08-31 19:26:01+02;1369
2015-08-31 19:34:01+02;1369
2015-08-31 21:58:01+02;1499
2015-09-01 06:06:01+02;1429
2015-09-01 07:26:01+02;1379
2015-09-01 07:34:01+02;1399
2015-09-01 09:58:01+02;1389
2015-09-01 12:30:01+02;1419
2015-09-01 13:34:01+02;1399
2015-09-01 15:54:01+02;1379
2015-09-01 21:58:01+02;1499
2015-09-02 06:10:01+02;1429
2015-09-02 07:54:01+02;1419
2015-09-02 09:54:01+02;1419
2015-09-02 10:06:01+02;1409
2015-09-02 12:30:02+02;1439
2015-09-02 20:26:01+02;1419
2015-09-02 21:58:01+02;1499
2015-09-03 06:26:01+02;1439
2015-09-03 09:58:01+02;1429
2015-09-03 11:38:01+02;1429
2015-09-03 12:30:01+02;1459
2015-09-03 13:26:01+02;1429
2015-09-03 13:58:01+02;1409
2015-09-03 14:54:01+02;1409
2015-09-03 15:06:01+02;1399
2015-09-03 15:58:01+02;1389
2015-09-03 18:14:01+02;1369
2015-09-03 21:58:01+02;1509
2015-09-04 16:14:01+02;1389
2015-09-04 17:58:01+02;1379
2015-09-04 18:38:01+02;1379
2015-09-04 21:58:01+02;1509
2015-09-05 07:18:01+02;1439
2015-09-05 09:50:01+02;1419
2015-09-05 10:38:01+02;1409
2015-09-05 11:06:01+02;1389
2015-09-05 11:34:01+02;1389
2015-09-05 12:50:01+02;1389
2015-09-05 13:06:02+02;1419
2015-09-05 13:38:01+02;1389
2015-09-05 13:54:01+02;1389
2015-09-05 14:58:01+02;1389
2015-09-05 17:38:01+02;1379
2015-09-05 18:14:01+02;1369
2015-09-05 19:06:01+02;1369
2015-09-05 21:58:01+02;1459
2015-09-06 07:06:01+02;1429
2015-09-06 09:50:01+02;1389
2015-09-06 10:30:01+02;1389
2015-09-06 12:30:01+02;1419
2015-09-06 13:46:01+02;1379
2015-09-06 14:14:01+02;1369
2015-09-06 21:58:01+02;1479
2015-09-07 06:06:01+02;1429
2015-09-07 06:26:01+02;1369
2015-09-07 09:50:01+02;1369
2015-09-07 12:30:01+02;1399
2015-09-07 14:46:01+02;1379
2015-09-07 19:26:01+02;1369
2015-09-07 21:58:01+02;1499
2015-09-08 06:10:01+02;1429
2015-09-08 10:06:01+02;1399
2015-09-08 10:46:01+02;1399
2015-09-08 12:30:01+02;1429
2015-09-08 14:38:01+02;1389
2015-09-08 14:58:01+02;1389
2015-09-08 15:50:01+02;1369
2015-09-08 21:58:01+02;1499
2015-09-09 05:58:01+02;1429
2015-09-09 09:50:01+02;1419
2015-09-09 09:58:01+02;1399
2015-09-09 12:30:01+02;1429
2015-09-09 13:30:02+02;1409
2015-09-09 14:38:01+02;1409
2015-09-09 14:50:01+02;1389
2015-09-09 15:46:01+02;1379
2015-09-09 17:30:01+02;1379
2015-09-09 18:10:01+02;1369
2015-09-09 21:58:01+02;1499
2015-09-10 06:50:01+02;1429
2015-09-10 09:38:01+02;1409
2015-09-10 09:50:01+02;1399
2015-09-10 10:14:01+02;1399
2015-09-10 10:30:02+02;1399
2015-09-10 12:30:01+02;1429
2015-09-10 13:50:01+02;1409
2015-09-10 14:50:01+02;1369
2015-09-10 15:50:01+02;1369
2015-09-10 17:54:01+02;1359
2015-09-10 21:58:01+02;1499
2015-09-11 06:06:01+02;1419
2015-09-11 09:10:01+02;1399
2015-09-11 09:50:01+02;1399
2015-09-11 10:18:01+02;1379
2015-09-11 11:30:02+02;1369
2015-09-11 12:30:01+02;1399
2015-09-11 13:58:01+02;1389
2015-09-11 14:50:01+02;1379
2015-09-11 15:46:01+02;1379
2015-09-11 17:50:01+02;1359
2015-09-11 18:26:01+02;1359
2015-09-11 19:10:01+02;1349
2015-09-11 21:58:01+02;1489
2015-09-12 06:54:01+02;1419
2015-09-12 09:50:01+02;1409
2015-09-12 10:14:01+02;1389
2015-09-12 12:30:01+02;1419
2015-09-12 14:50:01+02;1389
2015-09-12 15:50:01+02;1369
2015-09-12 19:06:02+02;1359
2015-09-12 21:58:01+02;1449
2015-09-13 06:06:01+02;1439
2015-09-13 07:06:01+02;1429
2015-09-13 09:50:01+02;1379
2015-09-13 10:46:01+02;1369
2015-09-13 12:30:01+02;1399
2015-09-13 13:46:01+02;1369
2015-09-13 18:14:01+02;1359
2015-09-13 21:58:01+02;1469
2015-09-14 06:06:01+02;1409
2015-09-14 09:46:01+02;1389
2015-09-14 10:18:01+02;1379
2015-09-14 11:54:01+02;1379
2015-09-14 12:30:01+02;1409
2015-09-14 15:18:01+02;1379
2015-09-14 15:30:01+02;1369
2015-09-14 18:14:01+02;1359
2015-09-14 21:58:01+02;1489
2015-09-15 06:06:01+02;1429
2015-09-15 06:50:01+02;1419
2015-09-15 09:54:01+02;1399
2015-09-15 10:18:01+02;1389
2015-09-15 11:06:01+02;1379
2015-09-15 12:30:01+02;1409
2015-09-15 13:58:01+02;1399
2015-09-15 15:10:01+02;1379
2015-09-15 16:18:01+02;1369
2015-09-15 16:30:01+02;1359
2015-09-15 21:58:01+02;1479
2015-09-16 06:06:02+02;1419
2015-09-16 09:18:01+02;1399
2015-09-16 09:50:02+02;1379
2015-09-16 11:50:01+02;1369
2015-09-16 12:30:01+02;1399
2015-09-16 14:06:01+02;1379
2015-09-16 14:54:01+02;1359
2015-09-16 16:14:01+02;1349
2015-09-16 19:14:01+02;1339
2015-09-16 22:02:01+02;1479
2015-09-17 06:06:01+02;1399
2015-09-17 09:18:01+02;1379
2015-09-17 09:50:01+02;1369
2015-09-17 12:30:01+02;1399
2015-09-17 14:18:01+02;1369
2015-09-17 16:30:01+02;1359
2015-09-17 17:54:01+02;1349
2015-09-17 21:58:01+02;1479
2015-09-18 06:06:01+02;1409
2015-09-18 09:10:01+02;1389
2015-09-18 09:50:01+02;1379
2015-09-18 11:46:01+02;1369
2015-09-18 12:30:01+02;1399
2015-09-18 13:50:01+02;1379
2015-09-18 15:14:01+02;1359
2015-09-18 21:58:01+02;1479
2015-09-19 06:50:01+02;1419
2015-09-19 09:54:01+02;1409
2015-09-19 11:06:01+02;1389
2015-09-19 12:30:01+02;1419
2015-09-19 13:46:01+02;1379
2015-09-19 14:54:01+02;1369
2015-09-19 17:54:01+02;1359
2015-09-19 21:58:01+02;1449
2015-09-20 07:06:01+02;1419
2015-09-20 08:58:01+02;1379
2015-09-20 09:50:01+02;1359
2015-09-20 12:30:01+02;1389
2015-09-20 13:38:01+02;1359
2015-09-20 21:58:01+02;1469
2015-09-21 06:06:01+02;1419
2015-09-21 09:26:01+02;1419
2015-09-21 09:34:01+02;1389
2015-09-21 09:50:01+02;1379
2015-09-21 10:18:01+02;1369
2015-09-21 12:34:01+02;1399
2015-09-21 14:14:01+02;1389
2015-09-21 15:18:01+02;1369
2015-09-21 16:18:01+02;1369
2015-09-21 16:30:01+02;1349
2015-09-21 21:58:01+02;1479
2015-09-22 06:06:01+02;1409
2015-09-22 09:26:01+02;1389
2015-09-22 09:46:01+02;1369
2015-09-22 12:30:01+02;1399
2015-09-22 13:58:01+02;1369
2015-09-22 15:38:01+02;1359
2015-09-22 19:30:01+02;1339
2015-09-22 21:58:01+02;1479
2015-09-23 06:06:01+02;1409
2015-09-23 06:50:01+02;1399
2015-09-23 07:30:01+02;1379
2015-09-23 09:58:02+02;1359
2015-09-23 12:30:01+02;1389
2015-09-23 14:38:01+02;1359
2015-09-23 15:34:01+02;1349
2015-09-23 18:10:01+02;1339
2015-09-23 21:58:01+02;1479
2015-09-24 06:06:01+02;1409
2015-09-24 09:10:01+02;1389
2015-09-24 10:06:01+02;1349
2015-09-24 12:30:01+02;1379
2015-09-24 13:46:01+02;1359
2015-09-24 15:10:01+02;1349
2015-09-24 21:58:01+02;1469
2015-09-25 06:06:01+02;1409
2015-09-25 08:50:01+02;1369
2015-09-25 09:46:01+02;1359
2015-09-25 12:06:02+02;1349
2015-09-25 12:30:01+02;1379
2015-09-25 13:54:01+02;1359
2015-09-25 14:46:01+02;1349
2015-09-25 15:58:01+02;1349
2015-09-25 16:14:01+02;1339
2015-09-25 21:58:01+02;1469
2015-09-26 06:50:01+02;1399
2015-09-26 09:54:01+02;1389
2015-09-26 10:06:01+02;1379
2015-09-26 10:18:01+02;1369
2015-09-26 10:34:01+02;1359
2015-09-26 11:26:01+02;1349
2015-09-26 12:30:01+02;1379
2015-09-26 13:34:01+02;1339
2015-09-26 21:58:01+02;1429
2015-09-27 07:06:01+02;1409
2015-09-27 09:18:01+02;1369
2015-09-27 09:38:01+02;1349
2015-09-27 12:30:01+02;1379
2015-09-27 20:26:01+02;1369
2015-09-27 21:58:01+02;1469
2015-09-28 06:06:01+02;1399
2015-09-28 09:10:01+02;1379
2015-09-28 09:50:01+02;1369
2015-09-28 11:54:01+02;1359
2015-09-28 12:30:01+02;1389
2015-09-28 13:30:01+02;1379
2015-09-28 15:34:01+02;1369
2015-09-28 16:10:01+02;1349
2015-09-28 19:26:01+02;1339
2015-09-28 21:58:01+02;1469
2015-09-29 06:06:01+02;1399
2015-09-29 08:58:01+02;1399
2015-09-29 09:30:01+02;1379
2015-09-29 09:38:01+02;1379
2015-09-29 10:10:01+02;1369
2015-09-29 12:18:01+02;1369
2015-09-29 12:30:01+02;1399
2015-09-29 13:58:01+02;1369
2015-09-29 14:50:01+02;1349
2015-09-29 17:46:01+02;1339
2015-09-29 21:58:01+02;1469
2015-09-30 06:10:01+02;1399
2015-09-30 09:14:01+02;1379
2015-09-30 09:34:01+02;1369
2015-09-30 10:26:01+02;1339
2015-09-30 12:30:01+02;1369
2015-09-30 13:30:01+02;1339
2015-09-30 16:58:01+02;1329
2015-09-30 17:46:01+02;1329
2015-09-30 17:54:01+02;1319
2015-09-30 21:58:01+02;1459
2015-10-01 06:06:01+02;1379
2015-10-01 09:18:01+02;1359
2015-10-01 09:50:01+02;1359
2015-10-01 10:30:01+02;1349
2015-10-01 10:58:01+02;1349
2015-10-01 12:30:01+02;1379
2015-10-01 15:30:01+02;1329
2015-10-01 20:26:02+02;1319
2015-10-01 21:58:01+02;1459
2015-10-02 06:06:01+02;1379
2015-10-02 09:06:01+02;1359
2015-10-02 09:46:01+02;1359
2015-10-02 10:26:01+02;1349
2015-10-02 12:14:01+02;1329
2015-10-02 12:30:01+02;1359
2015-10-02 14:34:01+02;1359
2015-10-02 14:58:01+02;1339
2015-10-02 16:18:01+02;1329
2015-10-02 21:58:01+02;1459
2015-10-03 06:54:02+02;1389
2015-10-03 10:26:01+02;1359
2015-10-03 12:30:01+02;1389
2015-10-03 13:26:01+02;1339
2015-10-03 13:54:01+02;1339
2015-10-03 15:34:01+02;1339
2015-10-03 15:46:02+02;1329
2015-10-03 21:58:01+02;1439
2015-10-04 06:06:01+02;1439
2015-10-04 07:06:01+02;1389
2015-10-04 08:38:01+02;1359
2015-10-04 09:50:01+02;1339
2015-10-04 12:30:01+02;1369
2015-10-04 20:26:01+02;1329
2015-10-04 21:58:01+02;1439
2015-10-05 06:10:01+02;1389
2015-10-05 09:30:01+02;1369
2015-10-05 09:50:01+02;1359
2015-10-05 11:18:01+02;1349
2015-10-05 12:30:01+02;1379
2015-10-05 13:30:01+02;1369
2015-10-05 15:10:01+02;1349
2015-10-05 15:54:01+02;1329
2015-10-05 18:26:01+02;1329
2015-10-05 19:46:01+02;1319
2015-10-05 21:58:01+02;1459
2015-10-06 06:06:01+02;1379
2015-10-06 09:46:01+02;1349
2015-10-06 12:30:01+02;1379
2015-10-06 14:06:01+02;1339
2015-10-06 16:10:01+02;1329
2015-10-06 18:10:01+02;1329
2015-10-06 19:46:02+02;1319
2015-10-06 21:58:01+02;1469
2015-10-07 06:06:01+02;1389
2015-10-07 09:10:01+02;1369
2015-10-07 09:54:01+02;1349
2015-10-07 12:30:01+02;1379
2015-10-07 13:34:01+02;1359
2015-10-07 16:18:01+02;1349
2015-10-07 18:38:01+02;1329
2015-10-07 21:58:01+02;1469
2015-10-08 06:06:01+02;1389
2015-10-08 09:18:01+02;1369
2015-10-08 09:50:01+02;1359
2015-10-08 12:30:01+02;1389
2015-10-08 20:26:01+02;1349
2015-10-08 21:58:01+02;1469
2015-10-09 06:06:01+02;1409
2015-10-09 09:54:01+02;1369
2015-10-09 10:06:01+02;1349
2015-10-09 12:30:01+02;1379
2015-10-09 13:38:01+02;1359
2015-10-09 15:46:01+02;1359
2015-10-09 16:02:01+02;1349
2015-10-09 18:06:01+02;1339
2015-10-09 21:58:01+02;1459
2015-10-10 06:50:01+02;1419
2015-10-10 07:06:01+02;1399
2015-10-10 09:46:01+02;1389
2015-10-10 09:58:02+02;1369
2015-10-10 12:30:01+02;1399
2015-10-10 17:46:01+02;1339
2015-10-10 18:14:01+02;1339
2015-10-10 21:58:01+02;1429
2015-10-11 07:06:02+02;1399
2015-10-11 09:26:01+02;1359
2015-10-11 12:30:01+02;1389
2015-10-11 14:46:01+02;1339
2015-10-11 21:58:01+02;1449
2015-10-12 05:58:02+02;1399
2015-10-12 10:10:01+02;1379
2015-10-12 10:26:01+02;1359
2015-10-12 10:46:01+02;1359
2015-10-12 12:30:01+02;1389
2015-10-12 13:58:01+02;1369
2015-10-12 15:30:01+02;1349
2015-10-12 21:58:01+02;1459
2015-10-13 05:46:01+02;1409
2015-10-13 09:10:01+02;1389
2015-10-13 09:46:01+02;1379
2015-10-13 09:58:01+02;1359
2015-10-13 12:14:01+02;1359
2015-10-13 12:30:01+02;1389
2015-10-13 14:10:01+02;1329
2015-10-13 15:46:01+02;1329
2015-10-13 21:58:01+02;1459
2015-10-14 05:46:01+02;1399
2015-10-14 09:26:02+02;1379
2015-10-14 09:34:02+02;1359
2015-10-14 12:30:01+02;1389
2015-10-14 13:26:01+02;1369
2015-10-14 14:10:01+02;1349
2015-10-14 15:30:01+02;1349
2015-10-14 16:06:01+02;1339
2015-10-14 16:14:01+02;1329
2015-10-14 17:30:01+02;1319
2015-10-14 21:58:01+02;1459
2015-10-15 05:46:01+02;1379
2015-10-15 08:58:01+02;1359
2015-10-15 11:34:01+02;1349
2015-10-15 12:30:01+02;1379
2015-10-15 13:58:01+02;1339
2015-10-15 16:26:01+02;1319
2015-10-15 17:14:01+02;1319
2015-10-15 17:58:01+02;1319
2015-10-15 21:58:01+02;1449
2015-10-16 05:46:01+02;1379
2015-10-16 08:58:01+02;1359
2015-10-16 09:46:01+02;1349
2015-10-16 11:30:01+02;1339
2015-10-16 12:30:01+02;1369
2015-10-16 13:50:01+02;1329
2015-10-16 15:54:01+02;1319
2015-10-16 21:58:01+02;1449
2015-10-17 06:50:01+02;1379
2015-10-17 09:46:01+02;1369
2015-10-17 09:58:01+02;1349
2015-10-17 12:30:01+02;1379
2015-10-17 13:26:01+02;1329
2015-10-17 14:06:01+02;1319
2015-10-17 15:58:01+02;1319
2015-10-17 20:26:01+02;1319
2015-10-17 21:58:01+02;1409
2015-10-18 06:06:01+02;1409
2015-10-18 07:18:01+02;1379
2015-10-18 09:30:01+02;1349
2015-10-18 11:26:01+02;1329
2015-10-18 12:30:01+02;1359
2015-10-18 20:26:01+02;1319
2015-10-18 21:58:01+02;1449
2015-10-19 05:38:01+02;1379
2015-10-19 09:30:01+02;1349
2015-10-19 09:46:01+02;1329
2015-10-19 12:18:01+02;1319
2015-10-19 12:30:01+02;1349
2015-10-19 13:26:01+02;1329
2015-10-19 14:26:01+02;1309
2015-10-19 21:58:01+02;1449
2015-10-20 05:46:01+02;1369
2015-10-20 09:10:01+02;1349
2015-10-20 09:50:01+02;1349
2015-10-20 09:58:01+02;1349
2015-10-20 10:14:01+02;1339
2015-10-20 11:06:01+02;1339
2015-10-20 11:50:01+02;1329
2015-10-20 12:30:01+02;1359
2015-10-20 15:30:01+02;1329
2015-10-20 15:58:01+02;1309
2015-10-20 21:58:01+02;1449
2015-10-21 06:06:01+02;1379
2015-10-21 06:54:01+02;1369
2015-10-21 09:46:01+02;1349
2015-10-21 09:54:01+02;1339
2015-10-21 12:30:01+02;1369
2015-10-21 13:38:01+02;1349
2015-10-21 13:58:01+02;1339
2015-10-21 15:26:01+02;1329
2015-10-21 15:58:01+02;1309
2015-10-21 20:58:01+02;1439
2015-10-22 06:06:01+02;1379
2015-10-22 09:50:01+02;1359
2015-10-22 10:06:01+02;1339
2015-10-22 12:30:01+02;1369
2015-10-22 14:42:01+02;1319
2015-10-22 17:58:01+02;1309
2015-10-22 21:58:01+02;1439
2015-10-23 06:02:01+02;1369
2015-10-23 07:38:01+02;1369
2015-10-23 09:54:01+02;1359
2015-10-23 10:14:01+02;1339
2015-10-23 12:18:02+02;1329
2015-10-23 12:30:01+02;1359
2015-10-23 14:46:01+02;1329
2015-10-23 20:58:01+02;1439
2015-10-24 06:50:01+02;1389
2015-10-24 09:46:01+02;1369
2015-10-24 10:18:01+02;1369
2015-10-24 11:58:01+02;1359
2015-10-24 12:30:01+02;1389
2015-10-24 13:38:01+02;1359
2015-10-24 15:30:01+02;1329
2015-10-24 20:58:01+02;1419
2015-10-25 06:50:01+01;1389
2015-10-25 09:46:01+01;1359
2015-10-25 12:30:01+01;1389
2015-10-25 14:34:01+01;1329
2015-10-25 14:46:01+01;1329
2015-10-25 15:58:01+01;1319
2015-10-25 20:58:01+01;1429
2015-10-26 05:38:01+01;1389
2015-10-26 09:30:01+01;1389
2015-10-26 09:38:01+01;1359
2015-10-26 09:54:01+01;1339
2015-10-26 11:46:01+01;1319
2015-10-26 12:30:01+01;1349
2015-10-26 13:26:01+01;1329
2015-10-26 14:34:01+01;1319
2015-10-26 21:58:01+01;1449
2015-10-27 05:46:01+01;1389
2015-10-27 10:02:01+01;1359
2015-10-27 10:30:01+01;1349
2015-10-27 11:26:01+01;1339
2015-10-27 11:34:01+01;1339
2015-10-27 12:30:01+01;1369
2015-10-27 13:26:01+01;1359
2015-10-27 14:38:01+01;1339
2015-10-27 15:30:01+01;1319
2015-10-27 21:58:01+01;1449
2015-10-28 05:46:01+01;1369
2015-10-28 08:54:01+01;1339
2015-10-28 09:30:01+01;1329
2015-10-28 09:58:01+01;1319
2015-10-28 12:30:02+01;1349
2015-10-28 13:38:01+01;1339
2015-10-28 14:30:01+01;1329
2015-10-28 14:50:01+01;1319
2015-10-28 17:46:02+01;1309
2015-10-28 18:58:01+01;1299
2015-10-28 21:58:01+01;1449
2015-10-29 05:46:01+01;1359
2015-10-29 07:46:01+01;1329
2015-10-29 08:30:01+01;1319
2015-10-29 12:30:01+01;1349
2015-10-29 14:06:01+01;1329
2015-10-29 14:30:01+01;1319
2015-10-29 21:58:01+01;1469
2015-10-30 06:06:01+01;1379
2015-10-30 09:38:01+01;1339
2015-10-30 11:58:01+01;1339
2015-10-30 12:30:01+01;1369
2015-10-30 13:58:01+01;1339
2015-10-30 14:38:01+01;1339
2015-10-30 15:58:01+01;1329
2015-10-31 12:34:01+01;1359
2015-10-31 13:46:01+01;1359
2015-10-31 14:06:01+01;1349
2015-10-31 15:58:01+01;1339
2015-10-31 16:14:01+01;1339
2015-10-31 18:46:01+01;1329
2015-10-31 21:58:01+01;1419
2015-11-01 06:06:01+01;1419
2015-11-01 07:26:01+01;1399
2015-11-01 09:30:01+01;1359
2015-11-01 09:50:01+01;1359
2015-11-01 12:30:01+01;1389
2015-11-01 13:26:01+01;1379
2015-11-01 14:06:01+01;1349
2015-11-01 14:30:01+01;1339
2015-11-01 17:26:01+01;1329
2015-11-01 21:58:01+01;1439
2015-11-02 05:54:01+01;1389
2015-11-02 09:30:01+01;1349
2015-11-02 10:30:01+01;1339
2015-11-02 11:34:01+01;1339
2015-11-02 12:30:01+01;1369
2015-11-02 13:46:01+01;1359
2015-11-02 15:34:01+01;1349
2015-11-02 15:46:01+01;1349
2015-11-02 16:10:01+01;1339
2015-11-02 18:34:01+01;1329
2015-11-02 21:58:01+01;1469
2015-11-03 06:06:01+01;1389
2015-11-03 09:18:01+01;1369
2015-11-03 09:30:01+01;1349
2015-11-03 12:06:01+01;1349
2015-11-03 12:30:01+01;1379
2015-11-03 13:54:01+01;1379
2015-11-03 14:14:01+01;1359
2015-11-03 15:54:01+01;1359
2015-11-03 18:06:01+01;1349
2015-11-03 18:18:01+01;1339
2015-11-03 21:58:01+01;1479
2015-11-04 05:46:01+01;1399
2015-11-04 10:18:01+01;1369
2015-11-04 10:38:01+01;1359
2015-11-04 12:30:01+01;1389
2015-11-04 13:58:01+01;1379
2015-11-04 14:10:01+01;1379
2015-11-04 14:34:01+01;1359
2015-11-04 15:54:01+01;1359
2015-11-04 17:38:01+01;1349
2015-11-04 21:58:01+01;1479
2015-11-05 06:06:01+01;1409
2015-11-05 07:50:01+01;1409
2015-11-05 09:30:01+01;1369
2015-11-05 10:58:01+01;1359
2015-11-05 12:30:01+01;1389
2015-11-05 13:50:01+01;1379
2015-11-05 14:06:01+01;1369
2015-11-05 15:46:01+01;1349
2015-11-05 15:54:01+01;1349
2015-11-05 18:30:01+01;1329
2015-11-05 21:58:01+01;1479
2015-11-06 05:46:01+01;1409
2015-11-06 11:34:01+01;1369
2015-11-06 12:30:01+01;1399
2015-11-06 14:06:01+01;1379
2015-11-06 14:26:01+01;1379
2015-11-06 14:38:01+01;1369
2015-11-06 14:50:01+01;1359
2015-11-06 17:46:01+01;1349
2015-11-06 21:58:01+01;1479
2015-11-07 06:50:01+01;1419
2015-11-07 07:14:01+01;1409
2015-11-07 09:14:01+01;1379
2015-11-07 10:14:01+01;1369
2015-11-07 10:30:01+01;1359
2015-11-07 12:06:01+01;1359
2015-11-07 12:30:01+01;1389
2015-11-07 14:06:01+01;1389
2015-11-07 15:06:01+01;1369
2015-11-07 15:46:01+01;1359
2015-11-07 15:58:01+01;1349
2015-11-07 21:58:01+01;1439
2015-11-08 09:50:01+01;1379
2015-11-08 11:10:01+01;1359
2015-11-08 11:46:01+01;1359
2015-11-08 12:30:01+01;1389
2015-11-08 13:46:01+01;1379
2015-11-08 13:54:01+01;1369
2015-11-08 15:30:01+01;1369
2015-11-08 18:34:01+01;1359
2015-11-08 18:54:01+01;1349
2015-11-08 21:58:01+01;1459
2015-11-09 05:58:01+01;1409
2015-11-09 09:50:01+01;1359
2015-11-09 12:30:01+01;1389
2015-11-09 14:26:01+01;1389
2015-11-09 14:46:01+01;1379
2015-11-09 14:58:01+01;1359
2015-11-09 17:54:01+01;1349
2015-11-09 21:58:01+01;1489
2015-11-10 05:58:01+01;1409
2015-11-10 09:14:01+01;1409
2015-11-10 09:26:01+01;1379
2015-11-10 09:38:01+01;1369
2015-11-10 10:14:01+01;1359
2015-11-10 12:30:01+01;1389
2015-11-10 14:34:01+01;1359
2015-11-10 16:10:01+01;1349
2015-11-10 21:58:01+01;1489
2015-11-11 05:58:01+01;1419
2015-11-11 08:50:01+01;1399
2015-11-11 09:10:01+01;1389
2015-11-11 09:46:01+01;1379
2015-11-11 10:34:01+01;1369
2015-11-11 11:26:01+01;1359
2015-11-11 12:30:01+01;1389
2015-11-11 14:02:01+01;1389
2015-11-11 14:30:01+01;1379
2015-11-11 15:14:01+01;1369
2015-11-11 15:58:01+01;1349
2015-11-11 21:58:01+01;1489
2015-11-12 05:46:01+01;1419
2015-11-12 09:06:01+01;1419
2015-11-12 09:14:01+01;1379
2015-11-12 10:06:01+01;1379
2015-11-12 11:46:01+01;1359
2015-11-12 12:30:02+01;1389
2015-11-12 14:06:01+01;1389
2015-11-12 14:38:01+01;1389
2015-11-12 14:50:01+01;1389
2015-11-12 15:46:01+01;1379
2015-11-12 15:58:01+01;1369
2015-11-12 16:34:01+01;1359
2015-11-12 18:34:01+01;1349
2015-11-12 21:58:01+01;1489
2015-11-13 06:50:01+01;1419
2015-11-13 08:14:01+01;1399
2015-11-13 09:26:01+01;1399
2015-11-13 10:10:01+01;1379
2015-11-13 11:54:01+01;1359
2015-11-13 12:30:01+01;1389
2015-11-13 14:06:01+01;1389
2015-11-13 14:38:01+01;1379
2015-11-13 15:34:01+01;1359
2015-11-13 16:30:01+01;1339
2015-11-13 21:58:01+01;1479
2015-11-14 06:50:01+01;1409
2015-11-14 07:14:01+01;1399
2015-11-14 09:54:01+01;1389
2015-11-14 10:26:01+01;1389
2015-11-14 10:34:01+01;1359
2015-11-14 12:30:01+01;1389
2015-11-14 13:58:01+01;1379
2015-11-14 14:10:01+01;1379
2015-11-14 14:46:01+01;1379
2015-11-14 14:54:01+01;1359
2015-11-14 16:06:01+01;1339
2015-11-14 21:58:01+01;1429
2015-11-15 06:58:01+01;1399
2015-11-15 09:50:01+01;1369
2015-11-15 10:46:01+01;1349
2015-11-15 12:30:01+01;1379
2015-11-15 13:58:01+01;1339
2015-11-15 14:54:01+01;1339
2015-11-15 21:58:01+01;1449
2015-11-16 05:46:02+01;1399
2015-11-16 08:54:01+01;1379
2015-11-16 09:46:01+01;1359
2015-11-16 10:50:01+01;1349
2015-11-16 12:06:01+01;1339
2015-11-16 12:30:01+01;1369
2015-11-16 14:38:01+01;1369
2015-11-16 14:50:01+01;1359
2015-11-16 15:14:01+01;1349
2015-11-16 15:58:01+01;1329
2015-11-16 21:58:01+01;1469
2015-11-17 07:06:01+01;1339
2015-11-17 08:30:01+01;1329
2015-11-17 09:18:01+01;1329
2015-11-17 12:30:01+01;1359
2015-11-17 13:54:01+01;1329
2015-11-17 14:26:01+01;1319
2015-11-17 21:58:01+01;1469
2015-11-18 06:06:01+01;1369
2015-11-18 07:30:01+01;1369
2015-11-18 09:10:01+01;1349
2015-11-18 10:30:01+01;1329
2015-11-18 12:06:01+01;1319
2015-11-18 12:30:02+01;1349
2015-11-18 14:14:01+01;1339
2015-11-18 14:50:02+01;1339
2015-11-18 14:58:01+01;1329
2015-11-18 19:26:01+01;1319
2015-11-18 21:58:01+01;1469
2015-11-19 05:46:01+01;1369
2015-11-19 09:14:01+01;1349
2015-11-19 10:30:01+01;1329
2015-11-19 12:30:01+01;1359
2015-11-19 14:06:02+01;1349
2015-11-19 14:50:01+01;1339
2015-11-19 15:58:01+01;1329
2015-11-19 16:06:01+01;1329
2015-11-19 16:10:01+01;1319
2015-11-19 21:58:01+01;1469
2015-11-20 06:06:01+01;1379
2015-11-20 09:06:01+01;1369
2015-11-20 10:18:01+01;1349
2015-11-20 10:50:01+01;1329
2015-11-20 12:30:01+01;1359
2015-11-20 13:46:01+01;1329
2015-11-20 18:18:01+01;1319
2015-11-20 21:58:01+01;1469
2015-11-21 06:06:01+01;1459
2015-11-21 06:50:01+01;1389
2015-11-21 10:30:01+01;1359
2015-11-21 13:26:01+01;1389
2015-11-21 13:34:01+01;1389
2015-11-21 14:06:01+01;1349
2015-11-21 15:10:01+01;1339
2015-11-21 19:58:01+01;1319
2015-11-21 21:58:01+01;1409
2015-11-22 09:46:01+01;1339
2015-11-22 10:06:01+01;1319
2015-11-22 12:30:01+01;1349
2015-11-22 14:10:01+01;1349
2015-11-22 15:06:01+01;1339
2015-11-22 15:30:01+01;1319
2015-11-22 21:58:01+01;1429
2015-11-23 05:58:01+01;1389
2015-11-23 07:14:01+01;1369
2015-11-23 09:14:01+01;1359
2015-11-23 09:46:01+01;1349
2015-11-23 10:06:01+01;1339
2015-11-23 11:46:01+01;1319
2015-11-23 12:34:01+01;1349
2015-11-23 13:46:01+01;1349
2015-11-23 15:14:01+01;1339
2015-11-23 15:30:01+01;1329
2015-11-23 17:30:01+01;1319
2015-11-23 21:58:01+01;1469
2015-11-24 06:06:01+01;1389
2015-11-24 07:18:01+01;1369
2015-11-24 09:06:01+01;1359
2015-11-24 09:26:01+01;1349
2015-11-24 09:34:01+01;1339
2015-11-24 10:10:01+01;1339
2015-11-24 12:30:01+01;1369
2015-11-24 14:06:01+01;1349
2015-11-24 14:38:01+01;1349
2015-11-24 15:34:01+01;1339
2015-11-24 15:46:01+01;1329
2015-11-24 16:30:01+01;1319
2015-11-24 21:58:01+01;1469
2015-11-25 05:46:01+01;1379
2015-11-25 08:26:01+01;1369
2015-11-25 09:18:01+01;1349
2015-11-25 09:50:01+01;1329
2015-11-25 11:34:01+01;1319
2015-11-25 12:30:01+01;1349
2015-11-25 14:06:01+01;1349
2015-11-25 14:46:01+01;1349
2015-11-25 15:58:01+01;1339
2015-11-25 16:14:02+01;1329
2015-11-25 17:50:01+01;1319
2015-11-25 18:50:01+01;1319
2015-11-25 21:58:01+01;1469
2015-11-26 06:06:01+01;1389
2015-11-26 07:06:01+01;1369
2015-11-26 07:34:02+01;1349
2015-11-26 08:34:01+01;1339
2015-11-26 12:30:01+01;1369
2015-11-26 13:26:01+01;1359
2015-11-26 13:38:01+01;1339
2015-11-26 13:58:01+01;1339
2015-11-26 14:34:01+01;1339
2015-11-26 19:46:01+01;1329
2015-11-26 21:58:01+01;1479
2015-11-27 06:06:01+01;1389
2015-11-27 07:46:01+01;1369
2015-11-27 08:58:01+01;1359
2015-11-27 09:26:01+01;1359
2015-11-27 09:34:01+01;1329
2015-11-27 09:50:01+01;1319
2015-11-27 12:30:01+01;1349
2015-11-27 14:46:01+01;1329
2015-11-27 15:50:01+01;1329
2015-11-27 17:46:01+01;1329
2015-11-27 19:10:01+01;1319
2015-11-27 21:58:01+01;1469
2015-11-28 06:50:01+01;1389
2015-11-28 09:34:01+01;1329
2015-11-28 12:30:01+01;1359
2015-11-28 15:38:01+01;1339
2015-11-28 15:58:01+01;1329
2015-11-28 21:58:01+01;1419
2015-11-29 07:02:01+01;1389
2015-11-29 09:30:01+01;1359
2015-11-29 09:46:01+01;1329
2015-11-29 12:30:01+01;1359
2015-11-29 13:58:01+01;1359
2015-11-29 14:50:01+01;1339
2015-11-29 15:30:01+01;1329
2015-11-29 21:58:01+01;1439
2015-11-30 05:58:01+01;1389
2015-11-30 08:58:01+01;1349
2015-11-30 09:26:01+01;1329
2015-11-30 12:30:01+01;1359
2015-11-30 14:06:01+01;1349
2015-11-30 14:30:01+01;1349
2015-11-30 14:38:01+01;1339
2015-11-30 14:46:01+01;1339
2015-11-30 15:58:01+01;1329
2015-11-30 17:46:01+01;1329
2015-12-01 00:42:01+01;1479
2015-12-01 06:46:01+01;1429
2015-12-01 08:06:01+01;1399
2015-12-01 08:38:01+01;1399
2015-12-01 09:18:01+01;1389
2015-12-01 09:38:01+01;1349
2015-12-01 12:30:01+01;1379
2015-12-01 14:50:01+01;1359
2015-12-01 14:54:01+01;1359
2015-12-01 16:14:01+01;1319
2015-12-01 21:58:01+01;1469
2015-12-02 06:46:01+01;1429
2015-12-02 06:54:01+01;1389
2015-12-02 08:46:01+01;1369
2015-12-02 09:54:01+01;1329
2015-12-02 10:06:01+01;1329
2015-12-02 12:30:01+01;1359
2015-12-02 13:46:01+01;1339
2015-12-02 14:30:01+01;1329
2015-12-02 19:34:01+01;1319
2015-12-02 21:58:01+01;1469
2015-12-03 06:46:01+01;1419
2015-12-03 06:54:01+01;1379
2015-12-03 07:54:01+01;1339
2015-12-03 10:30:01+01;1319
2015-12-03 11:50:01+01;1309
2015-12-03 12:30:01+01;1339
2015-12-03 13:54:01+01;1319
2015-12-03 14:18:01+01;1309
2015-12-03 16:14:01+01;1309
2015-12-03 21:58:01+01;1459
2015-12-04 06:38:01+01;1409
2015-12-04 06:50:01+01;1369
2015-12-04 08:02:01+01;1359
2015-12-04 09:34:01+01;1309
2015-12-04 12:06:01+01;1309
2015-12-04 12:30:01+01;1339
2015-12-04 15:38:01+01;1299
2015-12-04 21:58:02+01;1449
2015-12-05 06:50:01+01;1359
2015-12-05 09:54:01+01;1309
2015-12-05 11:26:01+01;1299
2015-12-05 12:30:01+01;1329
2015-12-05 14:02:01+01;1309
2015-12-05 17:58:01+01;1299
2015-12-05 22:06:01+01;1389
2015-12-06 07:02:01+01;1359
2015-12-06 08:38:01+01;1359
2015-12-06 09:34:01+01;1319
2015-12-06 12:30:01+01;1349
2015-12-06 13:26:01+01;1339
2015-12-06 14:10:01+01;1329
2015-12-06 14:46:01+01;1329
2015-12-06 15:46:01+01;1319
2015-12-06 18:46:01+01;1309
2015-12-06 19:06:01+01;1309
2015-12-06 21:58:01+01;1419
2015-12-07 06:34:01+01;1399
2015-12-07 06:58:01+01;1369
2015-12-07 07:46:01+01;1319
2015-12-07 10:06:01+01;1319
2015-12-07 11:58:01+01;1299
2015-12-07 12:30:01+01;1329
2015-12-07 14:30:01+01;1329
2015-12-07 15:34:01+01;1299
2015-12-07 19:34:01+01;1289
2015-12-07 21:58:01+01;1439
2015-12-08 06:34:01+01;1389
2015-12-08 06:50:01+01;1349
2015-12-08 07:58:01+01;1349
2015-12-08 08:38:01+01;1329
2015-12-08 09:50:01+01;1299
2015-12-08 12:30:01+01;1329
2015-12-08 14:34:01+01;1319
2015-12-08 15:54:01+01;1299
2015-12-08 20:14:01+01;1289
2015-12-08 21:58:01+01;1439
2015-12-09 06:38:01+01;1389
2015-12-09 06:50:01+01;1349
2015-12-09 07:38:01+01;1299
2015-12-09 09:50:01+01;1289
2015-12-09 11:58:01+01;1279
2015-12-09 12:30:01+01;1309
2015-12-09 14:50:01+01;1309
2015-12-09 15:46:02+01;1289
2015-12-09 16:34:01+01;1279
2015-12-09 21:58:01+01;1429
2015-12-10 06:34:01+01;1379
2015-12-10 06:50:01+01;1339
2015-12-10 09:06:01+01;1309
2015-12-10 10:38:01+01;1299
2015-12-10 12:30:01+01;1329
2015-12-10 14:14:01+01;1309
2015-12-10 15:34:01+01;1279
2015-12-10 21:58:01+01;1429
2015-12-11 06:34:01+01;1379
2015-12-11 06:50:01+01;1339
2015-12-11 08:58:01+01;1329
2015-12-11 09:50:01+01;1279
2015-12-11 12:30:01+01;1309
2015-12-11 14:14:01+01;1299
2015-12-11 14:38:01+01;1299
2015-12-11 16:18:01+01;1289
2015-12-11 19:10:02+01;1279
2015-12-11 21:58:01+01;1429
2015-12-12 06:50:01+01;1349
2015-12-12 09:50:01+01;1289
2015-12-12 12:30:01+01;1319
2015-12-12 13:58:01+01;1289
2015-12-12 21:58:01+01;1379
2015-12-13 06:46:01+01;1349
2015-12-13 09:58:01+01;1289
2015-12-13 12:30:01+01;1319
2015-12-13 13:58:01+01;1289
2015-12-13 19:30:01+01;1279
2015-12-13 21:58:01+01;1389
2015-12-14 06:38:01+01;1379
2015-12-14 06:50:01+01;1349
2015-12-14 08:06:01+01;1339
2015-12-14 09:14:01+01;1339
2015-12-14 09:50:01+01;1289
2015-12-14 12:30:01+01;1319
2015-12-14 14:06:01+01;1309
2015-12-14 15:46:01+01;1299
2015-12-14 16:14:01+01;1289
2015-12-14 18:58:01+01;1289
2015-12-14 21:58:01+01;1439
2015-12-15 06:50:01+01;1349
2015-12-15 07:38:01+01;1309
2015-12-15 09:34:01+01;1289
2015-12-15 12:30:01+01;1319
2015-12-15 13:50:01+01;1299
2015-12-15 14:38:01+01;1289
2015-12-15 16:54:01+01;1269
2015-12-15 21:58:01+01;1419
2015-12-16 06:38:01+01;1379
2015-12-16 06:50:01+01;1339
2015-12-16 07:54:01+01;1329
2015-12-16 09:50:01+01;1289
2015-12-16 10:14:01+01;1279
2015-12-16 12:30:01+01;1309
2015-12-16 14:34:01+01;1299
2015-12-16 16:30:01+01;1279
2015-12-16 21:58:01+01;1419
2015-12-17 06:34:01+01;1409
2015-12-17 06:46:01+01;1369
2015-12-17 06:58:01+01;1329
2015-12-17 07:14:01+01;1299
2015-12-17 09:46:01+01;1279
2015-12-17 12:30:01+01;1309
2015-12-17 13:38:01+01;1309
2015-12-17 13:50:01+01;1299
2015-12-17 14:10:01+01;1289
2015-12-17 15:26:01+01;1279
2015-12-17 16:30:02+01;1279
2015-12-17 21:58:01+01;1419
2015-12-18 06:38:01+01;1369
2015-12-18 06:50:01+01;1329
2015-12-18 07:58:01+01;1329
2015-12-18 09:34:01+01;1319
2015-12-18 09:54:01+01;1319
2015-12-18 10:06:01+01;1309
2015-12-18 10:34:01+01;1279
2015-12-18 11:58:01+01;1269
2015-12-18 12:30:02+01;1299
2015-12-18 14:58:02+01;1299
2015-12-18 16:18:01+01;1289
2015-12-18 18:18:01+01;1269
2015-12-18 21:58:01+01;1419
2015-12-19 06:50:01+01;1339
2015-12-19 09:18:01+01;1319
2015-12-19 09:30:01+01;1279
2015-12-19 12:30:01+01;1309
2015-12-19 14:50:01+01;1309
2015-12-19 15:58:01+01;1279
2015-12-19 16:38:01+01;1269
2015-12-19 21:58:01+01;1359
2015-12-20 07:06:01+01;1339
2015-12-20 09:30:01+01;1289
2015-12-20 10:14:01+01;1279
2015-12-20 10:30:01+01;1279
2015-12-20 12:30:01+01;1309
2015-12-20 15:30:01+01;1299
2015-12-20 16:30:01+01;1289
2015-12-20 18:30:01+01;1279
2015-12-20 19:30:01+01;1279
2015-12-20 21:58:01+01;1389
2015-12-21 06:38:01+01;1369
2015-12-21 06:50:01+01;1339
2015-12-21 07:38:01+01;1289
2015-12-21 09:50:01+01;1279
2015-12-21 10:26:01+01;1279
2015-12-21 12:30:01+01;1309
2015-12-21 14:58:01+01;1309
2015-12-21 20:14:01+01;1279
2015-12-21 21:58:01+01;1419
2015-12-22 06:46:01+01;1339
2015-12-22 08:02:01+01;1319
2015-12-22 09:26:01+01;1319
2015-12-22 09:30:01+01;1279
2015-12-22 12:30:01+01;1309
2015-12-22 14:18:01+01;1289
2015-12-22 16:06:01+01;1279
2015-12-22 18:26:01+01;1279
2015-12-22 19:30:01+01;1269
2015-12-22 21:58:01+01;1419
2015-12-23 06:34:01+01;1369
2015-12-23 06:46:01+01;1329
2015-12-23 08:38:01+01;1309
2015-12-23 09:46:01+01;1269
2015-12-23 12:30:01+01;1299
2015-12-23 14:58:01+01;1299
2015-12-23 15:34:02+01;1289
2015-12-23 16:26:01+01;1289
2015-12-23 16:34:01+01;1279
2015-12-23 19:34:01+01;1269
2015-12-23 21:58:01+01;1419
2015-12-24 06:34:01+01;1359
2015-12-24 06:46:01+01;1319
2015-12-24 08:06:01+01;1319
2015-12-24 09:10:01+01;1309
2015-12-24 09:30:01+01;1309
2015-12-24 09:38:01+01;1299
2015-12-24 10:18:01+01;1269
2015-12-24 12:30:01+01;1299
2015-12-24 13:26:01+01;1289
2015-12-24 14:02:01+01;1279
2015-12-24 14:58:01+01;1279
2015-12-24 17:46:02+01;1269
2015-12-24 21:58:01+01;1359
2015-12-25 06:34:01+01;1359
2015-12-25 06:46:01+01;1319
2015-12-25 08:50:01+01;1309
2015-12-25 09:30:01+01;1289
2015-12-25 12:30:01+01;1319
2015-12-25 13:34:01+01;1269
2015-12-25 21:58:01+01;1359
2015-12-26 06:46:01+01;1329
2015-12-26 09:58:01+01;1289
2015-12-26 12:30:01+01;1319
2015-12-26 13:46:01+01;1279
2015-12-26 15:46:01+01;1269
2015-12-26 20:22:01+01;1269
2015-12-26 21:58:01+01;1359
2015-12-27 06:50:01+01;1329
2015-12-27 09:38:01+01;1279
2015-12-27 10:14:01+01;1269
2015-12-27 12:30:01+01;1299
2015-12-27 13:54:01+01;1279
2015-12-27 14:34:01+01;1269
2015-12-27 15:18:01+01;1269
2015-12-27 21:58:01+01;1379
2015-12-28 06:38:01+01;1359
2015-12-28 06:50:01+01;1329
2015-12-28 08:02:01+01;1309
2015-12-28 09:50:01+01;1279
2015-12-28 10:26:01+01;1279
2015-12-28 11:26:01+01;1269
2015-12-28 12:30:01+01;1299
2015-12-28 14:06:01+01;1319
2015-12-28 14:10:01+01;1299
2015-12-28 15:06:01+01;1289
2015-12-28 15:58:01+01;1259
2015-12-28 16:38:01+01;1259
2015-12-28 17:30:01+01;1259
2015-12-28 21:58:01+01;1409
2015-12-29 06:30:01+01;1369
2015-12-29 06:46:01+01;1329
2015-12-29 07:46:01+01;1279
2015-12-29 09:34:01+01;1279
2015-12-29 12:30:01+01;1309
2015-12-29 13:34:01+01;1299
2015-12-29 13:46:01+01;1299
2015-12-29 14:02:01+01;1289
2015-12-29 14:14:02+01;1289
2015-12-29 14:58:01+01;1289
2015-12-29 16:06:01+01;1279
2015-12-29 21:58:01+01;1419
2015-12-30 06:30:01+01;1369
2015-12-30 06:38:01+01;1329
2015-12-30 08:06:01+01;1319
2015-12-30 08:50:01+01;1319
2015-12-30 09:30:01+01;1279
2015-12-30 12:30:01+01;1309
2015-12-30 13:54:01+01;1299
2015-12-30 13:58:01+01;1289
2015-12-30 17:30:01+01;1279
2015-12-30 18:58:01+01;1279
2015-12-30 21:58:01+01;1419
2015-12-31 06:34:01+01;1369
2015-12-31 06:54:01+01;1329
2015-12-31 09:10:01+01;1329
2015-12-31 09:34:01+01;1279
2015-12-31 12:30:01+01;1309
2015-12-31 13:58:01+01;1299
2015-12-31 16:10:01+01;1289
2015-12-31 17:26:01+01;1279
2015-12-31 21:58:01+01;1369
2016-01-01 06:34:01+01;1349
2016-01-01 06:50:01+01;1339
2016-01-01 08:46:02+01;1329
2016-01-01 09:46:01+01;1309
2016-01-01 10:02:01+01;1289
2016-01-01 12:30:01+01;1319
2016-01-01 13:38:01+01;1279
2016-01-01 21:58:01+01;1369
2016-01-02 06:46:01+01;1339
2016-01-02 09:46:01+01;1279
2016-01-02 12:30:01+01;1309
2016-01-02 13:46:01+01;1299
2016-01-02 13:54:01+01;1289
2016-01-02 16:30:01+01;1279
2016-01-02 17:46:01+01;1279
2016-01-02 21:58:01+01;1369
2016-01-03 06:46:01+01;1329
2016-01-03 09:18:01+01;1279
2016-01-03 12:30:01+01;1309
2016-01-03 13:58:01+01;1299
2016-01-03 15:50:01+01;1289
2016-01-03 17:26:01+01;1279
2016-01-03 21:58:01+01;1389
2016-01-04 06:34:01+01;1369
2016-01-04 06:46:01+01;1339
2016-01-04 07:46:01+01;1329
2016-01-04 07:58:01+01;1329
2016-01-04 09:10:01+01;1329
2016-01-04 09:38:01+01;1259
2016-01-04 12:30:01+01;1289
2016-01-04 15:54:01+01;1279
2016-01-04 16:26:01+01;1249
2016-01-04 21:58:01+01;1399
2016-01-05 06:34:01+01;1369
2016-01-05 06:50:01+01;1329
2016-01-05 07:30:01+01;1279
2016-01-05 09:54:01+01;1269
2016-01-05 12:30:01+01;1299
2016-01-05 16:26:01+01;1289
2016-01-05 18:14:01+01;1279
2016-01-05 19:26:01+01;1269
2016-01-05 21:58:01+01;1419
2016-01-06 06:30:01+01;1379
2016-01-06 06:50:01+01;1339
2016-01-06 07:34:01+01;1279
2016-01-06 09:58:01+01;1279
2016-01-06 12:30:01+01;1309
2016-01-06 15:34:01+01;1299
2016-01-06 17:58:01+01;1289
2016-01-06 19:26:01+01;1279
2016-01-06 21:58:01+01;1419
2016-01-07 06:30:01+01;1389
2016-01-07 06:46:01+01;1349
2016-01-07 07:30:01+01;1289
2016-01-07 09:58:01+01;1279
2016-01-07 12:30:01+01;1309
2016-01-07 14:58:01+01;1309
2016-01-07 16:10:01+01;1299
2016-01-07 16:34:01+01;1299
2016-01-07 17:22:01+01;1269
2016-01-07 18:58:01+01;1269
2016-01-07 21:58:01+01;1419
2016-01-08 06:50:01+01;1339
2016-01-08 06:58:01+01;1339
2016-01-08 07:46:01+01;1299
2016-01-08 09:18:01+01;1289
2016-01-08 12:30:01+01;1319
2016-01-08 14:06:01+01;1299
2016-01-08 14:58:01+01;1299
2016-01-08 15:58:01+01;1289
2016-01-08 17:34:01+01;1269
2016-01-08 18:54:01+01;1259
2016-01-08 21:58:01+01;1409
2016-01-09 06:50:01+01;1319
2016-01-09 09:26:01+01;1319
2016-01-09 09:50:01+01;1259
2016-01-09 12:30:01+01;1289
2016-01-09 15:38:01+01;1289
2016-01-09 15:58:01+01;1259
2016-01-09 21:58:01+01;1349
2016-01-10 06:58:01+01;1319
2016-01-10 09:46:01+01;1299
2016-01-10 13:34:01+01;1329
2016-01-10 13:58:01+01;1269
2016-01-10 15:30:01+01;1259
2016-01-10 16:26:01+01;1249
2016-01-10 21:58:01+01;1359
2016-01-11 06:50:01+01;1309
2016-01-11 06:58:01+01;1309
2016-01-11 07:30:02+01;1269
2016-01-11 12:30:01+01;1299
2016-01-11 14:14:01+01;1299
2016-01-11 15:50:01+01;1269
2016-01-11 16:34:01+01;1259
2016-01-11 18:26:01+01;1259
2016-01-11 21:58:01+01;1409
2016-01-12 06:50:02+01;1319
2016-01-12 07:38:01+01;1269
2016-01-12 11:46:01+01;1259
2016-01-12 12:30:03+01;1289
2016-01-12 14:14:01+01;1279
2016-01-12 15:14:01+01;1279
2016-01-12 15:30:01+01;1269
2016-01-12 16:02:01+01;1259
2016-01-12 16:54:01+01;1229
2016-01-12 17:46:01+01;1229
2016-01-12 21:58:01+01;1379
2016-01-13 06:50:02+01;1309
2016-01-13 07:06:01+01;1309
2016-01-13 07:34:01+01;1259
2016-01-13 09:50:02+01;1249
2016-01-13 11:46:01+01;1239
2016-01-13 12:30:02+01;1269
2016-01-13 14:06:01+01;1269
2016-01-13 15:34:02+01;1259
2016-01-13 15:38:01+01;1259
2016-01-13 16:30:01+01;1249
2016-01-13 18:06:01+01;1239
2016-01-13 18:54:01+01;1239
2016-01-13 21:58:01+01;1389
2016-01-14 06:50:01+01;1299
2016-01-14 07:06:01+01;1299
2016-01-14 07:38:01+01;1299
2016-01-14 09:26:01+01;1279
2016-01-14 09:58:01+01;1279
2016-01-14 10:34:01+01;1269
2016-01-14 12:10:01+01;1259
2016-01-14 12:30:01+01;1289
2016-01-14 14:06:01+01;1289
2016-01-14 15:02:01+01;1269
2016-01-14 15:14:01+01;1269
2016-01-14 15:46:02+01;1259
2016-01-14 18:18:01+01;1239
2016-01-14 21:58:01+01;1389
2016-01-15 06:02:01+01;1379
2016-01-15 06:46:01+01;1299
2016-01-15 07:02:02+01;1299
2016-01-15 07:18:01+01;1279
2016-01-15 07:30:01+01;1269
2016-01-15 08:54:01+01;1249
2016-01-15 09:18:01+01;1249
2016-01-15 10:14:01+01;1249
2016-01-15 10:58:01+01;1239
2016-01-15 12:30:02+01;1269
2016-01-15 14:34:01+01;1269
2016-01-15 14:58:01+01;1214
2016-01-15 15:30:02+01;1214
2016-01-15 21:58:01+01;1364
2016-01-16 06:06:01+01;1329
2016-01-16 06:50:01+01;1289
2016-01-16 08:38:01+01;1269
2016-01-16 09:46:01+01;1239
2016-01-16 12:30:02+01;1269
2016-01-16 13:34:01+01;1259
2016-01-16 14:34:01+01;1239
2016-01-16 15:58:01+01;1239
2016-01-16 18:14:02+01;1229
2016-01-16 21:58:01+01;1319
2016-01-17 06:06:01+01;1309
2016-01-17 07:06:01+01;1289
2016-01-17 07:34:01+01;1259
2016-01-17 09:30:01+01;1229
2016-01-17 12:30:01+01;1259
2016-01-17 13:30:02+01;1249
2016-01-17 13:54:01+01;1249
2016-01-17 14:30:01+01;1239
2016-01-17 15:26:01+01;1229
2016-01-17 17:30:02+01;1219
2016-01-17 21:58:01+01;1329
2016-01-18 06:02:01+01;1309
2016-01-18 06:50:01+01;1289
2016-01-18 07:18:01+01;1259
2016-01-18 07:58:01+01;1239
2016-01-18 12:10:02+01;1229
2016-01-18 12:30:02+01;1259
2016-01-18 13:38:01+01;1249
2016-01-18 14:06:01+01;1239
2016-01-18 16:14:01+01;1229
2016-01-18 16:30:01+01;1229
2016-01-18 19:10:01+01;1219
2016-01-18 21:58:01+01;1369
2016-01-19 06:06:01+01;1329
2016-01-19 06:50:01+01;1289
2016-01-19 07:34:01+01;1269
2016-01-19 09:06:02+01;1259
2016-01-19 09:18:01+01;1259
2016-01-19 09:30:02+01;1219
2016-01-19 12:30:02+01;1249
2016-01-19 14:06:01+01;1249
2016-01-19 14:34:01+01;1229
2016-01-19 15:50:01+01;1229
2016-01-19 16:30:01+01;1229
2016-01-19 17:46:01+01;1219
2016-01-19 21:58:01+01;1369
2016-01-20 06:06:01+01;1329
2016-01-20 06:54:01+01;1279
2016-01-20 07:30:01+01;1259
2016-01-20 08:54:01+01;1249
2016-01-20 09:38:01+01;1249
2016-01-20 09:50:01+01;1219
2016-01-20 12:30:02+01;1249
2016-01-20 14:06:01+01;1249
2016-01-20 14:18:01+01;1229
2016-01-20 15:06:01+01;1229
2016-01-20 16:06:01+01;1229
2016-01-20 20:10:01+01;1219
2016-01-20 21:58:01+01;1379
2016-01-21 05:58:01+01;1329
2016-01-21 06:50:02+01;1289
2016-01-21 07:26:01+01;1269
2016-01-21 07:34:01+01;1269
2016-01-21 08:46:01+01;1249
2016-01-21 09:46:01+01;1229
2016-01-21 12:30:01+01;1259
2016-01-21 13:46:01+01;1249
2016-01-21 14:34:01+01;1239
2016-01-21 15:14:01+01;1229
2016-01-21 16:06:01+01;1219
2016-01-21 17:46:01+01;1219
2016-01-21 21:58:01+01;1369
2016-01-22 06:10:01+01;1329
2016-01-22 06:50:01+01;1289
2016-01-22 07:02:01+01;1289
2016-01-22 07:14:01+01;1269
2016-01-22 09:06:01+01;1249
2016-01-22 09:34:01+01;1249
2016-01-22 09:50:02+01;1219
2016-01-22 12:30:01+01;1249
2016-01-22 13:38:01+01;1249
2016-01-22 14:30:02+01;1249
2016-01-22 15:46:01+01;1239
2016-01-22 16:26:01+01;1239
2016-01-22 19:38:01+01;1229
2016-01-22 21:58:01+01;1379
2016-01-23 06:06:01+01;1339
2016-01-23 06:50:01+01;1299
2016-01-23 09:10:01+01;1299
2016-01-23 09:18:01+01;1269
2016-01-23 09:34:01+01;1219
2016-01-23 12:30:01+01;1249
2016-01-23 13:50:02+01;1249
2016-01-23 16:18:01+01;1239
2016-01-23 21:58:01+01;1329
2016-01-24 09:30:02+01;1234
2016-01-24 12:30:02+01;1264
2016-01-24 14:02:01+01;1259
2016-01-24 14:14:01+01;1249
2016-01-24 15:30:02+01;1234
2016-01-24 21:58:01+01;1344
2016-01-25 06:06:02+01;1319
2016-01-25 06:50:01+01;1299
2016-01-25 06:58:01+01;1279
2016-01-25 09:18:01+01;1269
2016-01-25 10:14:01+01;1249
2016-01-25 10:30:02+01;1249
2016-01-25 11:34:01+01;1249
2016-01-25 12:30:01+01;1279
2016-01-25 14:46:01+01;1259
2016-01-25 16:14:01+01;1249
2016-01-25 16:26:01+01;1234
2016-01-25 21:58:01+01;1384
2016-01-26 06:06:01+01;1339
2016-01-26 06:46:01+01;1309
2016-01-26 07:38:01+01;1239
2016-01-26 14:06:01+01;1239
2016-01-26 14:30:01+01;1234
2016-01-26 21:58:01+01;1384
2016-01-27 06:06:01+01;1339
2016-01-27 06:50:02+01;1299
2016-01-27 07:58:01+01;1279
2016-01-27 08:34:01+01;1279
2016-01-27 09:38:02+01;1239
2016-01-27 12:06:01+01;1229
2016-01-27 12:30:01+01;1259
2016-01-27 13:54:01+01;1259
2016-01-27 14:10:02+01;1229
2016-01-27 15:06:01+01;1229
2016-01-27 16:14:01+01;1224
2016-01-27 21:58:01+01;1374
2016-01-28 05:58:01+01;1339
2016-01-28 06:54:01+01;1224
2016-01-28 12:30:01+01;1254
2016-01-28 13:46:01+01;1249
2016-01-28 14:34:01+01;1239
2016-01-28 16:26:01+01;1229
2016-01-28 18:26:01+01;1229
2016-01-28 20:10:01+01;1224
2016-01-28 21:58:01+01;1374
2016-01-29 06:06:01+01;1349
2016-01-29 06:46:01+01;1289
2016-01-29 07:34:01+01;1269
2016-01-29 09:26:01+01;1259
2016-01-29 09:30:01+01;1219
2016-01-29 10:30:01+01;1219
2016-01-29 12:30:01+01;1249
2016-01-29 13:38:01+01;1249
2016-01-29 14:10:01+01;1249
2016-01-29 16:14:01+01;1239
2016-01-29 17:38:01+01;1229
2016-01-29 18:18:01+01;1219
2016-01-29 18:46:01+01;1219
2016-01-29 21:58:01+01;1369
2016-01-30 05:58:01+01;1349
2016-01-30 06:50:01+01;1309
2016-01-30 09:30:01+01;1239
2016-01-30 12:30:01+01;1269
2016-01-30 13:34:01+01;1259
2016-01-30 15:26:01+01;1249
2016-01-30 15:58:01+01;1239
2016-01-30 21:58:01+01;1359
2016-01-31 06:14:01+01;1339
2016-01-31 06:58:01+01;1279
2016-01-31 09:34:01+01;1259
2016-01-31 12:30:01+01;1289
2016-01-31 13:54:01+01;1239
2016-01-31 21:58:01+01;1359
2016-02-01 06:06:01+01;1339
2016-02-01 06:38:01+01;1309
2016-02-01 06:50:01+01;1289
2016-02-01 07:38:01+01;1249
2016-02-01 08:06:01+01;1249
2016-02-01 12:30:01+01;1279
2016-02-01 13:46:01+01;1269
2016-02-01 14:26:01+01;1259
2016-02-01 15:06:01+01;1249
2016-02-01 16:30:01+01;1239
2016-02-01 18:30:02+01;1239
2016-02-01 21:58:02+01;1389
2016-02-02 06:06:01+01;1349
2016-02-02 06:38:01+01;1309
2016-02-02 06:50:01+01;1289
2016-02-02 07:38:01+01;1249
2016-02-02 10:06:01+01;1239
2016-02-02 12:30:01+01;1269
2016-02-02 15:06:01+01;1249
2016-02-02 15:58:01+01;1249
2016-02-02 17:46:01+01;1239
2016-02-02 21:58:01+01;1389
2016-02-03 06:06:01+01;1339
2016-02-03 06:34:01+01;1329
2016-02-03 06:50:01+01;1309
2016-02-03 08:06:01+01;1299
2016-02-03 08:54:01+01;1269
2016-02-03 09:46:01+01;1249
2016-02-03 11:30:01+01;1239
2016-02-03 12:30:01+01;1269
2016-02-03 15:06:01+01;1249
2016-02-03 16:14:01+01;1239
2016-02-03 16:26:01+01;1229
2016-02-03 21:58:01+01;1379
2016-02-04 05:58:01+01;1339
2016-02-04 06:34:01+01;1309
2016-02-04 06:50:01+01;1289
2016-02-04 09:30:01+01;1269
2016-02-04 10:58:01+01;1259
2016-02-04 11:30:01+01;1219
2016-02-04 12:30:01+01;1249
2016-02-04 14:18:01+01;1249
2016-02-04 15:10:01+01;1229
2016-02-04 15:46:01+01;1219
2016-02-04 17:30:01+01;1219
2016-02-04 18:14:01+01;1209
2016-02-04 21:58:01+01;1359
2016-02-05 06:06:01+01;1339
2016-02-05 06:38:01+01;1289
2016-02-05 06:54:01+01;1269
2016-02-05 08:06:01+01;1269
2016-02-05 09:58:01+01;1249
2016-02-05 10:34:01+01;1239
2016-02-05 11:34:01+01;1229
2016-02-05 12:30:01+01;1259
2016-02-05 14:38:01+01;1249
2016-02-05 15:10:01+01;1239
2016-02-05 15:46:01+01;1229
2016-02-05 18:34:01+01;1219
2016-02-05 19:26:01+01;1209
2016-02-05 21:58:01+01;1359
2016-02-06 05:58:01+01;1339
2016-02-06 06:50:01+01;1279
2016-02-06 09:38:01+01;1269
2016-02-06 10:34:01+01;1269
2016-02-06 10:46:01+01;1249
2016-02-06 11:38:01+01;1239
2016-02-06 11:54:01+01;1239
2016-02-06 12:30:01+01;1269
2016-02-06 13:54:01+01;1259
2016-02-06 15:34:01+01;1209
2016-02-06 21:58:01+01;1329
2016-02-07 06:06:01+01;1319
2016-02-07 07:18:01+01;1269
2016-02-07 09:46:01+01;1229
2016-02-07 11:46:01+01;1219
2016-02-07 12:30:01+01;1249
2016-02-07 14:18:01+01;1239
2016-02-07 15:34:01+01;1229
2016-02-07 18:26:01+01;1219
2016-02-07 19:26:01+01;1209
2016-02-07 21:58:01+01;1329
2016-02-08 06:06:01+01;1319
2016-02-08 06:50:01+01;1269
2016-02-08 09:14:01+01;1259
2016-02-08 09:50:01+01;1249
2016-02-08 10:34:01+01;1239
2016-02-08 11:30:01+01;1229
2016-02-08 12:30:01+01;1259
2016-02-08 13:46:01+01;1239
2016-02-08 14:14:01+01;1229
2016-02-08 14:30:01+01;1219
2016-02-08 16:06:01+01;1209
2016-02-08 21:58:01+01;1359
2016-02-09 06:18:01+01;1339
2016-02-09 06:50:01+01;1279
2016-02-09 07:06:01+01;1279
2016-02-09 08:14:02+01;1279
2016-02-09 09:18:01+01;1269
2016-02-09 10:30:01+01;1249
2016-02-09 10:58:01+01;1249
2016-02-09 12:30:01+01;1279
2016-02-09 15:10:01+01;1259
2016-02-09 16:14:01+01;1239
2016-02-09 16:34:01+01;1229
2016-02-09 18:50:01+01;1219
2016-02-09 20:30:01+01;1209
2016-02-09 21:58:01+01;1369
2016-02-10 05:58:01+01;1319
2016-02-10 06:50:01+01;1289
2016-02-10 06:58:01+01;1269
2016-02-10 08:18:01+01;1269
2016-02-10 09:30:01+01;1269
2016-02-10 09:46:01+01;1259
2016-02-10 11:06:01+01;1259
2016-02-10 11:38:01+01;1239
2016-02-10 12:30:01+01;1269
2016-02-10 13:50:01+01;1259
2016-02-10 15:18:01+01;1239
2016-02-10 15:54:01+01;1229
2016-02-10 17:06:01+01;1229
2016-02-10 18:58:01+01;1219
2016-02-10 21:58:01+01;1359
2016-02-11 06:06:01+01;1309
2016-02-11 06:50:01+01;1259
2016-02-11 09:18:01+01;1249
2016-02-11 09:46:01+01;1239
2016-02-11 11:26:01+01;1229
2016-02-11 12:30:01+01;1259
2016-02-11 15:14:01+01;1239
2016-02-11 15:26:01+01;1239
2016-02-11 15:38:01+01;1229
2016-02-11 16:26:01+01;1219
2016-02-11 18:10:02+01;1209
2016-02-11 19:54:01+01;1199
2016-02-11 21:58:01+01;1349
2016-02-12 06:06:01+01;1309
2016-02-12 06:46:01+01;1269
2016-02-12 07:06:01+01;1259
2016-02-12 07:10:01+01;1259
2016-02-12 09:58:01+01;1239
2016-02-12 10:46:01+01;1229
2016-02-12 11:30:01+01;1219
2016-02-12 11:46:01+01;1219
2016-02-12 12:30:01+01;1249
2016-02-12 13:50:01+01;1239
2016-02-12 14:30:01+01;1239
2016-02-12 15:14:01+01;1219
2016-02-12 15:26:01+01;1209
2016-02-12 16:38:01+01;1199
2016-02-12 18:34:01+01;1199
2016-02-12 19:26:01+01;1189
2016-02-12 21:58:01+01;1339
2016-02-13 06:06:01+01;1319
2016-02-13 06:50:01+01;1249
2016-02-13 09:30:01+01;1239
2016-02-13 09:54:01+01;1229
2016-02-13 10:18:01+01;1219
2016-02-13 12:30:01+01;1249
2016-02-13 13:54:01+01;1249
2016-02-13 14:18:01+01;1239
2016-02-13 15:30:01+01;1209
2016-02-13 17:10:01+01;1199
2016-02-13 17:30:01+01;1199
2016-02-13 19:46:01+01;1189
2016-02-13 21:58:01+01;1309
2016-02-14 06:06:01+01;1299
2016-02-14 06:58:01+01;1259
2016-02-14 09:26:01+01;1229
2016-02-14 09:34:01+01;1219
2016-02-14 09:58:01+01;1219
2016-02-14 12:30:01+01;1249
2016-02-14 14:10:01+01;1249
2016-02-14 15:50:01+01;1229
2016-02-14 21:58:01+01;1319
2016-02-15 06:06:01+01;1319
2016-02-15 06:50:01+01;1279
2016-02-15 08:26:01+01;1249
2016-02-15 09:46:01+01;1229
2016-02-15 10:14:01+01;1209
2016-02-15 12:30:01+01;1239
2016-02-15 13:50:01+01;1239
2016-02-15 14:26:01+01;1229
2016-02-15 15:14:01+01;1209
2016-02-15 16:14:01+01;1199
2016-02-15 17:50:01+01;1194
2016-02-15 21:58:01+01;1344
2016-02-16 06:10:01+01;1319
2016-02-16 06:50:01+01;1259
2016-02-16 07:10:01+01;1249
2016-02-16 08:38:01+01;1239
2016-02-16 09:26:01+01;1229
2016-02-16 10:30:01+01;1219
2016-02-16 11:14:01+01;1219
2016-02-16 11:34:01+01;1209
2016-02-16 12:30:01+01;1239
2016-02-16 14:34:01+01;1229
2016-02-16 15:14:01+01;1219
2016-02-16 17:30:01+01;1209
2016-02-16 18:34:01+01;1199
2016-02-16 21:58:01+01;1349
2016-02-17 06:06:01+01;1329
2016-02-17 06:50:01+01;1269
2016-02-17 07:14:01+01;1249
2016-02-17 09:18:01+01;1239
2016-02-17 10:06:01+01;1229
2016-02-17 10:26:01+01;1219
2016-02-17 11:34:01+01;1209
2016-02-17 12:30:01+01;1239
2016-02-17 15:14:01+01;1219
2016-02-17 16:38:01+01;1209
2016-02-17 17:10:01+01;1209
2016-02-17 17:34:02+01;1199
2016-02-17 21:58:01+01;1349
2016-02-18 06:06:01+01;1329
2016-02-18 06:50:01+01;1269
2016-02-18 07:10:01+01;1259
2016-02-18 08:14:01+01;1249
2016-02-18 09:26:01+01;1239
2016-02-18 10:06:01+01;1219
2016-02-18 10:26:01+01;1219
2016-02-18 11:34:01+01;1209
2016-02-18 12:30:01+01;1239
2016-02-18 14:10:01+01;1199
2016-02-18 17:26:01+01;1189
2016-02-18 18:46:01+01;1189
2016-02-18 21:58:01+01;1339
2016-02-19 06:06:01+01;1319
2016-02-19 06:50:01+01;1279
2016-02-19 06:58:01+01;1259
2016-02-19 07:18:01+01;1229
2016-02-19 07:34:01+01;1219
2016-02-19 09:50:01+01;1199
2016-02-19 12:30:01+01;1229
2016-02-19 14:26:01+01;1229
2016-02-19 15:14:01+01;1209
2016-02-19 16:26:01+01;1199
2016-02-19 19:46:01+01;1194
2016-02-19 21:58:01+01;1344
2016-02-20 06:06:01+01;1329
2016-02-20 06:50:01+01;1259
2016-02-20 07:14:01+01;1249
2016-02-20 09:34:01+01;1239
2016-02-20 10:30:01+01;1219
2016-02-20 11:30:01+01;1219
2016-02-20 12:30:01+01;1249
2016-02-20 13:54:01+01;1249
2016-02-20 15:54:01+01;1229
2016-02-20 16:34:01+01;1209
2016-02-20 17:54:01+01;1199
2016-02-20 21:58:01+01;1319
2016-02-21 06:06:01+01;1319
2016-02-21 06:54:01+01;1249
2016-02-21 09:34:01+01;1239
2016-02-21 10:14:01+01;1239
2016-02-21 11:46:01+01;1229
2016-02-21 12:30:01+01;1259
2016-02-21 13:58:01+01;1239
2016-02-21 14:18:01+01;1229
2016-02-21 15:14:01+01;1219
2016-02-21 15:26:01+01;1199
2016-02-21 16:58:01+01;1199
2016-02-21 21:58:01+01;1319
2016-02-22 06:06:01+01;1299
2016-02-22 06:50:01+01;1269
2016-02-22 06:58:01+01;1249
2016-02-22 07:14:01+01;1239
2016-02-22 07:30:01+01;1219
2016-02-22 08:14:01+01;1219
2016-02-22 09:34:01+01;1219
2016-02-22 10:34:01+01;1219
2016-02-22 10:46:01+01;1209
2016-02-22 11:34:01+01;1189
2016-02-22 12:30:01+01;1219
2016-02-22 13:46:01+01;1199
2016-02-22 14:26:01+01;1199
2016-02-22 15:34:01+01;1189
2016-02-22 16:10:01+01;1174
2016-02-22 21:58:01+01;1324
2016-02-23 06:06:01+01;1309
2016-02-23 06:50:01+01;1249
2016-02-23 07:06:01+01;1209
2016-02-23 07:10:01+01;1209
2016-02-23 10:38:01+01;1179
2016-02-23 12:30:01+01;1209
2016-02-23 14:18:01+01;1189
2016-02-23 15:18:01+01;1189
2016-02-23 16:06:01+01;1189
2016-02-23 16:26:01+01;1179
2016-02-23 21:58:01+01;1329
2016-02-24 06:06:01+01;1309
2016-02-24 06:46:01+01;1279
2016-02-24 06:54:01+01;1259
2016-02-24 08:14:01+01;1259
2016-02-24 08:26:01+01;1229
2016-02-24 09:50:01+01;1199
2016-02-24 12:10:01+01;1189
2016-02-24 12:30:01+01;1219
2016-02-24 13:50:02+01;1219
2016-02-24 14:30:01+01;1209
2016-02-24 15:14:01+01;1199
2016-02-24 15:26:01+01;1199
2016-02-24 19:46:01+01;1189
2016-02-24 21:58:01+01;1339
2016-02-25 06:06:01+01;1319
2016-02-25 06:50:01+01;1249
2016-02-25 08:14:01+01;1239
2016-02-25 09:34:01+01;1229
2016-02-25 10:06:01+01;1229
2016-02-25 10:34:01+01;1219
2016-02-25 10:46:01+01;1219
2016-02-25 11:34:01+01;1209
2016-02-25 11:58:01+01;1209
2016-02-25 12:30:01+01;1239
2016-02-25 14:26:01+01;1219
2016-02-25 15:14:01+01;1209
2016-02-25 16:30:01+01;1189
2016-02-25 17:30:01+01;1189
2016-02-25 18:26:01+01;1179
2016-02-25 21:58:01+01;1329
2016-02-26 06:06:01+01;1309
2016-02-26 06:46:01+01;1309
2016-02-26 06:54:01+01;1249
2016-02-26 08:14:01+01;1239
2016-02-26 09:26:01+01;1229
2016-02-26 10:18:01+01;1229
2016-02-26 10:38:01+01;1219
2016-02-26 12:06:01+01;1209
2016-02-26 12:30:01+01;1239
2016-02-26 14:26:01+01;1229
2016-02-26 15:18:01+01;1219
2016-02-26 16:06:01+01;1209
2016-02-26 16:26:01+01;1209
2016-02-26 17:26:01+01;1199
2016-02-26 17:34:01+01;1189
2016-02-26 21:58:01+01;1339
2016-02-27 05:58:01+01;1319
2016-02-27 07:06:01+01;1259
2016-02-27 09:50:01+01;1239
2016-02-27 10:18:01+01;1229
2016-02-27 11:43:01+01;1219
2016-02-27 11:58:01+01;1209
2016-02-27 12:28:01+01;1239
2016-02-27 14:18:01+01;1209
2016-02-27 15:43:01+01;1209
2016-02-27 19:33:01+01;1189
2016-02-27 21:58:01+01;1309
2016-02-28 05:58:01+01;1309
2016-02-28 07:03:02+01;1269
2016-02-28 09:28:01+01;1249
2016-02-28 09:58:01+01;1219
2016-02-28 12:28:01+01;1249
2016-02-28 14:13:01+01;1219
2016-02-28 17:58:01+01;1219
2016-02-28 18:08:01+01;1209
2016-02-28 21:58:01+01;1329
2016-02-29 06:03:01+01;1309
2016-02-29 06:43:01+01;1299
2016-02-29 06:53:01+01;1279
2016-02-29 08:13:01+01;1259
2016-02-29 09:58:01+01;1219
2016-02-29 12:28:01+01;1249
2016-02-29 13:38:01+01;1249
2016-02-29 14:13:01+01;1239
2016-02-29 14:28:01+01;1239
2016-02-29 15:23:01+01;1219
2016-02-29 15:48:01+01;1219
2016-02-29 17:38:01+01;1209
2016-02-29 21:58:01+01;1359
2016-03-01 06:03:01+01;1329
2016-03-01 06:48:01+01;1279
2016-03-01 07:28:01+01;1279
2016-03-01 08:38:01+01;1259
2016-03-01 09:38:01+01;1259
2016-03-01 09:48:01+01;1239
2016-03-01 12:03:01+01;1219
2016-03-01 12:28:01+01;1249
2016-03-01 14:18:01+01;1219
2016-03-01 16:18:01+01;1204
2016-03-01 21:58:01+01;1354
2016-03-02 06:03:01+01;1339
2016-03-02 06:48:01+01;1269
2016-03-02 07:28:01+01;1269
2016-03-02 08:18:01+01;1249
2016-03-02 09:38:01+01;1239
2016-03-02 09:43:01+01;1239
2016-03-02 09:48:01+01;1229
2016-03-02 10:28:01+01;1219
2016-03-02 12:28:01+01;1249
2016-03-02 13:23:01+01;1239
2016-03-02 14:28:01+01;1209
2016-03-02 15:27:01+01;1204
2016-03-02 21:58:01+01;1354
2016-03-03 06:03:01+01;1329
2016-03-03 06:48:01+01;1259
2016-03-03 07:33:01+01;1259
2016-03-03 07:58:01+01;1249
2016-03-03 08:58:01+01;1249
2016-03-03 09:43:01+01;1239
2016-03-03 11:03:01+01;1239
2016-03-03 11:33:01+01;1229
2016-03-03 12:28:01+01;1259
2016-03-03 13:53:01+01;1249
2016-03-03 14:33:01+01;1239
2016-03-03 15:28:01+01;1219
2016-03-03 17:28:01+01;1209
2016-03-03 17:48:01+01;1199
2016-03-03 18:53:02+01;1189
2016-03-03 21:58:01+01;1339
2016-03-04 06:03:01+01;1319
2016-03-04 06:48:01+01;1259
2016-03-04 07:28:01+01;1239
2016-03-04 10:03:01+01;1239
2016-03-04 10:23:01+01;1229
2016-03-04 10:28:01+01;1219
2016-03-04 12:28:01+01;1249
2016-03-04 14:03:01+01;1239
2016-03-04 14:13:01+01;1229
2016-03-04 15:18:01+01;1209
2016-03-04 18:33:01+01;1199
2016-03-04 18:43:01+01;1199
2016-03-04 21:58:01+01;1349
2016-03-05 06:03:01+01;1329
2016-03-05 06:53:01+01;1269
2016-03-05 09:58:01+01;1239
2016-03-05 12:28:01+01;1269
2016-03-05 13:23:01+01;1259
2016-03-05 14:08:01+01;1239
2016-03-05 14:18:01+01;1239
2016-03-05 15:28:01+01;1219
2016-03-05 16:13:01+01;1209
2016-03-05 18:53:01+01;1209
2016-03-05 21:58:02+01;1329
2016-03-06 06:03:01+01;1309
2016-03-06 07:03:01+01;1279
2016-03-06 08:58:01+01;1249
2016-03-06 09:23:01+01;1249
2016-03-06 09:58:01+01;1229
2016-03-06 12:28:01+01;1259
2016-03-06 13:23:01+01;1249
2016-03-06 13:58:01+01;1219
2016-03-06 15:38:01+01;1209
2016-03-06 17:43:01+01;1199
2016-03-06 22:03:01+01;1319
2016-03-07 06:03:01+01;1309
2016-03-07 06:48:01+01;1269
2016-03-07 07:23:01+01;1249
2016-03-07 09:43:01+01;1239
2016-03-07 09:58:01+01;1229
2016-03-07 11:23:01+01;1219
2016-03-07 12:28:01+01;1249
2016-03-07 14:03:01+01;1239
2016-03-07 15:03:01+01;1219
2016-03-07 17:38:01+01;1199
2016-03-07 21:58:01+01;1349
2016-03-08 06:03:01+01;1329
2016-03-08 06:48:01+01;1269
2016-03-08 07:38:01+01;1259
2016-03-08 07:53:01+01;1249
2016-03-08 08:13:01+01;1239
2016-03-08 10:08:01+01;1229
2016-03-08 11:03:02+01;1219
2016-03-08 12:28:01+01;1249
2016-03-08 13:53:01+01;1249
2016-03-08 15:33:01+01;1229
2016-03-08 17:33:01+01;1229
2016-03-08 18:18:01+01;1219
2016-03-08 19:33:01+01;1209
2016-03-08 21:58:01+01;1359
2016-03-09 06:03:01+01;1329
2016-03-09 06:48:01+01;1259
2016-03-09 08:13:01+01;1259
2016-03-09 09:43:01+01;1249
2016-03-09 10:23:01+01;1229
2016-03-09 12:28:01+01;1259
2016-03-09 14:13:01+01;1249
2016-03-09 14:48:01+01;1249
2016-03-09 15:23:01+01;1229
2016-03-09 18:33:01+01;1219
2016-03-09 19:28:01+01;1209
2016-03-09 21:58:01+01;1359
2016-03-10 06:03:01+01;1359
2016-03-10 06:53:01+01;1289
2016-03-10 07:23:01+01;1259
2016-03-10 07:33:01+01;1259
2016-03-10 09:03:01+01;1229
2016-03-10 10:23:01+01;1219
2016-03-10 12:28:01+01;1249
2016-03-10 14:08:01+01;1249
2016-03-10 14:18:01+01;1229
2016-03-10 15:33:01+01;1229
2016-03-10 18:43:01+01;1219
2016-03-10 21:58:01+01;1369
2016-03-11 08:13:01+01;1269
2016-03-11 08:43:01+01;1259
2016-03-11 09:58:01+01;1239
2016-03-11 11:33:01+01;1239
2016-03-11 12:28:01+01;1269
2016-03-11 13:23:02+01;1269
2016-03-11 14:08:01+01;1259
2016-03-11 14:33:01+01;1249
2016-03-11 15:03:01+01;1239
2016-03-11 16:02:01+01;1239
2016-03-11 18:53:01+01;1229
2016-03-11 21:58:01+01;1379
2016-03-12 05:58:01+01;1359
2016-03-12 06:48:01+01;1289
2016-03-12 07:33:01+01;1279
2016-03-12 09:33:01+01;1259
2016-03-12 10:08:01+01;1239
2016-03-12 10:18:01+01;1239
2016-03-12 12:28:01+01;1269
2016-03-12 14:13:01+01;1259
2016-03-12 15:28:01+01;1239
2016-03-12 15:58:01+01;1239
2016-03-12 18:38:01+01;1229
2016-03-12 21:58:01+01;1349
2016-03-13 06:03:02+01;1349
2016-03-13 07:03:01+01;1289
2016-03-13 07:28:01+01;1269
2016-03-13 09:43:01+01;1259
2016-03-13 09:58:01+01;1239
2016-03-13 12:28:01+01;1269
2016-03-13 14:18:01+01;1259
2016-03-13 16:03:01+01;1249
2016-03-13 16:28:01+01;1239
2016-03-13 17:18:01+01;1239
2016-03-13 18:38:01+01;1229
2016-03-13 21:58:01+01;1349
2016-03-14 07:28:01+01;1289
2016-03-14 08:48:01+01;1269
2016-03-14 11:18:01+01;1259
2016-03-14 12:28:01+01;1289
2016-03-14 14:18:01+01;1289
2016-03-14 15:43:02+01;1249
2016-03-14 21:58:01+01;1379
2016-03-15 07:38:01+01;1289
2016-03-15 08:18:01+01;1269
2016-03-15 09:43:01+01;1259
2016-03-15 11:23:02+01;1249
2016-03-15 12:28:02+01;1279
2016-03-15 13:48:01+01;1259
2016-03-15 21:58:01+01;1379
2016-03-16 07:48:01+01;1289
2016-03-16 09:38:01+01;1279
2016-03-16 12:28:01+01;1309
2016-03-16 14:03:01+01;1259
2016-03-16 16:13:01+01;1239
2016-03-16 21:58:01+01;1379
2016-03-17 07:38:01+01;1279
2016-03-17 09:38:01+01;1269
2016-03-17 12:13:01+01;1259
2016-03-17 12:28:01+01;1289
2016-03-17 15:38:01+01;1249
2016-03-17 21:58:02+01;1389
2016-03-18 06:48:01+01;1289
2016-03-18 08:13:01+01;1279
2016-03-18 09:43:01+01;1259
2016-03-18 11:28:01+01;1239
2016-03-18 12:28:01+01;1269
2016-03-18 15:38:01+01;1259
2016-03-18 21:58:01+01;1389
2016-03-19 06:58:01+01;1289
2016-03-19 12:28:02+01;1319
2016-03-19 14:13:01+01;1269
2016-03-19 15:48:01+01;1259
2016-03-19 21:58:01+01;1379
2016-03-20 07:23:02+01;1349
2016-03-20 08:43:01+01;1279
2016-03-20 12:28:01+01;1309
2016-03-20 14:18:01+01;1309
2016-03-20 15:23:01+01;1279
2016-03-20 17:28:01+01;1259
2016-03-20 21:58:01+01;1379
2016-03-21 07:18:01+01;1299
2016-03-21 08:38:01+01;1279
2016-03-21 12:28:01+01;1309
2016-03-21 15:58:01+01;1269
2016-03-21 17:23:01+01;1249
2016-03-21 21:58:01+01;1389
2016-03-22 06:48:01+01;1299
2016-03-22 08:18:01+01;1279
2016-03-22 10:43:01+01;1269
2016-03-22 12:28:01+01;1299
2016-03-22 14:38:01+01;1289
2016-03-22 15:38:01+01;1429
2016-03-22 21:58:01+01;1399
2016-03-23 07:23:01+01;1299
2016-03-23 09:03:01+01;1289
2016-03-23 09:43:01+01;1279
2016-03-23 12:28:01+01;1309
2016-03-23 13:43:01+01;1279
2016-03-23 21:58:01+01;1399
2016-03-24 16:03:01+01;1269
2016-03-24 21:58:01+01;1399
2016-03-29 21:58:01+02;1409
2016-03-30 15:48:01+02;1299
2016-03-30 21:58:01+02;1409
2016-03-31 08:03:01+02;1349
2016-03-31 12:28:01+02;1379
2016-03-31 13:58:01+02;1319
2016-03-31 14:18:01+02;1319
2016-03-31 14:33:01+02;1299
2016-03-31 21:58:01+02;1409
2016-04-01 06:03:01+02;1359
2016-04-01 06:53:01+02;1349
2016-04-01 12:28:01+02;1379
2016-04-01 13:53:01+02;1329
2016-04-01 14:13:01+02;1299
2016-04-01 17:23:01+02;1299
2016-04-01 21:58:01+02;1409
2016-04-02 06:03:02+02;1349
2016-04-02 08:28:01+02;1309
2016-04-02 12:28:01+02;1339
2016-04-02 13:43:01+02;1329
2016-04-02 14:03:01+02;1319
2016-04-02 14:28:01+02;1299
2016-04-02 14:53:01+02;1289
2016-04-02 21:58:01+02;1409
2016-04-03 06:03:01+02;1349
2016-04-03 10:33:01+02;1339
2016-04-03 12:28:01+02;1369
2016-04-03 13:43:01+02;1329
2016-04-03 15:18:01+02;1309
2016-04-03 16:33:01+02;1299
2016-04-03 21:58:01+02;1409
2016-04-04 06:03:01+02;1349
2016-04-04 07:38:01+02;1319
2016-04-04 12:28:01+02;1349
2016-04-04 14:18:01+02;1289
2016-04-04 15:38:01+02;1289
2016-04-04 21:58:02+02;1409
2016-04-05 05:58:01+02;1349
2016-04-05 12:13:01+02;1319
2016-04-05 12:28:01+02;1349
2016-04-05 14:23:01+02;1319
2016-04-05 15:08:01+02;1289
2016-04-05 21:58:01+02;1409
2016-04-06 05:53:01+02;1339
2016-04-06 11:58:01+02;1309
2016-04-06 12:18:01+02;1309
2016-04-06 12:28:01+02;1339
2016-04-06 13:58:01+02;1309
2016-04-06 15:53:01+02;1289
2016-04-06 17:03:01+02;1289
2016-04-06 21:58:01+02;1409
2016-04-07 05:53:01+02;1339
2016-04-07 11:08:01+02;1329
2016-04-07 11:18:02+02;1299
2016-04-07 12:28:01+02;1329
2016-04-07 13:48:01+02;1309
2016-04-07 14:08:01+02;1289
2016-04-07 15:23:01+02;1289
2016-04-07 15:53:01+02;1279
2016-04-07 21:58:01+02;1409
2016-04-08 06:03:01+02;1339
2016-04-08 08:48:01+02;1339
2016-04-08 08:58:01+02;1339
2016-04-08 11:58:01+02;1309
2016-04-08 12:28:01+02;1339
2016-04-08 14:18:01+02;1329
2016-04-08 14:28:01+02;1289
2016-04-08 14:48:01+02;1289
2016-04-08 15:22:01+02;1279
2016-04-08 15:43:01+02;1279
2016-04-08 21:58:01+02;1419
2016-04-09 05:58:01+02;1339
2016-04-09 11:53:01+02;1309
2016-04-09 12:28:01+02;1339
2016-04-09 13:23:02+02;1309
2016-04-09 15:23:01+02;1299
2016-04-09 15:53:01+02;1289
2016-04-09 21:58:01+02;1409
2016-04-10 05:58:01+02;1359
2016-04-10 08:53:01+02;1359
2016-04-10 09:23:01+02;1349
2016-04-10 11:58:01+02;1309
2016-04-10 12:28:01+02;1339
2016-04-10 14:08:01+02;1309
2016-04-10 17:23:01+02;1309
2016-04-10 18:13:01+02;1299
2016-04-10 18:33:01+02;1299
2016-04-10 21:58:01+02;1419
2016-04-11 05:53:01+02;1359
2016-04-11 07:28:01+02;1359
2016-04-11 11:58:01+02;1329
2016-04-11 12:28:01+02;1359
2016-04-11 13:48:01+02;1329
2016-04-11 13:58:01+02;1329
2016-04-11 14:18:01+02;1309
2016-04-11 14:53:01+02;1299
2016-04-11 15:08:01+02;1299
2016-04-11 17:28:01+02;1299
2016-04-11 21:58:01+02;1419
2016-04-12 05:58:01+02;1349
2016-04-12 07:23:02+02;1349
2016-04-12 12:03:01+02;1329
2016-04-12 12:28:01+02;1359
2016-04-12 14:03:01+02;1329
2016-04-12 14:28:01+02;1299
2016-04-12 21:58:01+02;1419
2016-04-13 05:58:01+02;1359
2016-04-13 07:13:01+02;1349
2016-04-13 12:08:01+02;1339
2016-04-13 12:28:01+02;1369
2016-04-13 13:33:01+02;1339
2016-04-13 13:43:01+02;1339
2016-04-13 14:33:01+02;1309
2016-04-13 16:28:01+02;1299
2016-04-13 21:58:01+02;1419
2016-04-14 05:53:01+02;1369
2016-04-14 06:48:01+02;1369
2016-04-14 08:33:01+02;1359
2016-04-14 10:03:01+02;1319
2016-04-14 12:28:01+02;1349
2016-04-14 14:03:01+02;1329
2016-04-14 16:48:01+02;1309
2016-04-14 21:58:01+02;1419
2016-04-15 06:18:01+02;1369
2016-04-15 12:18:01+02;1339
2016-04-15 12:28:01+02;1369
2016-04-15 13:58:02+02;1329
2016-04-15 14:23:01+02;1329
2016-04-15 14:33:01+02;1319
2016-04-15 14:58:01+02;1309
2016-04-15 21:58:01+02;1419
2016-04-16 06:13:01+02;1369
2016-04-16 12:08:01+02;1329
2016-04-16 12:28:01+02;1359
2016-04-16 13:58:01+02;1319
2016-04-16 14:48:01+02;1299
2016-04-16 21:58:01+02;1419
2016-04-17 06:13:01+02;1359
2016-04-17 12:18:01+02;1329
2016-04-17 12:28:01+02;1359
2016-04-17 14:33:01+02;1359
2016-04-17 14:53:01+02;1339
2016-04-17 14:58:01+02;1339
2016-04-17 15:03:01+02;1309
2016-04-17 15:18:01+02;1299
2016-04-17 21:58:01+02;1419
2016-04-18 06:13:01+02;1359
2016-04-18 12:23:01+02;1329
2016-04-18 12:28:01+02;1359
2016-04-18 14:08:01+02;1319
2016-04-18 14:38:01+02;1299
2016-04-18 17:18:01+02;1299
2016-04-18 21:58:01+02;1419
2016-04-19 06:13:01+02;1359
2016-04-19 12:18:01+02;1319
2016-04-19 12:28:01+02;1349
2016-04-19 13:53:01+02;1319
2016-04-19 13:58:01+02;1319
2016-04-19 14:43:01+02;1309
2016-04-19 15:03:01+02;1299
2016-04-19 16:38:01+02;1289
2016-04-19 21:58:01+02;1419
2016-04-20 06:13:01+02;1339
2016-04-20 07:53:01+02;1339
2016-04-20 12:28:01+02;1369
2016-04-20 13:48:01+02;1319
2016-04-20 15:18:01+02;1299
2016-04-20 18:48:01+02;1289
2016-04-20 18:53:01+02;1289
2016-04-20 21:58:01+02;1419
2016-04-21 06:13:01+02;1359
2016-04-21 06:43:01+02;1349
2016-04-21 06:53:01+02;1339
2016-04-21 07:23:01+02;1339
2016-04-21 08:23:01+02;1309
2016-04-21 09:18:01+02;1309
2016-04-21 12:28:01+02;1339
2016-04-21 13:53:01+02;1329
2016-04-21 14:33:02+02;1299
2016-04-21 21:58:01+02;1439
2016-04-22 06:13:01+02;1349
2016-04-22 06:58:01+02;1349
2016-04-22 07:28:01+02;1349
2016-04-22 09:33:01+02;1339
2016-04-22 10:43:01+02;1329
2016-04-22 12:28:01+02;1359
2016-04-22 13:28:01+02;1309
2016-04-22 13:38:01+02;1329
2016-04-22 14:48:01+02;1309
2016-04-22 21:58:01+02;1439
2016-04-23 06:13:01+02;1369
2016-04-23 07:53:01+02;1359
2016-04-23 08:18:01+02;1329
2016-04-23 12:28:01+02;1359
2016-04-23 13:33:01+02;1349
2016-04-23 13:48:01+02;1329
2016-04-23 14:18:01+02;1329
2016-04-23 14:33:01+02;1319
2016-04-23 16:38:01+02;1309
2016-04-23 21:58:01+02;1429
2016-04-24 06:28:01+02;1369
2016-04-24 08:43:01+02;1369
2016-04-24 08:53:01+02;1359
2016-04-24 09:28:01+02;1359
2016-04-24 12:28:02+02;1389
2016-04-24 13:48:01+02;1349
2016-04-24 14:28:01+02;1329
2016-04-24 15:28:01+02;1319
2016-04-24 21:46:01+02;1319
2016-04-24 21:58:01+02;1439
2016-04-25 06:18:01+02;1389
2016-04-25 06:43:01+02;1389
2016-04-25 06:58:01+02;1379
2016-04-25 07:28:01+02;1379
2016-04-25 12:13:01+02;1329
2016-04-25 12:28:01+02;1359
2016-04-25 14:18:01+02;1339
2016-04-25 14:28:01+02;1339
2016-04-25 14:33:01+02;1329
2016-04-25 14:43:01+02;1329
2016-04-25 14:48:01+02;1319
2016-04-25 21:58:01+02;1449
2016-04-26 06:13:01+02;1379
2016-04-26 06:53:01+02;1369
2016-04-26 10:48:01+02;1319
2016-04-26 11:08:01+02;1309
2016-04-26 12:28:01+02;1339
2016-04-26 14:08:01+02;1339
2016-04-26 14:18:01+02;1339
2016-04-26 14:33:01+02;1329
2016-04-26 14:48:01+02;1309
2016-04-26 15:43:01+02;1309
2016-04-26 21:58:01+02;1449
2016-04-27 06:13:01+02;1369
2016-04-27 06:28:01+02;1359
2016-04-27 07:08:01+02;1349
2016-04-27 08:08:01+02;1339
2016-04-27 08:53:01+02;1329
2016-04-27 09:58:01+02;1319
2016-04-27 12:28:01+02;1349
2016-04-27 13:53:01+02;1329
2016-04-27 15:18:01+02;1319
2016-04-27 16:03:01+02;1309
2016-04-27 21:58:01+02;1449
2016-04-28 06:08:01+02;1379
2016-04-28 06:28:01+02;1369
2016-04-28 07:23:01+02;1349
2016-04-28 09:28:01+02;1329
2016-04-28 10:08:01+02;1319
2016-04-28 12:28:01+02;1349
2016-04-28 14:03:01+02;1339
2016-04-28 14:38:01+02;1329
2016-04-28 15:18:01+02;1319
2016-04-28 17:07:01+02;1319
2016-04-28 21:58:01+02;1449
2016-04-29 06:08:01+02;1379
2016-04-29 06:28:01+02;1369
2016-04-29 08:13:01+02;1349
2016-04-29 08:53:01+02;1339
2016-04-29 09:28:01+02;1339
2016-04-29 09:53:01+02;1329
2016-04-29 10:08:01+02;1329
2016-04-29 10:28:01+02;1319
2016-04-29 12:28:01+02;1349
2016-04-29 13:58:01+02;1329
2016-04-29 14:28:01+02;1329
2016-04-29 15:08:01+02;1309
2016-04-29 21:58:01+02;1449
2016-04-30 06:13:01+02;1379
2016-04-30 06:28:01+02;1369
2016-04-30 08:43:01+02;1369
2016-04-30 08:53:01+02;1339
2016-04-30 09:08:02+02;1329
2016-04-30 10:08:01+02;1319
2016-04-30 12:28:01+02;1349
2016-04-30 13:48:01+02;1349
2016-04-30 13:58:01+02;1339
2016-04-30 14:23:01+02;1319
2016-04-30 15:28:01+02;1309
2016-04-30 21:58:01+02;1449
2016-05-01 06:28:01+02;1379
2016-05-01 06:38:01+02;1379
2016-05-01 09:08:01+02;1349
2016-05-01 10:08:01+02;1329
2016-05-01 11:23:01+02;1319
2016-05-01 12:28:01+02;1349
2016-05-01 13:48:01+02;1339
2016-05-01 13:58:01+02;1329
2016-05-01 14:23:01+02;1319
2016-05-01 15:13:01+02;1309
2016-05-01 15:18:01+02;1309
2016-05-01 21:26:06+02;1309
2016-05-01 21:58:01+02;1449
2016-05-01 22:01:01+02;1449
2016-05-02 06:09:01+02;1369
2016-05-02 06:41:01+02;1359
2016-05-02 07:41:01+02;1359
2016-05-02 07:49:01+02;1339
2016-05-02 08:53:01+02;1339
2016-05-02 09:09:01+02;1319
2016-05-02 10:01:01+02;1309
2016-05-02 12:29:01+02;1339
2016-05-02 13:45:01+02;1339
2016-05-02 14:13:01+02;1339
2016-05-02 14:33:01+02;1329
2016-05-02 14:49:01+02;1329
2016-05-02 15:05:01+02;1319
2016-05-02 16:05:01+02;1309
2016-05-02 21:58:01+02;1449
2016-05-03 06:13:01+02;1379
2016-05-03 07:43:01+02;1359
2016-05-03 08:23:01+02;1349
2016-05-03 09:23:01+02;1339
2016-05-03 12:28:01+02;1369
2016-05-03 13:43:01+02;1369
2016-05-03 13:53:01+02;1339
2016-05-03 14:18:01+02;1339
2016-05-03 14:33:01+02;1329
2016-05-03 15:23:01+02;1319
2016-05-03 15:33:01+02;1319
2016-05-03 16:18:01+02;1309
2016-05-03 21:58:01+02;1439
2016-05-04 06:08:01+02;1379
2016-05-04 06:23:01+02;1369
2016-05-04 07:48:01+02;1349
2016-05-04 10:43:01+02;1329
2016-05-04 11:38:01+02;1319
2016-05-04 12:03:01+02;1309
2016-05-04 12:28:01+02;1339
2016-05-04 13:38:01+02;1339
2016-05-04 14:18:01+02;1319
2016-05-04 14:43:01+02;1319
2016-05-04 15:38:02+02;1299
2016-05-04 21:58:02+02;1439
2016-05-05 06:13:01+02;1379
2016-05-05 06:28:01+02;1359
2016-05-05 09:08:01+02;1349
2016-05-05 09:18:01+02;1339
2016-05-05 11:28:01+02;1309
2016-05-05 12:28:01+02;1339
2016-05-05 13:38:01+02;1329
2016-05-05 14:28:01+02;1309
2016-05-05 15:03:01+02;1309
2016-05-05 15:28:01+02;1299
2016-05-05 21:58:01+02;1439
2016-05-06 06:13:01+02;1379
2016-05-06 06:23:01+02;1359
2016-05-06 07:48:01+02;1349
2016-05-06 08:08:01+02;1339
2016-05-06 09:58:01+02;1339
2016-05-06 11:08:01+02;1319
2016-05-06 11:18:01+02;1299
2016-05-06 12:28:01+02;1329
2016-05-06 13:38:01+02;1329
2016-05-06 14:23:01+02;1329
2016-05-06 14:28:01+02;1309
2016-05-06 15:08:01+02;1299
2016-05-06 15:18:01+02;1299
2016-05-06 21:58:01+02;1439
2016-05-07 06:13:01+02;1379
2016-05-07 06:28:01+02;1359
2016-05-07 09:18:01+02;1339
2016-05-07 09:43:01+02;1309
2016-05-07 10:58:01+02;1309
2016-05-07 12:28:01+02;1339
2016-05-07 13:53:01+02;1329
2016-05-07 14:28:01+02;1309
2016-05-07 14:38:01+02;1309
2016-05-07 15:08:01+02;1299
2016-05-07 15:13:01+02;1299
2016-05-07 16:38:01+02;1289
2016-05-07 21:58:01+02;1439
2016-05-08 07:53:01+02;1399
2016-05-08 08:48:01+02;1379
2016-05-08 09:23:01+02;1359
2016-05-08 12:28:01+02;1389
2016-05-08 13:53:01+02;1369
2016-05-08 14:03:01+02;1339
2016-05-08 15:08:01+02;1339
2016-05-08 15:18:01+02;1319
2016-05-08 15:43:01+02;1319
2016-05-08 16:08:01+02;1299
2016-05-08 21:58:01+02;1439
2016-05-09 06:23:01+02;1379
2016-05-09 06:33:01+02;1349
2016-05-09 07:48:01+02;1339
2016-05-09 09:38:01+02;1329
2016-05-09 11:07:01+02;1319
2016-05-09 12:08:01+02;1299
2016-05-09 12:28:01+02;1329
2016-05-09 14:13:01+02;1319
2016-05-09 14:28:01+02;1299
2016-05-09 15:08:02+02;1299
2016-05-09 15:28:01+02;1289
2016-05-09 21:58:01+02;1439
2016-05-10 06:18:01+02;1359
2016-05-10 06:43:01+02;1349
2016-05-10 07:58:01+02;1339
2016-05-10 09:48:01+02;1329
2016-05-10 10:43:01+02;1319
2016-05-10 11:48:01+02;1289
2016-05-10 12:28:01+02;1319
2016-05-10 14:08:01+02;1319
2016-05-10 14:13:01+02;1319
2016-05-10 14:33:01+02;1299
2016-05-10 15:58:01+02;1289
2016-05-10 21:58:01+02;1439
2016-05-11 06:13:01+02;1369
2016-05-11 06:28:01+02;1349
2016-05-11 07:48:01+02;1339
2016-05-11 08:08:01+02;1329
2016-05-11 11:03:01+02;1309
2016-05-11 11:08:01+02;1309
2016-05-11 11:58:01+02;1299
2016-05-11 12:28:01+02;1329
2016-05-11 13:23:01+02;1309
2016-05-11 15:00:02+02;1289
2016-05-11 15:28:01+02;1289
2016-05-11 17:33:01+02;1279
2016-05-11 21:58:01+02;1449
2016-05-12 06:08:01+02;1359
2016-05-12 06:23:01+02;1349
2016-05-12 07:48:01+02;1329
2016-05-12 09:48:01+02;1319
2016-05-12 10:23:01+02;1289
2016-05-12 12:28:01+02;1319
2016-05-12 14:28:01+02;1299
2016-05-12 15:13:01+02;1289
2016-05-12 18:18:01+02;1289
2016-05-12 21:58:01+02;1449
2016-05-13 06:13:01+02;1369
2016-05-13 06:28:01+02;1369
2016-05-13 06:53:02+02;1359
2016-05-13 07:48:01+02;1349
2016-05-13 08:33:01+02;1339
2016-05-13 09:08:01+02;1329
2016-05-13 11:08:01+02;1319
2016-05-13 12:28:01+02;1349
2016-05-13 14:13:01+02;1339
2016-05-13 14:38:01+02;1319
2016-05-13 15:18:01+02;1319
2016-05-13 18:08:01+02;1309
2016-05-13 21:58:01+02;1459
2016-05-14 06:13:01+02;1389
2016-05-14 06:28:01+02;1369
2016-05-14 08:58:01+02;1349
2016-05-14 11:13:01+02;1319
2016-05-14 12:28:01+02;1349
2016-05-14 14:03:01+02;1349
2016-05-14 14:13:01+02;1349
2016-05-14 14:28:01+02;1319
2016-05-14 16:08:01+02;1309
2016-05-14 21:58:01+02;1459
2016-05-15 06:18:01+02;1369
2016-05-15 09:48:01+02;1349
2016-05-15 11:03:01+02;1339
2016-05-15 12:28:02+02;1369
2016-05-15 13:53:01+02;1359
2016-05-15 14:13:01+02;1359
2016-05-15 14:28:01+02;1349
2016-05-15 14:53:01+02;1339
2016-05-15 15:03:01+02;1329
2016-05-15 18:33:01+02;1319
2016-05-15 21:58:01+02;1459
2016-05-16 06:08:01+02;1389
2016-05-16 06:23:01+02;1379
2016-05-16 09:18:01+02;1359
2016-05-16 11:08:01+02;1339
2016-05-16 12:28:01+02;1369
2016-05-16 14:08:01+02;1349
2016-05-16 14:18:01+02;1329
2016-05-16 15:08:01+02;1319
2016-05-16 21:58:01+02;1459
2016-05-17 06:08:01+02;1389
2016-05-17 06:28:01+02;1379
2016-05-17 07:58:01+02;1359
2016-05-17 08:58:01+02;1339
2016-05-17 12:28:02+02;1369
2016-05-17 14:03:01+02;1349
2016-05-17 14:23:01+02;1349
2016-05-17 14:53:01+02;1349
2016-05-17 15:18:01+02;1339
2016-05-17 15:43:01+02;1339
2016-05-17 15:53:01+02;1329
2016-05-17 16:08:01+02;1319
2016-05-17 21:58:01+02;1469
2016-05-18 06:13:01+02;1409
2016-05-18 06:28:01+02;1379
2016-05-18 07:23:01+02;1379
2016-05-18 07:48:01+02;1369
2016-05-18 08:18:01+02;1359
2016-05-18 09:58:01+02;1339
2016-05-18 12:28:01+02;1369
2016-05-18 14:28:01+02;1349
2016-05-18 15:48:01+02;1329
2016-05-18 21:58:01+02;1469
2016-05-19 06:13:01+02;1409
2016-05-19 06:43:01+02;1389
2016-05-19 07:48:01+02;1369
2016-05-19 08:08:01+02;1369
2016-05-19 08:23:01+02;1359
2016-05-19 08:38:01+02;1349
2016-05-19 10:03:01+02;1349
2016-05-19 12:28:01+02;1379
2016-05-19 13:48:01+02;1349
2016-05-19 14:13:01+02;1339
2016-05-19 21:58:01+02;1469
2016-05-20 06:08:01+02;1419
2016-05-20 06:43:01+02;1389
2016-05-20 07:48:01+02;1369
2016-05-20 08:23:01+02;1359
2016-05-20 11:38:01+02;1349
2016-05-20 12:28:01+02;1379
2016-05-20 14:23:01+02;1369
2016-05-20 14:43:01+02;1339
2016-05-20 15:18:01+02;1339
2016-05-20 16:08:01+02;1329
2016-05-20 17:53:01+02;1329
2016-05-20 21:58:01+02;1469
2016-05-21 06:28:01+02;1419
2016-05-21 06:43:01+02;1389
2016-05-21 09:08:01+02;1379
2016-05-21 10:18:01+02;1349
2016-05-21 11:18:01+02;1339
2016-05-21 12:28:01+02;1369
2016-05-21 14:13:01+02;1369
2016-05-21 14:28:01+02;1359
2016-05-21 15:38:01+02;1339
2016-05-21 16:23:01+02;1329
2016-05-21 21:58:01+02;1469
2016-05-22 06:13:01+02;1419
2016-05-22 06:43:01+02;1389
2016-05-22 10:23:01+02;1369
2016-05-22 10:48:01+02;1359
2016-05-22 12:28:01+02;1389
2016-05-22 13:53:01+02;1379
2016-05-22 14:13:01+02;1339
2016-05-22 17:13:02+02;1339
2016-05-22 17:48:01+02;1329
2016-05-22 21:58:01+02;1469
2016-05-23 06:08:01+02;1419
2016-05-23 06:43:01+02;1389
2016-05-23 07:48:01+02;1369
2016-05-23 07:58:01+02;1369
2016-05-23 08:23:01+02;1359
2016-05-23 08:53:01+02;1339
2016-05-23 12:28:01+02;1369
2016-05-23 14:33:01+02;1359
2016-05-23 14:38:01+02;1349
2016-05-23 15:43:01+02;1329
2016-05-23 21:58:02+02;1469
2016-05-24 06:13:01+02;1419
2016-05-24 06:43:01+02;1389
2016-05-24 07:48:01+02;1369
2016-05-24 08:18:01+02;1369
2016-05-24 08:28:01+02;1359
2016-05-24 10:33:01+02;1349
2016-05-24 12:28:01+02;1379
2016-05-24 14:13:01+02;1359
2016-05-24 14:58:01+02;1359
2016-05-24 15:08:01+02;1339
2016-05-24 15:28:01+02;1339
2016-05-24 16:03:02+02;1329
2016-05-24 21:58:01+02;1469
2016-05-25 06:13:01+02;1399
2016-05-25 06:43:01+02;1389
2016-05-25 07:48:01+02;1369
2016-05-25 08:23:01+02;1359
2016-05-25 08:53:01+02;1349
2016-05-25 10:08:01+02;1349
2016-05-25 11:08:01+02;1339
2016-05-25 11:43:01+02;1339
2016-05-25 12:28:01+02;1369
2016-05-25 14:23:01+02;1359
2016-05-25 14:48:01+02;1349
2016-05-25 15:28:01+02;1349
2016-05-25 16:03:01+02;1339
2016-05-25 21:58:01+02;1469
2016-05-26 06:13:01+02;1419
2016-05-26 06:43:01+02;1399
2016-05-26 09:23:01+02;1359
2016-05-26 10:08:01+02;1349
2016-05-26 12:28:01+02;1379
2016-05-26 14:13:01+02;1369
2016-05-26 14:38:01+02;1359
2016-05-26 15:08:01+02;1349
2016-05-26 21:58:01+02;1469
2016-05-27 06:08:01+02;1399
2016-05-27 07:13:01+02;1399
2016-05-27 08:03:01+02;1379
2016-05-27 09:28:02+02;1359
2016-05-27 10:43:01+02;1349
2016-05-27 11:08:01+02;1349
2016-05-27 12:28:01+02;1379
2016-05-27 14:28:01+02;1369
2016-05-27 15:18:01+02;1339
2016-05-27 16:53:01+02;1339
2016-05-27 21:58:01+02;1469
2016-05-28 06:13:01+02;1439
2016-05-28 06:43:01+02;1409
2016-05-28 09:08:02+02;1399
2016-05-28 10:08:01+02;1379
2016-05-28 10:38:01+02;1359
2016-05-28 11:33:01+02;1349
2016-05-28 12:28:01+02;1379
2016-05-28 14:13:01+02;1379
2016-05-28 14:23:01+02;1369
2016-05-28 15:48:01+02;1359
2016-05-28 16:58:01+02;1359
2016-05-28 17:23:01+02;1349
2016-05-28 17:28:01+02;1349
2016-05-28 17:33:01+02;1339
2016-05-28 21:58:01+02;1469
2016-05-29 06:13:01+02;1429
2016-05-29 06:43:01+02;1409
2016-05-29 09:58:01+02;1379
2016-05-29 11:03:01+02;1359
2016-05-29 11:13:01+02;1349
2016-05-29 12:28:01+02;1379
2016-05-29 14:03:01+02;1369
2016-05-29 15:18:01+02;1349
2016-05-29 16:53:01+02;1349
2016-05-29 21:58:01+02;1469
2016-05-30 06:23:01+02;1429
2016-05-30 06:43:01+02;1409
2016-05-30 07:38:01+02;1409
2016-05-30 07:48:01+02;1379
2016-05-30 08:18:01+02;1369
2016-05-30 09:03:01+02;1349
2016-05-30 12:28:01+02;1379
2016-05-30 13:33:01+02;1349
2016-05-30 15:18:01+02;1349
2016-05-30 21:58:01+02;1469
2016-05-31 06:08:01+02;1409
2016-05-31 06:48:01+02;1389
2016-05-31 07:38:01+02;1369
2016-05-31 08:03:01+02;1369
2016-05-31 08:18:01+02;1359
2016-05-31 11:18:01+02;1349
2016-05-31 12:08:01+02;1349
2016-05-31 12:28:01+02;1379
2016-05-31 14:28:01+02;1369
2016-05-31 16:33:01+02;1349
2016-05-31 21:58:01+02;1469
2016-06-01 06:08:01+02;1409
2016-06-01 08:13:01+02;1389
2016-06-01 08:23:01+02;1379
2016-06-01 08:58:01+02;1359
2016-06-01 11:23:01+02;1349
2016-06-01 12:28:01+02;1379
2016-06-01 14:28:01+02;1379
2016-06-01 15:23:01+02;1359
2016-06-01 16:13:01+02;1349
2016-06-01 17:18:01+02;1349
2016-06-01 21:58:01+02;1469
2016-06-02 06:18:01+02;1439
2016-06-02 06:48:01+02;1409
2016-06-02 07:53:01+02;1389
2016-06-02 09:08:01+02;1359
2016-06-02 12:28:01+02;1389
2016-06-02 14:13:01+02;1379
2016-06-02 14:28:02+02;1359
2016-06-02 15:18:01+02;1359
2016-06-02 19:18:01+02;1349
2016-06-02 20:08:01+02;1349
2016-06-02 20:38:01+02;1339
2016-06-02 21:58:01+02;1469
2016-06-03 06:08:01+02;1419
2016-06-03 08:13:01+02;1399
2016-06-03 08:23:01+02;1389
2016-06-03 09:08:01+02;1379
2016-06-03 11:33:01+02;1369
2016-06-03 12:28:01+02;1399
2016-06-03 14:18:01+02;1379
2016-06-03 14:28:01+02;1379
2016-06-03 14:33:01+02;1369
2016-06-03 15:23:01+02;1359
2016-06-03 16:38:01+02;1359
2016-06-03 16:58:01+02;1349
2016-06-03 20:33:01+02;1339
2016-06-03 21:58:01+02;1469
2016-06-04 06:18:01+02;1449
2016-06-04 07:28:01+02;1409
2016-06-04 09:08:01+02;1409
2016-06-04 09:38:01+02;1389
2016-06-04 09:48:02+02;1379
2016-06-04 12:28:01+02;1409
2016-06-04 14:13:01+02;1389
2016-06-04 14:38:01+02;1359
2016-06-04 16:08:01+02;1359
2016-06-04 17:48:01+02;1349
2016-06-04 21:58:01+02;1469
2016-06-05 06:13:01+02;1439
2016-06-05 06:43:01+02;1409
2016-06-05 09:08:01+02;1409
2016-06-05 09:23:01+02;1399
2016-06-05 10:48:01+02;1389
2016-06-05 12:28:01+02;1419
2016-06-05 13:28:01+02;1379
2016-06-05 14:08:01+02;1359
2016-06-05 16:08:01+02;1359
2016-06-05 19:08:01+02;1359
2016-06-05 21:58:01+02;1469
2016-06-06 06:08:02+02;1419
2016-06-06 06:58:01+02;1369
2016-06-06 11:23:01+02;1359
2016-06-06 12:28:01+02;1389
2016-06-06 14:08:01+02;1379
2016-06-06 14:18:01+02;1349
2016-06-06 16:48:01+02;1339
2016-06-06 17:38:01+02;1339
2016-06-06 19:23:02+02;1339
2016-06-06 21:57:01+02;1459
2016-06-07 06:18:01+02;1439
2016-06-07 06:43:01+02;1419
2016-06-07 06:53:01+02;1379
2016-06-07 07:48:01+02;1369
2016-06-07 12:28:01+02;1399
2016-06-07 14:18:01+02;1399
2016-06-07 14:28:01+02;1379
2016-06-07 14:43:01+02;1359
2016-06-07 15:38:01+02;1339
2016-06-07 16:48:01+02;1329
2016-06-07 17:48:01+02;1329
2016-06-07 21:58:01+02;1459
2016-06-08 06:08:02+02;1429
2016-06-08 06:48:01+02;1409
2016-06-08 07:13:02+02;1409
2016-06-08 08:08:01+02;1389
2016-06-08 08:23:01+02;1379
2016-06-08 10:28:01+02;1379
2016-06-08 10:58:01+02;1369
2016-06-08 11:58:01+02;1359
2016-06-08 12:28:02+02;1389
2016-06-08 14:08:01+02;1369
2016-06-08 14:18:01+02;1349
2016-06-08 18:08:01+02;1339
2016-06-08 19:43:01+02;1339
2016-06-08 20:58:01+02;1329
2016-06-08 21:58:01+02;1459
2016-06-09 06:18:01+02;1429
2016-06-09 06:43:01+02;1399
2016-06-09 07:13:01+02;1399
2016-06-09 07:48:01+02;1389
2016-06-09 08:23:01+02;1379
2016-06-09 10:23:01+02;1379
2016-06-09 11:33:01+02;1369
2016-06-09 12:28:01+02;1399
2016-06-09 13:53:01+02;1379
2016-06-09 14:28:01+02;1369
2016-06-09 15:48:01+02;1349
2016-06-09 16:08:01+02;1349
2016-06-09 16:38:01+02;1339
2016-06-09 17:23:01+02;1339
2016-06-09 19:48:01+02;1339
2016-06-09 21:58:01+02;1459
2016-06-10 06:08:01+02;1429
2016-06-10 06:38:01+02;1399
2016-06-10 07:48:01+02;1389
2016-06-10 08:23:01+02;1379
2016-06-10 10:28:01+02;1379
2016-06-10 10:48:01+02;1379
2016-06-10 11:38:01+02;1369
2016-06-10 11:53:01+02;1359
2016-06-10 11:58:01+02;1359
2016-06-10 12:28:01+02;1389
2016-06-10 13:58:01+02;1379
2016-06-10 14:18:01+02;1359
2016-06-10 15:18:01+02;1349
2016-06-10 20:48:01+02;1329
2016-06-10 21:58:01+02;1459
2016-06-11 06:13:01+02;1439
2016-06-11 06:43:01+02;1409
2016-06-11 07:23:02+02;1409
2016-06-11 08:48:01+02;1399
2016-06-11 09:23:01+02;1389
2016-06-11 11:08:01+02;1389
2016-06-11 11:18:01+02;1379
2016-06-11 12:08:01+02;1369
2016-06-11 12:28:01+02;1399
2016-06-11 14:03:01+02;1379
2016-06-11 14:13:01+02;1379
2016-06-11 14:33:01+02;1359
2016-06-11 15:08:01+02;1359
2016-06-11 18:33:01+02;1349
2016-06-11 21:58:01+02;1459
2016-06-12 06:13:01+02;1429
2016-06-12 07:13:01+02;1419
2016-06-12 08:08:01+02;1409
2016-06-12 09:28:01+02;1399
2016-06-12 10:43:02+02;1359
2016-06-12 12:03:01+02;1359
2016-06-12 12:28:01+02;1389
2016-06-12 14:28:01+02;1379
2016-06-12 15:58:01+02;1369
2016-06-12 17:08:01+02;1359
2016-06-12 17:33:01+02;1359
2016-06-12 19:18:01+02;1359
2016-06-12 20:33:01+02;1349
2016-06-12 21:58:01+02;1459
2016-06-13 06:28:01+02;1429
2016-06-13 06:43:01+02;1419
2016-06-13 07:18:01+02;1409
2016-06-13 07:48:01+02;1389
2016-06-13 08:23:01+02;1349
2016-06-13 12:28:01+02;1379
2016-06-13 14:08:01+02;1359
2016-06-13 14:53:01+02;1349
2016-06-13 19:18:01+02;1339
2016-06-13 20:18:01+02;1329
2016-06-13 21:58:01+02;1459
2016-06-14 06:18:01+02;1429
2016-06-14 06:43:01+02;1409
2016-06-14 07:08:01+02;1359
2016-06-14 11:28:01+02;1349
2016-06-14 11:58:01+02;1339
2016-06-14 12:28:01+02;1369
2016-06-14 14:28:01+02;1359
2016-06-14 14:48:01+02;1359
2016-06-14 15:18:01+02;1349
2016-06-14 16:23:01+02;1349
2016-06-14 17:18:01+02;1339
2016-06-14 17:48:01+02;1339
2016-06-14 18:38:01+02;1329
2016-06-14 19:23:02+02;1329
2016-06-14 21:58:01+02;1449
2016-06-15 06:13:01+02;1429
2016-06-15 06:38:01+02;1429
2016-06-15 06:48:01+02;1409
2016-06-15 07:13:01+02;1359
2016-06-15 08:18:01+02;1349
2016-06-15 10:38:01+02;1339
2016-06-15 12:28:02+02;1369
2016-06-15 13:43:01+02;1359
2016-06-15 14:28:01+02;1349
2016-06-15 14:33:01+02;1339
2016-06-15 18:28:01+02;1329
2016-06-15 19:48:01+02;1319
2016-06-15 21:58:01+02;1449
2016-06-16 06:08:01+02;1419
2016-06-16 06:43:01+02;1399
2016-06-16 07:13:01+02;1339
2016-06-16 09:03:01+02;1339
2016-06-16 10:03:01+02;1329
2016-06-16 10:43:01+02;1329
2016-06-16 12:03:01+02;1319
2016-06-16 12:28:01+02;1349
2016-06-16 14:23:01+02;1319
2016-06-16 16:48:01+02;1309
2016-06-16 19:13:01+02;1309
2016-06-16 21:58:01+02;1449
2016-06-17 06:08:01+02;1409
2016-06-17 06:38:01+02;1389
2016-06-17 06:48:01+02;1389
2016-06-17 08:23:01+02;1369
2016-06-17 10:03:01+02;1359
2016-06-17 12:13:01+02;1339
2016-06-17 12:28:01+02;1369
2016-06-17 14:08:01+02;1359
2016-06-17 14:23:01+02;1359
2016-06-17 14:33:01+02;1349
2016-06-17 15:23:01+02;1339
2016-06-17 15:53:02+02;1339
2016-06-17 17:03:01+02;1329
2016-06-17 17:33:01+02;1319
2016-06-17 19:23:01+02;1309
2016-06-17 21:58:01+02;1449
2016-06-18 06:13:01+02;1429
2016-06-18 06:43:01+02;1409
2016-06-18 07:23:01+02;1399
2016-06-18 08:43:01+02;1389
2016-06-18 09:23:01+02;1379
2016-06-18 12:28:01+02;1409
2016-06-18 13:43:01+02;1379
2016-06-18 14:13:01+02;1339
2016-06-18 16:08:01+02;1339
2016-06-18 16:58:01+02;1319
2016-06-18 19:03:01+02;1319
2016-06-18 21:58:01+02;1449
2016-06-19 06:13:01+02;1419
2016-06-19 06:43:01+02;1399
2016-06-19 09:18:01+02;1389
2016-06-19 12:08:01+02;1369
2016-06-19 12:28:01+02;1399
2016-06-19 14:03:01+02;1359
2016-06-19 15:38:01+02;1359
2016-06-19 19:03:01+02;1349
2016-06-19 20:38:01+02;1339
2016-06-19 21:58:01+02;1449
2016-06-20 06:08:01+02;1419
2016-06-20 06:43:01+02;1409
2016-06-20 07:13:01+02;1389
2016-06-20 07:43:01+02;1369
2016-06-20 08:13:01+02;1369
2016-06-20 08:18:01+02;1369
2016-06-20 10:53:01+02;1359
2016-06-20 12:28:01+02;1389
2016-06-20 14:08:01+02;1369
2016-06-20 14:23:01+02;1349
2016-06-20 14:58:01+02;1349
2016-06-20 15:53:01+02;1339
2016-06-20 16:28:01+02;1319
2016-06-20 20:23:02+02;1309
2016-06-20 21:58:01+02;1459
2016-06-21 06:13:01+02;1419
2016-06-21 06:43:01+02;1399
2016-06-21 07:13:01+02;1359
2016-06-21 07:33:01+02;1339
2016-06-21 11:38:01+02;1319
2016-06-21 12:28:01+02;1349
2016-06-21 14:28:01+02;1339
2016-06-21 17:23:01+02;1329
2016-06-21 21:58:01+02;1459
2016-06-22 06:13:01+02;1429
2016-06-22 06:43:01+02;1399
2016-06-22 08:03:02+02;1389
2016-06-22 08:33:01+02;1379
2016-06-22 10:28:01+02;1369
2016-06-22 11:53:01+02;1359
2016-06-22 12:28:01+02;1389
2016-06-22 13:23:02+02;1389
2016-06-22 13:33:01+02;1379
2016-06-22 14:13:01+02;1369
2016-06-22 14:23:01+02;1359
2016-06-22 14:43:01+02;1359
2016-06-22 15:38:01+02;1349
2016-06-22 17:03:01+02;1339
2016-06-22 17:48:01+02;1339
2016-06-22 18:43:01+02;1329
2016-06-22 21:58:01+02;1459
2016-06-23 06:13:01+02;1439
2016-06-23 06:43:01+02;1409
2016-06-23 08:13:01+02;1399
2016-06-23 08:23:01+02;1379
2016-06-23 10:28:01+02;1369
2016-06-23 11:18:01+02;1359
2016-06-23 12:08:01+02;1349
2016-06-23 12:28:01+02;1379
2016-06-23 14:18:01+02;1349
2016-06-23 16:48:01+02;1339
2016-06-23 18:18:01+02;1339
2016-06-23 21:58:01+02;1459
2016-06-24 06:13:01+02;1439
2016-06-24 07:08:01+02;1389
2016-06-24 08:08:01+02;1369
2016-06-24 08:18:01+02;1369
2016-06-24 09:03:01+02;1359
2016-06-24 09:28:01+02;1349
2016-06-24 10:03:01+02;1349
2016-06-24 12:28:01+02;1379
2016-06-24 14:13:01+02;1359
2016-06-24 15:18:01+02;1349
2016-06-24 17:33:01+02;1339
2016-06-24 21:58:01+02;1459
2016-06-25 06:13:01+02;1439
2016-06-25 07:08:01+02;1409
2016-06-25 07:18:01+02;1399
2016-06-25 08:33:01+02;1389
2016-06-25 10:33:01+02;1369
2016-06-25 11:48:01+02;1359
2016-06-25 11:58:01+02;1349
2016-06-25 12:28:01+02;1379
2016-06-25 14:03:01+02;1369
2016-06-25 14:28:01+02;1359
2016-06-25 14:38:01+02;1359
2016-06-25 15:18:01+02;1359
2016-06-25 17:08:01+02;1339
2016-06-25 21:58:01+02;1459
2016-06-26 07:18:01+02;1399
2016-06-26 09:23:01+02;1389
2016-06-26 11:13:01+02;1349
2016-06-26 12:28:01+02;1379
2016-06-26 13:53:01+02;1379
2016-06-26 14:33:01+02;1369
2016-06-26 14:43:01+02;1359
2016-06-26 16:18:01+02;1339
2016-06-26 20:18:01+02;1339
2016-06-26 21:58:01+02;1459
2016-06-27 06:13:01+02;1429
2016-06-27 06:48:01+02;1429
2016-06-27 06:58:01+02;1419
2016-06-27 07:28:01+02;1419
2016-06-27 08:08:01+02;1419
2016-06-27 08:18:01+02;1389
2016-06-27 09:03:01+02;1389
2016-06-27 11:13:01+02;1369
2016-06-27 12:28:01+02;1399
2016-06-27 14:08:01+02;1369
2016-06-27 14:18:01+02;1369
2016-06-27 15:13:01+02;1369
2016-06-27 15:43:01+02;1359
2016-06-27 16:18:01+02;1349
2016-06-27 17:53:01+02;1339
2016-06-27 21:58:01+02;1459
2016-06-28 06:13:01+02;1429
2016-06-28 07:13:01+02;1409
2016-06-28 08:03:01+02;1399
2016-06-28 08:13:01+02;1389
2016-06-28 08:58:01+02;1369
2016-06-28 11:03:01+02;1359
2016-06-28 11:48:01+02;1359
2016-06-28 12:28:01+02;1389
2016-06-28 13:23:02+02;1379
2016-06-28 13:33:01+02;1379
2016-06-28 14:13:01+02;1359
2016-06-28 14:53:01+02;1339
2016-06-28 18:33:01+02;1329
2016-06-28 18:38:01+02;1329
2016-06-28 21:58:01+02;1449
2016-06-29 06:13:01+02;1419
2016-06-29 07:08:01+02;1409
2016-06-29 07:53:01+02;1389
2016-06-29 08:08:01+02;1369
2016-06-29 10:13:01+02;1359
2016-06-29 10:43:01+02;1339
2016-06-29 11:43:01+02;1339
2016-06-29 12:28:02+02;1369
2016-06-29 14:08:01+02;1369
2016-06-29 14:28:01+02;1359
2016-06-29 14:48:01+02;1339
2016-06-29 17:43:01+02;1329
2016-06-29 18:53:01+02;1319
2016-06-29 21:58:01+02;1449
2016-06-30 06:18:01+02;1429
2016-06-30 06:58:01+02;1399
2016-06-30 07:48:01+02;1369
2016-06-30 12:28:01+02;1399
2016-06-30 13:58:01+02;1379
2016-06-30 14:03:01+02;1379
2016-06-30 14:18:01+02;1359
2016-06-30 15:23:01+02;1349
2016-06-30 18:13:01+02;1339
2016-06-30 19:33:01+02;1329
2016-06-30 20:23:01+02;1319
2016-06-30 21:58:01+02;1449
2016-07-01 05:58:01+02;1419
2016-07-01 06:48:01+02;1419
2016-07-01 07:03:01+02;1399
2016-07-01 07:48:01+02;1379
2016-07-01 08:58:01+02;1369
2016-07-01 10:53:01+02;1369
2016-07-01 12:28:01+02;1399
2016-07-01 14:03:01+02;1389
2016-07-01 14:13:01+02;1379
2016-07-01 14:58:01+02;1379
2016-07-01 15:07:01+02;1349
2016-07-01 16:07:01+02;1339
2016-07-01 17:03:01+02;1339
2016-07-01 19:03:01+02;1329
2016-07-01 19:48:01+02;1319
2016-07-01 21:58:01+02;1439
2016-07-02 05:58:01+02;1429
2016-07-02 06:58:01+02;1399
2016-07-02 07:48:01+02;1389
2016-07-02 08:48:01+02;1379
2016-07-02 10:08:01+02;1359
2016-07-02 11:13:01+02;1349
2016-07-02 12:28:01+02;1379
2016-07-02 13:53:01+02;1379
2016-07-02 14:13:01+02;1369
2016-07-02 15:18:01+02;1349
2016-07-02 20:03:01+02;1339
2016-07-02 21:58:01+02;1439
2016-07-03 05:58:01+02;1419
2016-07-03 06:58:01+02;1409
2016-07-03 08:58:01+02;1399
2016-07-03 09:18:01+02;1379
2016-07-03 11:13:01+02;1379
2016-07-03 12:28:01+02;1409
2016-07-03 13:58:01+02;1389
2016-07-03 14:13:01+02;1389
2016-07-03 15:08:01+02;1369
2016-07-03 15:53:01+02;1369
2016-07-03 17:03:01+02;1359
2016-07-03 17:23:01+02;1359
2016-07-03 18:28:01+02;1349
2016-07-03 19:38:01+02;1339
2016-07-03 21:58:02+02;1439
2016-07-04 06:03:01+02;1419
2016-07-04 06:43:01+02;1409
2016-07-04 07:08:01+02;1409
2016-07-04 07:48:01+02;1399
2016-07-04 08:13:01+02;1359
2016-07-04 10:43:01+02;1339
2016-07-04 12:28:01+02;1369
2016-07-04 14:22:01+02;1359
2016-07-04 15:13:01+02;1339
2016-07-04 16:28:01+02;1329
2016-07-04 21:58:01+02;1439
2016-07-05 05:58:01+02;1399
2016-07-05 06:58:01+02;1389
2016-07-05 07:58:01+02;1379
2016-07-05 08:18:01+02;1359
2016-07-05 11:18:01+02;1349
2016-07-05 12:28:01+02;1379
2016-07-05 14:13:01+02;1359
2016-07-05 14:43:01+02;1349
2016-07-05 15:18:01+02;1339
2016-07-05 17:58:01+02;1329
2016-07-05 21:58:01+02;1429
2016-07-06 05:58:01+02;1409
2016-07-06 06:43:01+02;1399
2016-07-06 06:58:01+02;1389
2016-07-06 07:48:01+02;1379
2016-07-06 08:18:01+02;1369
2016-07-06 08:58:01+02;1369
2016-07-06 10:48:01+02;1369
2016-07-06 11:43:01+02;1339
2016-07-06 12:28:01+02;1369
2016-07-06 13:48:01+02;1359
2016-07-06 13:58:01+02;1349
2016-07-06 14:13:01+02;1339
2016-07-06 14:33:01+02;1339
2016-07-06 15:08:01+02;1329
2016-07-06 16:58:01+02;1319
2016-07-06 18:23:01+02;1309
2016-07-06 21:58:01+02;1429
2016-07-07 05:53:01+02;1389
2016-07-07 06:43:01+02;1329
2016-07-07 08:08:01+02;1319
2016-07-07 09:28:01+02;1319
2016-07-07 09:58:01+02;1309
2016-07-07 13:28:01+02;1339
2016-07-07 14:23:01+02;1299
2016-07-07 15:08:01+02;1299
2016-07-07 21:58:01+02;1419
2016-07-08 05:58:01+02;1389
2016-07-08 06:58:01+02;1379
2016-07-08 07:38:01+02;1359
2016-07-08 07:48:01+02;1359
2016-07-08 10:18:01+02;1329
2016-07-08 11:38:01+02;1329
2016-07-08 11:48:01+02;1319
2016-07-08 12:28:01+02;1349
2016-07-08 13:58:01+02;1339
2016-07-08 14:08:01+02;1329
2016-07-08 14:28:01+02;1319
2016-07-08 15:18:01+02;1299
2016-07-08 21:58:01+02;1419
2016-07-09 05:53:01+02;1379
2016-07-09 06:58:01+02;1369
2016-07-09 08:18:01+02;1349
2016-07-09 09:58:01+02;1349
2016-07-09 11:23:01+02;1329
2016-07-09 12:28:01+02;1359
2016-07-09 14:08:01+02;1329
2016-07-09 14:38:01+02;1329
2016-07-09 15:08:01+02;1309
2016-07-09 21:58:02+02;1419
2016-07-10 05:58:01+02;1379
2016-07-10 06:58:01+02;1359
2016-07-10 11:28:01+02;1359
2016-07-10 12:28:01+02;1389
2016-07-10 14:13:01+02;1329
2016-07-10 15:08:01+02;1329
2016-07-10 15:58:01+02;1329
2016-07-10 16:48:01+02;1319
2016-07-10 17:28:01+02;1319
2016-07-10 21:58:02+02;1419
2016-07-11 05:58:01+02;1379
2016-07-11 06:58:01+02;1379
2016-07-11 07:08:01+02;1369
2016-07-11 07:38:01+02;1359
2016-07-11 07:43:01+02;1359
2016-07-11 07:48:02+02;1359
2016-07-11 08:43:01+02;1349
2016-07-11 11:53:02+02;1309
2016-07-11 12:28:01+02;1339
2016-07-11 13:43:01+02;1329
2016-07-11 13:58:01+02;1329
2016-07-11 14:28:01+02;1319
2016-07-11 15:08:01+02;1309
2016-07-11 16:48:01+02;1299
2016-07-11 16:58:01+02;1299
2016-07-11 21:58:01+02;1419
2016-07-12 05:58:01+02;1379
2016-07-12 06:58:01+02;1369
2016-07-12 07:48:01+02;1349
2016-07-12 09:08:01+02;1349
2016-07-12 10:58:01+02;1349
2016-07-12 11:08:01+02;1329
2016-07-12 12:28:01+02;1359
2016-07-12 13:53:01+02;1339
2016-07-12 14:03:01+02;1339
2016-07-12 14:23:01+02;1329
2016-07-12 15:08:01+02;1319
2016-07-12 17:33:01+02;1309
2016-07-12 21:58:01+02;1419
2016-07-13 05:58:01+02;1379
2016-07-13 06:58:01+02;1369
2016-07-13 07:38:01+02;1349
2016-07-13 07:58:01+02;1349
2016-07-13 08:48:02+02;1349
2016-07-13 09:48:01+02;1329
2016-07-13 09:58:01+02;1319
2016-07-13 11:58:01+02;1309
2016-07-13 12:28:01+02;1339
2016-07-13 14:03:01+02;1329
2016-07-13 14:13:01+02;1309
2016-07-13 15:48:01+02;1309
2016-07-13 21:58:01+02;1419
2016-07-14 05:58:01+02;1379
2016-07-14 06:58:01+02;1369
2016-07-14 07:58:01+02;1359
2016-07-14 08:18:01+02;1339
2016-07-14 09:03:01+02;1339
2016-07-14 10:53:01+02;1319
2016-07-14 11:33:01+02;1319
2016-07-14 12:28:01+02;1349
2016-07-14 14:03:01+02;1319
2016-07-14 15:13:01+02;1319
2016-07-14 15:28:01+02;1309
2016-07-14 17:58:02+02;1299
2016-07-14 21:58:01+02;1419
2016-07-15 05:58:01+02;1379
2016-07-15 06:48:01+02;1379
2016-07-15 06:58:01+02;1359
2016-07-15 07:48:01+02;1339
2016-07-15 10:33:01+02;1319
2016-07-15 10:58:02+02;1319
2016-07-15 11:23:01+02;1309
2016-07-15 12:28:01+02;1339
2016-07-15 13:28:01+02;1339
2016-07-15 13:48:01+02;1319
2016-07-15 13:58:01+02;1319
2016-07-15 14:18:01+02;1309
2016-07-15 15:23:01+02;1309
2016-07-15 16:23:01+02;1299
2016-07-15 21:58:01+02;1419
2016-07-16 08:08:01+02;1379
2016-07-16 08:28:01+02;1359
2016-07-16 09:18:01+02;1349
2016-07-16 10:58:01+02;1329
2016-07-16 11:18:01+02;1319
2016-07-16 12:28:01+02;1349
2016-07-16 13:33:01+02;1349
2016-07-16 13:43:01+02;1349
2016-07-16 13:58:01+02;1339
2016-07-16 14:13:01+02;1329
2016-07-16 15:03:01+02;1329
2016-07-16 15:23:01+02;1309
2016-07-16 16:28:01+02;1309
2016-07-16 16:53:01+02;1289
2016-07-16 21:58:01+02;1419
2016-07-17 06:08:01+02;1379
2016-07-17 07:03:01+02;1359
2016-07-17 09:18:01+02;1359
2016-07-17 10:23:01+02;1349
2016-07-17 11:28:01+02;1339
2016-07-17 12:28:01+02;1369
2016-07-17 13:53:01+02;1349
2016-07-17 14:13:01+02;1339
2016-07-17 15:58:01+02;1329
2016-07-17 16:38:01+02;1329
2016-07-17 18:18:01+02;1309
2016-07-17 21:58:01+02;1419
2016-07-18 05:53:01+02;1399
2016-07-18 06:43:01+02;1389
2016-07-18 06:53:01+02;1389
2016-07-18 07:03:01+02;1379
2016-07-18 08:58:01+02;1359
2016-07-18 10:13:01+02;1349
2016-07-18 10:53:01+02;1339
2016-07-18 11:03:01+02;1329
2016-07-18 12:03:01+02;1329
2016-07-18 12:28:01+02;1359
2016-07-18 13:58:01+02;1359
2016-07-18 14:08:01+02;1339
2016-07-18 14:58:01+02;1309
2016-07-18 15:08:01+02;1309
2016-07-18 15:43:01+02;1309
2016-07-18 21:58:01+02;1419
2016-07-19 05:58:01+02;1389
2016-07-19 06:48:01+02;1379
2016-07-19 06:58:01+02;1369
2016-07-19 07:53:01+02;1369
2016-07-19 08:08:01+02;1349
2016-07-19 08:53:01+02;1339
2016-07-19 11:58:01+02;1329
2016-07-19 12:28:01+02;1359
2016-07-19 14:03:01+02;1339
2016-07-19 14:13:01+02;1339
2016-07-19 15:03:01+02;1319
2016-07-19 15:13:01+02;1319
2016-07-19 15:18:01+02;1309
2016-07-19 15:53:01+02;1309
2016-07-19 21:58:01+02;1419
2016-07-20 05:58:01+02;1389
2016-07-20 06:43:01+02;1369
2016-07-20 07:18:01+02;1369
2016-07-20 07:48:01+02;1349
2016-07-20 08:58:01+02;1339
2016-07-20 10:43:01+02;1319
2016-07-20 12:28:01+02;1349
2016-07-20 13:43:01+02;1279
2016-07-20 21:58:01+02;1409
2016-07-21 05:58:01+02;1389
2016-07-21 06:43:01+02;1359
2016-07-21 07:18:01+02;1359
2016-07-21 07:48:01+02;1329
2016-07-21 10:28:01+02;1309
2016-07-21 12:28:01+02;1339
2016-07-21 13:58:01+02;1339
2016-07-21 14:33:01+02;1319
2016-07-21 15:18:01+02;1299
2016-07-21 16:53:02+02;1299
2016-07-21 21:58:01+02;1409
2016-07-22 05:58:01+02;1379
2016-07-22 06:43:01+02;1359
2016-07-22 06:58:01+02;1359
2016-07-22 08:08:01+02;1349
2016-07-22 09:08:01+02;1339
2016-07-22 09:23:01+02;1339
2016-07-22 09:58:01+02;1329
2016-07-22 10:33:01+02;1329
2016-07-22 10:53:01+02;1319
2016-07-22 12:28:01+02;1349
2016-07-22 14:03:01+02;1339
2016-07-22 14:58:01+02;1319
2016-07-22 15:08:01+02;1319
2016-07-22 15:18:01+02;1309
2016-07-22 15:58:01+02;1299
2016-07-22 16:58:01+02;1299
2016-07-22 17:58:01+02;1289
2016-07-22 21:58:01+02;1409
2016-07-23 05:58:01+02;1379
2016-07-23 06:58:01+02;1349
2016-07-23 10:43:01+02;1349
2016-07-23 12:28:01+02;1379
2016-07-23 13:58:01+02;1339
2016-07-23 14:43:01+02;1339
2016-07-23 15:03:01+02;1329
2016-07-23 15:58:01+02;1309
2016-07-23 17:58:01+02;1309
2016-07-23 21:58:01+02;1409
2016-07-24 05:58:01+02;1379
2016-07-24 06:58:01+02;1369
2016-07-24 08:43:01+02;1369
2016-07-24 08:58:01+02;1359
2016-07-24 10:38:01+02;1349
2016-07-24 11:48:01+02;1339
2016-07-24 12:28:01+02;1369
2016-07-24 13:53:01+02;1349
2016-07-24 14:18:01+02;1329
2016-07-24 15:13:01+02;1309
2016-07-24 21:58:01+02;1409
2016-07-25 05:58:01+02;1379
2016-07-25 06:43:01+02;1369
2016-07-25 06:53:01+02;1359
2016-07-25 07:08:01+02;1359
2016-07-25 11:58:01+02;1319
2016-07-25 12:28:01+02;1349
2016-07-25 13:43:01+02;1329
2016-07-25 13:58:01+02;1329
2016-07-25 14:48:01+02;1309
2016-07-25 14:53:01+02;1309
2016-07-25 15:53:01+02;1299
2016-07-25 15:58:01+02;1299
2016-07-25 16:03:01+02;1289
2016-07-25 16:58:01+02;1289
2016-07-25 21:58:01+02;1409
2016-07-26 05:58:01+02;1369
2016-07-26 06:48:01+02;1359
2016-07-26 06:58:01+02;1349
2016-07-26 08:53:01+02;1349
2016-07-26 09:13:01+02;1339
2016-07-26 10:03:01+02;1329
2016-07-26 10:23:01+02;1309
2016-07-26 12:03:01+02;1289
2016-07-26 12:28:01+02;1319
2016-07-26 13:53:01+02;1319
2016-07-26 14:33:01+02;1319
2016-07-26 14:43:01+02;1309
2016-07-26 15:03:01+02;1309
2016-07-26 15:13:01+02;1289
2016-07-26 21:58:01+02;1409
2016-07-27 05:58:01+02;1379
2016-07-27 06:48:01+02;1359
2016-07-27 06:58:01+02;1349
2016-07-27 07:13:01+02;1349
2016-07-27 08:18:01+02;1339
2016-07-27 09:33:01+02;1329
2016-07-27 10:43:01+02;1319
2016-07-27 12:03:01+02;1289
2016-07-27 12:28:01+02;1319
2016-07-27 13:58:01+02;1319
2016-07-27 14:18:02+02;1309
2016-07-27 15:18:01+02;1289
2016-07-27 16:03:01+02;1279
2016-07-27 17:53:01+02;1279
2016-07-27 21:58:01+02;1399
2016-07-28 05:58:01+02;1359
2016-07-28 06:58:01+02;1339
2016-07-28 09:18:01+02;1329
2016-07-28 10:33:01+02;1309
2016-07-28 11:43:01+02;1309
2016-07-28 12:28:01+02;1339
2016-07-28 13:58:01+02;1329
2016-07-28 14:23:01+02;1309
2016-07-28 14:53:01+02;1309
2016-07-28 15:13:01+02;1299
2016-07-28 15:48:01+02;1299
2016-07-28 16:53:01+02;1299
2016-07-28 21:59:01+02;1389
2016-07-29 05:59:01+02;1379
2016-07-29 06:49:02+02;1369
2016-07-29 06:59:01+02;1359
2016-07-29 07:53:01+02;1349
2016-07-29 08:13:01+02;1339
2016-07-29 08:59:01+02;1339
2016-07-29 09:24:01+02;1329
2016-07-29 10:06:01+02;1319
2016-07-29 10:36:01+02;1309
2016-07-29 10:49:01+02;1299
2016-07-29 12:28:01+02;1329
2016-07-29 13:59:01+02;1309
2016-07-29 14:13:01+02;1309
2016-07-29 14:24:01+02;1299
2016-07-29 15:13:01+02;1279
2016-07-29 15:53:01+02;1279
2016-07-29 21:59:01+02;1379
2016-07-30 05:59:01+02;1359
2016-07-30 07:06:01+02;1339
2016-07-30 11:33:01+02;1329
2016-07-30 12:03:01+02;1309
2016-07-30 12:28:01+02;1339
2016-07-30 13:59:01+02;1319
2016-07-30 14:08:01+02;1299
2016-07-30 15:13:01+02;1289
2016-07-30 16:23:01+02;1289
2016-07-30 21:59:01+02;1379
2016-07-31 05:59:01+02;1369
2016-07-31 06:59:01+02;1349
2016-07-31 10:43:01+02;1339
2016-07-31 11:08:01+02;1299
2016-07-31 12:28:01+02;1329
2016-07-31 13:53:01+02;1329
2016-07-31 14:19:01+02;1319
2016-07-31 15:13:01+02;1319
2016-07-31 15:53:01+02;1309
2016-07-31 17:53:01+02;1299
2016-07-31 21:59:01+02;1379
2016-08-01 05:59:01+02;1369
2016-08-01 06:48:01+02;1359
2016-08-01 06:53:01+02;1359
2016-08-01 07:53:01+02;1339
2016-08-01 09:08:01+02;1329
2016-08-01 10:48:01+02;1319
2016-08-01 11:03:01+02;1309
2016-08-01 12:08:01+02;1299
2016-08-01 12:28:01+02;1329
2016-08-01 14:03:01+02;1319
2016-08-01 14:39:01+02;1309
2016-08-01 15:13:01+02;1289
2016-08-01 16:39:01+02;1289
2016-08-01 16:48:01+02;1279
2016-08-01 17:23:01+02;1279
2016-08-01 21:59:01+02;1379
2016-08-02 05:59:01+02;1359
2016-08-02 06:48:01+02;1339
2016-08-02 06:59:01+02;1339
2016-08-02 09:19:01+02;1329
2016-08-02 10:43:02+02;1319
2016-08-02 11:08:01+02;1309
2016-08-02 11:28:01+02;1309
2016-08-02 12:03:01+02;1289
2016-08-02 12:28:01+02;1319
2016-08-02 14:13:01+02;1309
2016-08-02 15:03:01+02;1309
2016-08-02 15:23:01+02;1279
2016-08-02 21:59:01+02;1379
2016-08-03 05:59:01+02;1359
2016-08-03 06:48:01+02;1339
2016-08-03 07:08:01+02;1339
2016-08-03 08:13:01+02;1319
2016-08-03 08:59:01+02;1309
2016-08-03 10:08:02+02;1309
2016-08-03 10:43:01+02;1299
2016-08-03 11:53:01+02;1289
2016-08-03 12:03:01+02;1279
2016-08-03 12:28:01+02;1309
2016-08-03 14:19:01+02;1299
2016-08-03 15:13:01+02;1279
2016-08-03 16:43:01+02;1279
2016-08-03 17:08:01+02;1279
2016-08-03 18:03:01+02;1269
2016-08-03 21:59:01+02;1389
2016-08-04 05:59:01+02;1359
2016-08-04 06:48:01+02;1339
2016-08-04 06:59:01+02;1329
2016-08-04 07:08:01+02;1329
2016-08-04 08:19:01+02;1319
2016-08-04 09:08:01+02;1309
2016-08-04 10:39:01+02;1299
2016-08-04 11:39:01+02;1279
2016-08-04 12:28:01+02;1309
2016-08-04 14:03:01+02;1309
2016-08-04 14:13:01+02;1309
2016-08-04 14:28:01+02;1289
2016-08-04 15:13:02+02;1279
2016-08-04 21:59:01+02;1389
2016-08-05 05:59:01+02;1369
2016-08-05 06:48:01+02;1339
2016-08-05 07:08:01+02;1339
2016-08-05 07:53:01+02;1339
2016-08-05 08:19:01+02;1319
2016-08-05 08:39:02+02;1309
2016-08-05 10:13:01+02;1299
2016-08-05 11:08:01+02;1289
2016-08-05 12:28:01+02;1319
2016-08-05 13:53:01+02;1309
2016-08-05 14:23:01+02;1299
2016-08-05 15:19:01+02;1279
2016-08-05 16:19:01+02;1269
2016-08-05 16:28:01+02;1269
2016-08-05 21:59:01+02;1389
2016-08-06 05:59:01+02;1359
2016-08-06 06:59:01+02;1339
2016-08-06 08:39:01+02;1329
2016-08-06 08:48:01+02;1329
2016-08-06 10:08:01+02;1319
2016-08-06 10:59:01+02;1309
2016-08-06 12:03:01+02;1309
2016-08-06 12:28:01+02;1339
2016-08-06 13:53:01+02;1339
2016-08-06 14:03:01+02;1329
2016-08-06 14:23:01+02;1319
2016-08-06 14:43:01+02;1319
2016-08-06 15:03:01+02;1309
2016-08-06 15:13:02+02;1279
2016-08-06 21:59:02+02;1389
2016-08-07 05:59:01+02;1389
2016-08-07 06:48:01+02;1379
2016-08-07 06:59:01+02;1339
2016-08-07 10:28:01+02;1309
2016-08-07 12:28:01+02;1339
2016-08-07 13:53:01+02;1329
2016-08-07 14:13:01+02;1329
2016-08-07 14:43:01+02;1319
2016-08-07 17:39:01+02;1309
2016-08-07 18:03:01+02;1299
2016-08-07 21:59:01+02;1389
2016-08-08 05:59:01+02;1389
2016-08-08 06:43:01+02;1359
2016-08-08 06:48:01+02;1359
2016-08-08 07:08:01+02;1359
2016-08-08 07:48:01+02;1349
2016-08-08 09:08:01+02;1339
2016-08-08 10:28:01+02;1299
2016-08-08 11:03:01+02;1299
2016-08-08 12:28:01+02;1329
2016-08-08 13:48:01+02;1319
2016-08-08 14:03:01+02;1319
2016-08-08 14:33:01+02;1299
2016-08-08 15:23:01+02;1279
2016-08-08 15:59:01+02;1279
2016-08-08 21:59:01+02;1399
2016-08-09 05:59:01+02;1379
2016-08-09 06:48:01+02;1349
2016-08-09 06:59:01+02;1339
2016-08-09 08:13:01+02;1329
2016-08-09 08:53:01+02;1319
2016-08-09 10:48:01+02;1319
2016-08-09 10:59:01+02;1299
2016-08-09 11:13:01+02;1289
2016-08-09 12:28:01+02;1319
2016-08-09 14:08:01+02;1309
2016-08-09 15:13:01+02;1289
2016-08-09 21:59:01+02;1399
2016-08-10 05:59:01+02;1379
2016-08-10 06:48:01+02;1359
2016-08-10 06:59:01+02;1349
2016-08-10 07:48:01+02;1339
2016-08-10 09:28:01+02;1339
2016-08-10 11:08:01+02;1339
2016-08-10 11:19:01+02;1309
2016-08-10 11:33:01+02;1289
2016-08-10 11:53:01+02;1289
2016-08-10 12:28:01+02;1319
2016-08-10 14:13:02+02;1299
2016-08-10 15:08:01+02;1289
2016-08-10 15:59:01+02;1279
2016-08-10 17:33:01+02;1279
2016-08-10 21:59:01+02;1389
2016-08-11 05:59:01+02;1369
2016-08-11 06:53:01+02;1359
2016-08-11 07:03:01+02;1349
2016-08-11 07:48:01+02;1339
2016-08-11 09:19:01+02;1319
2016-08-11 10:43:01+02;1309
2016-08-11 11:59:01+02;1299
2016-08-11 12:28:01+02;1329
2016-08-11 13:53:01+02;1319
2016-08-11 14:08:01+02;1319
2016-08-11 14:19:01+02;1299
2016-08-11 15:08:01+02;1299
2016-08-11 16:23:01+02;1289
2016-08-11 17:03:01+02;1279
2016-08-11 20:13:01+02;1269
2016-08-11 21:59:01+02;1399
2016-08-12 05:59:01+02;1369
2016-08-12 06:53:01+02;1349
2016-08-12 07:03:01+02;1339
2016-08-12 07:13:01+02;1339
2016-08-12 08:19:01+02;1329
2016-08-12 08:48:01+02;1319
2016-08-12 09:39:01+02;1289
2016-08-12 11:59:01+02;1279
2016-08-12 12:28:01+02;1309
2016-08-12 14:08:01+02;1299
2016-08-12 14:19:01+02;1289
2016-08-12 14:43:01+02;1269
2016-08-12 16:33:01+02;1259
2016-08-12 21:59:01+02;1399
2016-08-13 05:53:01+02;1369
2016-08-13 06:39:01+02;1349
2016-08-13 08:48:01+02;1329
2016-08-13 09:53:01+02;1319
2016-08-13 11:08:01+02;1309
2016-08-13 11:59:01+02;1289
2016-08-13 12:28:01+02;1319
2016-08-13 13:53:01+02;1319
2016-08-13 14:08:01+02;1299
2016-08-13 15:08:01+02;1289
2016-08-13 17:13:01+02;1279
2016-08-13 21:59:01+02;1399
2016-08-14 05:53:01+02;1379
2016-08-14 06:53:01+02;1379
2016-08-14 07:03:02+02;1349
2016-08-14 09:28:01+02;1349
2016-08-14 10:23:01+02;1349
2016-08-14 11:23:01+02;1329
2016-08-14 12:03:01+02;1319
2016-08-14 12:28:01+02;1349
2016-08-14 13:53:01+02;1329
2016-08-14 14:13:01+02;1319
2016-08-14 14:39:01+02;1319
2016-08-14 16:33:01+02;1309
2016-08-14 17:53:01+02;1299
2016-08-14 18:28:01+02;1299
2016-08-14 21:59:02+02;1399
2016-08-15 05:59:01+02;1379
2016-08-15 06:43:01+02;1369
2016-08-15 07:08:01+02;1369
2016-08-15 07:43:01+02;1289
2016-08-15 12:28:01+02;1319
2016-08-15 13:53:01+02;1309
2016-08-15 14:13:01+02;1299
2016-08-15 15:08:01+02;1289
2016-08-15 17:43:01+02;1289
2016-08-15 18:33:01+02;1279
2016-08-15 21:59:01+02;1409
2016-08-16 05:53:01+02;1369
2016-08-16 06:43:01+02;1359
2016-08-16 06:53:01+02;1349
2016-08-16 07:48:01+02;1349
2016-08-16 08:08:01+02;1329
2016-08-16 08:19:01+02;1329
2016-08-16 09:03:01+02;1319
2016-08-16 09:19:01+02;1319
2016-08-16 10:33:01+02;1309
2016-08-16 11:59:01+02;1309
2016-08-16 12:28:01+02;1339
2016-08-16 14:03:01+02;1319
2016-08-16 14:13:01+02;1299
2016-08-16 14:28:01+02;1299
2016-08-16 15:08:01+02;1299
2016-08-16 17:08:01+02;1289
2016-08-16 18:53:01+02;1279
2016-08-16 21:59:01+02;1409
2016-08-17 05:53:01+02;1379
2016-08-17 06:43:01+02;1299
2016-08-17 07:43:01+02;1289
2016-08-17 12:28:01+02;1319
2016-08-17 14:08:01+02;1309
2016-08-17 14:33:02+02;1299
2016-08-17 15:08:01+02;1289
2016-08-17 16:13:01+02;1279
2016-08-17 21:59:01+02;1419
2016-08-18 05:53:01+02;1389
2016-08-18 06:43:01+02;1369
2016-08-18 06:59:01+02;1359
2016-08-18 07:59:01+02;1349
2016-08-18 08:13:01+02;1339
2016-08-18 09:23:01+02;1329
2016-08-18 10:19:01+02;1309
2016-08-18 12:28:01+02;1339
2016-08-18 14:13:01+02;1319
2016-08-18 15:19:01+02;1309
2016-08-18 16:43:01+02;1299
2016-08-18 18:03:01+02;1289
2016-08-18 20:28:01+02;1289
2016-08-18 21:59:01+02;1419
2016-08-19 05:53:01+02;1389
2016-08-19 06:43:01+02;1379
2016-08-19 06:59:01+02;1359
2016-08-19 08:19:01+02;1349
2016-08-19 08:28:01+02;1349
2016-08-19 08:53:02+02;1339
2016-08-19 09:19:01+02;1339
2016-08-19 10:43:01+02;1319
2016-08-19 12:28:01+02;1349
2016-08-19 13:39:01+02;1339
2016-08-19 14:13:01+02;1329
2016-08-19 14:23:01+02;1319
2016-08-19 15:19:01+02;1319
2016-08-19 16:08:01+02;1309
2016-08-19 17:59:01+02;1299
2016-08-19 19:43:01+02;1299
2016-08-19 20:53:01+02;1289
2016-08-19 21:59:01+02;1429
2016-08-20 05:59:01+02;1399
2016-08-20 06:43:01+02;1369
2016-08-20 08:08:01+02;1369
2016-08-20 08:39:01+02;1359
2016-08-20 08:48:01+02;1359
2016-08-20 09:19:01+02;1349
2016-08-20 10:28:01+02;1329
2016-08-20 11:59:01+02;1319
2016-08-20 12:28:01+02;1349
2016-08-20 14:08:01+02;1339
2016-08-20 14:39:01+02;1329
2016-08-20 15:19:01+02;1329
2016-08-20 16:03:01+02;1319
2016-08-20 18:53:01+02;1319
2016-08-20 21:59:01+02;1429
2016-08-21 05:59:01+02;1399
2016-08-21 06:43:01+02;1379
2016-08-21 09:19:01+02;1359
2016-08-21 11:19:01+02;1339
2016-08-21 12:28:02+02;1369
2016-08-21 13:59:01+02;1349
2016-08-21 14:13:01+02;1339
2016-08-21 15:08:01+02;1339
2016-08-21 17:03:01+02;1329
2016-08-21 19:03:01+02;1329
2016-08-21 21:59:01+02;1429
2016-08-22 06:08:01+02;1399
2016-08-22 06:43:01+02;1389
2016-08-22 08:43:01+02;1389
2016-08-22 09:59:01+02;1329
2016-08-22 11:33:01+02;1319
2016-08-22 12:28:01+02;1349
2016-08-22 13:39:01+02;1339
2016-08-22 14:08:01+02;1319
2016-08-22 14:23:01+02;1319
2016-08-22 15:08:01+02;1309
2016-08-22 18:33:01+02;1309
2016-08-22 20:19:01+02;1299
2016-08-22 21:59:01+02;1429
2016-08-23 05:53:01+02;1409
2016-08-23 06:33:01+02;1369
2016-08-23 07:59:01+02;1369
2016-08-23 08:08:01+02;1349
2016-08-23 09:23:01+02;1339
2016-08-23 10:19:01+02;1319
2016-08-23 12:28:01+02;1349
2016-08-23 13:43:01+02;1349
2016-08-23 13:53:01+02;1329
2016-08-23 14:13:01+02;1319
2016-08-23 15:08:01+02;1319
2016-08-23 17:13:01+02;1309
2016-08-23 17:23:01+02;1299
2016-08-23 22:03:01+02;1429
2016-08-24 05:53:01+02;1409
2016-08-24 06:43:01+02;1389
2016-08-24 06:53:01+02;1369
2016-08-24 07:48:01+02;1359
2016-08-24 08:08:01+02;1349
2016-08-24 09:23:01+02;1339
2016-08-24 10:23:01+02;1319
2016-08-24 12:28:01+02;1349
2016-08-24 13:53:01+02;1339
2016-08-24 14:03:01+02;1329
2016-08-24 14:19:01+02;1309
2016-08-24 15:08:01+02;1309
2016-08-24 17:39:01+02;1299
2016-08-24 19:13:01+02;1299
2016-08-24 21:59:01+02;1419
2016-08-25 05:53:01+02;1399
2016-08-25 06:43:01+02;1389
2016-08-25 06:59:01+02;1369
2016-08-25 07:43:01+02;1319
2016-08-25 12:28:01+02;1349
2016-08-25 13:39:02+02;1329
2016-08-25 14:08:01+02;1319
2016-08-25 15:08:01+02;1309
2016-08-25 17:08:01+02;1299
2016-08-25 21:59:01+02;1429
2016-08-26 05:59:01+02;1409
2016-08-26 06:43:01+02;1399
2016-08-26 06:59:01+02;1369
2016-08-26 07:48:01+02;1369
2016-08-26 08:13:01+02;1349
2016-08-26 09:19:01+02;1339
2016-08-26 09:53:01+02;1319
2016-08-26 12:28:01+02;1349
2016-08-26 13:59:01+02;1339
2016-08-26 14:08:01+02;1329
2016-08-26 14:23:01+02;1319
2016-08-26 14:53:01+02;1309
2016-08-26 15:08:01+02;1299
2016-08-26 18:39:01+02;1299
2016-08-26 21:59:01+02;1429
2016-08-27 06:03:01+02;1409
2016-08-27 07:03:01+02;1379
2016-08-27 08:33:01+02;1379
2016-08-27 08:43:01+02;1359
2016-08-27 09:23:01+02;1349
2016-08-27 09:53:01+02;1329
2016-08-27 12:28:01+02;1359
2016-08-27 14:03:01+02;1349
2016-08-27 14:13:01+02;1339
2016-08-27 14:39:01+02;1329
2016-08-27 15:08:01+02;1329
2016-08-27 16:43:01+02;1319
2016-08-27 17:03:01+02;1309
2016-08-27 17:13:01+02;1299
2016-08-27 21:59:01+02;1429
2016-08-28 06:03:01+02;1409
2016-08-28 06:43:01+02;1379
2016-08-28 09:19:01+02;1359
2016-08-28 11:39:01+02;1339
2016-08-28 12:28:01+02;1369
2016-08-28 14:08:01+02;1359
2016-08-28 14:48:01+02;1359
2016-08-28 15:08:01+02;1339
2016-08-28 16:59:01+02;1329
2016-08-28 18:19:01+02;1319
2016-08-28 20:13:01+02;1319
2016-08-28 21:59:01+02;1429
2016-08-29 06:03:01+02;1419
2016-08-29 06:43:01+02;1399
2016-08-29 07:03:01+02;1399
2016-08-29 09:39:01+02;1389
2016-08-29 10:03:01+02;1339
2016-08-29 12:03:01+02;1319
2016-08-29 12:28:01+02;1349
2016-08-29 13:53:02+02;1339
2016-08-29 14:13:01+02;1339
2016-08-29 14:23:01+02;1329
2016-08-29 15:19:01+02;1319
2016-08-29 16:13:01+02;1309
2016-08-29 16:39:01+02;1309
2016-08-29 17:08:01+02;1309
2016-08-29 20:43:01+02;1299
2016-08-29 21:59:01+02;1429
2016-08-30 05:59:01+02;1409
2016-08-30 06:43:01+02;1389
2016-08-30 07:48:01+02;1379
2016-08-30 08:23:01+02;1349
2016-08-30 09:19:01+02;1339
2016-08-30 10:53:01+02;1319
2016-08-30 12:28:01+02;1349
2016-08-30 14:03:01+02;1339
2016-08-30 14:19:01+02;1329
2016-08-30 15:08:01+02;1319
2016-08-30 17:08:01+02;1299
2016-08-30 21:03:01+02;1299
2016-08-30 21:59:01+02;1429
2016-08-31 05:58:01+02;1409
2016-08-31 06:38:01+02;1379
2016-08-31 07:48:01+02;1379
2016-08-31 09:23:01+02;1349
2016-08-31 10:18:01+02;1329
2016-08-31 11:13:01+02;1329
2016-08-31 12:28:02+02;1359
2016-08-31 13:58:01+02;1339
2016-08-31 14:13:01+02;1339
2016-08-31 14:23:01+02;1319
2016-08-31 15:58:01+02;1309
2016-08-31 16:53:01+02;1309
2016-08-31 17:03:01+02;1299
2016-08-31 21:58:01+02;1419
2016-09-01 05:58:01+02;1409
2016-09-01 06:43:01+02;1379
2016-09-01 07:43:01+02;1379
2016-09-01 08:13:01+02;1359
2016-09-01 09:43:01+02;1349
2016-09-01 10:23:01+02;1329
2016-09-01 11:03:01+02;1319
2016-09-01 11:28:01+02;1319
2016-09-01 12:28:01+02;1349
2016-09-01 13:53:01+02;1339
2016-09-01 14:23:02+02;1329
2016-09-01 14:43:01+02;1319
2016-09-01 15:03:01+02;1319
2016-09-01 17:23:01+02;1299
2016-09-01 21:58:01+02;1409
2016-09-02 05:58:01+02;1409
2016-09-02 06:48:01+02;1389
2016-09-02 06:58:01+02;1379
2016-09-02 07:48:02+02;1379
2016-09-02 08:13:01+02;1359
2016-09-02 08:48:01+02;1349
2016-09-02 10:28:01+02;1329
2016-09-02 12:03:01+02;1319
2016-09-02 12:28:01+02;1349
2016-09-02 14:03:01+02;1329
2016-09-02 14:13:01+02;1329
2016-09-02 16:03:01+02;1319
2016-09-02 16:13:01+02;1319
2016-09-02 17:18:01+02;1309
2016-09-02 17:48:01+02;1299
2016-09-02 19:08:01+02;1299
2016-09-02 20:18:01+02;1289
2016-09-02 21:58:01+02;1399
2016-09-03 06:13:01+02;1389
2016-09-03 06:48:01+02;1379
2016-09-03 07:38:01+02;1379
2016-09-03 08:43:01+02;1359
2016-09-03 08:48:01+02;1359
2016-09-03 08:53:01+02;1349
2016-09-03 09:58:01+02;1349
2016-09-03 11:03:01+02;1329
2016-09-03 12:28:01+02;1359
2016-09-03 15:48:01+02;1329
2016-09-03 17:43:01+02;1309
2016-09-03 18:18:02+02;1309
2016-09-03 20:03:01+02;1299
2016-09-03 21:58:01+02;1399
2016-09-04 05:58:01+02;1379
2016-09-04 06:58:01+02;1369
2016-09-04 09:23:01+02;1349
2016-09-04 09:53:01+02;1349
2016-09-04 12:28:02+02;1379
2016-09-04 14:13:01+02;1339
2016-09-04 14:23:01+02;1339
2016-09-04 14:38:01+02;1339
2016-09-04 14:53:01+02;1319
2016-09-04 16:18:01+02;1319
2016-09-04 21:58:01+02;1399
2016-09-05 05:58:01+02;1399
2016-09-05 06:43:01+02;1379
2016-09-05 08:53:01+02;1379
2016-09-05 10:03:01+02;1349
2016-09-05 10:53:01+02;1349
2016-09-05 11:23:01+02;1329
2016-09-05 12:28:01+02;1359
2016-09-05 13:48:01+02;1339
2016-09-05 13:53:01+02;1339
2016-09-05 14:08:01+02;1329
2016-09-05 15:08:01+02;1319
2016-09-05 16:18:01+02;1309
2016-09-05 16:28:01+02;1309
2016-09-05 17:58:01+02;1299
2016-09-05 18:18:01+02;1299
2016-09-05 18:48:01+02;1289
2016-09-05 19:18:01+02;1279
2016-09-05 20:13:01+02;1269
2016-09-05 21:58:01+02;1409
2016-09-06 06:13:01+02;1379
2016-09-06 06:43:01+02;1379
2016-09-06 06:53:01+02;1369
2016-09-06 07:33:01+02;1369
2016-09-06 08:18:01+02;1339
2016-09-06 08:28:01+02;1339
2016-09-06 09:33:01+02;1339
2016-09-06 09:58:01+02;1329
2016-09-06 10:38:01+02;1329
2016-09-06 11:58:01+02;1319
2016-09-06 12:28:01+02;1349
2016-09-06 13:28:01+02;1339
2016-09-06 13:58:01+02;1329
2016-09-06 14:08:01+02;1329
2016-09-06 14:28:01+02;1319
2016-09-06 14:48:01+02;1309
2016-09-06 16:13:01+02;1309
2016-09-06 17:08:01+02;1299
2016-09-06 17:18:01+02;1299
2016-09-06 19:18:01+02;1299
2016-09-06 20:23:01+02;1289
2016-09-06 21:58:01+02;1409
2016-09-07 05:57:31+02;1389
2016-09-07 06:57:31+02;1379
2016-09-07 08:07:31+02;1359
2016-09-07 09:17:31+02;1349
2016-09-07 10:42:31+02;1329
2016-09-07 10:57:31+02;1319
2016-09-07 11:52:31+02;1319
2016-09-07 12:27:31+02;1349
2016-09-07 14:02:31+02;1349
2016-09-07 14:12:31+02;1329
2016-09-07 14:27:31+02;1329
2016-09-07 15:27:31+02;1309
2016-09-07 17:12:31+02;1299
2016-09-07 18:17:32+02;1299
2016-09-07 19:47:31+02;1299
2016-09-07 21:57:31+02;1409
2016-09-08 05:57:31+02;1389
2016-09-08 06:42:31+02;1379
2016-09-08 07:47:31+02;1379
2016-09-08 08:07:31+02;1359
2016-09-08 09:07:31+02;1349
2016-09-08 10:52:31+02;1339
2016-09-08 11:17:31+02;1329
2016-09-08 11:32:31+02;1329
2016-09-08 12:27:32+02;1359
2016-09-08 13:42:31+02;1329
2016-09-08 14:12:31+02;1319
2016-09-08 16:07:31+02;1309
2016-09-08 17:02:31+02;1309
2016-09-08 17:12:31+02;1309
2016-09-08 17:57:31+02;1299
2016-09-08 18:12:31+02;1299
2016-09-08 19:17:31+02;1289
2016-09-08 20:02:31+02;1279
2016-09-08 21:57:31+02;1419
2016-09-09 05:57:31+02;1399
2016-09-09 06:42:31+02;1389
2016-09-09 06:57:31+02;1389
2016-09-09 07:52:31+02;1369
2016-09-09 08:07:31+02;1349
2016-09-09 08:47:31+02;1339
2016-09-09 10:07:31+02;1329
2016-09-09 11:42:31+02;1319
2016-09-09 12:27:31+02;1349
2016-09-09 13:57:31+02;1349
2016-09-09 14:07:31+02;1349
2016-09-09 14:42:31+02;1339
2016-09-09 14:52:31+02;1329
2016-09-09 16:12:31+02;1319
2016-09-09 16:22:31+02;1319
2016-09-09 16:47:31+02;1319
2016-09-09 17:47:31+02;1309
2016-09-09 18:52:31+02;1299
2016-09-09 20:22:31+02;1289
2016-09-09 21:57:31+02;1429
2016-09-10 05:57:31+02;1409
2016-09-10 06:57:31+02;1389
2016-09-10 08:42:31+02;1369
2016-09-10 08:47:31+02;1369
2016-09-10 09:52:31+02;1349
2016-09-10 11:57:31+02;1349
2016-09-10 12:27:31+02;1379
2016-09-10 13:52:31+02;1369
2016-09-10 14:02:31+02;1369
2016-09-10 14:17:31+02;1359
2016-09-10 14:27:31+02;1359
2016-09-10 14:32:31+02;1349
2016-09-10 14:47:31+02;1329
2016-09-10 17:07:31+02;1319
2016-09-10 20:12:31+02;1309
2016-09-10 21:57:31+02;1429
2016-09-11 05:52:31+02;1409
2016-09-11 07:02:31+02;1389
2016-09-11 09:17:31+02;1369
2016-09-11 10:32:31+02;1349
2016-09-11 11:07:31+02;1349
2016-09-11 12:27:31+02;1379
2016-09-11 14:12:32+02;1359
2016-09-11 15:07:31+02;1349
2016-09-11 16:07:31+02;1339
2016-09-11 17:12:31+02;1339
2016-09-11 19:22:31+02;1329
2016-09-11 21:57:31+02;1429
2016-09-12 06:02:31+02;1409
2016-09-12 06:42:31+02;1409
2016-09-12 07:52:31+02;1409
2016-09-12 08:17:31+02;1399
2016-09-12 08:37:31+02;1399
2016-09-12 10:02:31+02;1349
2016-09-12 11:07:32+02;1349
2016-09-12 11:57:31+02;1339
2016-09-12 12:27:31+02;1369
2016-09-12 13:52:31+02;1349
2016-09-12 14:02:31+02;1349
2016-09-12 14:17:31+02;1339
2016-09-12 14:37:31+02;1339
2016-09-12 14:47:31+02;1319
2016-09-12 16:02:31+02;1319
2016-09-12 17:07:31+02;1309
2016-09-12 18:02:31+02;1309
2016-09-12 21:57:31+02;1439
2016-09-13 05:57:31+02;1429
2016-09-13 06:47:31+02;1419
2016-09-13 06:57:31+02;1389
2016-09-13 07:47:31+02;1379
2016-09-13 08:17:31+02;1379
2016-09-13 08:27:31+02;1369
2016-09-13 08:57:31+02;1369
2016-09-13 10:12:31+02;1359
2016-09-13 10:27:31+02;1339
2016-09-13 12:27:31+02;1369
2016-09-13 13:52:31+02;1359
2016-09-13 14:07:31+02;1349
2016-09-13 14:17:31+02;1339
2016-09-13 14:42:31+02;1339
2016-09-13 14:47:31+02;1329
2016-09-13 15:52:31+02;1329
2016-09-13 16:02:32+02;1319
2016-09-13 17:02:31+02;1309
2016-09-13 18:22:31+02;1309
2016-09-13 19:32:31+02;1309
2016-09-13 21:02:31+02;1299
2016-09-13 21:57:31+02;1429
2016-09-14 05:42:31+02;1409
2016-09-14 05:57:31+02;1409
2016-09-14 06:12:31+02;1399
2016-09-14 06:37:31+02;1399
2016-09-14 06:52:31+02;1379
2016-09-14 07:47:31+02;1379
2016-09-14 09:47:31+02;1379
2016-09-14 10:57:31+02;1359
2016-09-14 11:32:31+02;1329
2016-09-14 12:27:31+02;1359
2016-09-14 13:57:31+02;1339
2016-09-14 14:02:31+02;1339
2016-09-14 14:12:32+02;1329
2016-09-14 14:37:31+02;1309
2016-09-14 14:57:31+02;1299
2016-09-14 17:57:32+02;1299
2016-09-14 21:57:31+02;1419
2016-09-15 05:47:31+02;1409
2016-09-15 06:07:31+02;1409
2016-09-15 06:17:31+02;1399
2016-09-15 06:57:31+02;1379
2016-09-15 08:17:31+02;1369
2016-09-15 08:47:31+02;1359
2016-09-15 09:52:31+02;1349
2016-09-15 10:07:31+02;1339
2016-09-15 12:27:31+02;1369
2016-09-15 13:48:31+02;1369
2016-09-15 13:57:31+02;1349
2016-09-15 14:07:31+02;1349
2016-09-15 14:22:31+02;1349
2016-09-15 15:17:31+02;1329
2016-09-15 16:35:31+02;1319
2016-09-15 17:50:31+02;1319
2016-09-15 17:57:32+02;1309
2016-09-15 19:05:31+02;1299
2016-09-15 19:45:31+02;1299
2016-09-15 20:52:31+02;1299
2016-09-15 21:57:31+02;1429
2016-09-16 05:52:31+02;1399
2016-09-16 06:02:31+02;1399
2016-09-16 06:17:31+02;1389
2016-09-16 06:57:31+02;1379
2016-09-16 07:47:31+02;1369
2016-09-16 08:17:31+02;1369
2016-09-16 09:07:31+02;1359
2016-09-16 10:07:31+02;1359
2016-09-16 10:45:31+02;1339
2016-09-16 11:07:31+02;1339
2016-09-16 12:27:31+02;1369
2016-09-16 13:52:31+02;1359
2016-09-16 14:12:31+02;1339
2016-09-16 14:57:31+02;1329
2016-09-16 16:17:31+02;1329
2016-09-16 16:47:31+02;1319
2016-09-16 17:47:31+02;1309
2016-09-16 18:57:31+02;1299
2016-09-16 20:17:31+02;1289
2016-09-16 21:57:31+02;1439
2016-09-17 05:47:31+02;1429
2016-09-17 05:57:31+02;1399
2016-09-17 06:57:31+02;1379
2016-09-17 08:47:31+02;1379
2016-09-17 08:57:31+02;1359
2016-09-17 10:47:31+02;1359
2016-09-17 11:07:31+02;1339
2016-09-17 12:27:31+02;1369
2016-09-17 13:52:31+02;1369
2016-09-17 14:02:31+02;1359
2016-09-17 14:27:31+02;1359
2016-09-17 14:47:31+02;1349
2016-09-17 15:07:31+02;1339
2016-09-17 17:42:31+02;1329
2016-09-17 18:17:31+02;1319
2016-09-17 21:57:31+02;1439
2016-09-18 05:57:31+02;1409
2016-09-18 07:12:31+02;1379
2016-09-18 08:47:31+02;1379
2016-09-18 10:12:31+02;1369
2016-09-18 11:07:31+02;1359
2016-09-18 11:17:31+02;1349
2016-09-18 11:32:31+02;1349
2016-09-18 11:42:31+02;1329
2016-09-18 12:27:31+02;1359
2016-09-18 14:12:31+02;1359
2016-09-18 14:22:31+02;1349
2016-09-18 14:37:31+02;1349
2016-09-18 14:54:31+02;1349
2016-09-18 14:57:31+02;1349
2016-09-18 16:15:31+02;1349
2016-09-18 17:32:31+02;1349
2016-09-18 17:42:31+02;1339
2016-09-18 17:47:31+02;1339
2016-09-18 18:44:31+02;1339
2016-09-18 19:30:31+02;1339
2016-09-18 19:32:31+02;1329
2016-09-18 19:57:31+02;1319
2016-09-18 21:57:31+02;1439
2016-09-19 05:52:31+02;1409
2016-09-19 06:02:32+02;1409
2016-09-19 06:57:31+02;1379
2016-09-19 10:07:31+02;1379
2016-09-19 10:17:31+02;1359
2016-09-19 10:47:31+02;1359
2016-09-19 11:12:31+02;1329
2016-09-19 12:07:31+02;1319
2016-09-19 12:27:31+02;1349
2016-09-19 13:57:31+02;1349
2016-09-19 14:12:31+02;1339
2016-09-19 14:27:31+02;1319
2016-09-19 14:32:31+02;1319
2016-09-19 16:42:31+02;1309
2016-09-19 17:07:31+02;1309
2016-09-19 17:47:31+02;1309
2016-09-19 19:17:31+02;1299
2016-09-19 20:07:31+02;1299
2016-09-19 21:57:31+02;1429
2016-09-20 05:52:31+02;1409
2016-09-20 06:02:31+02;1399
2016-09-20 06:17:31+02;1399
2016-09-20 06:42:31+02;1389
2016-09-20 08:07:31+02;1389
2016-09-20 08:37:31+02;1369
2016-09-20 08:47:31+02;1359
2016-09-20 10:42:31+02;1349
2016-09-20 12:07:31+02;1339
2016-09-20 12:27:31+02;1369
2016-09-20 13:57:31+02;1359
2016-09-20 14:07:31+02;1359
2016-09-20 14:22:31+02;1349
2016-09-20 14:37:31+02;1339
2016-09-20 16:17:31+02;1329
2016-09-20 17:27:31+02;1319
2016-09-20 18:22:31+02;1299
2016-09-20 21:57:31+02;1419
2016-09-21 05:47:31+02;1399
2016-09-21 05:57:31+02;1399
2016-09-21 06:17:31+02;1389
2016-09-21 06:42:31+02;1339
2016-09-21 06:52:31+02;1329
2016-09-21 09:32:31+02;1309
2016-09-21 12:02:31+02;1309
2016-09-21 12:27:31+02;1339
2016-09-21 13:52:31+02;1329
2016-09-21 14:07:31+02;1309
2016-09-21 14:47:32+02;1309
2016-09-21 21:57:31+02;1419
2016-09-22 05:47:31+02;1399
2016-09-22 05:57:31+02;1399
2016-09-22 06:27:31+02;1389
2016-09-22 06:57:31+02;1379
2016-09-22 08:17:31+02;1369
2016-09-22 08:27:31+02;1359
2016-09-22 09:37:31+02;1349
2016-09-22 10:42:31+02;1339
2016-09-22 12:27:31+02;1369
2016-09-22 13:52:31+02;1359
2016-09-22 14:02:31+02;1349
2016-09-22 14:27:31+02;1339
2016-09-22 15:42:31+02;1329
2016-09-22 17:02:31+02;1319
2016-09-22 18:07:31+02;1309
2016-09-22 21:58:31+02;1419
2016-09-23 05:42:31+02;1409
2016-09-23 05:57:31+02;1409
2016-09-23 06:17:31+02;1399
2016-09-23 06:42:31+02;1329
2016-09-23 09:57:31+02;1309
2016-09-23 12:27:31+02;1339
2016-09-23 14:07:31+02;1339
2016-09-23 14:32:31+02;1329
2016-09-23 14:47:31+02;1319
2016-09-23 15:17:31+02;1309
2016-09-23 21:57:31+02;1419
2016-09-24 05:57:31+02;1409
2016-09-24 06:42:31+02;1379
2016-09-24 08:47:31+02;1379
2016-09-24 08:57:31+02;1359
2016-09-24 10:12:31+02;1349
2016-09-24 10:27:31+02;1349
2016-09-24 12:27:31+02;1379
2016-09-24 14:07:31+02;1379
2016-09-24 14:17:31+02;1359
2016-09-24 14:37:31+02;1349
2016-09-24 15:07:31+02;1329
2016-09-24 17:02:32+02;1329
2016-09-24 19:12:31+02;1319
2016-09-24 20:02:31+02;1319
2016-09-24 21:57:32+02;1419
2016-09-25 05:57:31+02;1399
2016-09-25 07:02:31+02;1389
2016-09-25 09:07:31+02;1389
2016-09-25 09:17:31+02;1369
2016-09-25 10:43:31+02;1359
2016-09-25 12:27:31+02;1389
2016-09-25 14:12:31+02;1389
2016-09-25 14:22:31+02;1349
2016-09-25 15:57:31+02;1349
2016-09-25 16:12:31+02;1339
2016-09-25 16:27:31+02;1329
2016-09-25 17:52:31+02;1329
2016-09-25 20:22:31+02;1319
2016-09-25 21:57:31+02;1419
2016-09-26 05:52:31+02;1399
2016-09-26 06:02:31+02;1399
2016-09-26 06:17:31+02;1399
2016-09-26 06:37:31+02;1389
2016-09-26 08:08:31+02;1389
2016-09-26 09:23:31+02;1379
2016-09-26 10:57:31+02;1369
2016-09-26 11:07:31+02;1349
2016-09-26 12:27:31+02;1379
2016-09-26 13:57:31+02;1359
2016-09-26 14:07:31+02;1349
2016-09-26 14:27:31+02;1339
2016-09-26 14:57:31+02;1329
2016-09-26 16:23:31+02;1319
2016-09-26 16:33:31+02;1319
2016-09-26 17:02:31+02;1319
2016-09-26 17:57:31+02;1309
2016-09-26 18:42:31+02;1299
2016-09-26 21:57:31+02;1419
2016-09-27 05:52:31+02;1399
2016-09-27 06:02:31+02;1399
2016-09-27 06:22:31+02;1389
2016-09-27 06:37:31+02;1389
2016-09-27 06:57:31+02;1379
2016-09-27 07:47:31+02;1379
2016-09-27 10:12:31+02;1329
2016-09-27 11:17:31+02;1319
2016-09-27 12:27:31+02;1349
2016-09-27 13:57:31+02;1329
2016-09-27 14:12:31+02;1319
2016-09-27 14:47:31+02;1309
2016-09-27 17:07:31+02;1299
2016-09-27 17:17:31+02;1289
2016-09-27 21:57:31+02;1419
2016-09-28 05:47:31+02;1409
2016-09-28 05:57:31+02;1399
2016-09-28 06:21:31+02;1399
2016-09-28 06:47:31+02;1389
2016-09-28 06:57:32+02;1379
2016-09-28 07:47:31+02;1379
2016-09-28 08:22:31+02;1359
2016-09-28 08:47:31+02;1349
2016-09-28 10:52:31+02;1339
2016-09-28 12:27:31+02;1369
2016-09-28 13:52:31+02;1349
2016-09-28 14:02:31+02;1339
2016-09-28 14:17:31+02;1339
2016-09-28 14:32:31+02;1329
2016-09-28 16:12:31+02;1319
2016-09-28 17:32:31+02;1309
2016-09-28 18:22:31+02;1299
2016-09-28 21:57:32+02;1419
2016-09-29 05:42:31+02;1399
2016-09-29 05:57:31+02;1399
2016-09-29 06:12:31+02;1389
2016-09-29 06:57:31+02;1379
2016-09-29 07:47:31+02;1379
2016-09-29 08:22:31+02;1359
2016-09-29 08:57:31+02;1349
2016-09-29 10:47:31+02;1339
2016-09-29 12:27:31+02;1369
2016-09-29 14:02:31+02;1339
2016-09-29 14:12:31+02;1339
2016-09-29 14:27:31+02;1319
2016-09-29 16:02:31+02;1319
2016-09-29 17:02:31+02;1309
2016-09-29 18:27:31+02;1299
2016-09-29 18:57:31+02;1299
2016-09-29 20:22:31+02;1299
2016-09-29 21:57:31+02;1439
2016-09-30 05:47:31+02;1399
2016-09-30 06:12:31+02;1399
2016-09-30 06:22:31+02;1389
2016-09-30 06:47:31+02;1319
2016-09-30 11:27:31+02;1319
2016-09-30 12:27:31+02;1349
2016-09-30 13:57:31+02;1349
2016-09-30 14:06:31+02;1339
2016-09-30 14:46:31+02;1319
2016-09-30 15:41:31+02;1309
2016-09-30 21:57:31+02;1449
2016-10-01 05:42:31+02;1439
2016-10-01 05:57:31+02;1409
2016-10-01 06:57:31+02;1389
2016-10-01 08:42:32+02;1369
2016-10-01 12:27:31+02;1399
2016-10-01 13:52:31+02;1369
2016-10-01 14:02:31+02;1369
2016-10-01 14:07:31+02;1359
2016-10-01 14:17:31+02;1359
2016-10-01 14:42:31+02;1349
2016-10-01 14:57:31+02;1339
2016-10-01 17:47:31+02;1329
2016-10-01 18:32:31+02;1329
2016-10-01 18:57:31+02;1319
2016-10-01 21:57:31+02;1449
2016-10-02 06:07:31+02;1419
2016-10-02 06:42:31+02;1389
2016-10-02 09:17:31+02;1379
2016-10-02 10:12:31+02;1359
2016-10-02 12:27:31+02;1389
2016-10-02 14:12:31+02;1369
2016-10-02 14:42:31+02;1359
2016-10-02 15:27:31+02;1349
2016-10-02 17:02:31+02;1339
2016-10-02 18:27:31+02;1329
2016-10-02 21:57:31+02;1449
2016-10-03 05:47:31+02;1419
2016-10-03 06:02:31+02;1419
2016-10-03 06:12:31+02;1409
2016-10-03 07:07:31+02;1399
2016-10-03 08:22:31+02;1399
2016-10-03 09:57:31+02;1359
2016-10-03 11:42:31+02;1339
2016-10-03 12:27:31+02;1369
2016-10-03 13:57:31+02;1359
2016-10-03 14:07:31+02;1339
2016-10-03 18:12:31+02;1339
2016-10-03 18:57:31+02;1329
2016-10-03 20:27:32+02;1319
2016-10-03 21:57:31+02;1449
2016-10-04 05:42:31+02;1419
2016-10-04 05:57:31+02;1419
2016-10-04 06:27:31+02;1409
2016-10-04 06:57:31+02;1389
2016-10-04 08:17:32+02;1369
2016-10-04 10:27:31+02;1359
2016-10-04 10:47:31+02;1349
2016-10-04 11:32:31+02;1339
2016-10-04 12:27:31+02;1369
2016-10-04 13:52:31+02;1359
2016-10-04 14:27:31+02;1349
2016-10-04 14:37:31+02;1339
2016-10-04 17:02:31+02;1339
2016-10-04 17:12:31+02;1329
2016-10-04 17:27:31+02;1319
2016-10-04 20:52:31+02;1319
2016-10-04 21:57:31+02;1449
2016-10-05 05:42:31+02;1419
2016-10-05 06:02:31+02;1419
2016-10-05 06:17:31+02;1409
2016-10-05 06:57:31+02;1399
2016-10-05 11:27:31+02;1339
2016-10-05 11:37:31+02;1329
2016-10-05 12:27:31+02;1359
2016-10-05 13:42:31+02;1349
2016-10-05 14:42:31+02;1339
2016-10-05 14:52:31+02;1329
2016-10-05 21:57:31+02;1459
2016-10-06 05:42:31+02;1439
2016-10-06 05:52:31+02;1429
2016-10-06 06:02:31+02;1429
2016-10-06 06:12:31+02;1419
2016-10-06 06:57:31+02;1409
2016-10-06 08:22:31+02;1369
2016-10-06 09:57:31+02;1359
2016-10-06 10:42:31+02;1339
2016-10-06 12:27:31+02;1369
2016-10-06 13:42:31+02;1369
2016-10-06 14:02:31+02;1339
2016-10-06 14:37:31+02;1339
2016-10-06 16:27:31+02;1329
2016-10-06 21:57:31+02;1459
2016-10-07 05:52:31+02;1439
2016-10-07 06:12:31+02;1439
2016-10-07 06:32:31+02;1429
2016-10-07 06:42:31+02;1409
2016-10-07 09:32:31+02;1399
2016-10-07 10:52:31+02;1389
2016-10-07 12:02:31+02;1379
2016-10-07 12:27:31+02;1409
2016-10-07 13:52:31+02;1389
2016-10-07 14:02:31+02;1359
2016-10-07 14:52:31+02;1339
2016-10-07 15:12:31+02;1339
2016-10-07 18:57:31+02;1339
2016-10-07 21:57:31+02;1459
2016-10-08 06:07:31+02;1429
2016-10-08 06:42:31+02;1419
2016-10-08 08:12:31+02;1409
2016-10-08 08:42:31+02;1399
2016-10-08 09:32:32+02;1399
2016-10-08 10:27:31+02;1369
2016-10-08 12:02:31+02;1359
2016-10-08 12:27:31+02;1389
2016-10-08 13:57:31+02;1379
2016-10-08 14:12:31+02;1369
2016-10-08 14:42:31+02;1359
2016-10-08 16:12:31+02;1359
2016-10-08 16:47:31+02;1349
2016-10-08 20:47:31+02;1349
2016-10-08 21:57:31+02;1459
2016-10-09 05:57:31+02;1439
2016-10-09 06:42:31+02;1419
2016-10-09 09:22:31+02;1399
2016-10-09 10:42:31+02;1389
2016-10-09 12:27:31+02;1419
2016-10-09 13:57:31+02;1409
2016-10-09 14:07:32+02;1379
2016-10-09 14:22:31+02;1379
2016-10-09 14:42:31+02;1369
2016-10-09 15:02:31+02;1359
2016-10-09 17:32:31+02;1359
2016-10-09 19:27:31+02;1349
2016-10-09 21:57:31+02;1459
2016-10-10 05:42:32+02;1439
2016-10-10 06:02:31+02;1439
2016-10-10 06:22:31+02;1439
2016-10-10 06:42:31+02;1419
2016-10-10 06:47:31+02;1419
2016-10-10 10:02:31+02;1389
2016-10-10 11:27:31+02;1369
2016-10-10 11:57:31+02;1359
2016-10-10 12:27:31+02;1389
2016-10-10 13:27:31+02;1379
2016-10-10 14:32:31+02;1359
2016-10-10 14:42:31+02;1359
2016-10-10 18:02:31+02;1349
2016-10-10 18:12:31+02;1349
2016-10-10 19:17:31+02;1339
2016-10-10 21:57:31+02;1459
2016-10-11 05:47:31+02;1429
2016-10-11 06:02:31+02;1429
2016-10-11 06:22:31+02;1419
2016-10-11 06:57:31+02;1419
2016-10-11 08:12:31+02;1399
2016-10-11 10:07:31+02;1369
2016-10-11 11:02:31+02;1369
2016-10-11 12:27:31+02;1399
2016-10-11 14:02:31+02;1369
2016-10-11 14:52:31+02;1349
2016-10-11 15:57:31+02;1339
2016-10-11 17:12:31+02;1339
2016-10-11 17:42:31+02;1329
2016-10-11 19:02:31+02;1329
2016-10-11 21:57:31+02;1459
2016-10-12 05:47:31+02;1459
2016-10-12 05:57:31+02;1419
2016-10-12 06:07:31+02;1419
2016-10-12 06:47:31+02;1419
2016-10-12 07:47:31+02;1409
2016-10-12 08:17:31+02;1389
2016-10-12 12:07:31+02;1389
2016-10-12 12:27:31+02;1419
2016-10-12 15:12:31+02;1389
2016-10-12 17:27:31+02;1379
2016-10-12 18:22:31+02;1359
2016-10-12 21:57:32+02;1459
2016-10-13 05:17:31+02;1459
2016-10-13 06:07:31+02;1449
2016-10-13 09:17:31+02;1439
2016-10-13 11:17:31+02;1379
2016-10-13 12:27:31+02;1409
2016-10-13 13:47:31+02;1399
2016-10-13 15:57:31+02;1369
2016-10-13 19:22:31+02;1359
2016-10-13 21:57:31+02;1449
2016-10-14 04:22:31+02;1449
2016-10-14 07:27:31+02;1409
2016-10-14 08:32:31+02;1389
2016-10-14 11:22:31+02;1379
2016-10-14 12:27:31+02;1409
2016-10-14 14:47:31+02;1379
2016-10-14 15:37:31+02;1369
2016-10-14 19:22:31+02;1349
2016-10-14 21:57:31+02;1449
2016-10-15 15:50:07+02;1389
2016-10-15 18:38:31+02;1369
2016-10-15 21:58:31+02;1449
2016-10-16 04:57:31+02;1449
2016-10-16 06:07:31+02;1449
2016-10-16 14:12:31+02;1409
2016-10-16 14:47:31+02;1409
2016-10-16 15:37:31+02;1389
2016-10-16 18:37:31+02;1369
2016-10-16 21:57:31+02;1449
2016-10-17 06:12:31+02;1449
2016-10-17 09:17:31+02;1439
2016-10-17 12:27:31+02;1439
2016-10-17 14:02:31+02;1419
2016-10-17 14:32:31+02;1389
2016-10-17 15:37:31+02;1379
2016-10-17 18:42:31+02;1369
2016-10-17 19:22:31+02;1369
2016-10-17 21:57:31+02;1459
2016-10-18 04:22:32+02;1459
2016-10-18 06:12:31+02;1449
2016-10-18 08:26:31+02;1439
2016-10-18 10:07:31+02;1429
2016-10-18 12:16:31+02;1409
2016-10-18 12:26:31+02;1439
2016-10-18 14:47:31+02;1389
2016-10-18 16:07:31+02;1379
2016-10-18 18:37:31+02;1359
2016-10-18 19:22:31+02;1359
2016-10-18 21:57:31+02;1459
2016-10-19 06:57:31+02;1449
2016-10-19 07:07:31+02;1439
2016-10-19 09:57:32+02;1439
2016-10-19 12:27:31+02;1439
2016-10-19 14:17:31+02;1369
2016-10-19 16:52:31+02;1369
2016-10-19 18:22:31+02;1359
2016-10-19 21:57:31+02;1459
2016-10-20 05:43:32+02;1459
2016-10-20 06:07:31+02;1449
2016-10-20 07:27:31+02;1449
2016-10-20 09:21:31+02;1449
2016-10-20 10:22:31+02;1439
2016-10-20 11:57:31+02;1419
2016-10-20 12:27:31+02;1439
2016-10-20 15:42:31+02;1409
2016-10-20 15:47:31+02;1399
2016-10-20 18:37:31+02;1379
2016-10-20 19:22:31+02;1369
2016-10-20 21:57:31+02;1449
2016-10-21 06:07:31+02;1449
2016-10-21 07:02:31+02;1449
2016-10-21 09:12:31+02;1439
2016-10-21 10:02:31+02;1429
2016-10-21 12:27:31+02;1429
2016-10-21 14:17:31+02;1399
2016-10-21 15:22:31+02;1389
2016-10-21 19:22:31+02;1379
2016-10-21 21:57:31+02;1459
2016-10-22 06:07:31+02;1459
2016-10-22 07:12:31+02;1459
2016-10-22 09:07:31+02;1389
2016-10-22 12:27:31+02;1419
2016-10-22 14:17:31+02;1399
2016-10-22 14:27:31+02;1399
2016-10-22 18:37:31+02;1379
2016-10-22 21:57:31+02;1459
2016-10-23 06:12:31+02;1459
2016-10-23 07:37:31+02;1439
2016-10-23 09:12:31+02;1409
2016-10-23 11:52:31+02;1399
2016-10-23 12:27:31+02;1429
2016-10-23 14:22:31+02;1399
2016-10-23 15:37:31+02;1399
2016-10-23 18:12:31+02;1379
2016-10-23 21:57:31+02;1459
2016-10-24 06:12:31+02;1439
2016-10-24 09:17:31+02;1439
2016-10-24 10:22:31+02;1429
2016-10-24 12:07:31+02;1409
2016-10-24 12:27:31+02;1439
2016-10-24 14:07:31+02;1389
2016-10-24 19:22:31+02;1379
2016-10-24 21:57:31+02;1459
2016-10-25 07:02:31+02;1449
2016-10-25 09:22:31+02;1449
2016-10-25 10:22:31+02;1439
2016-10-25 12:27:31+02;1439
2016-10-25 14:52:31+02;1399
2016-10-25 17:42:31+02;1389
2016-10-25 17:52:31+02;1389
2016-10-25 18:22:31+02;1379
2016-10-25 19:22:31+02;1369
2016-10-25 21:57:31+02;1459
2016-10-26 07:07:31+02;1459
2016-10-26 08:22:31+02;1439
2016-10-26 08:57:31+02;1439
2016-10-26 12:27:31+02;1439
2016-10-26 14:22:31+02;1389
2016-10-26 18:26:31+02;1369
2016-10-26 21:57:31+02;1449
2016-10-27 06:22:31+02;1449
2016-10-27 07:12:31+02;1449
2016-10-27 09:22:31+02;1439
2016-10-27 12:06:31+02;1379
2016-10-27 12:27:31+02;1409
2016-10-27 14:27:31+02;1369
2016-10-27 18:27:31+02;1369
2016-10-27 19:22:31+02;1349
2016-10-27 21:57:31+02;1449
2016-10-28 07:12:31+02;1439
2016-10-28 10:22:31+02;1419
2016-10-28 10:32:31+02;1409
2016-10-28 12:27:31+02;1429
2016-10-28 14:17:31+02;1389
2016-10-28 14:27:31+02;1419
2016-10-28 14:42:31+02;1389
2016-10-28 18:22:31+02;1379
2016-10-28 19:22:31+02;1359
2016-10-28 21:57:31+02;1449
2016-10-29 07:22:31+02;1449
2016-10-29 07:32:31+02;1449
2016-10-29 10:27:31+02;1399
2016-10-29 12:27:31+02;1429
2016-10-29 14:22:31+02;1369
2016-10-29 15:22:31+02;1359
2016-10-29 18:22:31+02;1349
2016-10-29 19:22:31+02;1329
2016-10-29 21:57:31+02;1449
2016-10-30 04:22:31+01;1449
2016-10-30 07:07:31+01;1429
2016-10-30 07:22:31+01;1419
2016-10-30 07:37:31+01;1419
2016-10-30 08:27:31+01;1409
2016-10-30 09:27:31+01;1399
2016-10-30 10:22:31+01;1379
2016-10-30 12:27:31+01;1409
2016-10-30 14:37:31+01;1339
2016-10-30 19:22:31+01;1339
2016-10-30 21:57:31+01;1449
2016-10-31 04:22:31+01;1449
2016-10-31 07:12:31+01;1379
2016-10-31 08:22:31+01;1369
2016-10-31 10:12:31+01;1349
2016-10-31 12:27:31+01;1379
2016-10-31 15:22:31+01;1339
2016-10-31 15:32:31+01;1339
2016-10-31 18:22:32+01;1329
2016-10-31 21:57:31+01;1449
2016-11-01 04:22:31+01;1449
2016-11-01 07:22:31+01;1409
2016-11-01 07:37:31+01;1409
2016-11-01 10:22:31+01;1399
2016-11-01 12:27:31+01;1429
2016-11-01 14:22:31+01;1359
2016-11-01 14:33:31+01;1359
2016-11-01 15:02:31+01;1359
2016-11-01 18:27:31+01;1349
2016-11-01 21:57:31+01;1449
2016-11-02 04:22:31+01;1449
2016-11-02 07:07:31+01;1429
2016-11-02 07:17:31+01;1419
2016-11-02 07:27:31+01;1419
2016-11-02 07:32:31+01;1409
2016-11-02 08:17:31+01;1399
2016-11-02 08:52:31+01;1399
2016-11-02 10:27:32+01;1369
2016-11-02 11:07:31+01;1349
2016-11-02 12:27:32+01;1379
2016-11-02 14:32:31+01;1349
2016-11-02 16:27:31+01;1339
2016-11-02 18:07:31+01;1339
2016-11-02 19:22:31+01;1319
2016-11-02 21:57:31+01;1439
2016-11-03 05:42:31+01;1439
2016-11-03 07:12:31+01;1409
2016-11-03 07:22:31+01;1409
2016-11-03 07:37:31+01;1409
2016-11-03 08:22:31+01;1399
2016-11-03 09:22:31+01;1399
2016-11-03 10:37:31+01;1379
2016-11-03 11:52:31+01;1339
2016-11-03 12:27:31+01;1369
2016-11-03 14:37:31+01;1329
2016-11-03 18:22:31+01;1299
2016-11-03 21:58:31+01;1439
2016-11-04 04:27:31+01;1429
2016-11-04 08:48:31+01;1389
2016-11-04 09:17:31+01;1389
2016-11-04 09:27:31+01;1389
2016-11-04 10:22:31+01;1369
2016-11-04 12:27:31+01;1399
2016-11-04 14:07:31+01;1359
2016-11-04 14:32:31+01;1349
2016-11-04 15:22:31+01;1339
2016-11-04 18:22:31+01;1329
2016-11-04 19:22:31+01;1319
2016-11-04 21:57:31+01;1429
2016-11-05 05:57:31+01;1419
2016-11-05 06:07:31+01;1409
2016-11-05 07:22:31+01;1389
2016-11-05 09:47:31+01;1379
2016-11-05 09:57:31+01;1349
2016-11-05 12:27:31+01;1379
2016-11-05 14:37:31+01;1349
2016-11-05 15:22:31+01;1339
2016-11-05 18:27:31+01;1319
2016-11-05 22:47:31+01;1429
2016-11-06 04:57:31+01;1419
2016-11-06 07:12:31+01;1409
2016-11-06 08:07:31+01;1399
2016-11-06 08:27:31+01;1389
2016-11-06 09:12:31+01;1379
2016-11-06 10:22:31+01;1369
2016-11-06 12:27:31+01;1399
2016-11-06 14:17:31+01;1309
2016-11-06 21:57:31+01;1429
2016-11-07 04:22:31+01;1419
2016-11-07 07:12:31+01;1389
2016-11-07 08:02:31+01;1379
2016-11-07 08:17:31+01;1369
2016-11-07 09:32:32+01;1369
2016-11-07 12:27:31+01;1399
2016-11-07 14:22:31+01;1329
2016-11-07 15:22:31+01;1329
2016-11-07 18:22:31+01;1309
2016-11-07 19:22:31+01;1309
2016-11-07 21:57:31+01;1419
2016-11-08 04:22:31+01;1409
2016-11-08 07:12:31+01;1349
2016-11-08 10:17:31+01;1339
2016-11-08 12:27:31+01;1369
2016-11-08 14:17:31+01;1319
2016-11-08 14:27:31+01;1309
2016-11-08 19:02:31+01;1289
2016-11-08 21:57:31+01;1419
2016-11-09 05:22:32+01;1409
2016-11-09 06:52:31+01;1379
2016-11-09 07:37:31+01;1379
2016-11-09 09:27:31+01;1379
2016-11-09 11:17:32+01;1339
2016-11-09 12:27:31+01;1369
2016-11-09 14:12:31+01;1359
2016-11-09 14:37:31+01;1339
2016-11-09 14:47:31+01;1339
2016-11-09 18:22:31+01;1329
2016-11-09 19:22:31+01;1309
2016-11-09 21:57:31+01;1419
2016-11-10 04:57:31+01;1409
2016-11-10 06:02:31+01;1389
2016-11-10 07:12:31+01;1379
2016-11-10 07:22:31+01;1369
2016-11-10 09:32:31+01;1359
2016-11-10 10:47:31+01;1339
2016-11-10 12:27:31+01;1369
2016-11-10 13:52:31+01;1359
2016-11-10 14:02:31+01;1349
2016-11-10 14:32:31+01;1329
2016-11-10 15:22:31+01;1329
2016-11-10 16:22:31+01;1319
2016-11-10 18:22:31+01;1309
2016-11-10 19:22:31+01;1309
2016-11-10 21:57:31+01;1419
2016-11-11 05:37:31+01;1409
2016-11-11 06:17:31+01;1389
2016-11-11 07:12:32+01;1379
2016-11-11 07:22:31+01;1369
2016-11-11 08:52:31+01;1359
2016-11-11 09:17:31+01;1349
2016-11-11 11:42:31+01;1329
2016-11-11 12:27:31+01;1359
2016-11-11 14:22:31+01;1339
2016-11-11 14:32:31+01;1329
2016-11-11 18:37:31+01;1309
2016-11-11 19:22:31+01;1299
2016-11-11 21:57:31+01;1419
2016-11-12 04:22:31+01;1419
2016-11-12 06:07:31+01;1389
2016-11-12 07:37:31+01;1379
2016-11-12 07:47:31+01;1369
2016-11-12 09:32:31+01;1339
2016-11-12 12:27:31+01;1369
2016-11-12 14:32:31+01;1339
2016-11-12 14:57:31+01;1329
2016-11-12 15:27:31+01;1329
2016-11-12 18:37:31+01;1309
2016-11-12 19:24:32+01;1299
2016-11-12 21:57:31+01;1419
2016-11-13 04:22:31+01;1419
2016-11-13 07:07:31+01;1399
2016-11-13 07:17:31+01;1389
2016-11-13 07:37:31+01;1379
2016-11-13 08:27:31+01;1369
2016-11-13 10:27:31+01;1359
2016-11-13 12:27:31+01;1389
2016-11-13 14:27:31+01;1329
2016-11-13 14:37:31+01;1329
2016-11-13 15:57:31+01;1329
2016-11-13 18:37:31+01;1309
2016-11-13 21:57:31+01;1419
2016-11-14 04:22:31+01;1419
2016-11-14 06:06:31+01;1419
2016-11-14 06:17:31+01;1389
2016-11-14 06:57:31+01;1379
2016-11-14 07:07:31+01;1379
2016-11-14 08:27:31+01;1369
2016-11-14 09:17:31+01;1359
2016-11-14 10:22:31+01;1349
2016-11-14 12:17:31+01;1339
2016-11-14 12:27:31+01;1369
2016-11-14 14:12:31+01;1339
2016-11-14 14:22:31+01;1339
2016-11-14 14:37:31+01;1319
2016-11-14 16:47:31+01;1309
2016-11-14 19:22:31+01;1299
2016-11-14 21:57:31+01;1409
2016-11-15 04:22:31+01;1409
2016-11-15 06:12:31+01;1409
2016-11-15 06:22:31+01;1379
2016-11-15 07:37:32+01;1369
2016-11-15 07:42:31+01;1369
2016-11-15 07:47:31+01;1359
2016-11-15 10:12:31+01;1349
2016-11-15 11:52:31+01;1349
2016-11-15 12:27:31+01;1379
2016-11-15 14:32:31+01;1329
2016-11-15 14:47:32+01;1329
2016-11-15 18:22:31+01;1319
2016-11-15 19:27:31+01;1309
2016-11-15 21:57:31+01;1409
2016-11-16 04:22:31+01;1409
2016-11-16 06:27:31+01;1409
2016-11-16 06:37:31+01;1379
2016-11-16 07:02:31+01;1379
2016-11-16 07:17:31+01;1369
2016-11-16 08:07:32+01;1359
2016-11-16 09:32:31+01;1339
2016-11-16 10:07:31+01;1339
2016-11-16 12:27:31+01;1369
2016-11-16 14:12:31+01;1339
2016-11-16 14:27:31+01;1319
2016-11-16 18:22:31+01;1289
2016-11-16 19:27:31+01;1279
2016-11-16 21:57:31+01;1419
2016-11-17 04:22:31+01;1419
2016-11-17 06:12:31+01;1419
2016-11-17 06:22:31+01;1369
2016-11-17 07:37:31+01;1359
2016-11-17 09:07:31+01;1349
2016-11-17 10:17:31+01;1329
2016-11-17 12:27:31+01;1359
2016-11-17 13:57:31+01;1339
2016-11-17 14:22:31+01;1329
2016-11-17 14:32:31+01;1329
2016-11-17 15:45:31+01;1319
2016-11-17 18:37:31+01;1309
2016-11-17 19:22:31+01;1299
2016-11-17 21:57:31+01;1419
2016-11-18 04:22:31+01;1419
2016-11-18 06:12:31+01;1419
2016-11-18 06:22:31+01;1389
2016-11-18 07:02:31+01;1359
2016-11-18 07:47:31+01;1349
2016-11-18 09:43:31+01;1289
2016-11-18 12:27:31+01;1319
2016-11-18 14:02:31+01;1319
2016-11-18 14:12:31+01;1299
2016-11-18 18:22:31+01;1289
2016-11-18 21:57:31+01;1419
2016-11-19 06:12:31+01;1389
2016-11-19 07:32:31+01;1379
2016-11-19 07:37:31+01;1379
2016-11-19 07:42:31+01;1359
2016-11-19 09:12:31+01;1339
2016-11-19 09:27:31+01;1339
2016-11-19 11:52:31+01;1319
2016-11-19 12:27:31+01;1349
2016-11-19 14:12:31+01;1319
2016-11-19 18:22:31+01;1309
2016-11-19 19:22:31+01;1309
2016-11-19 21:57:31+01;1419
2016-11-20 06:02:31+01;1409
2016-11-20 07:52:31+01;1349
2016-11-20 08:02:31+01;1349
2016-11-20 10:17:31+01;1329
2016-11-20 12:27:31+01;1359
2016-11-20 14:22:31+01;1339
2016-11-20 14:32:31+01;1339
2016-11-20 15:37:31+01;1329
2016-11-20 18:37:31+01;1289
2016-11-20 21:57:31+01;1419
2016-11-21 06:12:31+01;1419
2016-11-21 06:22:31+01;1399
2016-11-21 07:07:31+01;1329
2016-11-21 09:12:31+01;1319
2016-11-21 12:27:31+01;1349
2016-11-21 14:12:31+01;1339
2016-11-21 14:22:31+01;1319
2016-11-21 15:37:31+01;1309
2016-11-21 18:37:31+01;1299
2016-11-21 21:57:32+01;1439
2016-11-22 04:22:31+01;1439
2016-11-22 07:17:31+01;1369
2016-11-22 10:02:31+01;1309
2016-11-22 12:27:31+01;1339
2016-11-22 14:12:31+01;1319
2016-11-22 14:37:31+01;1319
2016-11-22 18:22:31+01;1279
2016-11-22 19:22:31+01;1279
2016-11-22 21:57:31+01;1429
2016-11-23 05:17:31+01;1429
2016-11-23 06:52:31+01;1349
2016-11-23 10:22:31+01;1309
2016-11-23 12:27:31+01;1339
2016-11-23 14:17:31+01;1329
2016-11-23 15:22:31+01;1309
2016-11-23 21:57:31+01;1439
2016-11-24 05:27:31+01;1439
2016-11-24 07:02:31+01;1369
2016-11-24 09:32:31+01;1319
2016-11-24 10:22:31+01;1309
2016-11-24 12:27:31+01;1339
2016-11-24 14:12:31+01;1329
2016-11-24 18:17:31+01;1299
2016-11-24 21:57:31+01;1449
2016-11-25 06:52:31+01;1409
2016-11-25 07:12:31+01;1369
2016-11-25 07:52:31+01;1369
2016-11-25 08:47:31+01;1369
2016-11-25 10:12:31+01;1319
2016-11-25 12:27:31+01;1349
2016-11-25 14:07:31+01;1309
2016-11-25 19:37:31+01;1299
2016-11-25 21:57:31+01;1439
2016-11-26 07:17:31+01;1429
2016-11-26 07:27:31+01;1389
2016-11-26 10:22:31+01;1319
2016-11-26 10:47:31+01;1309
2016-11-26 12:27:31+01;1339
2016-11-26 14:07:31+01;1329
2016-11-26 14:32:31+01;1319
2016-11-26 18:17:31+01;1309
2016-11-26 19:17:31+01;1309
2016-11-26 21:57:31+01;1439
2016-11-27 07:32:31+01;1399
2016-11-27 07:42:31+01;1389
2016-11-27 10:12:32+01;1359
2016-11-27 11:02:31+01;1309
2016-11-27 12:27:31+01;1339
2016-11-27 13:57:31+01;1309
2016-11-27 14:17:31+01;1309
2016-11-27 21:57:31+01;1439
2016-11-28 06:57:31+01;1359
2016-11-28 10:02:31+01;1339
2016-11-28 12:28:31+01;1369
2016-11-28 14:22:31+01;1319
2016-11-28 14:32:31+01;1309
2016-11-28 18:17:31+01;1289
2016-11-28 21:57:31+01;1439
2016-11-29 07:07:31+01;1389
2016-11-29 07:17:31+01;1369
2016-11-29 07:32:31+01;1369
2016-11-29 09:32:31+01;1349
2016-11-29 12:17:31+01;1349
2016-11-29 12:27:31+01;1379
2016-11-29 13:52:32+01;1349
2016-11-29 14:37:31+01;1339
2016-11-29 15:17:31+01;1339
2016-11-29 16:17:31+01;1329
2016-11-29 18:22:31+01;1309
2016-11-29 21:57:31+01;1439
2016-11-30 07:13:31+01;1389
2016-11-30 07:23:31+01;1389
2016-11-30 08:07:31+01;1379
2016-11-30 09:02:31+01;1369
2016-11-30 10:17:31+01;1349
2016-11-30 12:27:31+01;1379
2016-11-30 14:27:31+01;1339
2016-11-30 14:37:31+01;1339
2016-11-30 17:02:31+01;1329
2016-11-30 17:37:31+01;1309
2016-11-30 21:57:31+01;1459
2016-12-01 06:52:31+01;1399
2016-12-01 07:12:31+01;1399
2016-12-01 07:22:31+01;1379
2016-12-01 08:07:31+01;1379
2016-12-01 09:02:31+01;1379
2016-12-01 09:17:31+01;1379
2016-12-01 10:17:31+01;1359
2016-12-01 12:27:31+01;1389
2016-12-01 14:52:31+01;1359
2016-12-01 15:02:31+01;1349
2016-12-01 18:22:31+01;1329
2016-12-01 19:22:31+01;1319
2016-12-01 21:57:31+01;1469
2016-12-02 06:57:31+01;1399
2016-12-02 07:17:32+01;1379
2016-12-02 07:27:31+01;1379
2016-12-02 09:27:31+01;1359
2016-12-02 12:27:31+01;1389
2016-12-02 13:52:31+01;1379
2016-12-02 14:02:31+01;1379
2016-12-02 14:32:31+01;1359
2016-12-02 15:52:31+01;1359
2016-12-02 18:17:31+01;1349
2016-12-02 21:57:31+01;1469
2016-12-03 08:17:31+01;1429
2016-12-03 09:32:31+01;1419
2016-12-03 10:32:31+01;1359
2016-12-03 12:27:31+01;1389
2016-12-03 14:17:31+01;1379
2016-12-03 15:17:31+01;1369
2016-12-03 18:17:31+01;1349
2016-12-03 21:57:31+01;1469
2016-12-04 07:32:31+01;1439
2016-12-04 07:42:31+01;1429
2016-12-04 09:57:31+01;1419
2016-12-04 12:27:31+01;1449
2016-12-04 14:02:31+01;1389
2016-12-04 15:32:31+01;1369
2016-12-04 18:32:31+01;1359
2016-12-04 21:57:31+01;1469
2016-12-05 07:12:31+01;1439
2016-12-05 07:37:31+01;1429
2016-12-05 08:27:31+01;1419
2016-12-05 08:52:31+01;1409
2016-12-05 09:32:31+01;1399
2016-12-05 12:17:31+01;1389
2016-12-05 12:27:31+01;1419
2016-12-05 14:12:31+01;1379
2016-12-05 14:22:31+01;1369
2016-12-05 18:17:31+01;1349
2016-12-05 21:57:31+01;1469
2016-12-06 07:12:31+01;1349
2016-12-06 12:27:31+01;1379
2016-12-06 14:47:31+01;1349
2016-12-06 19:17:31+01;1339
2016-12-06 21:57:31+01;1469
2016-12-07 06:17:31+01;1429
2016-12-07 07:07:31+01;1419
2016-12-07 07:32:31+01;1419
2016-12-07 10:12:31+01;1399
2016-12-07 12:17:31+01;1379
2016-12-07 12:27:31+01;1409
2016-12-07 13:47:31+01;1379
2016-12-07 14:17:31+01;1359
2016-12-07 18:27:31+01;1349
2016-12-07 21:57:31+01;1469
2016-12-08 07:02:31+01;1429
2016-12-08 07:22:31+01;1419
2016-12-08 07:37:31+01;1419
2016-12-08 08:17:31+01;1419
2016-12-08 10:22:31+01;1339
2016-12-08 12:27:31+01;1369
2016-12-08 14:07:31+01;1369
2016-12-08 14:17:31+01;1349
2016-12-08 18:17:31+01;1339
2016-12-08 19:17:31+01;1339
2016-12-08 21:57:31+01;1469
2016-12-09 06:52:31+01;1419
2016-12-09 07:32:31+01;1409
2016-12-09 09:56:31+01;1399
2016-12-09 10:17:31+01;1369
2016-12-09 12:27:31+01;1399
2016-12-09 14:17:31+01;1349
2016-12-09 18:17:31+01;1349
2016-12-09 19:17:31+01;1339
2016-12-09 21:57:31+01;1479
2016-12-10 07:27:31+01;1419
2016-12-10 09:12:31+01;1419
2016-12-10 10:27:31+01;1399
2016-12-10 10:37:31+01;1359
2016-12-10 12:27:31+01;1389
2016-12-10 14:17:31+01;1379
2016-12-10 15:22:31+01;1369
2016-12-10 18:17:31+01;1359
2016-12-10 21:57:31+01;1479
2016-12-11 07:32:31+01;1429
2016-12-11 10:37:31+01;1419
2016-12-11 12:27:31+01;1449
2016-12-11 14:12:31+01;1439
2016-12-11 14:27:31+01;1429
2016-12-11 15:02:31+01;1419
2016-12-11 17:32:31+01;1409
2016-12-11 18:32:31+01;1389
2016-12-11 21:57:31+01;1479
2016-12-12 06:57:31+01;1439
2016-12-12 07:07:31+01;1439
2016-12-12 09:12:31+01;1429
2016-12-12 09:22:31+01;1419
2016-12-12 10:17:31+01;1409
2016-12-12 11:47:31+01;1389
2016-12-12 12:27:31+01;1419
2016-12-12 13:27:31+01;1389
2016-12-12 13:47:31+01;1389
2016-12-12 16:37:31+01;1369
2016-12-12 19:17:31+01;1339
2016-12-12 21:57:31+01;1489
2016-12-13 06:57:31+01;1429
2016-12-13 07:17:31+01;1419
2016-12-13 07:37:31+01;1419
2016-12-13 09:02:31+01;1399
2016-12-13 09:17:31+01;1399
2016-12-13 10:17:31+01;1379
2016-12-13 12:27:31+01;1409
2016-12-13 14:12:31+01;1389
2016-12-13 14:22:31+01;1389
2016-12-13 15:42:31+01;1379
2016-12-13 18:17:31+01;1369
2016-12-13 19:17:31+01;1359
2016-12-13 21:57:31+01;1489
2016-12-14 07:02:31+01;1439
2016-12-14 07:22:31+01;1419
2016-12-14 07:37:31+01;1419
2016-12-14 10:12:31+01;1399
2016-12-14 12:17:31+01;1389
2016-12-14 12:27:31+01;1419
2016-12-14 14:12:31+01;1379
2016-12-14 15:17:31+01;1369
2016-12-14 21:56:31+01;1489
2016-12-15 07:17:31+01;1369
2016-12-15 12:27:31+01;1399
2016-12-15 14:17:31+01;1389
2016-12-15 14:32:31+01;1369
2016-12-15 15:17:31+01;1369
2016-12-15 18:17:31+01;1339
2016-12-15 21:57:31+01;1489
2016-12-16 06:52:31+01;1369
2016-12-16 12:02:31+01;1359
2016-12-16 12:27:32+01;1389
2016-12-16 14:07:31+01;1359
2016-12-16 18:17:32+01;1339
2016-12-16 21:57:31+01;1489
2016-12-17 07:17:31+01;1339
2016-12-17 12:27:31+01;1369
2016-12-17 14:12:31+01;1339
2016-12-17 21:57:31+01;1489
2016-12-18 05:57:31+01;1449
2016-12-18 07:32:31+01;1439
2016-12-18 10:47:31+01;1429
2016-12-18 11:16:31+01;1409
2016-12-18 12:27:31+01;1439
2016-12-18 14:19:31+01;1399
2016-12-18 18:17:31+01;1389
2016-12-18 21:57:31+01;1499
2016-12-19 07:07:31+01;1399
2016-12-19 12:02:31+01;1399
2016-12-19 12:17:31+01;1389
2016-12-19 12:27:31+01;1419
2016-12-19 14:07:31+01;1399
2016-12-19 14:17:31+01;1389
2016-12-19 15:17:31+01;1389
2016-12-19 18:22:31+01;1369
2016-12-19 21:57:31+01;1499
2016-12-20 06:57:31+01;1379
2016-12-20 08:47:31+01;1379
2016-12-20 12:52:32+01;1409
2016-12-20 14:17:31+01;1369
2016-12-20 15:17:31+01;1369
2016-12-20 18:17:31+01;1329
2016-12-20 21:57:31+01;1479
2016-12-21 05:17:31+01;1479
2016-12-21 06:57:31+01;1359
2016-12-21 12:27:31+01;1389
2016-12-21 14:02:31+01;1389
2016-12-21 15:17:31+01;1379
2016-12-21 15:27:31+01;1379
2016-12-21 18:17:31+01;1359
2016-12-21 21:57:31+01;1509
2016-12-22 05:32:31+01;1509
2016-12-22 07:02:31+01;1409
2016-12-22 10:17:31+01;1359
2016-12-22 11:07:31+01;1359
2016-12-22 12:27:31+01;1389
2016-12-22 14:17:31+01;1389
2016-12-22 14:27:31+01;1379
2016-12-22 15:17:32+01;1379
2016-12-22 18:17:31+01;1369
2016-12-22 19:17:31+01;1359
2016-12-22 21:57:31+01;1509
2016-12-23 06:57:31+01;1449
2016-12-23 07:17:31+01;1419
2016-12-23 09:27:31+01;1399
2016-12-23 12:27:31+01;1429
2016-12-23 14:02:31+01;1419
2016-12-23 14:12:31+01;1399
2016-12-23 15:17:31+01;1389
2016-12-23 18:17:31+01;1369
2016-12-23 19:17:31+01;1359
2016-12-23 21:57:31+01;1509
2016-12-24 07:17:31+01;1459
2016-12-24 07:27:31+01;1459
2016-12-24 07:57:31+01;1439
2016-12-24 08:12:31+01;1429
2016-12-24 10:12:31+01;1389
2016-12-24 12:32:31+01;1419
2016-12-24 14:52:31+01;1399
2016-12-24 15:02:31+01;1389
2016-12-24 15:17:32+01;1379
2016-12-24 21:57:31+01;1509
2016-12-25 04:17:31+01;1509
2016-12-25 07:02:31+01;1459
2016-12-25 07:12:31+01;1459
2016-12-25 07:47:31+01;1459
2016-12-25 08:12:31+01;1459
2016-12-25 10:52:31+01;1439
2016-12-25 12:27:31+01;1469
2016-12-25 15:12:31+01;1389
2016-12-25 18:32:31+01;1379
2016-12-25 19:17:31+01;1369
2016-12-25 21:56:31+01;1509
2016-12-26 04:17:31+01;1509
2016-12-26 07:02:31+01;1459
2016-12-26 08:12:31+01;1459
2016-12-26 09:12:31+01;1449
2016-12-26 10:17:31+01;1409
2016-12-26 12:27:31+01;1439
2016-12-26 14:42:31+01;1419
2016-12-26 14:52:31+01;1389
2016-12-26 18:17:31+01;1379
2016-12-26 21:57:31+01;1509
2016-12-27 05:32:31+01;1509
2016-12-27 07:17:31+01;1459
2016-12-27 07:27:31+01;1459
2016-12-27 07:47:31+01;1429
2016-12-27 10:17:31+01;1409
2016-12-27 10:42:31+01;1409
2016-12-27 12:27:31+01;1439
2016-12-27 14:07:31+01;1399
2016-12-27 14:17:31+01;1399
2016-12-27 14:42:31+01;1389
2016-12-27 18:17:31+01;1369
2016-12-27 19:17:31+01;1359
2016-12-27 21:57:31+01;1509
2016-12-28 07:17:31+01;1449
2016-12-28 09:02:31+01;1409
2016-12-28 09:22:31+01;1409
2016-12-28 10:17:31+01;1389
2016-12-28 12:27:31+01;1419
2016-12-28 14:17:31+01;1399
2016-12-28 14:27:31+01;1399
2016-12-28 14:42:31+01;1399
2016-12-28 18:17:31+01;1369
2016-12-28 21:57:31+01;1509
2016-12-29 07:17:31+01;1449
2016-12-29 07:27:31+01;1449
2016-12-29 10:17:31+01;1409
2016-12-29 10:42:31+01;1409
2016-12-29 12:27:31+01;1439
2016-12-29 14:11:31+01;1399
2016-12-29 14:21:31+01;1399
2016-12-29 18:17:31+01;1379
2016-12-29 21:57:31+01;1519
2016-12-30 07:22:31+01;1439
2016-12-30 07:32:31+01;1439
2016-12-30 09:12:31+01;1419
2016-12-30 10:07:31+01;1419
2016-12-30 12:27:31+01;1449
2016-12-30 15:17:31+01;1409
2016-12-30 15:27:31+01;1389
2016-12-30 18:17:31+01;1379
2016-12-30 21:57:31+01;1509
2016-12-31 07:32:31+01;1459
2016-12-31 10:47:31+01;1389
2016-12-31 12:27:31+01;1419
2016-12-31 14:07:31+01;1419
2016-12-31 14:17:32+01;1419
2016-12-31 15:17:31+01;1409
2016-12-31 18:17:31+01;1379
2016-12-31 21:57:31+01;1509
2017-01-02 09:02:31+01;1469
2017-01-02 10:07:31+01;1429
2017-01-02 12:27:31+01;1459
2017-01-02 14:17:31+01;1409
2017-01-02 14:27:31+01;1409
2017-01-02 15:17:31+01;1409
2017-01-02 16:02:31+01;1389
2017-01-02 18:17:31+01;1369
2017-01-02 21:57:31+01;1509
2017-01-03 07:17:31+01;1429
2017-01-03 07:27:31+01;1429
2017-01-03 08:51:31+01;1409
2017-01-03 12:27:31+01;1439
2017-01-03 14:07:31+01;1419
2017-01-03 15:17:31+01;1369
2017-01-03 18:17:31+01;1369
2017-01-03 21:57:31+01;1509
2017-01-04 07:02:31+01;1459
2017-01-04 07:12:31+01;1459
2017-01-04 10:17:31+01;1439
2017-01-04 12:27:31+01;1469
2017-01-04 14:22:31+01;1409
2017-01-04 15:17:31+01;1409
2017-01-04 18:17:31+01;1389
2017-01-04 18:27:31+01;1389
2017-01-04 19:17:31+01;1379
2017-01-04 21:57:31+01;1509
2017-01-05 07:02:31+01;1469
2017-01-05 09:32:31+01;1389
2017-01-05 12:27:31+01;1419
2017-01-05 13:42:31+01;1419
2017-01-05 14:12:31+01;1389
2017-01-05 19:17:31+01;1379
2017-01-05 21:58:31+01;1509
2017-01-06 07:52:31+01;1429
2017-01-06 11:42:31+01;1389
2017-01-06 12:27:31+01;1419
2017-01-06 14:17:31+01;1409
2017-01-06 19:17:31+01;1389
2017-01-06 21:57:31+01;1509
2017-01-07 07:22:31+01;1459
2017-01-07 10:37:31+01;1449
2017-01-07 12:27:31+01;1479
2017-01-07 14:17:31+01;1419
2017-01-07 14:27:31+01;1399
2017-01-07 14:42:31+01;1399
2017-01-07 15:47:31+01;1399
2017-01-07 19:17:31+01;1379
2017-01-07 21:57:31+01;1509
2017-01-08 07:02:31+01;1459
2017-01-08 07:32:31+01;1459
2017-01-08 09:22:31+01;1449
2017-01-08 12:27:31+01;1479
2017-01-08 14:17:31+01;1409
2017-01-08 19:17:31+01;1389
2017-01-08 21:57:31+01;1509
2017-01-09 07:17:32+01;1429
2017-01-09 10:22:31+01;1409
2017-01-09 12:27:31+01;1439
2017-01-09 14:07:31+01;1429
2017-01-09 14:17:31+01;1409
2017-01-09 15:47:31+01;1399
2017-01-09 21:57:31+01;1499
2017-01-10 07:17:31+01;1469
2017-01-10 09:07:31+01;1449
2017-01-10 10:07:31+01;1449
2017-01-10 10:31:31+01;1439
2017-01-10 11:32:31+01;1409
2017-01-10 12:27:31+01;1439
2017-01-10 14:17:31+01;1439
2017-01-10 14:27:31+01;1419
2017-01-10 15:47:31+01;1409
2017-01-10 19:17:31+01;1369
2017-01-10 21:57:31+01;1499
2017-01-11 07:17:31+01;1459
2017-01-11 07:27:31+01;1449
2017-01-11 09:12:31+01;1439
2017-01-11 11:07:31+01;1409
2017-01-11 12:27:31+01;1439
2017-01-11 14:12:31+01;1429
2017-01-11 14:22:31+01;1429
2017-01-11 14:42:31+01;1419
2017-01-11 14:52:31+01;1419
2017-01-11 15:47:31+01;1409
2017-01-11 19:17:31+01;1359
2017-01-11 21:57:31+01;1509
2017-01-12 06:12:31+01;1449
2017-01-12 07:22:31+01;1449
2017-01-12 08:52:31+01;1439
2017-01-12 12:27:31+01;1469
2017-01-12 14:07:31+01;1439
2017-01-12 14:17:31+01;1429
2017-01-12 14:32:31+01;1419
2017-01-12 14:42:31+01;1419
2017-01-12 14:57:31+01;1419
2017-01-12 15:07:31+01;1409
2017-01-12 16:27:31+01;1399
2017-01-12 19:17:31+01;1379
2017-01-12 21:57:31+01;1509
2017-01-13 07:17:31+01;1459
2017-01-13 08:57:31+01;1429
2017-01-13 10:57:31+01;1419
2017-01-13 12:27:31+01;1449
2017-01-13 14:17:31+01;1439
2017-01-13 14:27:31+01;1419
2017-01-13 15:02:31+01;1349
2017-01-13 15:52:31+01;1349
2017-01-13 21:57:31+01;1499
2017-01-14 05:57:31+01;1459
2017-01-14 07:17:31+01;1449
2017-01-14 09:02:31+01;1389
2017-01-14 11:47:31+01;1389
2017-01-14 12:27:31+01;1419
2017-01-14 14:12:31+01;1409
2017-01-14 14:32:31+01;1409
2017-01-14 19:17:31+01;1399
2017-01-14 21:57:31+01;1509
2017-01-15 07:02:31+01;1469
2017-01-15 07:32:31+01;1459
2017-01-15 07:42:31+01;1459
2017-01-15 07:57:31+01;1459
2017-01-15 10:06:31+01;1449
2017-01-15 11:57:31+01;1439
2017-01-15 12:07:31+01;1409
2017-01-15 12:27:31+01;1439
2017-01-15 14:07:31+01;1419
2017-01-15 14:27:31+01;1419
2017-01-15 14:37:31+01;1419
2017-01-15 15:47:31+01;1409
2017-01-15 15:57:31+01;1409
2017-01-15 19:17:31+01;1399
2017-01-15 21:57:31+01;1509
2017-01-16 07:17:31+01;1429
2017-01-16 08:12:31+01;1429
2017-01-16 11:07:31+01;1429
2017-01-16 12:27:31+01;1459
2017-01-16 14:02:31+01;1429
2017-01-16 14:17:31+01;1429
2017-01-16 15:47:31+01;1419
2017-01-16 19:17:31+01;1399
2017-01-16 21:57:31+01;1519
2017-01-17 06:52:31+01;1469
2017-01-17 07:02:31+01;1439
2017-01-17 09:22:31+01;1429
2017-01-17 10:07:32+01;1409
2017-01-17 12:27:31+01;1439
2017-01-17 13:52:31+01;1439
2017-01-17 14:02:31+01;1429
2017-01-17 14:27:31+01;1419
2017-01-17 15:47:31+01;1339
2017-01-17 16:57:31+01;1339
2017-01-17 21:57:31+01;1489
2017-01-18 07:02:31+01;1449
2017-01-18 07:12:31+01;1429
2017-01-18 08:52:31+01;1429
2017-01-18 10:17:31+01;1409
2017-01-18 12:27:31+01;1439
2017-01-18 14:07:31+01;1439
2017-01-18 14:27:31+01;1419
2017-01-18 14:42:31+01;1409
2017-01-18 16:07:31+01;1409
2017-01-18 19:17:31+01;1399
2017-01-18 21:57:31+01;1509
2017-01-19 07:17:31+01;1419
2017-01-19 08:47:31+01;1399
2017-01-19 10:12:31+01;1389
2017-01-19 11:42:31+01;1389
2017-01-19 12:27:31+01;1419
2017-01-19 13:52:31+01;1409
2017-01-19 14:22:31+01;1399
2017-01-19 19:17:31+01;1369
2017-01-19 21:57:31+01;1499
2017-01-20 07:17:31+01;1419
2017-01-20 12:17:31+01;1389
2017-01-20 12:27:31+01;1419
2017-01-20 13:52:31+01;1409
2017-01-20 14:27:31+01;1389
2017-01-20 19:17:31+01;1359
2017-01-20 21:57:31+01;1509
2017-01-21 07:17:31+01;1409
2017-01-21 11:02:31+01;1369
2017-01-21 12:27:31+01;1399
2017-01-21 14:12:31+01;1389
2017-01-21 15:07:31+01;1389
2017-01-21 19:17:31+01;1369
2017-01-21 21:57:31+01;1509
2017-01-22 07:02:31+01;1459
2017-01-22 07:27:31+01;1459
2017-01-22 07:42:31+01;1459
2017-01-22 11:57:31+01;1379
2017-01-22 12:27:31+01;1409
2017-01-22 14:17:31+01;1399
2017-01-22 14:27:31+01;1399
2017-01-22 17:17:31+01;1369
2017-01-22 21:57:31+01;1509
2017-01-23 06:52:31+01;1459
2017-01-23 07:12:31+01;1459
2017-01-23 07:57:31+01;1449
2017-01-23 09:27:31+01;1439
2017-01-23 10:16:31+01;1429
2017-01-23 12:27:31+01;1459
2017-01-23 14:07:31+01;1409
2017-01-23 14:52:31+01;1399
2017-01-23 15:47:31+01;1399
2017-01-23 19:17:31+01;1379
2017-01-23 21:57:31+01;1509
2017-01-24 07:17:31+01;1449
2017-01-24 09:12:31+01;1439
2017-01-24 10:17:31+01;1419
2017-01-24 11:27:31+01;1409
2017-01-24 12:27:31+01;1439
2017-01-24 14:07:31+01;1419
2017-01-24 14:27:31+01;1419
2017-01-24 14:37:31+01;1419
2017-01-24 14:52:31+01;1409
2017-01-24 15:47:31+01;1399
2017-01-24 18:32:31+01;1379
2017-01-24 19:17:31+01;1359
2017-01-24 21:57:31+01;1509
2017-01-25 06:57:31+01;1419
2017-01-25 07:47:31+01;1419
2017-01-25 08:17:31+01;1409
2017-01-25 10:17:31+01;1379
2017-01-25 12:27:31+01;1409
2017-01-25 14:37:31+01;1379
2017-01-25 21:57:31+01;1509
2017-01-26 07:22:31+01;1409
2017-01-26 10:17:31+01;1399
2017-01-26 12:27:31+01;1429
2017-01-26 13:52:31+01;1409
2017-01-26 14:17:31+01;1399
2017-01-26 14:32:31+01;1389
2017-01-26 19:17:31+01;1369
2017-01-26 21:57:31+01;1519
2017-01-27 06:57:31+01;1409
2017-01-27 10:17:31+01;1389
2017-01-27 12:27:31+01;1419
2017-01-27 14:22:31+01;1409
2017-01-27 14:57:31+01;1399
2017-01-27 17:37:31+01;1379
2017-01-27 19:17:31+01;1369
2017-01-27 21:57:31+01;1519
2017-01-28 06:57:31+01;1459
2017-01-28 07:42:31+01;1449
2017-01-28 09:56:31+01;1429
2017-01-28 10:57:31+01;1379
2017-01-28 12:27:31+01;1409
2017-01-28 14:12:31+01;1399
2017-01-28 19:17:31+01;1379
2017-01-28 21:57:31+01;1529
2017-01-29 05:07:31+01;1529
2017-01-29 07:17:31+01;1459
2017-01-29 09:02:31+01;1409
2017-01-29 11:42:31+01;1379
2017-01-29 12:27:31+01;1409
2017-01-29 14:12:31+01;1399
2017-01-29 14:32:31+01;1399
2017-01-29 19:17:31+01;1379
2017-01-29 21:57:31+01;1529
2017-01-30 04:17:31+01;1529
2017-01-30 07:17:31+01;1459
2017-01-30 07:27:31+01;1449
2017-01-30 08:52:31+01;1429
2017-01-30 12:12:31+01;1389
2017-01-30 12:27:31+01;1419
2017-01-30 14:07:31+01;1419
2017-01-30 15:47:31+01;1399
2017-01-30 15:57:31+01;1399
2017-01-30 19:17:31+01;1369
2017-01-30 21:57:31+01;1519
2017-01-31 07:22:31+01;1449
2017-01-31 08:47:31+01;1439
2017-01-31 10:17:31+01;1429
2017-01-31 11:17:31+01;1419
2017-01-31 12:17:31+01;1379
2017-01-31 12:27:31+01;1409
2017-01-31 14:32:31+01;1399
2017-01-31 15:07:31+01;1399
2017-01-31 17:52:31+01;1379
2017-01-31 19:17:31+01;1369
2017-01-31 21:57:32+01;1519
2017-02-01 04:17:31+01;1519
2017-02-01 06:57:31+01;1449
2017-02-01 07:07:31+01;1439
2017-02-01 07:42:31+01;1429
2017-02-01 10:17:31+01;1379
2017-02-01 12:27:31+01;1409
2017-02-01 14:12:31+01;1389
2017-02-01 14:27:31+01;1389
2017-02-01 14:37:31+01;1389
2017-02-01 19:17:31+01;1359
2017-02-01 21:57:31+01;1509
2017-02-02 07:17:31+01;1449
2017-02-02 10:17:31+01;1429
2017-02-02 11:52:31+01;1389
2017-02-02 12:27:31+01;1419
2017-02-02 13:52:31+01;1419
2017-02-02 14:27:31+01;1409
2017-02-02 14:42:31+01;1389
2017-02-02 15:52:31+01;1349
2017-02-02 21:57:31+01;1499
2017-02-03 04:22:31+01;1499
2017-02-03 06:52:31+01;1449
2017-02-03 07:02:31+01;1439
2017-02-03 07:42:31+01;1429
2017-02-03 10:17:31+01;1399
2017-02-03 12:27:32+01;1429
2017-02-03 13:52:31+01;1409
2017-02-03 14:27:31+01;1399
2017-02-03 14:42:31+01;1399
2017-02-03 14:57:31+01;1399
2017-02-03 19:17:31+01;1369
2017-02-03 21:57:31+01;1519
2017-02-04 05:12:31+01;1519
2017-02-04 06:52:31+01;1469
2017-02-04 07:47:31+01;1469
2017-02-04 10:57:31+01;1439
2017-02-04 12:27:31+01;1469
2017-02-04 13:22:31+01;1439
2017-02-04 14:07:31+01;1429
2017-02-04 14:17:31+01;1419
2017-02-04 14:32:31+01;1419
2017-02-04 14:47:32+01;1419
2017-02-04 19:17:31+01;1389
2017-02-04 21:57:31+01;1539
2017-02-05 04:17:31+01;1539
2017-02-05 07:07:31+01;1469
2017-02-05 07:32:31+01;1469
2017-02-05 07:42:31+01;1469
2017-02-05 07:57:31+01;1469
2017-02-05 12:02:31+01;1439
2017-02-05 12:12:31+01;1429
2017-02-05 12:27:31+01;1459
2017-02-05 14:07:31+01;1419
2017-02-05 14:27:31+01;1409
2017-02-05 14:42:31+01;1389
2017-02-05 18:07:31+01;1379
2017-02-05 21:57:31+01;1529
2017-02-06 04:17:31+01;1529
2017-02-06 07:17:31+01;1429
2017-02-06 08:52:31+01;1419
2017-02-06 10:22:31+01;1399
2017-02-06 11:47:31+01;1389
2017-02-06 12:27:31+01;1419
2017-02-06 14:07:31+01;1399
2017-02-06 14:27:32+01;1399
2017-02-06 15:47:31+01;1389
2017-02-06 19:17:31+01;1379
2017-02-06 21:57:31+01;1529
2017-02-07 04:22:31+01;1529
2017-02-07 06:52:31+01;1459
2017-02-07 07:12:31+01;1459
2017-02-07 07:57:31+01;1449
2017-02-07 10:17:31+01;1439
2017-02-07 11:27:31+01;1399
2017-02-07 12:27:31+01;1429
2017-02-07 14:07:31+01;1409
2017-02-07 14:37:31+01;1399
2017-02-07 19:17:31+01;1369
2017-02-07 21:57:31+01;1519
2017-02-08 06:52:31+01;1459
2017-02-08 07:12:31+01;1459
2017-02-08 07:57:31+01;1449
2017-02-08 10:22:31+01;1369
2017-02-08 12:27:31+01;1399
2017-02-08 14:12:31+01;1389
2017-02-08 14:32:31+01;1379
2017-02-08 19:17:31+01;1359
2017-02-08 21:57:31+01;1509
2017-02-09 06:57:31+01;1459
2017-02-09 07:47:31+01;1439
2017-02-09 08:47:31+01;1429
2017-02-09 11:22:31+01;1379
2017-02-09 12:27:31+01;1409
2017-02-09 14:17:31+01;1389
2017-02-09 15:47:31+01;1389
2017-02-09 19:02:31+01;1359
2017-02-09 21:57:32+01;1509
2017-02-10 06:52:31+01;1469
2017-02-10 07:17:31+01;1459
2017-02-10 07:57:31+01;1449
2017-02-10 08:47:31+01;1439
2017-02-10 09:47:31+01;1429
2017-02-10 11:02:31+01;1419
2017-02-10 12:27:31+01;1449
2017-02-10 13:52:31+01;1429
2017-02-10 14:32:31+01;1419
2017-02-10 15:47:31+01;1409
2017-02-10 19:17:31+01;1379
2017-02-10 21:57:31+01;1529
2017-02-11 04:17:31+01;1529
2017-02-11 07:32:31+01;1469
2017-02-11 10:02:32+01;1439
2017-02-11 10:47:31+01;1369
2017-02-11 12:27:31+01;1399
2017-02-11 13:52:31+01;1399
2017-02-11 14:02:31+01;1399
2017-02-11 14:22:31+01;1389
2017-02-11 15:47:31+01;1379
2017-02-11 19:17:31+01;1369
2017-02-11 21:57:31+01;1519
2017-02-12 04:22:31+01;1519
2017-02-12 07:07:31+01;1469
2017-02-12 07:17:31+01;1469
2017-02-12 07:32:31+01;1469
2017-02-12 07:47:31+01;1469
2017-02-12 11:11:31+01;1439
2017-02-12 11:32:31+01;1439
2017-02-12 12:27:31+01;1469
2017-02-12 14:32:31+01;1449
2017-02-12 14:47:31+01;1429
2017-02-12 14:57:31+01;1419
2017-02-12 19:17:31+01;1419
2017-02-12 21:57:31+01;1559
2017-02-13 04:17:31+01;1559
2017-02-13 07:17:31+01;1479
2017-02-13 08:22:31+01;1469
2017-02-13 09:37:31+01;1459
2017-02-13 09:47:31+01;1439
2017-02-13 11:22:31+01;1399
2017-02-13 12:12:31+01;1389
2017-02-13 12:27:31+01;1419
2017-02-13 14:12:31+01;1419
2017-02-13 14:32:31+01;1409
2017-02-13 15:47:31+01;1409
2017-02-13 19:17:31+01;1389
2017-02-13 21:57:31+01;1539
2017-02-14 04:32:31+01;1539
2017-02-14 06:52:31+01;1479
2017-02-14 07:12:31+01;1459
2017-02-14 07:52:31+01;1459
2017-02-14 08:22:31+01;1449
2017-02-14 09:17:31+01;1439
2017-02-14 10:02:31+01;1429
2017-02-14 10:47:31+01;1419
2017-02-14 10:57:31+01;1399
2017-02-14 12:27:31+01;1429
2017-02-14 14:02:31+01;1399
2017-02-14 15:47:31+01;1399
2017-02-14 19:17:31+01;1379
2017-02-14 21:58:31+01;1529
2017-02-15 05:47:31+01;1529
2017-02-15 06:57:31+01;1459
2017-02-15 07:57:32+01;1449
2017-02-15 08:47:31+01;1439
2017-02-15 09:57:31+01;1389
2017-02-15 11:02:31+01;1379
2017-02-15 12:27:31+01;1409
2017-02-15 14:02:31+01;1399
2017-02-15 14:52:31+01;1399
2017-02-15 19:17:31+01;1379
2017-02-15 21:57:31+01;1529
2017-02-16 05:57:31+01;1529
2017-02-16 06:07:31+01;1479
2017-02-16 07:02:31+01;1469
2017-02-16 07:17:31+01;1459
2017-02-16 07:52:31+01;1449
2017-02-16 08:52:31+01;1439
2017-02-16 09:57:31+01;1439
2017-02-16 10:07:31+01;1429
2017-02-16 10:37:31+01;1419
2017-02-16 11:32:31+01;1419
2017-02-16 12:27:31+01;1449
2017-02-16 14:05:31+01;1419
2017-02-16 19:22:31+01;1389
2017-02-16 21:57:31+01;1539
2017-02-17 07:02:31+01;1439
2017-02-17 08:52:31+01;1419
2017-02-17 12:02:31+01;1409
2017-02-17 12:27:31+01;1439
2017-02-17 13:47:31+01;1429
2017-02-17 14:02:31+01;1419
2017-02-17 15:52:31+01;1409
2017-02-17 16:02:31+01;1399
2017-02-17 19:22:31+01;1379
2017-02-17 21:57:31+01;1529
2017-02-18 05:57:31+01;1379
2017-02-18 12:27:31+01;1409
2017-02-18 19:22:31+01;1389
2017-02-18 21:57:31+01;1539
2017-02-19 07:07:31+01;1479
2017-02-19 07:42:31+01;1479
2017-02-19 08:07:31+01;1479
2017-02-19 11:22:32+01;1439
2017-02-19 12:27:31+01;1469
2017-02-19 14:02:31+01;1429
2017-02-19 15:01:31+01;1409
2017-02-19 19:22:31+01;1389
2017-02-19 21:57:31+01;1539
2017-02-20 07:17:31+01;1479
2017-02-20 10:52:31+01;1479
2017-02-20 11:52:31+01;1459
2017-02-20 12:27:31+01;1489
2017-02-20 14:02:31+01;1459
2017-02-20 14:57:31+01;1349
2017-02-20 17:37:31+01;1349
2017-02-20 19:22:31+01;1349
2017-02-20 21:57:31+01;1499
2017-02-21 05:02:31+01;1499
2017-02-21 07:02:31+01;1439
2017-02-21 08:37:31+01;1429
2017-02-21 09:32:31+01;1429
2017-02-21 09:52:31+01;1419
2017-02-21 10:47:31+01;1419
2017-02-21 11:37:31+01;1409
2017-02-21 12:12:31+01;1409
2017-02-21 12:27:31+01;1439
2017-02-21 14:02:31+01;1419
2017-02-21 19:22:31+01;1379
2017-02-21 21:57:31+01;1529
2017-02-22 04:52:31+01;1529
2017-02-22 07:22:31+01;1439
2017-02-22 12:17:31+01;1419
2017-02-22 12:27:31+01;1449
2017-02-22 14:12:31+01;1419
2017-02-22 14:32:31+01;1409
2017-02-22 16:07:31+01;1379
2017-02-22 19:22:31+01;1369
2017-02-22 21:57:31+01;1519
2017-02-23 07:02:31+01;1449
2017-02-23 07:47:31+01;1449
2017-02-23 08:37:31+01;1439
2017-02-23 09:27:31+01;1429
2017-02-23 10:22:31+01;1419
2017-02-23 11:12:31+01;1409
2017-02-23 12:27:32+01;1439
2017-02-23 13:22:31+01;1409
2017-02-23 16:22:31+01;1399
2017-02-23 19:22:31+01;1389
2017-02-23 21:57:31+01;1539
2017-02-24 06:57:31+01;1439
2017-02-24 07:47:31+01;1439
2017-02-24 09:02:31+01;1439
2017-02-24 09:57:31+01;1429
2017-02-24 10:32:31+01;1419
2017-02-24 11:32:31+01;1409
2017-02-24 12:27:31+01;1439
2017-02-24 14:02:31+01;1409
2017-02-24 15:52:32+01;1399
2017-02-24 19:22:31+01;1379
2017-02-24 21:57:31+01;1529
2017-02-25 07:37:31+01;1459
2017-02-25 09:57:31+01;1439
2017-02-25 10:07:31+01;1409
2017-02-25 12:27:31+01;1439
2017-02-25 14:07:31+01;1419
2017-02-25 14:17:31+01;1419
2017-02-25 15:02:31+01;1419
2017-02-25 15:12:31+01;1409
2017-02-25 16:22:31+01;1389
2017-02-25 18:27:31+01;1379
2017-02-25 21:57:31+01;1529
2017-02-26 07:02:31+01;1469
2017-02-26 07:27:31+01;1469
2017-02-26 07:52:31+01;1469
2017-02-26 10:47:31+01;1439
2017-02-26 11:58:31+01;1389
2017-02-26 12:28:31+01;1419
2017-02-26 14:37:31+01;1399
2017-02-26 21:57:31+01;1539
2017-02-27 06:57:31+01;1469
2017-02-27 07:57:31+01;1459
2017-02-27 09:02:31+01;1449
2017-02-27 10:17:32+01;1439
2017-02-27 10:57:31+01;1429
2017-02-27 11:57:31+01;1409
2017-02-27 12:27:31+01;1439
2017-02-27 14:02:32+01;1429
2017-02-27 14:52:33+01;1409
2017-02-27 21:57:31+01;1539
2017-02-28 04:22:31+01;1419
2017-02-28 10:27:31+01;1419
2017-02-28 11:27:31+01;1409
2017-02-28 12:27:31+01;1439
2017-02-28 13:43:31+01;1419
2017-02-28 14:32:31+01;1409
2017-02-28 22:02:31+01;1529
2017-03-01 06:57:31+01;1439
2017-03-01 08:52:31+01;1429
2017-03-01 10:07:31+01;1409
2017-03-01 10:57:31+01;1399
2017-03-01 12:27:31+01;1429
2017-03-01 14:02:31+01;1409
2017-03-01 14:57:31+01;1399
2017-03-01 18:22:32+01;1379
2017-03-01 19:22:31+01;1369
2017-03-01 21:57:31+01;1519
2017-03-02 05:31:31+01;1369
2017-03-02 12:27:31+01;1399
2017-03-02 14:02:31+01;1399
2017-03-02 15:22:32+01;1389
2017-03-02 22:02:31+01;1519
2017-03-03 06:57:31+01;1449
2017-03-03 07:07:31+01;1439
2017-03-03 07:47:31+01;1439
2017-03-03 08:42:31+01;1429
2017-03-03 09:32:31+01;1419
2017-03-03 10:37:31+01;1409
2017-03-03 11:42:31+01;1399
2017-03-03 12:27:31+01;1429
2017-03-03 13:42:31+01;1399
2017-03-03 14:02:31+01;1389
2017-03-03 14:57:31+01;1379
2017-03-03 18:27:31+01;1369
2017-03-03 19:22:31+01;1359
2017-03-03 21:57:31+01;1509
2017-03-04 06:52:31+01;1469
2017-03-04 07:27:32+01;1439
2017-03-04 10:07:31+01;1379
2017-03-04 12:27:31+01;1409
2017-03-04 14:02:31+01;1409
2017-03-04 14:27:31+01;1399
2017-03-04 14:47:31+01;1389
2017-03-04 14:57:31+01;1379
2017-03-04 18:02:31+01;1379
2017-03-04 18:22:31+01;1379
2017-03-04 19:22:31+01;1379
2017-03-04 21:57:31+01;1519
2017-03-05 07:12:31+01;1439
2017-03-05 12:27:31+01;1469
2017-03-05 14:02:31+01;1409
2017-03-05 15:02:31+01;1399
2017-03-05 15:12:31+01;1379
2017-03-05 17:02:31+01;1379
2017-03-05 17:22:31+01;1379
2017-03-05 18:27:31+01;1369
2017-03-05 21:57:31+01;1519
2017-03-06 07:12:31+01;1469
2017-03-06 07:22:31+01;1449
2017-03-06 08:12:31+01;1439
2017-03-06 08:57:31+01;1439
2017-03-06 09:27:31+01;1429
2017-03-06 09:32:31+01;1429
2017-03-06 10:22:31+01;1389
2017-03-06 11:47:31+01;1369
2017-03-06 12:27:31+01;1399
2017-03-06 14:12:31+01;1389
2017-03-06 14:32:31+01;1379
2017-03-06 14:52:31+01;1329
2017-03-06 15:07:31+01;1329
2017-03-06 18:22:31+01;1329
2017-03-06 21:57:31+01;1479
2017-03-07 07:12:32+01;1429
2017-03-07 07:22:31+01;1419
2017-03-07 07:57:31+01;1419
2017-03-07 08:42:31+01;1419
2017-03-07 09:32:31+01;1409
2017-03-07 10:47:31+01;1399
2017-03-07 12:27:31+01;1429
2017-03-07 13:47:31+01;1399
2017-03-07 14:07:31+01;1389
2017-03-07 15:22:31+01;1379
2017-03-07 15:57:31+01;1379
2017-03-07 18:22:31+01;1369
2017-03-07 21:57:31+01;1519
2017-03-08 04:22:31+01;1509
2017-03-08 06:57:31+01;1419
2017-03-08 08:02:31+01;1419
2017-03-08 09:07:31+01;1389
2017-03-08 10:22:31+01;1379
2017-03-08 11:07:31+01;1379
2017-03-08 12:27:31+01;1409
2017-03-08 14:02:31+01;1389
2017-03-08 14:12:31+01;1389
2017-03-08 18:22:31+01;1359
2017-03-08 21:57:31+01;1509
2017-03-09 06:57:31+01;1429
2017-03-09 07:42:31+01;1429
2017-03-09 08:37:31+01;1429
2017-03-09 08:47:31+01;1399
2017-03-09 09:32:31+01;1379
2017-03-09 11:27:31+01;1379
2017-03-09 12:27:31+01;1409
2017-03-09 14:07:31+01;1399
2017-03-09 14:17:31+01;1399
2017-03-09 15:07:32+01;1389
2017-03-09 15:17:31+01;1369
2017-03-09 21:57:31+01;1519
2017-03-10 07:17:31+01;1429
2017-03-10 08:32:31+01;1389
2017-03-10 09:12:31+01;1379
2017-03-10 11:32:31+01;1379
2017-03-10 12:27:31+01;1409
2017-03-10 14:02:31+01;1389
2017-03-10 14:12:31+01;1379
2017-03-10 14:57:31+01;1369
2017-03-10 16:57:31+01;1369
2017-03-10 18:37:31+01;1339
2017-03-10 21:57:31+01;1489
2017-03-11 13:42:31+01;1439
2017-03-11 14:37:31+01;1419
2017-03-11 15:02:31+01;1389
2017-03-11 15:27:31+01;1379
2017-03-11 16:37:31+01;1369
2017-03-11 19:22:31+01;1359
2017-03-11 21:57:31+01;1499
2017-03-12 07:27:31+01;1449
2017-03-12 10:02:31+01;1409
2017-03-12 10:32:31+01;1369
2017-03-12 11:52:31+01;1359
2017-03-12 12:27:31+01;1389
2017-03-12 14:32:31+01;1379
2017-03-12 15:07:31+01;1379
2017-03-12 15:37:31+01;1369
2017-03-12 17:22:31+01;1359
2017-03-12 18:37:31+01;1359
2017-03-12 21:57:31+01;1499
2017-03-13 06:57:31+01;1429
2017-03-13 07:42:31+01;1429
2017-03-13 08:32:31+01;1419
2017-03-13 09:12:31+01;1419
2017-03-13 09:22:31+01;1409
2017-03-13 09:37:31+01;1379
2017-03-13 10:22:32+01;1369
2017-03-13 12:27:31+01;1399
2017-03-13 14:17:31+01;1379
2017-03-13 15:17:31+01;1349
2017-03-13 16:57:31+01;1349
2017-03-13 17:47:31+01;1349
2017-03-13 21:57:31+01;1499
2017-03-14 06:42:31+01;1439
2017-03-14 06:52:31+01;1419
2017-03-14 07:47:31+01;1409
2017-03-14 08:27:31+01;1399
2017-03-14 09:07:31+01;1389
2017-03-14 10:12:31+01;1359
2017-03-14 10:47:31+01;1349
2017-03-14 12:27:31+01;1379
2017-03-14 14:12:31+01;1359
2017-03-14 14:27:31+01;1349
2017-03-14 15:22:31+01;1349
2017-03-14 17:17:31+01;1339
2017-03-14 21:57:31+01;1489
2017-03-15 06:57:31+01;1409
2017-03-15 07:42:31+01;1399
2017-03-15 08:47:31+01;1389
2017-03-15 09:57:31+01;1369
2017-03-15 12:27:31+01;1399
2017-03-15 14:07:31+01;1369
2017-03-15 14:32:31+01;1359
2017-03-15 15:17:31+01;1349
2017-03-15 15:32:32+01;1349
2017-03-15 17:12:31+01;1339
2017-03-15 21:57:31+01;1489
2017-03-16 05:22:31+01;1479
2017-03-16 06:57:31+01;1449
2017-03-16 07:07:31+01;1429
2017-03-16 07:12:31+01;1429
2017-03-16 08:07:31+01;1419
2017-03-16 08:17:31+01;1409
2017-03-16 08:57:31+01;1409
2017-03-16 09:22:31+01;1399
2017-03-16 09:57:31+01;1399
2017-03-16 10:32:31+01;1339
2017-03-16 12:27:31+01;1369
2017-03-16 14:27:31+01;1369
2017-03-16 14:37:31+01;1369
2017-03-16 14:57:31+01;1349
2017-03-16 15:57:31+01;1349
2017-03-16 17:07:31+01;1349
2017-03-16 17:42:31+01;1339
2017-03-16 21:57:31+01;1489
2017-03-17 04:17:31+01;1479
2017-03-17 06:57:31+01;1429
2017-03-17 07:07:31+01;1419
2017-03-17 07:12:31+01;1419
2017-03-17 07:22:31+01;1409
2017-03-17 08:02:31+01;1389
2017-03-17 09:02:31+01;1379
2017-03-17 09:27:31+01;1369
2017-03-17 10:57:31+01;1359
2017-03-17 12:27:31+01;1389
2017-03-17 13:42:31+01;1369
2017-03-17 14:32:32+01;1359
2017-03-17 15:37:31+01;1359
2017-03-17 16:52:31+01;1339
2017-03-17 21:57:31+01;1489
2017-03-18 07:27:31+01;1409
2017-03-18 09:47:31+01;1389
2017-03-18 12:27:31+01;1419
2017-03-18 13:57:31+01;1399
2017-03-18 14:57:32+01;1369
2017-03-18 16:22:31+01;1359
2017-03-18 21:57:31+01;1489
2017-03-19 07:07:31+01;1429
2017-03-19 07:17:31+01;1419
2017-03-19 07:32:31+01;1419
2017-03-19 07:52:31+01;1419
2017-03-19 12:17:31+01;1379
2017-03-19 12:27:31+01;1409
2017-03-19 14:27:31+01;1369
2017-03-19 15:02:31+01;1359
2017-03-19 15:12:31+01;1349
2017-03-19 16:57:31+01;1339
2017-03-19 18:32:31+01;1319
2017-03-19 21:57:31+01;1469
2017-03-20 06:42:31+01;1459
2017-03-20 06:52:31+01;1419
2017-03-20 07:17:31+01;1419
2017-03-20 07:52:31+01;1419
2017-03-20 08:47:31+01;1409
2017-03-20 10:42:31+01;1379
2017-03-20 12:27:31+01;1409
2017-03-20 14:27:31+01;1349
2017-03-20 16:17:31+01;1339
2017-03-20 16:57:31+01;1339
2017-03-20 21:57:31+01;1489
2017-03-21 07:17:31+01;1429
2017-03-21 07:27:31+01;1419
2017-03-21 07:47:31+01;1389
2017-03-21 08:12:31+01;1359
2017-03-21 10:17:31+01;1339
2017-03-21 21:57:31+01;1489
2017-03-22 06:37:31+01;1419
2017-03-22 07:02:31+01;1409
2017-03-22 07:47:31+01;1389
2017-03-22 08:42:31+01;1379
2017-03-22 09:52:31+01;1369
2017-03-22 10:17:31+01;1339
2017-03-22 10:32:31+01;1329
2017-03-22 12:27:31+01;1359
2017-03-22 13:42:31+01;1359
2017-03-22 14:02:31+01;1349
2017-03-22 15:22:31+01;1339
2017-03-22 17:07:31+01;1329
2017-03-22 21:57:31+01;1479
2017-03-23 06:47:31+01;1409
2017-03-23 07:52:31+01;1399
2017-03-23 09:02:31+01;1369
2017-03-23 10:02:31+01;1339
2017-03-23 12:27:32+01;1369
2017-03-23 14:22:31+01;1369
2017-03-23 14:32:31+01;1349
2017-03-23 14:42:31+01;1349
2017-03-23 14:52:31+01;1349
2017-03-23 17:57:31+01;1329
2017-03-23 21:57:31+01;1479
2017-03-24 06:57:31+01;1409
2017-03-24 07:47:31+01;1399
2017-03-24 08:52:31+01;1389
2017-03-24 09:52:31+01;1379
2017-03-24 10:17:31+01;1339
2017-03-24 12:27:31+01;1369
2017-03-24 13:42:31+01;1369
2017-03-24 14:02:31+01;1359
2017-03-24 15:17:31+01;1349
2017-03-24 17:02:31+01;1339
2017-03-24 17:37:31+01;1339
2017-03-24 21:57:31+01;1489
2017-03-25 07:17:31+01;1409
2017-03-25 09:47:31+01;1399
2017-03-25 12:17:31+01;1349
2017-03-25 12:27:31+01;1379
2017-03-25 14:57:31+01;1379
2017-03-25 15:07:31+01;1349
2017-03-25 18:17:31+01;1349
2017-03-25 18:37:31+01;1339
2017-03-25 19:17:31+01;1339
2017-03-25 21:57:31+01;1489
2017-03-26 07:42:31+02;1429
2017-03-26 09:02:31+02;1429
2017-03-26 12:27:31+02;1449
2017-03-26 15:47:31+02;1359
2017-03-26 15:57:31+02;1349
2017-03-26 16:17:31+02;1329
2017-03-26 21:57:31+02;1479
2017-03-27 07:07:31+02;1419
2017-03-27 08:17:31+02;1419
2017-03-27 09:22:32+02;1339
2017-03-27 12:27:31+02;1369
2017-03-27 15:17:31+02;1339
2017-03-27 16:12:31+02;1339
2017-03-27 17:01:32+02;1339
2017-03-27 17:03:31+02;1339
2017-03-27 21:57:31+02;1489
2017-03-28 06:52:31+02;1419
2017-03-28 08:52:32+02;1409
2017-03-28 09:22:31+02;1349
2017-03-28 12:27:31+02;1379
2017-03-28 14:02:31+02;1379
2017-03-28 14:27:31+02;1359
2017-03-28 14:52:31+02;1359
2017-03-28 18:17:31+02;1349
2017-03-28 19:17:31+02;1339
2017-03-28 21:57:31+02;1489
2017-03-29 07:10:32+02;1429
2017-03-29 07:27:31+02;1419
2017-03-29 07:57:31+02;1369
2017-03-29 08:07:31+02;1359
2017-03-29 10:17:31+02;1329
2017-03-29 11:22:31+02;1329
2017-03-29 12:27:31+02;1359
2017-03-29 14:07:31+02;1359
2017-03-29 14:57:31+02;1359
2017-03-29 16:42:32+02;1349
2017-03-29 17:52:31+02;1329
2017-03-29 21:57:31+02;1479
2017-03-30 06:42:31+02;1429
2017-03-30 07:21:32+02;1429
2017-03-30 08:17:31+02;1369
2017-03-30 10:17:31+02;1349
2017-03-30 12:17:31+02;1349
2017-03-30 12:27:31+02;1379
2017-03-30 14:02:31+02;1369
2017-03-30 14:52:31+02;1359
2017-03-30 18:17:31+02;1339
2017-03-30 21:57:31+02;1489
2017-03-31 07:07:32+02;1439
2017-03-31 07:17:31+02;1439
2017-03-31 08:52:31+02;1409
2017-03-31 09:57:31+02;1369
2017-03-31 12:27:31+02;1399
2017-03-31 14:02:31+02;1399
2017-03-31 15:22:31+02;1379
2017-03-31 17:27:31+02;1369
2017-03-31 19:17:31+02;1359
2017-03-31 21:57:31+02;1509
2017-04-01 05:30:31+02;1509
2017-04-01 06:37:31+02;1449
2017-04-01 07:32:31+02;1449
2017-04-01 09:52:31+02;1379
2017-04-01 12:27:31+02;1409
2017-04-01 14:52:31+02;1399
2017-04-01 15:02:31+02;1389
2017-04-01 16:32:31+02;1379
2017-04-01 19:17:31+02;1359
2017-04-01 21:57:31+02;1509
2017-04-02 06:47:31+02;1449
2017-04-02 07:32:31+02;1439
2017-04-02 11:07:31+02;1419
2017-04-02 12:17:31+02;1359
2017-04-02 12:27:31+02;1389
2017-04-02 16:52:31+02;1389
2017-04-02 17:37:31+02;1379
2017-04-02 18:42:31+02;1369
2017-04-02 21:57:31+02;1519
2017-04-03 06:52:31+02;1449
2017-04-03 07:47:31+02;1439
2017-04-03 08:07:31+02;1429
2017-04-03 08:47:31+02;1419
2017-04-03 09:52:31+02;1379
2017-04-03 12:27:31+02;1409
2017-04-03 14:02:31+02;1379
2017-04-03 18:17:31+02;1369
2017-04-03 21:57:31+02;1519
2017-04-04 07:02:31+02;1429
2017-04-04 07:52:31+02;1429
2017-04-04 08:52:31+02;1399
2017-04-04 09:47:31+02;1399
2017-04-04 09:57:31+02;1389
2017-04-04 11:27:31+02;1389
2017-04-04 12:27:31+02;1419
2017-04-04 14:02:31+02;1389
2017-04-04 14:57:31+02;1379
2017-04-04 18:17:31+02;1369
2017-04-04 21:58:31+02;1519
2017-04-05 06:57:31+02;1459
2017-04-05 07:12:31+02;1459
2017-04-05 07:52:31+02;1379
2017-04-05 08:57:31+02;1379
2017-04-05 09:22:31+02;1379
2017-04-05 10:07:31+02;1369
2017-04-05 12:27:31+02;1399
2017-04-05 14:17:31+02;1389
2017-04-05 14:37:31+02;1389
2017-04-05 16:02:31+02;1389
2017-04-05 18:17:31+02;1369
2017-04-05 21:57:31+02;1519
2017-04-06 06:52:31+02;1459
2017-04-06 07:52:31+02;1449
2017-04-06 08:52:31+02;1429
2017-04-06 10:02:31+02;1399
2017-04-06 10:57:31+02;1379
2017-04-06 12:27:31+02;1409
2017-04-06 14:32:31+02;1409
2017-04-06 15:17:31+02;1409
2017-04-06 16:07:31+02;1399
2017-04-06 18:17:31+02;1379
2017-04-06 21:57:31+02;1529
2017-04-07 06:57:31+02;1459
2017-04-07 08:07:31+02;1459
2017-04-07 08:57:31+02;1449
2017-04-07 09:57:31+02;1389
2017-04-07 12:27:31+02;1419
2017-04-07 13:47:31+02;1419
2017-04-07 13:57:31+02;1419
2017-04-07 15:17:31+02;1409
2017-04-07 16:12:31+02;1409
2017-04-07 17:57:31+02;1399
2017-04-07 18:07:31+02;1379
2017-04-07 21:57:31+02;1529
2017-04-08 07:27:31+02;1469
2017-04-08 10:02:31+02;1409
2017-04-08 10:47:31+02;1399
2017-04-08 12:17:31+02;1389
2017-04-08 12:27:31+02;1419
2017-04-08 14:02:31+02;1409
2017-04-08 15:17:31+02;1399
2017-04-08 15:57:31+02;1399
2017-04-08 18:17:31+02;1379
2017-04-08 21:57:31+02;1529
2017-04-09 07:12:31+02;1469
2017-04-09 09:07:31+02;1409
2017-04-09 10:52:31+02;1399
2017-04-09 12:27:31+02;1429
2017-04-09 14:52:31+02;1399
2017-04-09 21:57:31+02;1549
2017-04-10 04:17:31+02;1539
2017-04-10 06:52:31+02;1479
2017-04-10 07:17:31+02;1419
2017-04-10 10:17:31+02;1409
2017-04-10 12:17:31+02;1399
2017-04-10 12:26:31+02;1429
2017-04-10 14:07:31+02;1419
2017-04-10 14:32:31+02;1409
2017-04-10 15:17:31+02;1409
2017-04-10 18:17:31+02;1399
2017-04-10 19:17:31+02;1389
2017-04-10 21:57:31+02;1539
2017-04-11 06:12:31+02;1479
2017-04-11 06:52:31+02;1459
2017-04-11 08:52:31+02;1429
2017-04-11 10:57:31+02;1409
2017-04-11 12:27:31+02;1439
2017-04-11 14:07:31+02;1429
2017-04-11 14:27:31+02;1419
2017-04-11 14:52:31+02;1409
2017-04-11 21:57:31+02;1549
2017-04-12 06:07:31+02;1489
2017-04-12 06:52:31+02;1469
2017-04-12 07:16:31+02;1469
2017-04-12 08:11:31+02;1469
2017-04-12 09:31:31+02;1399
2017-04-12 12:27:31+02;1429
2017-04-12 14:02:32+02;1409
2017-04-12 15:17:31+02;1409
2017-04-12 18:17:31+02;1399
2017-04-12 21:57:31+02;1549
2017-04-13 06:57:31+02;1449
2017-04-13 08:52:31+02;1419
2017-04-13 10:17:31+02;1409
2017-04-13 12:27:31+02;1439
2017-04-13 14:12:31+02;1429
2017-04-13 15:17:31+02;1409
2017-04-13 18:17:31+02;1399
2017-04-13 19:17:31+02;1389
2017-04-13 21:57:31+02;1539
2017-04-14 07:12:31+02;1479
2017-04-14 10:17:31+02;1459
2017-04-14 10:27:31+02;1449
2017-04-14 12:27:31+02;1479
2017-04-14 13:21:31+02;1449
2017-04-14 14:32:31+02;1439
2017-04-14 17:47:31+02;1419
2017-04-14 18:17:31+02;1419
2017-04-14 18:27:31+02;1399
2017-04-14 21:57:31+02;1539
2017-04-15 06:47:31+02;1489
2017-04-15 06:57:31+02;1489
2017-04-15 07:22:31+02;1479
2017-04-15 10:17:31+02;1409
2017-04-15 12:17:31+02;1399
2017-04-15 12:27:31+02;1429
2017-04-15 15:17:31+02;1429
2017-04-15 15:27:31+02;1409
2017-04-15 18:17:31+02;1399
2017-04-15 21:57:31+02;1539
2017-04-16 07:12:31+02;1479
2017-04-16 10:17:31+02;1459
2017-04-16 11:02:31+02;1449
2017-04-16 11:47:31+02;1449
2017-04-16 12:27:31+02;1479
2017-04-16 13:57:31+02;1469
2017-04-16 15:17:31+02;1409
2017-04-16 17:02:31+02;1409
2017-04-16 17:32:31+02;1409
2017-04-16 21:57:31+02;1539
2017-04-17 07:12:31+02;1479
2017-04-17 10:16:31+02;1449
2017-04-17 12:17:31+02;1449
2017-04-17 12:27:32+02;1479
2017-04-17 13:42:31+02;1479
2017-04-17 13:52:31+02;1469
2017-04-17 14:57:31+02;1439
2017-04-17 15:07:32+02;1439
2017-04-17 16:37:31+02;1429
2017-04-17 16:47:31+02;1409
2017-04-17 18:17:31+02;1399
2017-04-17 19:17:32+02;1399
2017-04-17 21:57:31+02;1539
2017-04-18 07:12:31+02;1479
2017-04-18 10:17:31+02;1439
2017-04-18 10:52:31+02;1419
2017-04-18 11:07:31+02;1409
2017-04-18 12:17:31+02;1399
2017-04-18 12:27:31+02;1429
2017-04-18 15:17:31+02;1409
2017-04-18 18:17:31+02;1389
2017-04-18 21:57:31+02;1539
2017-04-19 06:47:32+02;1479
2017-04-19 08:57:31+02;1439
2017-04-19 09:47:31+02;1409
2017-04-19 12:17:31+02;1399
2017-04-19 12:27:32+02;1429
2017-04-19 14:57:31+02;1389
2017-04-19 15:07:31+02;1389
2017-04-19 18:17:31+02;1389
2017-04-19 19:17:31+02;1379
2017-04-19 21:57:31+02;1529
2017-04-20 06:52:31+02;1469
2017-04-20 07:47:31+02;1469
2017-04-20 08:42:31+02;1459
2017-04-20 08:52:31+02;1459
2017-04-20 09:47:31+02;1409
2017-04-20 11:07:31+02;1379
2017-04-20 12:17:31+02;1379
2017-04-20 12:27:31+02;1409
2017-04-20 14:17:31+02;1399
2017-04-20 14:18:31+02;1409
2017-04-20 14:19:31+02;1399
2017-04-20 15:17:31+02;1399
2017-04-20 19:17:31+02;1379
2017-04-20 19:56:24+02;1379
2017-04-20 21:57:31+02;1519
2017-04-21 06:57:31+02;1419
2017-04-21 11:12:31+02;1419
2017-04-21 12:27:31+02;1449
2017-04-21 14:07:31+02;1409
2017-04-21 14:52:31+02;1399
2017-04-21 19:17:31+02;1379
2017-04-21 21:57:31+02;1519
2017-04-22 06:52:31+02;1469
2017-04-22 07:17:31+02;1469
2017-04-22 09:57:31+02;1449
2017-04-22 10:47:31+02;1449
2017-04-22 12:17:31+02;1449
2017-04-22 12:27:31+02;1479
2017-04-22 14:27:31+02;1419
2017-04-22 14:47:31+02;1409
2017-04-22 19:17:31+02;1379
2017-04-22 21:57:31+02;1519
2017-04-23 07:12:31+02;1459
2017-04-23 11:07:31+02;1389
2017-04-23 12:17:31+02;1379
2017-04-23 12:27:31+02;1409
2017-04-23 15:17:31+02;1389
2017-04-23 16:52:31+02;1379
2017-04-23 21:57:31+02;1519
2017-04-24 06:57:31+02;1429
2017-04-24 08:47:31+02;1399
2017-04-24 11:12:31+02;1399
2017-04-24 12:17:31+02;1379
2017-04-24 12:27:31+02;1409
2017-04-24 14:22:31+02;1389
2017-04-24 18:17:31+02;1379
2017-04-24 19:17:31+02;1369
2017-04-24 20:57:31+02;1509
2017-04-25 06:47:31+02;1459
2017-04-25 07:17:31+02;1459
2017-04-25 09:22:31+02;1449
2017-04-25 09:32:31+02;1439
2017-04-25 10:17:32+02;1429
2017-04-25 10:27:32+02;1389
2017-04-25 12:17:31+02;1369
2017-04-25 12:27:31+02;1399
2017-04-25 14:27:31+02;1399
2017-04-25 14:47:31+02;1389
2017-04-25 14:57:31+02;1379
2017-04-25 16:42:31+02;1369
2017-04-25 21:57:31+02;1499
2017-04-26 06:37:31+02;1449
2017-04-26 06:47:31+02;1389
2017-04-26 09:52:31+02;1379
2017-04-26 10:22:31+02;1369
2017-04-26 12:27:31+02;1399
2017-04-26 14:12:31+02;1389
2017-04-26 14:27:31+02;1379
2017-04-26 15:17:31+02;1379
2017-04-26 16:27:31+02;1369
2017-04-26 21:57:31+02;1509
2017-04-27 07:22:31+02;1409
2017-04-27 08:42:31+02;1379
2017-04-27 10:22:31+02;1369
2017-04-27 11:47:31+02;1359
2017-04-27 12:27:31+02;1389
2017-04-27 14:17:31+02;1389
2017-04-27 14:32:31+02;1379
2017-04-27 15:17:31+02;1379
2017-04-27 16:07:31+02;1359
2017-04-27 19:17:32+02;1349
2017-04-27 21:57:31+02;1499
2017-04-28 07:17:31+02;1399
2017-04-28 08:52:31+02;1369
2017-04-28 10:17:31+02;1359
2017-04-28 12:27:31+02;1389
2017-04-28 14:22:31+02;1379
2017-04-28 14:32:31+02;1369
2017-04-28 16:37:31+02;1359
2017-04-28 17:07:31+02;1379
2017-04-28 17:52:31+02;1369
2017-04-28 18:27:31+02;1359
2017-04-28 19:17:31+02;1359
2017-04-28 21:57:31+02;1489
2017-04-29 07:17:31+02;1439
2017-04-29 07:32:31+02;1429
2017-04-29 09:52:32+02;1349
2017-04-29 12:27:31+02;1379
2017-04-29 15:17:31+02;1369
2017-04-29 18:27:31+02;1349
2017-04-29 21:57:31+02;1489
2017-04-30 07:17:32+02;1429
2017-04-30 07:57:31+02;1419
2017-04-30 08:22:31+02;1359
2017-04-30 10:52:31+02;1349
2017-04-30 12:27:31+02;1379
2017-04-30 14:42:31+02;1369
2017-04-30 17:32:31+02;1369
2017-04-30 18:42:31+02;1339
2017-04-30 19:17:31+02;1339
2017-04-30 21:57:31+02;1489
2017-05-01 08:47:31+02;1479
2017-05-01 08:57:31+02;1459
2017-05-01 09:12:31+02;1429
2017-05-01 09:27:31+02;1429
2017-05-01 12:17:31+02;1399
2017-05-01 12:27:31+02;1429
2017-05-01 14:27:31+02;1399
2017-05-01 15:32:32+02;1389
2017-05-01 16:07:31+02;1379
2017-05-01 18:12:31+02;1369
2017-05-01 18:42:31+02;1369
2017-05-01 19:17:31+02;1359
2017-05-01 21:57:31+02;1489
2017-05-02 06:57:32+02;1439
2017-05-02 07:42:31+02;1439
2017-05-02 08:52:31+02;1429
2017-05-02 10:22:31+02;1419
2017-05-02 10:47:31+02;1419
2017-05-02 11:12:31+02;1409
2017-05-02 12:17:31+02;1389
2017-05-02 12:27:31+02;1419
2017-05-02 14:17:31+02;1409
2017-05-02 14:27:31+02;1399
2017-05-02 14:32:31+02;1399
2017-05-02 14:47:31+02;1379
2017-05-02 18:12:31+02;1369
2017-05-02 18:42:31+02;1359
2017-05-02 21:57:31+02;1489
2017-05-03 07:22:31+02;1389
2017-05-03 08:47:31+02;1359
2017-05-03 12:27:31+02;1389
2017-05-03 14:27:31+02;1379
2017-05-03 14:37:31+02;1369
2017-05-03 15:17:31+02;1369
2017-05-03 15:27:31+02;1359
2017-05-03 16:27:31+02;1359
2017-05-03 17:07:31+02;1379
2017-05-03 18:12:31+02;1349
2017-05-03 19:17:31+02;1349
2017-05-03 21:57:31+02;1489
2017-05-04 06:57:31+02;1399
2017-05-04 08:52:31+02;1399
2017-05-04 09:42:31+02;1379
2017-05-04 11:57:31+02;1369
2017-05-04 12:27:31+02;1399
2017-05-04 14:12:31+02;1389
2017-05-04 14:32:31+02;1389
2017-05-04 15:17:31+02;1359
2017-05-04 15:47:31+02;1359
2017-05-04 16:12:31+02;1349
2017-05-04 17:07:32+02;1369
2017-05-04 18:47:31+02;1349
2017-05-04 19:17:31+02;1349
2017-05-04 21:57:31+02;1479
2017-05-05 06:47:31+02;1429
2017-05-05 07:22:31+02;1419
2017-05-05 09:22:31+02;1409
2017-05-05 09:32:31+02;1379
2017-05-05 12:17:31+02;1359
2017-05-05 12:27:31+02;1389
2017-05-05 14:12:31+02;1389
2017-05-05 15:17:31+02;1379
2017-05-05 16:22:31+02;1369
2017-05-05 16:32:31+02;1359
2017-05-05 17:07:31+02;1379
2017-05-05 18:33:31+02;1359
2017-05-05 19:17:31+02;1349
2017-05-05 21:57:31+02;1489
2017-05-06 04:17:31+02;1469
2017-05-06 07:02:31+02;1419
2017-05-06 07:22:31+02;1409
2017-05-06 11:02:31+02;1349
2017-05-06 12:27:31+02;1379
2017-05-06 14:17:31+02;1369
2017-05-06 14:27:31+02;1359
2017-05-06 15:17:31+02;1349
2017-05-06 16:22:31+02;1349
2017-05-06 17:07:31+02;1369
2017-05-06 19:17:31+02;1349
2017-05-06 21:57:31+02;1489
2017-05-07 04:22:31+02;1469
2017-05-07 07:07:31+02;1419
2017-05-07 08:07:31+02;1409
2017-05-07 12:17:31+02;1389
2017-05-07 12:27:31+02;1419
2017-05-07 14:27:31+02;1399
2017-05-07 14:47:32+02;1399
2017-05-07 15:32:31+02;1379
2017-05-07 17:07:31+02;1399
2017-05-07 18:37:31+02;1349
2017-05-07 19:17:31+02;1349
2017-05-07 21:57:31+02;1489
2017-05-08 05:02:31+02;1469
2017-05-08 07:02:31+02;1379
2017-05-08 08:42:31+02;1369
2017-05-08 10:06:31+02;1369
2017-05-08 10:23:31+02;1359
2017-05-08 12:27:31+02;1389
2017-05-08 14:12:31+02;1379
2017-05-08 14:32:31+02;1379
2017-05-08 15:17:31+02;1369
2017-05-08 15:27:31+02;1359
2017-05-08 16:12:31+02;1359
2017-05-08 17:07:31+02;1379
2017-05-08 18:37:31+02;1349
2017-05-08 19:17:31+02;1349
2017-05-08 21:57:31+02;1489
2017-05-09 04:27:31+02;1469
2017-05-09 06:52:31+02;1429
2017-05-09 07:02:31+02;1419
2017-05-09 07:27:31+02;1409
2017-05-09 09:52:31+02;1399
2017-05-09 10:12:32+02;1359
2017-05-09 12:27:31+02;1389
2017-05-09 14:37:31+02;1389
2017-05-09 14:47:31+02;1369
2017-05-09 15:02:31+02;1359
2017-05-09 17:07:31+02;1379
2017-05-09 19:17:31+02;1349
2017-05-09 21:57:31+02;1489
2017-05-10 04:17:31+02;1469
2017-05-10 06:42:31+02;1429
2017-05-10 07:17:31+02;1429
2017-05-10 07:27:31+02;1409
2017-05-10 08:52:31+02;1399
2017-05-10 10:12:31+02;1369
2017-05-10 11:12:31+02;1369
2017-05-10 12:27:31+02;1399
2017-05-10 14:07:31+02;1379
2017-05-10 14:42:31+02;1379
2017-05-10 14:52:31+02;1359
2017-05-10 17:07:31+02;1379
2017-05-10 18:42:31+02;1349
2017-05-10 21:57:31+02;1499
2017-05-11 04:17:31+02;1469
2017-05-11 06:52:31+02;1439
2017-05-11 07:02:31+02;1429
2017-05-11 07:17:31+02;1429
2017-05-11 07:27:31+02;1419
2017-05-11 09:22:31+02;1399
2017-05-11 11:27:31+02;1369
2017-05-11 12:27:31+02;1399
2017-05-11 14:07:31+02;1379
2017-05-11 14:37:31+02;1369
2017-05-11 15:07:32+02;1369
2017-05-11 17:07:31+02;1389
2017-05-11 18:42:31+02;1339
2017-05-11 21:57:31+02;1489
2017-05-12 05:32:31+02;1469
2017-05-12 07:12:31+02;1419
2017-05-12 07:57:31+02;1409
2017-05-12 08:32:31+02;1409
2017-05-12 09:57:31+02;1399
2017-05-12 10:57:31+02;1389
2017-05-12 11:27:31+02;1369
2017-05-12 12:17:31+02;1359
2017-05-12 12:27:31+02;1389
2017-05-12 14:17:31+02;1389
2017-05-12 14:27:31+02;1369
2017-05-12 17:06:31+02;1389
2017-05-12 17:47:31+02;1369
2017-05-12 18:37:31+02;1349
2017-05-12 21:57:31+02;1499
2017-05-13 04:47:31+02;1469
2017-05-13 06:42:31+02;1439
2017-05-13 07:17:31+02;1429
2017-05-13 09:22:31+02;1399
2017-05-13 12:27:31+02;1429
2017-05-13 13:22:31+02;1419
2017-05-13 13:32:31+02;1409
2017-05-13 14:27:31+02;1399
2017-05-13 15:22:31+02;1389
2017-05-13 16:22:31+02;1389
2017-05-13 17:07:31+02;1409
2017-05-13 17:42:31+02;1379
2017-05-13 18:42:31+02;1359
2017-05-13 19:17:32+02;1359
2017-05-13 21:57:31+02;1509
2017-05-14 04:42:31+02;1469
2017-05-14 06:52:31+02;1439
2017-05-14 07:02:31+02;1439
2017-05-14 07:27:31+02;1439
2017-05-14 07:52:31+02;1399
2017-05-14 08:17:31+02;1389
2017-05-14 10:17:31+02;1359
2017-05-14 12:27:31+02;1389
2017-05-14 15:17:31+02;1359
2017-05-14 17:07:31+02;1379
2017-05-14 19:17:31+02;1359
2017-05-14 21:57:31+02;1509
2017-05-15 04:17:31+02;1469
2017-05-15 06:42:31+02;1449
2017-05-15 07:17:31+02;1449
2017-05-15 07:27:31+02;1429
2017-05-15 07:52:31+02;1429
2017-05-15 09:27:31+02;1379
2017-05-15 10:17:31+02;1379
2017-05-15 11:42:31+02;1369
2017-05-15 12:27:31+02;1399
2017-05-15 14:22:31+02;1389
2017-05-15 14:42:31+02;1379
2017-05-15 15:17:31+02;1379
2017-05-15 16:22:31+02;1379
2017-05-15 17:12:31+02;1399
2017-05-15 17:42:31+02;1389
2017-05-15 17:52:31+02;1379
2017-05-15 19:17:31+02;1379
2017-05-15 21:57:31+02;1509
2017-05-16 04:47:31+02;1479
2017-05-16 06:47:31+02;1429
2017-05-16 07:17:31+02;1429
2017-05-16 07:52:31+02;1419
2017-05-16 08:57:31+02;1409
2017-05-16 10:07:31+02;1399
2017-05-16 11:07:31+02;1379
2017-05-16 11:57:31+02;1369
2017-05-16 12:27:31+02;1399
2017-05-16 14:07:31+02;1389
2017-05-16 14:32:31+02;1379
2017-05-16 17:12:31+02;1399
2017-05-16 17:52:31+02;1399
2017-05-16 18:02:31+02;1389
2017-05-16 18:42:31+02;1369
2017-05-16 21:57:31+02;1509
2017-05-17 04:22:31+02;1479
2017-05-17 06:52:31+02;1459
2017-05-17 07:02:31+02;1439
2017-05-17 07:12:31+02;1439
2017-05-17 07:57:31+02;1429
2017-05-17 08:52:31+02;1419
2017-05-17 09:52:31+02;1409
2017-05-17 10:17:31+02;1399
2017-05-17 10:57:31+02;1379
2017-05-17 12:27:31+02;1409
2017-05-17 14:17:31+02;1399
2017-05-17 14:22:31+02;1389
2017-05-17 14:37:31+02;1369
2017-05-17 17:12:31+02;1389
2017-05-17 18:42:31+02;1369
2017-05-17 21:57:31+02;1509
2017-05-18 10:02:31+02;1399
2017-05-18 10:48:31+02;1349
2017-05-18 12:27:31+02;1379
2017-05-18 14:37:31+02;1379
2017-05-18 14:47:31+02;1369
2017-05-18 17:12:31+02;1389
2017-05-18 17:42:31+02;1369
2017-05-18 18:42:31+02;1359
2017-05-18 21:57:31+02;1509
2017-05-19 04:17:31+02;1469
2017-05-19 06:42:31+02;1439
2017-05-19 06:57:31+02;1429
2017-05-19 07:17:31+02;1429
2017-05-19 07:37:31+02;1419
2017-05-19 08:47:31+02;1409
2017-05-19 09:32:31+02;1399
2017-05-19 10:52:31+02;1389
2017-05-19 11:27:31+02;1379
2017-05-19 12:17:32+02;1369
2017-05-19 12:27:31+02;1399
2017-05-19 14:32:31+02;1399
2017-05-19 14:42:31+02;1389
2017-05-19 14:57:31+02;1369
2017-05-19 17:12:31+02;1389
2017-05-19 17:52:31+02;1379
2017-05-19 18:07:31+02;1369
2017-05-19 21:57:31+02;1509
2017-05-20 05:22:31+02;1479
2017-05-20 07:22:31+02;1439
2017-05-20 09:22:31+02;1389
2017-05-20 09:57:31+02;1389
2017-05-20 10:22:32+02;1379
2017-05-20 12:17:31+02;1359
2017-05-20 12:27:31+02;1389
2017-05-20 14:17:31+02;1389
2017-05-20 15:17:31+02;1369
2017-05-20 16:22:31+02;1369
2017-05-20 17:17:31+02;1389
2017-05-20 17:42:31+02;1359
2017-05-20 19:17:31+02;1359
2017-05-20 21:57:31+02;1509
2017-05-21 04:47:31+02;1479
2017-05-21 06:52:31+02;1439
2017-05-21 07:52:31+02;1439
2017-05-21 10:17:31+02;1439
2017-05-21 10:57:31+02;1429
2017-05-21 11:42:31+02;1389
2017-05-21 12:27:31+02;1419
2017-05-21 14:27:31+02;1409
2017-05-21 17:12:31+02;1429
2017-05-21 18:17:31+02;1379
2017-05-21 18:37:31+02;1359
2017-05-21 21:56:31+02;1509
2017-05-22 04:17:31+02;1479
2017-05-22 06:47:31+02;1449
2017-05-22 06:57:31+02;1439
2017-05-22 07:37:32+02;1439
2017-05-22 08:12:31+02;1429
2017-05-22 09:02:31+02;1419
2017-05-22 09:27:31+02;1379
2017-05-22 09:47:31+02;1379
2017-05-22 10:47:31+02;1369
2017-05-22 12:27:31+02;1399
2017-05-22 14:37:31+02;1389
2017-05-22 15:17:31+02;1389
2017-05-22 17:12:32+02;1409
2017-05-22 17:42:31+02;1379
2017-05-22 18:17:31+02;1369
2017-05-22 21:57:31+02;1519
2017-05-23 04:17:31+02;1479
2017-05-23 06:42:31+02;1439
2017-05-23 07:22:31+02;1439
2017-05-23 08:52:31+02;1419
2017-05-23 09:32:31+02;1389
2017-05-23 09:57:31+02;1389
2017-05-23 11:02:31+02;1369
2017-05-23 12:27:31+02;1399
2017-05-23 14:07:31+02;1379
2017-05-23 14:46:31+02;1369
2017-05-23 21:57:31+02;1519
2017-05-24 04:37:31+02;1479
2017-05-24 07:07:31+02;1439
2017-05-24 07:37:31+02;1429
2017-05-24 08:52:31+02;1419
2017-05-24 09:52:31+02;1409
2017-05-24 10:47:05+02;1379
2017-05-24 12:27:09+02;1409
2017-05-24 13:42:06+02;1399
2017-05-24 14:37:06+02;1389
2017-05-24 14:47:06+02;1379
2017-05-24 17:12:06+02;1399
2017-05-24 17:42:06+02;1389
2017-05-24 17:52:06+02;1379
2017-05-24 18:42:06+02;1369
2017-05-24 21:57:06+02;1519
2017-05-25 04:32:09+02;1489
2017-05-25 06:58:11+02;1439
2017-05-25 07:07:24+02;1439
2017-05-25 10:17:05+02;1379
2017-05-25 12:17:05+02;1369
2017-05-25 12:27:05+02;1399
2017-05-25 14:12:06+02;1399
2017-05-25 14:42:06+02;1399
2017-05-25 17:12:06+02;1419
2017-05-25 17:52:05+02;1389
2017-05-25 19:22:06+02;1369
2017-05-25 21:57:06+02;1519
2017-05-26 05:42:06+02;1489
2017-05-26 05:52:05+02;1449
2017-05-26 07:02:06+02;1439
2017-05-26 07:52:06+02;1429
2017-05-26 09:32:06+02;1419
2017-05-26 10:17:09+02;1409
2017-05-26 10:47:06+02;1389
2017-05-26 12:27:07+02;1419
2017-05-26 14:12:07+02;1399
2017-05-26 15:17:06+02;1389
2017-05-26 15:27:06+02;1369
2017-05-26 18:42:05+02;1369
2017-05-26 19:22:06+02;1369
2017-05-26 21:57:11+02;1519
2017-05-27 05:32:06+02;1489
2017-05-27 06:47:05+02;1459
2017-05-27 06:57:06+02;1449
2017-05-27 07:12:06+02;1439
2017-05-27 07:37:06+02;1439
2017-05-27 10:27:17+02;1409
2017-05-27 12:27:08+02;1439
2017-05-27 14:17:05+02;1409
2017-05-27 14:27:06+02;1409
2017-05-27 15:17:05+02;1389
2017-05-27 16:22:05+02;1389
2017-05-27 17:12:06+02;1409
2017-05-27 17:42:06+02;1389
2017-05-27 18:27:05+02;1379
2017-05-27 21:57:06+02;1519
2017-05-28 04:47:11+02;1489
2017-05-28 06:57:06+02;1459
2017-05-28 07:07:05+02;1449
2017-05-28 07:17:05+02;1449
2017-05-28 07:22:06+02;1439
2017-05-28 09:47:05+02;1439
2017-05-28 10:17:05+02;1419
2017-05-28 12:17:05+02;1409
2017-05-28 12:27:06+02;1439
2017-05-28 14:37:06+02;1419
2017-05-28 15:17:05+02;1399
2017-05-28 17:12:06+02;1419
2017-05-28 18:17:05+02;1379
2017-05-28 21:57:06+02;1519
2017-05-29 04:42:06+02;1489
2017-05-29 07:02:06+02;1439
2017-05-29 07:17:06+02;1419
2017-05-29 11:12:06+02;1409
2017-05-29 12:27:06+02;1439
2017-05-29 14:27:07+02;1409
2017-05-29 14:47:05+02;1389
2017-05-29 16:22:06+02;1379
2017-05-29 19:17:05+02;1369
2017-05-29 21:57:06+02;1509
2017-05-30 04:17:05+02;1489
2017-05-30 06:37:06+02;1439
2017-05-30 07:17:06+02;1439
2017-05-30 07:27:05+02;1429
2017-05-30 09:27:06+02;1409
2017-05-30 10:37:05+02;1399
2017-05-30 11:12:06+02;1379
2017-05-30 11:47:10+02;1379
2017-05-30 12:27:06+02;1409
2017-05-30 14:27:06+02;1389
2017-05-30 15:07:06+02;1369
2017-05-30 17:12:06+02;1389
2017-05-30 17:32:06+02;1379
2017-05-30 18:37:06+02;1359
2017-05-30 21:57:05+02;1509
2017-05-31 04:17:05+02;1489
2017-05-31 06:42:05+02;1439
2017-05-31 06:57:07+02;1429
2017-05-31 07:42:06+02;1419
2017-05-31 07:57:05+02;1409
2017-05-31 08:07:06+02;1399
2017-05-31 12:17:06+02;1399
2017-05-31 12:27:06+02;1429
2017-05-31 14:17:06+02;1399
2017-05-31 15:17:06+02;1389
2017-05-31 16:22:11+02;1379
2017-05-31 17:12:06+02;1399
2017-05-31 18:17:06+02;1379
2017-05-31 18:37:06+02;1369
2017-05-31 21:57:06+02;1499
2017-06-01 04:27:06+02;1479
2017-06-01 06:52:06+02;1439
2017-06-01 07:02:05+02;1439
2017-06-01 07:47:05+02;1419
2017-06-01 10:17:05+02;1379
2017-06-01 12:27:06+02;1409
2017-06-01 14:12:06+02;1389
2017-06-01 14:37:06+02;1389
2017-06-01 14:52:06+02;1379
2017-06-01 15:02:06+02;1369
2017-06-01 17:12:06+02;1389
2017-06-01 18:22:06+02;1369
2017-06-01 18:32:06+02;1359
2017-06-01 21:57:05+02;1499
2017-06-02 04:37:05+02;1469
2017-06-02 07:07:05+02;1429
2017-06-02 07:27:06+02;1429
2017-06-02 10:17:05+02;1379
2017-06-02 10:42:06+02;1379
2017-06-02 11:42:06+02;1379
2017-06-02 12:27:06+02;1409
2017-06-02 14:27:05+02;1389
2017-06-02 14:37:06+02;1359
2017-06-02 17:12:07+02;1379
2017-06-02 18:22:05+02;1359
2017-06-02 21:57:06+02;1499
2017-06-03 04:23:16+02;1469
2017-06-03 07:02:06+02;1429
2017-06-03 07:37:06+02;1419
2017-06-03 10:17:06+02;1409
2017-06-03 12:17:06+02;1379
2017-06-03 12:27:06+02;1409
2017-06-03 14:17:06+02;1379
2017-06-03 16:22:06+02;1369
2017-06-03 17:12:06+02;1389
2017-06-03 18:17:05+02;1379
2017-06-03 21:57:05+02;1499
2017-06-04 04:27:06+02;1469
2017-06-04 05:42:06+02;1439
2017-06-04 07:42:06+02;1429
2017-06-04 09:57:06+02;1419
2017-06-04 12:17:05+02;1369
2017-06-04 12:27:05+02;1399
2017-06-04 14:32:06+02;1369
2017-06-04 17:12:06+02;1389
2017-06-04 17:32:06+02;1389
2017-06-04 18:17:05+02;1369
2017-06-04 21:57:22+02;1499
2017-06-05 04:17:05+02;1469
2017-06-05 07:07:05+02;1439
2017-06-05 07:42:05+02;1389
2017-06-05 12:17:05+02;1369
2017-06-05 12:27:06+02;1399
2017-06-05 13:42:06+02;1389
2017-06-05 15:17:06+02;1379
2017-06-05 17:12:05+02;1399
2017-06-05 17:42:05+02;1399
2017-06-05 17:52:05+02;1389
2017-06-05 19:17:06+02;1369
2017-06-05 21:57:06+02;1499
2017-06-06 06:07:05+02;1389
2017-06-06 10:22:06+02;1369
2017-06-06 12:27:06+02;1399
2017-06-06 14:47:06+02;1389
2017-06-06 14:57:06+02;1389
2017-06-06 16:07:06+02;1379
2017-06-06 17:12:06+02;1399
2017-06-06 18:17:06+02;1379
2017-06-06 21:57:06+02;1499
2017-06-07 04:27:05+02;1459
2017-06-07 07:17:05+02;1439
2017-06-07 07:37:06+02;1409
2017-06-07 07:52:06+02;1409
2017-06-07 10:22:06+02;1379
2017-06-07 11:02:06+02;1369
2017-06-07 12:27:06+02;1399
2017-06-07 14:07:06+02;1389
2017-06-07 14:27:06+02;1379
2017-06-07 15:07:06+02;1369
2017-06-07 15:17:06+02;1359
2017-06-07 17:12:06+02;1379
2017-06-07 18:17:06+02;1369
2017-06-07 18:27:06+02;1359
2017-06-07 19:27:06+02;1349
2017-06-07 21:57:06+02;1499
2017-06-08 04:22:06+02;1459
2017-06-08 06:57:05+02;1429
2017-06-08 07:07:06+02;1419
2017-06-08 07:12:06+02;1419
2017-06-08 07:52:06+02;1409
2017-06-08 09:57:06+02;1369
2017-06-08 10:57:06+02;1369
2017-06-08 11:31:05+02;1369
2017-06-08 12:27:06+02;1399
2017-06-08 14:12:06+02;1369
2017-06-08 17:12:06+02;1389
2017-06-08 18:22:05+02;1359
2017-06-08 19:17:06+02;1349
2017-06-08 21:57:06+02;1489
2017-06-09 04:47:05+02;1459
2017-06-09 06:52:05+02;1419
2017-06-09 07:17:05+02;1419
2017-06-09 07:27:06+02;1409
2017-06-09 09:52:06+02;1369
2017-06-09 11:42:06+02;1369
2017-06-09 12:27:06+02;1399
2017-06-09 14:07:09+02;1389
2017-06-09 14:27:06+02;1369
2017-06-09 14:47:05+02;1349
2017-06-09 17:12:06+02;1369
2017-06-09 18:17:05+02;1349
2017-06-09 18:27:06+02;1339
2017-06-09 21:57:06+02;1489
2017-06-10 04:17:06+02;1459
2017-06-10 06:52:06+02;1429
2017-06-10 07:02:06+02;1419
2017-06-10 07:22:05+02;1409
2017-06-10 10:22:05+02;1399
2017-06-10 12:17:05+02;1359
2017-06-10 12:27:06+02;1389
2017-06-10 14:37:06+02;1379
2017-06-10 15:17:05+02;1369
2017-06-10 15:52:05+02;1369
2017-06-10 16:27:06+02;1359
2017-06-10 17:12:06+02;1379
2017-06-10 18:27:06+02;1359
2017-06-10 21:57:05+02;1499
2017-06-11 04:17:05+02;1459
2017-06-11 07:07:05+02;1449
2017-06-11 07:17:05+02;1419
2017-06-11 07:43:07+02;1409
2017-06-11 12:17:05+02;1349
2017-06-11 12:27:06+02;1379
2017-06-11 14:32:06+02;1369
2017-06-11 14:42:05+02;1359
2017-06-11 15:17:05+02;1349
2017-06-11 17:12:06+02;1369
2017-06-11 17:52:05+02;1369
2017-06-11 18:02:05+02;1359
2017-06-11 19:17:06+02;1359
2017-06-11 21:57:05+02;1499
2017-06-12 04:17:05+02;1459
2017-06-12 06:37:05+02;1419
2017-06-12 06:47:05+02;1419
2017-06-12 07:52:05+02;1409
2017-06-12 09:17:05+02;1389
2017-06-12 11:25:04+02;1389
2017-06-12 12:02:04+02;1389
2017-06-12 12:03:06+02;1369
2017-06-12 12:39:04+02;1369
2017-06-12 12:42:08+02;1399
2017-06-12 13:41:06+02;1399
2017-06-12 14:02:06+02;1379
2017-06-12 14:42:06+02;1359
2017-06-12 14:52:06+02;1359
2017-06-12 15:32:07+02;1349
2017-06-12 17:12:06+02;1369
2017-06-12 18:22:06+02;1359
2017-06-12 18:47:05+02;1359
2017-06-12 21:57:08+02;1499
2017-06-13 04:17:05+02;1459
2017-06-13 07:32:06+02;1419
2017-06-13 08:02:06+02;1409
2017-06-13 08:57:06+02;1399
2017-06-13 09:52:06+02;1389
2017-06-13 10:57:05+02;1379
2017-06-13 11:57:06+02;1369
2017-06-13 12:07:06+02;1349
2017-06-13 12:27:06+02;1379
2017-06-13 13:22:06+02;1379
2017-06-13 14:47:06+02;1369
2017-06-13 14:58:06+02;1359
2017-06-13 15:17:06+02;1349
2017-06-13 17:12:06+02;1369
2017-06-13 17:42:06+02;1369
2017-06-13 17:52:06+02;1349
2017-06-13 18:17:05+02;1349
2017-06-13 21:57:06+02;1489
2017-06-14 04:22:06+02;1459
2017-06-14 06:52:06+02;1359
2017-06-14 12:17:05+02;1349
2017-06-14 12:27:06+02;1379
2017-06-14 14:07:06+02;1369
2017-06-14 14:36:20+02;1359
2017-06-14 14:46:29+02;1349
2017-06-14 17:12:06+02;1369
2017-06-14 17:42:06+02;1359
2017-06-14 17:52:06+02;1349
2017-06-14 18:17:06+02;1339
2017-06-14 21:57:06+02;1479
2017-06-15 04:17:05+02;1459
2017-06-15 06:52:06+02;1349
2017-06-15 10:17:05+02;1339
2017-06-15 12:27:06+02;1369
2017-06-15 14:37:06+02;1359
2017-06-15 14:47:05+02;1349
2017-06-15 15:17:05+02;1349
2017-06-15 16:27:06+02;1349
2017-06-15 17:12:06+02;1369
2017-06-15 18:02:06+02;1359
2017-06-15 18:12:06+02;1349
2017-06-15 18:17:06+02;1349
2017-06-15 19:17:06+02;1339
2017-06-15 21:57:06+02;1479
2017-06-16 04:17:06+02;1459
2017-06-16 06:57:06+02;1429
2017-06-16 07:07:06+02;1409
2017-06-16 07:22:16+02;1409
2017-06-16 07:46:26+02;1409
2017-06-16 08:52:06+02;1399
2017-06-16 09:02:06+02;1369
2017-06-16 12:17:05+02;1359
2017-06-16 12:27:06+02;1389
2017-06-16 14:07:06+02;1369
2017-06-16 15:17:06+02;1359
2017-06-16 15:27:06+02;1339
2017-06-16 17:12:06+02;1359
2017-06-16 17:42:06+02;1349
2017-06-16 21:57:06+02;1479
2017-06-17 04:17:05+02;1449
2017-06-17 04:27:06+02;1439
2017-06-17 09:47:06+02;1409
2017-06-17 10:07:06+02;1399
2017-06-17 12:17:06+02;1359
2017-06-17 12:27:06+02;1389
2017-06-17 13:37:05+02;1369
2017-06-17 16:47:05+02;1339
2017-06-17 17:12:17+02;1359
2017-06-17 17:52:06+02;1359
2017-06-17 19:17:05+02;1359
2017-06-17 21:57:06+02;1479
2017-06-18 04:22:06+02;1449
2017-06-18 07:07:05+02;1409
2017-06-18 07:22:05+02;1409
2017-06-18 08:12:05+02;1379
2017-06-18 10:17:06+02;1359
2017-06-18 12:17:06+02;1359
2017-06-18 12:27:06+02;1389
2017-06-18 15:17:05+02;1349
2017-06-18 15:27:06+02;1339
2017-06-18 17:12:06+02;1359
2017-06-18 18:17:05+02;1339
2017-06-18 19:17:06+02;1339
2017-06-18 21:57:06+02;1479
2017-06-19 04:17:15+02;1449
2017-06-19 06:57:05+02;1409
2017-06-19 07:17:05+02;1409
2017-06-19 10:12:06+02;1389
2017-06-19 10:57:07+02;1389
2017-06-19 12:17:06+02;1369
2017-06-19 12:27:06+02;1399
2017-06-19 14:07:06+02;1399
2017-06-19 14:17:05+02;1379
2017-06-19 14:37:06+02;1369
2017-06-19 14:47:06+02;1359
2017-06-19 15:17:06+02;1349
2017-06-19 17:12:06+02;1369
2017-06-19 18:17:06+02;1359
2017-06-19 18:27:06+02;1349
2017-06-19 19:17:06+02;1339
2017-06-19 21:57:06+02;1479
2017-06-20 04:17:05+02;1449
2017-06-20 06:47:06+02;1419
2017-06-20 06:57:06+02;1399
2017-06-20 07:17:06+02;1399
2017-06-20 10:07:06+02;1389
2017-06-20 11:37:06+02;1369
2017-06-20 12:16:21+02;1369
2017-06-20 12:27:06+02;1399
2017-06-20 13:52:06+02;1389
2017-06-20 14:41:23+02;1359
2017-06-20 17:12:06+02;1379
2017-06-20 18:17:05+02;1339
2017-06-20 21:57:06+02;1469
2017-06-21 04:17:05+02;1449
2017-06-21 06:37:06+02;1419
2017-06-21 07:22:06+02;1399
2017-06-21 10:17:06+02;1379
2017-06-21 10:52:07+02;1359
2017-06-21 12:17:07+02;1359
2017-06-21 12:27:05+02;1389
2017-06-21 14:22:05+02;1349
2017-06-21 17:12:06+02;1369
2017-06-21 18:17:05+02;1339
2017-06-21 18:37:05+02;1339
2017-06-21 21:57:05+02;1469
2017-06-22 04:17:05+02;1439
2017-06-22 06:47:05+02;1419
2017-06-22 07:12:06+02;1409
2017-06-22 07:47:06+02;1399
2017-06-22 08:47:07+02;1379
2017-06-22 09:22:06+02;1379
2017-06-22 10:57:05+02;1379
2017-06-22 11:12:06+02;1369
2017-06-22 11:37:06+02;1349
2017-06-22 12:17:05+02;1339
2017-06-22 12:27:05+02;1369
2017-06-22 14:27:06+02;1369
2017-06-22 14:41:27+02;1349
2017-06-22 17:12:06+02;1369
2017-06-22 18:17:05+02;1339
2017-06-22 18:47:06+02;1329
2017-06-22 21:57:05+02;1469
2017-06-23 04:17:05+02;1439
2017-06-23 06:42:06+02;1409
2017-06-23 07:22:06+02;1399
2017-06-23 08:52:06+02;1389
2017-06-23 10:12:05+02;1369
2017-06-23 11:12:06+02;1349
2017-06-23 12:27:07+02;1379
2017-06-23 14:12:06+02;1349
2017-06-23 14:42:06+02;1339
2017-06-23 17:12:05+02;1359
2017-06-23 18:17:06+02;1339
2017-06-23 18:37:06+02;1329
2017-06-23 21:57:06+02;1469
2017-06-24 04:17:06+02;1439
2017-06-24 06:42:06+02;1409
2017-06-24 07:12:06+02;1399
2017-06-24 10:52:06+02;1339
2017-06-24 12:27:06+02;1369
2017-06-24 14:22:06+02;1339
2017-06-24 14:38:05+02;1339
2017-06-24 17:12:06+02;1359
2017-06-24 17:42:06+02;1359
2017-06-24 18:17:05+02;1349
2017-06-24 18:37:06+02;1339
2017-06-24 21:57:06+02;1469
2017-06-25 04:17:06+02;1439
2017-06-25 06:47:05+02;1399
2017-06-25 07:47:06+02;1399
2017-06-25 10:52:05+02;1389
2017-06-25 12:17:05+02;1359
2017-06-25 12:27:05+02;1389
2017-06-25 13:52:06+02;1359
2017-06-25 14:47:06+02;1339
2017-06-25 16:52:05+02;1339
2017-06-25 17:12:05+02;1359
2017-06-25 18:17:06+02;1339
2017-06-25 18:42:06+02;1339
2017-06-25 21:57:06+02;1469
2017-06-26 04:17:05+02;1439
2017-06-26 06:42:05+02;1409
2017-06-26 07:12:06+02;1399
2017-06-26 07:47:05+02;1399
2017-06-26 10:17:05+02;1339
2017-06-26 12:27:06+02;1369
2017-06-26 15:17:05+02;1339
2017-06-26 17:12:06+02;1359
2017-06-26 17:42:06+02;1339
2017-06-26 21:57:05+02;1469
2017-06-27 04:17:05+02;1439
2017-06-27 06:37:06+02;1409
2017-06-27 07:12:06+02;1399
2017-06-27 08:47:05+02;1359
2017-06-27 09:47:06+02;1349
2017-06-27 12:27:06+02;1379
2017-06-27 14:02:06+02;1359
2017-06-27 15:22:06+02;1349
2017-06-27 17:12:06+02;1369
2017-06-27 17:42:06+02;1369
2017-06-27 18:17:05+02;1349
2017-06-27 18:22:06+02;1349
2017-06-27 21:57:06+02;1469
2017-06-28 04:17:05+02;1439
2017-06-28 09:17:05+02;1359
2017-06-28 10:32:06+02;1349
2017-06-28 12:27:06+02;1379
2017-06-28 14:02:17+02;1369
2017-06-28 17:12:06+02;1389
2017-06-28 17:37:05+02;1369
2017-06-28 18:37:05+02;1339
2017-06-28 21:57:06+02;1469
2017-06-29 04:17:05+02;1449
2017-06-29 06:47:05+02;1419
2017-06-29 07:12:06+02;1409
2017-06-29 08:27:06+02;1359
2017-06-29 10:32:06+02;1349
2017-06-29 11:42:06+02;1339
2017-06-29 12:27:06+02;1369
2017-06-29 15:17:06+02;1339
2017-06-29 17:12:06+02;1359
2017-06-29 17:37:06+02;1349
2017-06-29 18:42:06+02;1339
2017-06-29 21:57:05+02;1469
2017-06-30 04:17:05+02;1449
2017-06-30 06:52:06+02;1409
2017-06-30 07:12:06+02;1409
2017-06-30 07:52:06+02;1359
2017-06-30 10:07:07+02;1349
2017-06-30 10:17:07+02;1349
2017-06-30 12:27:07+02;1379
2017-06-30 14:22:06+02;1349
2017-06-30 17:12:06+02;1369
2017-06-30 17:42:06+02;1359
2017-06-30 18:17:06+02;1349
2017-06-30 21:57:06+02;1469
2017-07-01 04:17:05+02;1449
2017-07-01 07:07:07+02;1409
2017-07-01 09:12:20+02;1399
2017-07-01 10:17:05+02;1359
2017-07-01 12:27:06+02;1389
2017-07-01 13:22:06+02;1389
2017-07-01 13:42:06+02;1369
2017-07-01 15:17:06+02;1359
2017-07-01 17:12:05+02;1379
2017-07-01 17:42:06+02;1369
2017-07-01 19:17:06+02;1359
2017-07-01 21:57:05+02;1469
2017-07-02 04:17:06+02;1449
2017-07-02 07:02:06+02;1429
2017-07-02 07:12:05+02;1419
2017-07-02 07:42:06+02;1409
2017-07-02 08:47:05+02;1369
2017-07-02 10:17:05+02;1359
2017-07-02 12:27:06+02;1389
2017-07-02 13:42:06+02;1369
2017-07-02 14:32:06+02;1359
2017-07-02 17:12:06+02;1379
2017-07-02 17:42:06+02;1369
2017-07-02 18:17:05+02;1359
2017-07-02 18:32:15+02;1359
2017-07-02 21:57:06+02;1469
2017-07-03 04:17:05+02;1449
2017-07-03 06:47:05+02;1409
2017-07-03 07:17:06+02;1379
2017-07-03 10:32:06+02;1379
2017-07-03 12:07:06+02;1349
2017-07-03 12:27:06+02;1379
2017-07-03 14:07:06+02;1379
2017-07-03 14:32:06+02;1349
2017-07-03 17:12:08+02;1369
2017-07-03 18:17:05+02;1349
2017-07-03 21:57:06+02;1479
2017-07-04 04:17:05+02;1449
2017-07-04 07:12:06+02;1369
2017-07-04 08:42:06+02;1349
2017-07-04 11:37:06+02;1339
2017-07-04 12:27:06+02;1369
2017-07-04 14:12:07+02;1359
2017-07-04 14:37:06+02;1349
2017-07-04 15:32:06+02;1349
2017-07-04 17:12:06+02;1369
2017-07-04 17:42:06+02;1369
2017-07-04 18:17:06+02;1349
2017-07-04 21:57:07+02;1479
2017-07-05 04:22:06+02;1459
2017-07-05 06:52:06+02;1399
2017-07-05 07:17:05+02;1369
2017-07-05 11:22:06+02;1359
2017-07-05 12:27:06+02;1389
2017-07-05 14:07:06+02;1369
2017-07-05 14:27:06+02;1359
2017-07-05 17:12:06+02;1379
2017-07-05 17:47:05+02;1369
2017-07-05 18:17:05+02;1359
2017-07-05 18:37:06+02;1359
2017-07-05 21:57:06+02;1479
2017-07-06 04:17:05+02;1459
2017-07-06 07:02:05+02;1409
2017-07-06 07:17:05+02;1399
2017-07-06 07:27:06+02;1379
2017-07-06 10:27:06+02;1349
2017-07-06 12:27:06+02;1379
2017-07-06 14:07:06+02;1369
2017-07-06 14:27:06+02;1349
2017-07-06 17:12:06+02;1369
2017-07-06 18:17:06+02;1349
2017-07-06 18:42:06+02;1349
2017-07-06 21:57:06+02;1479
2017-07-07 04:22:06+02;1459
2017-07-07 06:52:05+02;1419
2017-07-07 07:12:06+02;1369
2017-07-07 10:52:06+02;1349
2017-07-07 12:27:05+02;1379
2017-07-07 14:12:06+02;1369
2017-07-07 14:27:06+02;1349
2017-07-07 17:12:06+02;1369
2017-07-07 17:42:06+02;1349
2017-07-07 18:17:06+02;1339
2017-07-07 21:57:06+02;1469
2017-07-08 04:17:06+02;1459
2017-07-08 07:07:07+02;1399
2017-07-08 09:17:06+02;1349
2017-07-08 12:27:06+02;1379
2017-07-08 14:07:06+02;1359
2017-07-08 14:27:06+02;1349
2017-07-08 17:12:06+02;1369
2017-07-08 17:42:06+02;1369
2017-07-08 18:37:06+02;1339
2017-07-08 21:57:05+02;1469
2017-07-09 04:17:05+02;1459
2017-07-09 07:17:06+02;1429
2017-07-09 07:27:06+02;1409
2017-07-09 10:17:06+02;1349
2017-07-09 12:27:05+02;1379
2017-07-09 14:07:06+02;1369
2017-07-09 14:22:06+02;1349
2017-07-09 17:12:06+02;1369
2017-07-09 18:17:06+02;1349
2017-07-09 21:57:05+02;1469
2017-07-10 04:17:05+02;1459
2017-07-10 06:37:06+02;1429
2017-07-10 07:12:06+02;1359
2017-07-10 10:17:06+02;1349
2017-07-10 10:32:06+02;1349
2017-07-10 11:12:06+02;1339
2017-07-10 12:27:06+02;1369
2017-07-10 14:07:06+02;1369
2017-07-10 14:37:06+02;1349
2017-07-10 15:07:06+02;1339
2017-07-10 17:12:06+02;1359
2017-07-10 17:42:06+02;1349
2017-07-10 18:17:06+02;1329
2017-07-10 21:57:06+02;1469
2017-07-11 04:17:05+02;1449
2017-07-11 06:57:05+02;1359
2017-07-11 07:17:05+02;1349
2017-07-11 08:02:06+02;1349
2017-07-11 10:07:06+02;1339
2017-07-11 12:17:06+02;1339
2017-07-11 12:27:06+02;1369
2017-07-11 15:22:06+02;1339
2017-07-11 17:12:06+02;1359
2017-07-11 17:42:06+02;1339
2017-07-11 18:17:06+02;1329
2017-07-11 21:57:06+02;1479
2017-07-12 04:17:06+02;1439
2017-07-12 06:57:05+02;1389
2017-07-12 07:17:05+02;1349
2017-07-12 09:27:06+02;1329
2017-07-12 12:27:06+02;1359
2017-07-12 14:07:05+02;1349
2017-07-12 14:37:06+02;1339
2017-07-12 17:12:06+02;1359
2017-07-12 17:42:06+02;1349
2017-07-12 18:17:06+02;1329
2017-07-12 21:57:06+02;1479
2017-07-13 04:17:06+02;1449
2017-07-13 06:57:05+02;1399
2017-07-13 07:17:05+02;1349
2017-07-13 10:17:06+02;1339
2017-07-13 12:27:08+02;1369
2017-07-13 14:22:06+02;1369
2017-07-13 14:32:06+02;1349
2017-07-13 17:12:06+02;1369
2017-07-13 17:42:08+02;1359
2017-07-13 18:17:05+02;1339
2017-07-13 18:37:06+02;1339
2017-07-13 21:57:05+02;1479
2017-07-14 04:17:06+02;1449
2017-07-14 06:42:06+02;1409
2017-07-14 07:22:06+02;1359
2017-07-14 11:42:06+02;1339
2017-07-14 12:27:06+02;1369
2017-07-14 14:07:06+02;1359
2017-07-14 14:27:06+02;1349
2017-07-14 15:07:06+02;1339
2017-07-14 17:12:06+02;1359
2017-07-14 17:42:06+02;1359
2017-07-14 18:17:05+02;1339
2017-07-14 18:37:06+02;1339
2017-07-14 21:57:06+02;1489
2017-07-15 04:17:09+02;1449
2017-07-15 07:17:06+02;1399
2017-07-15 09:17:06+02;1389
2017-07-15 10:17:05+02;1349
2017-07-15 11:42:06+02;1349
2017-07-15 12:27:06+02;1379
2017-07-15 14:07:06+02;1369
2017-07-15 14:27:05+02;1349
2017-07-15 14:47:06+02;1349
2017-07-15 17:12:22+02;1369
2017-07-15 18:32:09+02;1349
2017-07-15 21:57:06+02;1489
2017-07-16 04:17:06+02;1449
2017-07-16 07:02:06+02;1429
2017-07-16 07:17:05+02;1419
2017-07-16 07:42:06+02;1409
2017-07-16 07:57:05+02;1399
2017-07-16 10:37:05+02;1389
2017-07-16 12:17:05+02;1349
2017-07-16 12:27:05+02;1379
2017-07-16 14:27:06+02;1369
2017-07-16 17:12:06+02;1389
2017-07-16 17:42:06+02;1389
2017-07-16 18:27:06+02;1379
2017-07-16 21:57:05+02;1489
2017-07-17 04:17:06+02;1449
2017-07-17 07:02:06+02;1419
2017-07-17 07:47:05+02;1399
2017-07-17 09:27:06+02;1369
2017-07-17 10:17:06+02;1349
2017-07-17 11:42:07+02;1349
2017-07-17 12:27:06+02;1379
2017-07-17 14:32:06+02;1369
2017-07-17 16:27:06+02;1349
2017-07-17 17:12:06+02;1369
2017-07-17 17:42:07+02;1359
2017-07-17 18:17:05+02;1349
2017-07-17 18:37:06+02;1349
2017-07-17 19:17:06+02;1339
2017-07-17 21:57:05+02;1489
2017-07-18 04:17:05+02;1449
2017-07-18 07:07:06+02;1419
2017-07-18 07:17:05+02;1389
2017-07-18 08:22:06+02;1379
2017-07-18 09:22:06+02;1369
2017-07-18 10:27:06+02;1349
2017-07-18 10:37:06+02;1349
2017-07-18 12:27:06+02;1379
2017-07-18 14:07:08+02;1359
2017-07-18 14:27:16+02;1349
2017-07-18 17:12:06+02;1369
2017-07-18 17:37:06+02;1359
2017-07-18 18:17:05+02;1349
2017-07-18 21:57:06+02;1489
2017-07-19 04:17:06+02;1449
2017-07-19 06:47:05+02;1399
2017-07-19 06:57:06+02;1399
2017-07-19 07:47:05+02;1389
2017-07-19 08:42:07+02;1369
2017-07-19 09:47:05+02;1349
2017-07-19 11:52:06+02;1339
2017-07-19 12:27:06+02;1369
2017-07-19 14:07:06+02;1339
2017-07-19 17:12:06+02;1359
2017-07-19 17:47:05+02;1349
2017-07-19 18:07:06+02;1349
2017-07-19 18:17:05+02;1339
2017-07-19 19:17:06+02;1339
2017-07-19 21:57:05+02;1489
2017-07-20 04:17:06+02;1449
2017-07-20 06:37:09+02;1419
2017-07-20 07:02:14+02;1399
2017-07-20 07:31:29+02;1379
2017-07-20 08:12:06+02;1369
2017-07-20 09:57:06+02;1359
2017-07-20 11:12:09+02;1349
2017-07-20 12:17:05+02;1339
2017-07-20 12:27:05+02;1369
2017-07-20 14:07:06+02;1359
2017-07-20 16:07:07+02;1349
2017-07-20 17:12:07+02;1369
2017-07-20 18:17:05+02;1339
2017-07-20 21:57:05+02;1489
2017-07-21 04:22:06+02;1459
2017-07-21 07:17:06+02;1409
2017-07-21 09:17:06+02;1399
2017-07-21 10:17:05+02;1389
2017-07-21 11:17:06+02;1359
2017-07-21 12:27:06+02;1389
2017-07-21 15:27:06+02;1369
2017-07-21 17:12:10+02;1389
2017-07-21 18:17:06+02;1349
2017-07-21 19:17:06+02;1329
2017-07-21 21:57:08+02;1479
2017-07-22 02:20:07+02;1479
2017-07-22 09:22:06+02;1419
2017-07-22 12:17:05+02;1339
2017-07-22 12:27:06+02;1369
2017-07-22 15:22:06+02;1369
2017-07-22 16:17:05+02;1339
2017-07-22 17:12:06+02;1359
2017-07-22 18:17:06+02;1349
2017-07-22 19:17:05+02;1339
2017-07-22 21:57:06+02;1489
2017-07-23 04:17:05+02;1459
2017-07-23 07:17:05+02;1419
2017-07-23 08:57:06+02;1409
2017-07-23 09:22:06+02;1409
2017-07-23 10:17:06+02;1379
2017-07-23 11:12:06+02;1369
2017-07-23 12:17:05+02;1339
2017-07-23 12:27:06+02;1369
2017-07-23 14:17:05+02;1359
2017-07-23 17:12:06+02;1379
2017-07-23 18:17:06+02;1349
2017-07-23 19:17:06+02;1339
2017-07-23 21:57:06+02;1489
2017-07-24 04:17:06+02;1459
2017-07-24 07:17:06+02;1409
2017-07-24 09:17:05+02;1399
2017-07-24 10:27:06+02;1379
2017-07-24 11:27:06+02;1349
2017-07-24 12:27:06+02;1379
2017-07-24 15:22:06+02;1369
2017-07-24 16:17:06+02;1369
2017-07-24 17:12:07+02;1389
2017-07-24 18:22:06+02;1339
2017-07-24 19:17:06+02;1329
2017-07-24 21:57:06+02;1479
2017-07-25 04:17:06+02;1459
2017-07-25 07:17:05+02;1399
2017-07-25 09:22:06+02;1389
2017-07-25 10:22:06+02;1379
2017-07-25 11:17:06+02;1349
2017-07-25 12:27:14+02;1379
2017-07-25 15:17:06+02;1369
2017-07-25 16:17:06+02;1369
2017-07-25 17:12:06+02;1389
2017-07-25 18:17:06+02;1349
2017-07-25 19:17:07+02;1339
2017-07-25 21:57:06+02;1489
2017-07-26 04:22:05+02;1449
2017-07-26 07:17:05+02;1399
2017-07-26 09:17:05+02;1349
2017-07-26 10:17:05+02;1339
2017-07-26 12:27:06+02;1369
2017-07-26 14:17:06+02;1359
2017-07-26 15:17:06+02;1359
2017-07-26 16:17:06+02;1359
2017-07-26 17:12:07+02;1379
2017-07-26 18:17:06+02;1339
2017-07-26 19:17:06+02;1329
2017-07-26 21:57:06+02;1479
2017-07-27 04:17:16+02;1449
2017-07-27 07:17:05+02;1399
2017-07-27 09:17:05+02;1339
2017-07-27 10:17:06+02;1329
2017-07-27 11:22:06+02;1329
2017-07-27 12:27:06+02;1359
2017-07-27 14:22:06+02;1339
2017-07-27 15:17:06+02;1339
2017-07-27 16:17:06+02;1329
2017-07-27 17:12:19+02;1349
2017-07-27 18:17:06+02;1329
2017-07-27 21:57:06+02;1479
2017-07-28 04:17:06+02;1449
2017-07-28 07:17:06+02;1399
2017-07-28 09:17:06+02;1379
2017-07-28 10:17:06+02;1369
2017-07-28 11:44:08+02;1369
2017-07-28 12:01:12+02;1369
2017-07-28 12:02:07+02;1339
2017-07-28 12:27:06+02;1369
2017-07-28 14:17:05+02;1359
2017-07-28 16:17:05+02;1349
2017-07-28 17:12:05+02;1369
2017-07-28 18:22:05+02;1359
2017-07-28 19:17:05+02;1339
2017-07-28 21:57:05+02;1489
2017-07-29 04:17:05+02;1449
2017-07-29 07:17:05+02;1409
2017-07-29 09:17:05+02;1399
2017-07-29 10:17:05+02;1389
2017-07-29 11:17:05+02;1339
2017-07-29 12:27:05+02;1369
2017-07-29 14:17:05+02;1369
2017-07-29 17:32:06+02;1359
2017-07-29 18:22:06+02;1339
2017-07-29 21:57:05+02;1489
2017-07-30 04:22:06+02;1449
2017-07-30 07:22:05+02;1419
2017-07-30 09:17:05+02;1409
2017-07-30 10:17:08+02;1399
2017-07-30 11:17:11+02;1389
2017-07-30 12:17:05+02;1339
2017-07-30 12:27:06+02;1369
2017-07-30 14:17:05+02;1369
2017-07-30 15:17:05+02;1369
2017-07-30 16:17:05+02;1359
2017-07-30 18:17:05+02;1339
2017-07-30 21:57:05+02;1489
2017-07-31 04:17:05+02;1449
2017-07-31 07:17:05+02;1409
2017-07-31 09:17:06+02;1359
2017-07-31 10:17:08+02;1339
2017-07-31 11:17:19+02;1339
2017-07-31 12:27:06+02;1369
2017-07-31 15:10:06+02;1369
2017-07-31 16:17:06+02;1359
2017-07-31 17:12:06+02;1379
2017-07-31 18:32:06+02;1349
2017-07-31 19:17:06+02;1349
2017-07-31 21:57:06+02;1499
2017-08-01 04:17:06+02;1469
2017-08-01 07:17:06+02;1379
2017-08-01 09:17:12+02;1369
2017-08-01 10:17:06+02;1359
2017-08-01 12:27:06+02;1389
2017-08-01 15:22:06+02;1379
2017-08-01 16:17:06+02;1359
2017-08-01 17:12:06+02;1379
2017-08-01 18:17:05+02;1349
2017-08-01 21:57:06+02;1499
2017-08-02 04:22:06+02;1469
2017-08-02 07:17:06+02;1419
2017-08-02 09:17:06+02;1369
2017-08-02 10:17:05+02;1359
2017-08-02 12:27:06+02;1389
2017-08-02 14:17:06+02;1379
2017-08-02 15:27:06+02;1379
2017-08-02 16:17:06+02;1359
2017-08-02 17:12:06+02;1379
2017-08-02 18:22:06+02;1339
2017-08-02 21:57:06+02;1489
2017-08-03 04:17:05+02;1469
2017-08-03 07:17:06+02;1379
2017-08-03 09:17:06+02;1359
2017-08-03 10:17:05+02;1359
2017-08-03 11:17:06+02;1349
2017-08-03 12:27:05+02;1379
2017-08-03 15:17:06+02;1369
2017-08-03 16:22:06+02;1349
2017-08-03 17:12:06+02;1369
2017-08-03 18:17:06+02;1349
2017-08-03 21:57:06+02;1489
2017-08-04 04:22:06+02;1469
2017-08-04 07:17:05+02;1429
2017-08-04 09:17:06+02;1369
2017-08-04 10:17:06+02;1349
2017-08-04 12:27:06+02;1379
2017-08-04 16:17:06+02;1359
2017-08-04 17:12:06+02;1379
2017-08-04 18:17:11+02;1349
2017-08-04 21:57:05+02;1489
2017-08-05 04:17:05+02;1469
2017-08-05 07:17:05+02;1419
2017-08-05 09:17:11+02;1369
2017-08-05 12:27:14+02;1399
2017-08-05 14:17:06+02;1379
2017-08-05 16:17:06+02;1369
2017-08-05 17:12:06+02;1389
2017-08-05 19:17:06+02;1369
2017-08-05 21:57:05+02;1489
2017-08-06 04:22:06+02;1469
2017-08-06 07:17:05+02;1439
2017-08-06 08:52:06+02;1429
2017-08-06 09:22:05+02;1429
2017-08-06 10:17:05+02;1379
2017-08-06 11:22:05+02;1369
2017-08-06 12:27:05+02;1399
2017-08-06 14:17:05+02;1369
2017-08-06 16:17:05+02;1369
2017-08-06 17:12:06+02;1389
2017-08-06 19:17:05+02;1369
2017-08-06 21:57:06+02;1489
2017-08-07 04:22:05+02;1469
2017-08-07 07:17:06+02;1419
2017-08-07 09:17:05+02;1389
2017-08-07 11:17:05+02;1359
2017-08-07 12:27:06+02;1389
2017-08-07 14:22:06+02;1379
2017-08-07 15:17:05+02;1379
2017-08-07 16:17:06+02;1349
2017-08-07 17:12:06+02;1369
2017-08-07 18:17:13+02;1339
2017-08-07 21:57:06+02;1489
2017-08-08 04:22:05+02;1469
2017-08-08 07:17:06+02;1379
2017-08-08 09:17:05+02;1369
2017-08-08 10:17:05+02;1359
2017-08-08 12:27:06+02;1389
2017-08-08 14:17:05+02;1379
2017-08-08 15:17:06+02;1379
2017-08-08 16:22:07+02;1359
2017-08-08 17:12:06+02;1379
2017-08-08 18:17:06+02;1359
2017-08-08 21:57:06+02;1489
2017-08-09 04:22:05+02;1469
2017-08-09 07:17:05+02;1379
2017-08-09 09:22:06+02;1369
2017-08-09 10:17:06+02;1359
2017-08-09 12:27:06+02;1389
2017-08-09 14:22:06+02;1379
2017-08-09 15:22:06+02;1379
2017-08-09 16:17:06+02;1359
2017-08-09 17:12:06+02;1379
2017-08-09 18:22:05+02;1359
2017-08-09 21:57:05+02;1489
2017-08-10 04:22:05+02;1469
2017-08-10 07:17:06+02;1419
2017-08-10 09:17:06+02;1379
2017-08-10 10:17:05+02;1359
2017-08-10 12:27:05+02;1389
2017-08-10 14:17:06+02;1369
2017-08-10 15:22:06+02;1369
2017-08-10 16:17:05+02;1359
2017-08-10 17:12:06+02;1379
2017-08-10 18:17:05+02;1369
2017-08-10 19:17:06+02;1359
2017-08-10 21:57:06+02;1489
2017-08-11 04:17:06+02;1469
2017-08-11 07:17:05+02;1419
2017-08-11 09:17:06+02;1379
2017-08-11 11:17:06+02;1349
2017-08-11 12:27:06+02;1379
2017-08-11 14:22:06+02;1379
2017-08-11 15:17:06+02;1379
2017-08-11 16:22:16+02;1349
2017-08-11 17:12:06+02;1369
2017-08-11 18:17:06+02;1349
2017-08-11 21:57:05+02;1489
2017-08-12 04:22:06+02;1469
2017-08-12 07:17:05+02;1419
2017-08-12 09:17:05+02;1359
2017-08-12 12:27:05+02;1389
2017-08-12 14:17:05+02;1379
2017-08-12 16:17:05+02;1379
2017-08-12 17:12:06+02;1399
2017-08-12 18:17:06+02;1379
2017-08-12 21:57:05+02;1489
2017-08-13 04:22:06+02;1469
2017-08-13 07:17:05+02;1439
2017-08-13 09:17:05+02;1379
2017-08-13 12:17:05+02;1359
2017-08-13 12:27:05+02;1389
2017-08-13 14:17:05+02;1379
2017-08-13 16:17:05+02;1379
2017-08-13 17:12:06+02;1399
2017-08-13 18:17:05+02;1359
2017-08-13 21:57:06+02;1489
2017-08-14 04:22:06+02;1469
2017-08-14 07:17:05+02;1429
2017-08-14 09:17:06+02;1349
2017-08-14 11:17:05+02;1339
2017-08-14 12:28:06+02;1369
2017-08-14 14:17:05+02;1359
2017-08-14 16:17:06+02;1349
2017-08-14 17:12:07+02;1369
2017-08-14 18:17:05+02;1359
2017-08-14 19:22:05+02;1339
2017-08-14 21:57:06+02;1489
2017-08-15 04:27:06+02;1459
2017-08-15 07:17:06+02;1419
2017-08-15 09:17:06+02;1409
2017-08-15 10:17:06+02;1389
2017-08-15 11:22:06+02;1369
2017-08-15 12:27:06+02;1399
2017-08-15 14:42:06+02;1359
2017-08-15 16:17:05+02;1359
2017-08-15 17:12:06+02;1379
2017-08-15 19:17:05+02;1359
2017-08-15 21:57:10+02;1489
2017-08-16 04:22:06+02;1459
2017-08-16 07:17:06+02;1429
2017-08-16 09:22:06+02;1379
2017-08-16 10:22:06+02;1379
2017-08-16 11:22:06+02;1369
2017-08-16 12:27:06+02;1399
2017-08-16 13:47:05+02;1389
2017-08-16 14:27:06+02;1349
2017-08-16 17:12:06+02;1369
2017-08-16 18:22:05+02;1349
2017-08-16 21:57:06+02;1489
2017-08-17 04:22:05+02;1459
2017-08-17 07:32:06+02;1409
2017-08-17 09:37:06+02;1369
2017-08-17 10:32:06+02;1359
2017-08-17 12:27:06+02;1389
2017-08-17 15:22:10+02;1369
2017-08-17 16:22:09+02;1359
2017-08-17 17:12:09+02;1379
2017-08-17 18:27:09+02;1359
2017-08-17 21:57:07+02;1489
2017-08-18 05:02:07+02;1449
2017-08-18 07:27:08+02;1419
2017-08-18 09:32:08+02;1389
2017-08-18 10:22:11+02;1369
2017-08-18 11:22:11+02;1349
2017-08-18 12:27:11+02;1379
2017-08-18 15:22:10+02;1359
2017-08-18 16:22:09+02;1359
2017-08-18 17:12:16+02;1379
2017-08-18 18:22:16+02;1349
2017-08-18 21:57:08+02;1489
2017-08-19 04:27:17+02;1459
2017-08-19 07:22:10+02;1419
2017-08-19 09:22:09+02;1409
2017-08-19 10:02:08+02;1399
2017-08-19 11:22:10+02;1359
2017-08-19 12:27:09+02;1389
2017-08-19 14:52:10+02;1389
2017-08-19 16:17:09+02;1369
2017-08-19 17:12:07+02;1389
2017-08-19 17:32:07+02;1369
2017-08-19 21:57:09+02;1489
2017-08-20 04:37:12+02;1409
2017-08-20 11:07:09+02;1399
2017-08-20 11:32:09+02;1389
2017-08-20 12:27:10+02;1419
2017-08-20 14:27:10+02;1379
2017-08-20 16:22:09+02;1359
2017-08-20 17:12:10+02;1379
2017-08-20 17:42:09+02;1359
2017-08-20 21:58:09+02;1489
2017-08-21 05:52:07+02;1459
2017-08-21 07:32:09+02;1419
2017-08-21 08:17:12+02;1389
2017-08-21 10:17:11+02;1359
2017-08-21 11:07:15+02;1359
2017-08-21 12:27:10+02;1389
2017-08-21 13:57:12+02;1379
2017-08-21 15:01:44+02;1359
2017-08-21 17:12:15+02;1379
2017-08-21 18:27:13+02;1359
2017-08-21 21:57:08+02;1489
2017-08-22 04:27:08+02;1459
2017-08-22 07:32:08+02;1409
2017-08-22 09:17:09+02;1389
2017-08-22 10:17:13+02;1379
2017-08-22 11:27:11+02;1359
2017-08-22 12:27:08+02;1389
2017-08-22 14:22:12+02;1379
2017-08-22 15:27:10+02;1359
2017-08-22 16:22:22+02;1359
2017-08-22 17:12:12+02;1379
2017-08-22 18:22:10+02;1359
2017-08-22 21:57:08+02;1499
2017-08-23 04:22:07+02;1459
2017-08-23 07:17:09+02;1419
2017-08-23 09:22:15+02;1409
2017-08-23 10:22:09+02;1389
2017-08-23 12:17:10+02;1379
2017-08-23 12:27:11+02;1409
2017-08-23 14:17:11+02;1389
2017-08-23 15:17:12+02;1369
2017-08-23 16:22:09+02;1369
2017-08-23 17:12:11+02;1389
2017-08-23 18:27:08+02;1369
2017-08-23 21:57:08+02;1499
2017-08-24 03:33:06+02;1499
2017-08-24 04:22:05+02;1459
2017-08-24 07:17:05+02;1419
2017-08-24 09:22:05+02;1399
2017-08-24 10:22:05+02;1379
2017-08-24 11:32:06+02;1359
2017-08-24 12:27:05+02;1389
2017-08-24 15:27:05+02;1369
2017-08-24 16:17:05+02;1349
2017-08-24 17:12:05+02;1369
2017-08-24 18:17:06+02;1349
2017-08-24 21:57:05+02;1499
2017-08-25 04:22:06+02;1469
2017-08-25 07:17:05+02;1419
2017-08-25 09:22:06+02;1389
2017-08-25 12:27:06+02;1419
2017-08-25 14:22:06+02;1389
2017-08-25 15:27:06+02;1369
2017-08-25 16:32:06+02;1349
2017-08-25 17:12:06+02;1369
2017-08-25 18:17:06+02;1349
2017-08-25 21:57:05+02;1499
2017-08-26 04:22:06+02;1479
2017-08-26 07:27:14+02;1419
2017-08-26 09:22:06+02;1389
2017-08-26 11:22:05+02;1379
2017-08-26 12:27:06+02;1409
2017-08-26 15:22:05+02;1369
2017-08-26 17:12:06+02;1389
2017-08-26 19:22:06+02;1369
2017-08-26 21:57:05+02;1509
2017-08-27 04:22:06+02;1479
2017-08-27 07:17:05+02;1429
2017-08-27 09:07:06+02;1419
2017-08-27 10:17:05+02;1389
2017-08-27 11:07:05+02;1369
2017-08-27 12:17:05+02;1359
2017-08-27 12:27:06+02;1389
2017-08-27 14:17:05+02;1379
2017-08-27 15:17:06+02;1369
2017-08-27 16:17:05+02;1359
2017-08-27 17:12:05+02;1379
2017-08-27 18:22:05+02;1369
2017-08-27 19:17:05+02;1359
2017-08-27 21:57:06+02;1509
2017-08-28 04:22:05+02;1479
2017-08-28 07:17:05+02;1419
2017-08-28 09:17:06+02;1409
2017-08-28 10:22:06+02;1379
2017-08-28 11:22:06+02;1359
2017-08-28 12:27:06+02;1389
2017-08-28 15:17:06+02;1369
2017-08-28 16:22:06+02;1359
2017-08-28 17:12:06+02;1379
2017-08-28 18:22:06+02;1359
2017-08-28 21:57:06+02;1509
2017-08-29 04:32:06+02;1489
2017-08-29 07:17:05+02;1429
2017-08-29 09:17:06+02;1409
2017-08-29 10:22:06+02;1389
2017-08-29 11:17:06+02;1359
2017-08-29 12:27:06+02;1389
2017-08-29 14:22:06+02;1379
2017-08-29 15:27:06+02;1369
2017-08-29 16:22:06+02;1359
2017-08-29 17:12:14+02;1379
2017-08-29 18:22:06+02;1359
2017-08-29 19:22:06+02;1359
2017-08-29 21:57:05+02;1509
2017-08-30 04:27:06+02;1479
2017-08-30 07:17:05+02;1419
2017-08-30 09:22:06+02;1359
2017-08-30 10:17:06+02;1349
2017-08-30 12:17:06+02;1349
2017-08-30 12:27:07+02;1379
2017-08-30 14:17:06+02;1369
2017-08-30 15:27:06+02;1369
2017-08-30 16:22:25+02;1359
2017-08-30 17:12:06+02;1379
2017-08-30 18:27:06+02;1339
2017-08-30 21:57:06+02;1489
2017-08-31 04:27:06+02;1489
2017-08-31 07:17:06+02;1419
2017-08-31 09:27:09+02;1389
2017-08-31 11:27:19+02;1369
2017-08-31 12:17:06+02;1359
2017-08-31 12:27:05+02;1389
2017-08-31 14:17:06+02;1379
2017-08-31 15:22:06+02;1379
2017-08-31 16:17:06+02;1359
2017-08-31 17:12:05+02;1379
2017-08-31 18:17:06+02;1379
2017-08-31 19:17:07+02;1359
2017-08-31 21:57:06+02;1509
2017-09-01 04:27:06+02;1509
2017-09-01 07:17:06+02;1429
2017-09-01 09:22:06+02;1389
2017-09-01 12:27:06+02;1419
2017-09-01 14:57:06+02;1409
2017-09-01 16:27:06+02;1379
2017-09-01 17:12:06+02;1399
2017-09-01 18:17:06+02;1379
2017-09-01 19:17:06+02;1369
2017-09-01 21:57:06+02;1519
2017-09-02 09:22:06+02;1459
2017-09-02 09:32:06+02;1419
2017-09-02 11:22:06+02;1389
2017-09-02 12:27:05+02;1419
2017-09-02 15:17:06+02;1419
2017-09-02 16:22:06+02;1389
2017-09-02 17:12:06+02;1409
2017-09-02 19:17:05+02;1389
2017-09-02 21:57:05+02;1539
2017-09-03 04:37:07+02;1539
2017-09-03 07:17:06+02;1469
2017-09-03 09:07:06+02;1459
2017-09-03 09:17:06+02;1459
2017-09-03 10:17:05+02;1439
2017-09-03 11:17:06+02;1429
2017-09-03 12:27:06+02;1459
2017-09-03 14:17:06+02;1429
2017-09-03 15:17:06+02;1419
2017-09-03 16:17:06+02;1409
2017-09-03 17:12:06+02;1429
2017-09-03 19:17:06+02;1429
2017-09-03 21:57:06+02;1539
2017-09-04 04:27:06+02;1539
2017-09-04 07:17:06+02;1409
2017-09-04 09:17:06+02;1399
2017-09-04 11:22:06+02;1389
2017-09-04 12:27:06+02;1419
2017-09-04 14:17:06+02;1419
2017-09-04 15:22:06+02;1409
2017-09-04 17:12:06+02;1429
2017-09-04 18:17:05+02;1389
2017-09-04 21:57:06+02;1529
2017-09-05 04:32:06+02;1529
2017-09-05 07:17:05+02;1459
2017-09-05 09:17:06+02;1429
2017-09-05 10:22:06+02;1419
2017-09-05 11:22:06+02;1409
2017-09-05 12:17:06+02;1389
2017-09-05 12:27:06+02;1419
2017-09-05 15:17:06+02;1389
2017-09-05 17:12:06+02;1409
2017-09-05 18:17:06+02;1389
2017-09-05 19:17:06+02;1379
2017-09-05 21:57:05+02;1529
2017-09-06 04:27:12+02;1529
2017-09-06 07:17:05+02;1459
2017-09-06 09:17:05+02;1399
2017-09-06 11:27:06+02;1369
2017-09-06 12:27:06+02;1399
2017-09-06 15:22:06+02;1399
2017-09-06 16:17:06+02;1399
2017-09-06 17:12:06+02;1419
2017-09-06 18:22:05+02;1389
2017-09-06 19:17:05+02;1369
2017-09-06 21:57:06+02;1519
2017-09-07 04:32:06+02;1519
2017-09-07 07:17:05+02;1459
2017-09-07 09:22:06+02;1399
2017-09-07 10:17:06+02;1389
2017-09-07 12:27:06+02;1419
2017-09-07 14:17:06+02;1409
2017-09-07 15:22:06+02;1399
2017-09-07 16:17:06+02;1389
2017-09-07 17:12:06+02;1409
2017-09-07 18:17:06+02;1409
2017-09-07 19:17:06+02;1379
2017-09-07 21:57:06+02;1529
2017-09-08 04:32:06+02;1529
2017-09-08 07:17:07+02;1449
2017-09-08 09:32:07+02;1419
2017-09-08 10:17:06+02;1399
2017-09-08 11:17:06+02;1399
2017-09-08 12:27:06+02;1429
2017-09-08 14:17:06+02;1409
2017-09-08 15:17:05+02;1399
2017-09-08 16:22:06+02;1399
2017-09-08 17:12:06+02;1419
2017-09-08 18:17:06+02;1399
2017-09-08 21:57:05+02;1529
2017-09-09 04:32:05+02;1529
2017-09-09 07:17:05+02;1459
2017-09-09 09:52:06+02;1429
2017-09-09 12:17:06+02;1419
2017-09-09 12:27:06+02;1449
2017-09-09 14:17:06+02;1429
2017-09-09 15:17:06+02;1409
2017-09-09 15:42:06+02;1409
2017-09-09 17:12:06+02;1429
2017-09-09 18:17:06+02;1419
2017-09-09 19:17:06+02;1409
2017-09-09 21:57:05+02;1529
2017-09-10 04:32:06+02;1529
2017-09-10 07:17:06+02;1459
2017-09-10 09:02:06+02;1449
2017-09-10 09:17:06+02;1449
2017-09-10 10:17:05+02;1419
2017-09-10 11:02:06+02;1409
2017-09-10 12:27:05+02;1439
2017-09-10 14:17:05+02;1419
2017-09-10 15:17:05+02;1409
2017-09-10 16:17:06+02;1409
2017-09-10 17:12:06+02;1429
2017-09-10 18:17:05+02;1409
2017-09-10 19:17:05+02;1409
2017-09-10 21:57:06+02;1529
2017-09-11 04:27:07+02;1529
2017-09-11 07:17:06+02;1469
2017-09-11 09:22:06+02;1429
2017-09-11 10:27:06+02;1389
2017-09-11 12:27:06+02;1419
2017-09-11 14:22:06+02;1409
2017-09-11 15:42:06+02;1389
2017-09-11 16:17:06+02;1379
2017-09-11 17:12:14+02;1399
2017-09-11 18:17:06+02;1379
2017-09-11 21:57:06+02;1519
2017-09-12 04:27:05+02;1519
2017-09-12 07:17:05+02;1459
2017-09-12 09:32:06+02;1429
2017-09-12 10:37:06+02;1399
2017-09-12 11:17:06+02;1399
2017-09-12 12:27:06+02;1429
2017-09-12 14:32:06+02;1399
2017-09-12 15:37:06+02;1389
2017-09-12 16:22:06+02;1369
2017-09-12 17:12:06+02;1389
2017-09-12 19:17:06+02;1369
2017-09-12 21:57:09+02;1519
2017-09-13 04:32:05+02;1519
2017-09-13 07:18:06+02;1449
2017-09-13 10:22:06+02;1409
2017-09-13 11:17:06+02;1369
2017-09-13 12:27:06+02;1399
2017-09-13 14:17:07+02;1389
2017-09-13 15:22:05+02;1379
2017-09-13 16:32:06+02;1359
2017-09-13 17:12:06+02;1379
2017-09-13 19:17:06+02;1359
2017-09-13 20:27:06+02;1519
2017-09-14 04:32:06+02;1519
2017-09-14 07:17:05+02;1459
2017-09-14 09:27:06+02;1439
2017-09-14 10:37:06+02;1429
2017-09-14 12:27:06+02;1459
2017-09-14 14:27:06+02;1389
2017-09-14 16:22:06+02;1389
2017-09-14 17:12:06+02;1409
2017-09-14 19:17:19+02;1389
2017-09-14 20:27:17+02;1519
2017-09-15 04:32:06+02;1519
2017-09-15 07:17:06+02;1389
2017-09-15 09:07:07+02;1369
2017-09-15 11:27:06+02;1369
2017-09-15 12:27:06+02;1399
2017-09-15 14:27:06+02;1389
2017-09-15 15:27:06+02;1389
2017-09-15 17:12:06+02;1409
2017-09-15 18:22:05+02;1359
2017-09-15 19:17:05+02;1359
2017-09-15 20:27:06+02;1519
2017-09-16 04:32:06+02;1519
2017-09-16 07:17:05+02;1449
2017-09-16 09:17:06+02;1439
2017-09-16 10:17:06+02;1419
2017-09-16 11:17:09+02;1389
2017-09-16 12:27:06+02;1419
2017-09-16 15:17:05+02;1409
2017-09-16 16:17:06+02;1389
2017-09-16 17:12:06+02;1409
2017-09-16 18:17:05+02;1399
2017-09-16 19:17:06+02;1379
2017-09-16 20:27:06+02;1519
2017-09-17 04:27:06+02;1519
2017-09-17 07:17:06+02;1449
2017-09-17 10:17:06+02;1439
2017-09-17 11:17:05+02;1429
2017-09-17 12:17:05+02;1399
2017-09-17 12:27:06+02;1429
2017-09-17 15:17:06+02;1389
2017-09-17 16:17:05+02;1389
2017-09-17 17:12:06+02;1409
2017-09-17 18:22:06+02;1399
2017-09-17 19:17:06+02;1389
2017-09-17 20:27:06+02;1519
2017-09-18 04:32:06+02;1519
2017-09-18 07:17:06+02;1449
2017-09-18 09:27:06+02;1409
2017-09-18 10:37:06+02;1409
2017-09-18 11:22:06+02;1389
2017-09-18 12:27:06+02;1419
2017-09-18 14:17:06+02;1389
2017-09-18 15:17:07+02;1369
2017-09-18 17:12:06+02;1389
2017-09-18 18:17:06+02;1359
2017-09-18 20:27:06+02;1519
2017-09-19 05:12:06+02;1519
2017-09-19 07:42:06+02;1419
2017-09-19 08:07:06+02;1409
2017-09-19 09:22:06+02;1409
2017-09-19 10:17:06+02;1399
2017-09-19 11:32:06+02;1379
2017-09-19 12:27:06+02;1409
2017-09-19 14:22:06+02;1399
2017-09-19 15:27:06+02;1379
2017-09-19 16:22:06+02;1359
2017-09-19 17:12:18+02;1379
2017-09-19 19:17:06+02;1359
2017-09-19 20:27:06+02;1509
2017-09-19 23:16:20+02;1509
2017-09-20 04:17:05+02;1509
2017-09-20 07:17:06+02;1449
2017-09-20 09:17:06+02;1419
2017-09-20 12:27:06+02;1449
2017-09-20 14:32:06+02;1389
2017-09-20 15:27:06+02;1369
2017-09-20 16:17:05+02;1349
2017-09-20 17:12:05+02;1369
2017-09-20 18:22:06+02;1349
2017-09-20 20:27:06+02;1509
2017-09-21 04:22:05+02;1509
2017-09-21 07:22:05+02;1429
2017-09-21 09:22:05+02;1419
2017-09-21 10:17:06+02;1369
2017-09-21 12:27:06+02;1399
2017-09-21 14:42:06+02;1369
2017-09-21 15:27:06+02;1369
2017-09-21 16:22:05+02;1349
2017-09-21 17:12:06+02;1369
2017-09-21 19:22:06+02;1349
2017-09-21 20:27:06+02;1509
