2014-06-09 00:02:01+02;1599
2014-06-10 09:50:01+02;1579
2014-06-10 11:06:01+02;1549
2014-06-11 00:46:01+02;1659
2014-06-11 01:18:01+02;1609
2014-06-11 06:54:01+02;1579
2014-06-11 11:42:01+02;1559
2014-06-11 15:46:01+02;1599
2014-06-12 01:18:01+02;1609
2014-06-12 08:10:01+02;1589
2014-06-12 09:18:01+02;1559
2014-06-12 11:14:01+02;1559
2014-06-13 01:10:01+02;1619
2014-06-13 04:42:01+02;1609
2014-06-13 08:22:01+02;1589
2014-06-13 10:58:01+02;1579
2014-06-14 01:10:01+02;1629
2014-06-14 03:46:01+02;1619
2014-06-14 08:58:01+02;1609
2014-06-14 09:50:01+02;1589
2014-06-15 01:22:01+02;1629
2014-06-16 09:26:01+02;1619
2014-06-16 09:54:01+02;1579
2014-06-17 01:18:01+02;1629
2014-06-17 06:14:01+02;1579
2014-06-17 09:22:01+02;1579
2014-06-18 01:22:01+02;1629
2014-06-18 05:34:01+02;1609
2014-06-18 10:38:01+02;1559
2014-06-18 14:58:01+02;1619
2014-06-18 15:02:01+02;1629
2014-06-19 02:14:01+02;1629
2014-06-19 02:50:01+02;1609
2014-06-19 13:02:01+02;1559
2014-06-20 01:14:01+02;1619
2014-06-20 02:54:01+02;1589
2014-06-20 08:50:01+02;1579
2014-06-20 10:38:01+02;1559
2014-06-20 14:22:01+02;1629
2014-06-21 02:38:01+02;1619
2014-06-21 04:18:01+02;1589
2014-06-22 02:06:01+02;1629
2014-06-22 04:50:01+02;1589
2014-06-23 01:10:01+02;1629
2014-06-23 06:02:01+02;1589
2014-06-23 13:18:01+02;1569
2014-06-24 06:18:01+02;1629
2014-06-24 07:02:01+02;1589
2014-06-24 11:30:01+02;1569
2014-06-25 02:14:01+02;1629
2014-06-25 05:02:01+02;1569
2014-06-25 10:30:01+02;1529
2014-06-26 01:46:01+02;1579
2014-06-26 08:10:01+02;1579
2014-06-26 08:50:01+02;1569
2014-06-26 10:38:01+02;1549
2014-06-27 01:06:01+02;1619
2014-06-27 03:58:01+02;1609
2014-06-27 06:06:01+02;1609
2014-06-27 08:42:01+02;1599
2014-06-27 10:10:01+02;1579
2014-06-28 01:18:01+02;1629
2014-06-28 09:26:01+02;1599
2014-06-29 06:46:01+02;1579
2014-06-30 00:50:01+02;1629
2014-06-30 05:26:01+02;1589
2014-06-30 09:18:01+02;1559
2014-06-30 10:10:01+02;1559
2014-06-30 10:38:01+02;1539
2014-07-01 01:14:01+02;1619
2014-07-01 16:26:01+02;1559
2014-07-02 01:10:01+02;1619
2014-07-02 08:34:01+02;1579
2014-07-02 10:22:01+02;1579
2014-07-02 22:50:01+02;1559
2014-07-03 01:10:01+02;1619
2014-07-03 04:18:01+02;1559
2014-07-03 11:10:01+02;1539
2014-07-04 01:30:01+02;1589
2014-07-04 06:14:01+02;1589
2014-07-04 08:14:01+02;1529
2014-07-04 10:10:01+02;1529
2014-07-05 01:22:01+02;1599
2014-07-05 03:02:01+02;1559
2014-07-05 03:22:01+02;1529
2014-07-06 02:22:01+02;1609
2014-07-06 04:50:01+02;1559
2014-07-07 02:34:01+02;1579
2014-07-07 04:26:01+02;1559
2014-07-07 10:38:01+02;1539
2014-07-07 10:46:01+02;1539
2014-07-08 01:42:01+02;1559
2014-07-08 11:06:01+02;1539
2014-07-09 01:06:01+02;1609
2014-07-09 03:10:01+02;1559
2014-07-09 11:14:01+02;1539
2014-07-10 01:14:01+02;1559
2014-07-10 11:02:01+02;1539
2014-07-11 01:06:01+02;1599
2014-07-11 04:34:01+02;1549
2014-07-11 11:26:01+02;1529
2014-07-12 01:10:01+02;1599
2014-07-12 04:38:01+02;1529
2014-07-12 09:38:01+02;1529
2014-07-13 02:06:01+02;1599
2014-07-13 03:34:01+02;1589
2014-07-13 06:18:01+02;1579
2014-07-14 01:06:01+02;1609
2014-07-14 03:58:01+02;1579
2014-07-14 12:10:01+02;1559
2014-07-15 01:06:01+02;1619
2014-07-15 03:10:01+02;1609
2014-07-15 06:06:01+02;1599
2014-07-15 10:42:01+02;1589
2014-07-15 12:02:01+02;1569
2014-07-16 01:10:01+02;1569
2014-07-17 01:10:01+02;1609
2014-07-17 05:34:01+02;1569
2014-07-17 12:22:01+02;1549
2014-07-18 01:06:01+02;1609
2014-07-18 08:06:01+02;1579
2014-07-18 08:42:01+02;1559
2014-07-18 12:38:01+02;1539
2014-07-19 17:54:01+02;1599
2014-07-20 02:14:01+02;1599
2014-07-20 06:42:01+02;1539
2014-07-21 01:06:01+02;1599
2014-07-21 05:34:01+02;1579
2014-07-21 08:26:01+02;1539
2014-07-21 08:30:01+02;1539
2014-07-21 09:42:01+02;1529
2014-07-22 00:02:01+02;1509
2014-07-22 01:10:01+02;1569
2014-07-22 06:14:01+02;1529
2014-07-22 08:26:01+02;1519
2014-07-23 01:18:01+02;1579
2014-07-23 05:26:01+02;1579
2014-07-23 08:54:01+02;1539
2014-07-24 00:02:01+02;1519
2014-07-24 01:06:01+02;1579
2014-07-24 04:58:01+02;1569
2014-07-25 00:02:01+02;1539
2014-07-25 01:10:01+02;1599
2014-07-25 02:42:01+02;1589
2014-07-25 05:30:01+02;1579
2014-07-25 08:38:01+02;1559
2014-07-25 12:02:01+02;1539
2014-07-25 16:34:01+02;1619
2014-07-26 03:26:01+02;1519
2014-07-26 04:14:01+02;1509
2014-07-27 01:54:01+02;1599
2014-07-27 02:42:01+02;1579
2014-07-27 03:50:01+02;1579
2014-07-27 10:58:01+02;1529
2014-07-28 01:14:01+02;1589
2014-07-28 01:30:01+02;1579
2014-07-28 05:50:01+02;1519
2014-07-29 01:06:01+02;1529
2014-07-30 01:18:01+02;1529
2014-07-30 10:34:01+02;1509
2014-07-31 01:10:01+02;1569
2014-07-31 05:38:01+02;1569
2014-07-31 06:38:01+02;1559
2014-07-31 10:50:01+02;1539
2014-08-01 01:22:01+02;1599
2014-08-01 04:54:01+02;1519
2014-08-02 00:34:01+02;1569
2014-08-02 13:50:01+02;1539
2014-08-03 03:58:01+02;1569
2014-08-03 05:18:01+02;1559
2014-08-03 15:18:01+02;1599
2014-08-04 06:14:01+02;1599
2014-08-04 08:18:01+02;1569
2014-08-04 09:54:01+02;1539
2014-08-04 11:14:01+02;1519
2014-08-04 16:58:01+02;1599
2014-08-05 07:10:01+02;1579
2014-08-05 12:18:01+02;1569
2014-08-07 11:42:01+02;1529
2014-08-07 23:50:01+02;1519
2014-08-08 07:46:01+02;1559
2014-08-08 14:30:01+02;1549
2014-08-08 16:06:01+02;1549
2014-08-09 06:02:01+02;1589
2014-08-09 09:10:01+02;1589
2014-08-10 00:50:01+02;1539
2014-08-10 06:54:01+02;1589
2014-08-10 09:22:01+02;1589
2014-08-10 12:06:01+02;1569
2014-08-10 20:46:01+02;1589
2014-08-11 08:38:01+02;1569
2014-08-11 14:02:01+02;1559
2014-08-11 14:18:01+02;1539
2014-08-11 15:14:01+02;1519
2014-08-11 16:34:01+02;1499
2014-08-11 21:58:01+02;1589
2014-08-12 08:02:01+02;1559
2014-08-12 14:30:01+02;1539
2014-08-12 15:50:01+02;1539
2014-08-12 17:22:01+02;1519
2014-08-12 22:38:01+02;1589
2014-08-12 22:42:01+02;1589
2014-08-12 22:46:01+02;1579
2014-08-13 10:50:01+02;1569
2014-08-13 14:46:01+02;1519
2014-08-13 17:02:01+02;1499
2014-08-14 07:10:01+02;1559
2014-08-14 11:42:01+02;1549
2014-08-14 15:02:01+02;1509
2014-08-15 06:18:01+02;1569
2014-08-15 10:42:01+02;1539
2014-08-15 16:30:01+02;1519
2014-08-16 07:18:01+02;1579
2014-08-16 09:46:01+02;1569
2014-08-16 14:14:01+02;1559
2014-08-17 10:30:01+02;1559
2014-08-17 11:46:01+02;1549
2014-08-17 14:22:01+02;1539
2014-08-17 14:26:01+02;1519
2014-08-17 16:10:01+02;1509
2014-08-18 07:06:01+02;1569
2014-08-18 09:50:01+02;1569
2014-08-18 14:26:01+02;1549
2014-08-18 16:26:01+02;1529
2014-08-18 17:14:01+02;1529
2014-08-19 06:38:01+02;1589
2014-08-19 07:30:01+02;1579
2014-08-19 11:38:01+02;1569
2014-08-19 14:18:01+02;1549
2014-08-19 14:42:01+02;1549
2014-08-19 16:18:01+02;1549
2014-08-19 16:38:01+02;1529
2014-08-19 18:18:01+02;1519
2014-08-20 06:54:01+02;1579
2014-08-20 08:54:01+02;1569
2014-08-20 10:06:01+02;1569
2014-08-20 11:02:01+02;1569
2014-08-20 11:34:01+02;1549
2014-08-20 14:42:01+02;1509
2014-08-20 19:06:01+02;1489
2014-08-21 07:14:01+02;1569
2014-08-21 08:30:01+02;1559
2014-08-21 11:10:01+02;1519
2014-08-21 17:02:01+02;1499
2014-08-22 06:54:01+02;1589
2014-08-22 11:10:01+02;1569
2014-08-22 15:58:01+02;1549
2014-08-23 07:06:01+02;1589
2014-08-23 11:30:01+02;1569
2014-08-23 14:38:01+02;1549
2014-08-23 17:02:01+02;1529
2014-08-24 08:10:01+02;1589
2014-08-24 12:02:01+02;1529
2014-08-25 07:26:01+02;1589
2014-08-25 11:54:01+02;1569
2014-08-25 15:22:01+02;1549
2014-08-25 16:26:01+02;1529
2014-08-26 07:06:01+02;1549
2014-08-26 17:38:01+02;1529
2014-08-27 07:06:01+02;1599
2014-08-27 10:14:01+02;1589
2014-08-27 14:22:01+02;1559
2014-08-27 16:46:01+02;1539
2014-08-28 07:06:01+02;1599
2014-08-28 14:14:01+02;1569
2014-08-28 17:38:01+02;1549
2014-08-29 06:46:01+02;1599
2014-08-29 06:50:01+02;1589
2014-08-29 10:10:01+02;1579
2014-08-29 13:18:01+02;1579
2014-08-29 17:38:01+02;1539
2014-08-30 07:26:01+02;1599
2014-08-30 09:02:01+02;1589
2014-08-30 12:14:01+02;1579
2014-08-30 14:38:01+02;1569
2014-08-30 16:02:01+02;1499
2014-08-31 07:10:01+02;1599
2014-08-31 08:58:01+02;1589
2014-08-31 13:58:01+02;1529
2014-08-31 14:06:01+02;1529
2014-09-01 07:02:01+02;1599
2014-09-01 12:02:01+02;1579
2014-09-01 15:02:01+02;1549
2014-09-02 07:10:01+02;1599
2014-09-02 08:50:01+02;1589
2014-09-02 12:22:01+02;1569
2014-09-02 16:54:01+02;1549
2014-09-02 20:14:01+02;1539
2014-09-03 04:10:01+02;1589
2014-09-03 11:46:01+02;1589
2014-09-03 14:38:01+02;1559
2014-09-03 17:58:01+02;1539
2014-09-04 07:10:01+02;1579
2014-09-04 12:22:01+02;1579
2014-09-04 14:22:01+02;1569
2014-09-04 18:06:01+02;1529
2014-09-05 07:10:01+02;1579
2014-09-05 09:46:01+02;1579
2014-09-05 11:38:01+02;1559
2014-09-05 15:14:01+02;1559
2014-09-05 17:10:01+02;1539
2014-09-06 07:06:01+02;1579
2014-09-06 12:22:01+02;1559
2014-09-06 19:18:01+02;1549
2014-09-07 07:06:01+02;1579
2014-09-07 11:26:01+02;1549
2014-09-08 07:18:01+02;1579
2014-09-08 12:18:01+02;1559
2014-09-08 15:42:01+02;1539
2014-09-08 17:02:01+02;1519
2014-09-09 07:06:01+02;1579
2014-09-09 09:10:01+02;1529
2014-09-09 10:38:01+02;1529
2014-09-10 07:18:01+02;1579
2014-09-10 11:34:01+02;1559
2014-09-10 15:26:01+02;1529
2014-09-10 16:42:01+02;1509
2014-09-11 07:06:01+02;1599
2014-09-11 10:06:01+02;1589
2014-09-11 11:38:01+02;1539
2014-09-11 12:02:01+02;1539
2014-09-11 14:50:01+02;1529
2014-09-12 07:10:01+02;1589
2014-09-12 12:10:01+02;1579
2014-09-12 14:46:01+02;1569
2014-09-13 07:10:01+02;1589
2014-09-13 12:42:01+02;1569
2014-09-13 14:06:01+02;1559
2014-09-13 19:22:01+02;1549
2014-09-14 07:22:02+02;1589
2014-09-14 12:46:01+02;1539
2014-09-15 16:26:01+02;1519
2014-09-16 07:06:01+02;1589
2014-09-16 12:06:01+02;1559
2014-09-16 14:18:01+02;1519
2014-09-16 17:18:01+02;1499
2014-09-16 17:42:01+02;1499
2014-09-17 07:10:01+02;1589
2014-09-17 09:50:01+02;1579
2014-09-17 12:38:02+02;1579
2014-09-17 12:42:01+02;1559
2014-09-17 15:54:01+02;1539
2014-09-18 07:06:01+02;1589
2014-09-18 08:46:01+02;1589
2014-09-18 11:26:01+02;1539
2014-09-18 14:46:01+02;1519
2014-09-18 17:22:01+02;1499
2014-09-19 07:10:01+02;1509
2014-09-19 14:54:01+02;1509
2014-09-20 05:26:01+02;1589
2014-09-20 11:18:01+02;1519
2014-09-21 00:02:01+02;1589
2014-09-21 08:58:01+02;1519
2014-09-21 09:06:01+02;1519
2014-09-21 11:18:01+02;1509
2014-09-21 23:22:01+02;1589
2014-09-22 07:26:01+02;1579
2014-09-22 08:26:01+02;1569
2014-09-22 11:34:01+02;1559
2014-09-22 15:22:01+02;1519
2014-09-22 16:42:01+02;1519
2014-09-23 07:06:01+02;1579
2014-09-23 11:42:01+02;1549
2014-09-23 14:14:01+02;1519
2014-09-24 07:06:01+02;1589
2014-09-24 08:34:01+02;1589
2014-09-24 14:54:01+02;1549
2014-09-24 16:18:01+02;1549
2014-09-24 17:46:01+02;1529
2014-09-25 07:14:01+02;1579
2014-09-25 11:58:01+02;1509
2014-09-25 15:58:01+02;1509
2014-09-25 19:10:01+02;1509
2014-09-26 07:06:01+02;1579
2014-09-26 10:34:01+02;1579
2014-09-26 14:18:01+02;1529
2014-09-26 15:30:01+02;1509
2014-09-26 19:02:01+02;1489
2014-09-27 07:06:01+02;1579
2014-09-27 08:34:01+02;1489
2014-09-28 06:58:01+02;1579
2014-09-28 09:58:01+02;1509
2014-09-28 16:14:01+02;1489
2014-09-29 07:06:01+02;1579
2014-09-29 11:34:01+02;1549
2014-09-29 14:06:01+02;1529
2014-09-30 07:34:01+02;1589
2014-09-30 07:46:01+02;1579
2014-09-30 09:58:01+02;1529
2014-09-30 15:06:01+02;1509
2014-09-30 17:02:01+02;1489
2014-10-01 07:06:01+02;1579
2014-10-01 08:30:01+02;1489
2014-10-02 07:06:01+02;1579
2014-10-02 09:22:01+02;1489
2014-10-03 07:06:01+02;1579
2014-10-03 09:14:01+02;1559
2014-10-03 11:46:01+02;1499
2014-10-04 07:06:01+02;1579
2014-10-04 12:18:01+02;1509
2014-10-05 07:06:01+02;1579
2014-10-05 08:38:01+02;1579
2014-10-05 13:42:01+02;1509
2014-10-06 07:14:01+02;1579
2014-10-06 08:46:02+02;1509
2014-10-06 18:06:01+02;1489
2014-10-07 07:30:01+02;1509
2014-10-07 10:06:01+02;1489
2014-10-07 16:14:01+02;1489
2014-10-08 07:10:01+02;1579
2014-10-08 08:26:01+02;1509
2014-10-09 07:06:01+02;1579
2014-10-09 09:22:01+02;1509
2014-10-09 15:50:01+02;1509
2014-10-10 07:10:01+02;1569
2014-10-10 08:38:01+02;1569
2014-10-10 10:46:01+02;1559
2014-10-10 11:42:01+02;1509
2014-10-11 07:10:01+02;1509
2014-10-11 08:02:01+02;1509
2014-10-11 08:18:01+02;1499
2014-10-11 11:18:01+02;1489
2014-10-11 15:10:01+02;1479
2014-10-11 15:18:01+02;1479
2014-10-11 16:06:01+02;1479
2014-10-12 07:06:01+02;1569
2014-10-12 08:22:01+02;1559
2014-10-12 09:34:01+02;1499
2014-10-12 15:14:01+02;1489
2014-10-13 07:06:01+02;1559
2014-10-13 09:10:01+02;1549
2014-10-13 11:38:01+02;1549
2014-10-13 14:18:01+02;1529
2014-10-13 17:22:01+02;1529
2014-10-13 17:26:01+02;1509
2014-10-14 07:10:01+02;1529
2014-10-14 10:02:01+02;1509
2014-10-14 13:06:01+02;1499
2014-10-15 07:06:01+02;1529
2014-10-15 15:18:01+02;1519
2014-10-15 17:58:01+02;1509
2014-10-16 15:58:01+02;1489
2014-10-17 11:58:01+02;1489
2014-10-17 21:22:01+02;1469
2014-10-18 10:02:01+02;1469
2014-10-18 17:54:01+02;1469
2014-10-18 23:06:01+02;1549
2014-10-19 09:06:01+02;1469
2014-10-20 06:50:01+02;1549
2014-10-20 09:42:01+02;1469
2014-10-21 07:14:01+02;1509
2014-10-21 09:30:01+02;1469
2014-10-21 15:10:01+02;1449
2014-10-21 16:02:01+02;1449
2014-10-22 07:02:01+02;1509
2014-10-22 09:26:01+02;1489
2014-10-22 11:30:01+02;1459
2014-10-22 16:14:01+02;1449
2014-10-23 07:06:01+02;1509
2014-10-23 09:14:01+02;1499
2014-10-23 12:06:01+02;1459
2014-10-23 15:18:01+02;1459
2014-10-24 07:22:01+02;1519
2014-10-24 07:34:01+02;1519
2014-10-24 07:42:01+02;1499
2014-10-24 08:38:01+02;1499
2014-10-24 11:06:01+02;1489
2014-10-24 15:26:01+02;1479
2014-10-25 10:42:01+02;1469
2014-10-26 07:58:01+01;1559
2014-10-26 09:06:01+01;1459
2014-10-27 07:54:01+01;1499
2014-10-27 08:10:01+01;1499
2014-10-27 16:10:01+01;1459
2014-10-28 07:10:01+01;1519
2014-10-28 08:46:01+01;1499
2014-10-28 11:54:02+01;1499
2014-10-28 16:14:01+01;1459
2014-10-29 07:06:01+01;1519
2014-10-29 10:26:01+01;1489
2014-10-29 14:26:01+01;1459
2014-10-29 17:02:01+01;1449
2014-10-30 07:14:01+01;1509
2014-10-30 08:50:01+01;1499
2014-10-30 11:10:01+01;1469
2014-10-30 15:14:01+01;1459
2014-10-30 17:14:01+01;1439
2014-10-31 07:06:01+01;1499
2014-10-31 08:30:02+01;1439
2014-11-01 07:10:01+01;1529
2014-11-01 10:02:01+01;1439
2014-11-01 18:02:01+01;1429
2014-11-02 07:06:01+01;1529
2014-11-02 09:18:01+01;1439
2014-11-03 06:06:01+01;1529
2014-11-03 07:42:01+01;1439
2014-11-03 14:18:01+01;1439
2014-11-03 21:17:00+01;1439
2014-11-04 07:05:00+01;1499
2014-11-04 08:29:00+01;1439
2014-11-04 18:25:00+01;1439
2014-11-05 07:13:00+01;1469
2014-11-05 15:57:00+01;1459
2014-11-06 06:57:00+01;1539
2014-11-06 07:13:00+01;1509
2014-11-06 11:25:00+01;1489
2014-11-06 14:21:00+01;1479
2014-11-06 14:33:00+01;1449
2014-11-06 16:45:00+01;1439
2014-11-07 07:37:00+01;1509
2014-11-07 10:41:00+01;1499
2014-11-07 14:05:00+01;1459
2014-11-07 17:13:00+01;1459
2014-11-08 07:05:00+01;1539
2014-11-08 09:09:00+01;1459
2014-11-09 08:29:00+01;1509
2014-11-09 10:05:00+01;1459
2014-11-09 16:05:00+01;1449
2014-11-10 07:05:00+01;1539
2014-11-10 11:41:00+01;1479
2014-11-10 17:05:00+01;1459
2014-11-11 07:05:00+01;1509
2014-11-11 11:49:00+01;1449
2014-11-11 15:57:00+01;1439
2014-11-12 07:05:00+01;1469
2014-11-12 14:49:00+01;1459
2014-11-13 07:05:00+01;1509
2014-11-13 10:13:00+01;1439
2014-11-13 16:37:00+01;1419
2014-11-13 22:29:00+01;1509
2014-11-14 07:05:00+01;1469
2014-11-14 15:41:00+01;1449
2014-11-15 05:49:00+01;1499
2014-11-15 09:53:00+01;1459
2014-11-15 10:37:00+01;1439
2014-11-15 14:09:00+01;1439
2014-11-15 15:29:00+01;1429
2014-11-15 22:13:00+01;1499
2014-11-16 13:57:00+01;1429
2014-11-17 07:41:00+01;1499
2014-11-17 09:09:00+01;1429
2014-11-17 17:57:00+01;1429
2014-11-18 07:13:00+01;1489
2014-11-18 11:21:00+01;1479
2014-11-18 11:49:00+01;1479
2014-11-18 13:33:00+01;1469
2014-11-18 15:09:00+01;1449
2014-11-19 07:09:00+01;1489
2014-11-19 14:33:00+01;1459
2014-11-19 15:53:00+01;1459
2014-11-19 16:29:00+01;1439
2014-11-20 07:45:00+01;1499
2014-11-20 08:57:00+01;1439
2014-11-20 11:21:00+01;1429
2014-11-20 12:45:00+01;1429
2014-11-21 07:13:00+01;1459
2014-11-21 09:53:00+01;1419
2014-11-21 15:05:00+01;1419
2014-11-21 16:29:00+01;1419
2014-11-21 20:33:00+01;1509
2014-11-22 08:45:00+01;1469
2014-11-22 10:29:00+01;1439
2014-11-23 15:57:00+01;1429
2014-11-24 07:05:00+01;1469
2014-11-24 11:01:00+01;1439
2014-11-24 14:45:00+01;1409
2014-11-25 07:13:00+01;1489
2014-11-25 09:17:00+01;1409
2014-11-25 12:13:00+01;1409
2014-11-25 14:33:00+01;1409
2014-11-26 07:01:00+01;1489
2014-11-26 08:37:00+01;1479
2014-11-26 15:05:00+01;1419
2014-11-27 07:09:00+01;1459
2014-11-27 14:37:00+01;1429
2014-11-27 16:29:00+01;1429
2014-11-28 07:13:00+01;1459
2014-11-28 12:17:00+01;1419
2014-11-28 16:33:00+01;1389
2014-11-29 06:09:00+01;1479
2014-11-29 07:41:00+01;1469
2014-11-29 09:13:00+01;1449
2014-11-30 07:05:00+01;1449
2014-11-30 07:09:00+01;1489
2014-11-30 12:49:00+01;1419
2014-11-30 19:54:00+01;1419
2014-12-01 07:49:00+01;1459
2014-12-01 10:53:00+01;1449
2014-12-01 16:00:00+01;1439
2014-12-02 06:53:00+01;1439
2014-12-02 09:41:00+01;1439
2014-12-02 11:57:00+01;1399
2014-12-02 17:57:00+01;1389
2014-12-03 06:29:00+01;1469
2014-12-03 09:33:00+01;1429
2014-12-03 11:17:00+01;1429
2014-12-03 14:57:00+01;1419
2014-12-03 17:17:00+01;1389
2014-12-04 07:17:00+01;1429
2014-12-04 10:57:00+01;1419
2014-12-04 15:09:00+01;1409
2014-12-05 06:57:00+01;1419
2014-12-05 08:57:00+01;1419
2014-12-05 14:21:00+01;1399
2014-12-05 17:29:00+01;1389
2014-12-06 07:13:00+01;1439
2014-12-06 14:21:00+01;1409
2014-12-06 19:01:00+01;1369
2014-12-07 07:33:00+01;1419
2014-12-07 11:41:00+01;1359
2014-12-07 15:13:00+01;1359
2014-12-08 06:45:00+01;1419
2014-12-08 10:41:00+01;1409
2014-12-08 11:49:00+01;1379
2014-12-08 14:49:00+01;1359
2014-12-08 18:29:00+01;1349
2014-12-09 06:57:00+01;1379
2014-12-09 16:05:00+01;1359
2014-12-10 06:33:00+01;1409
2014-12-10 07:53:00+01;1399
2014-12-10 12:09:00+01;1389
2014-12-10 15:29:00+01;1349
2014-12-10 16:05:00+01;1339
2014-12-10 17:37:00+01;1329
2014-12-10 19:05:00+01;1329
2014-12-11 07:29:00+01;1359
2014-12-11 08:33:00+01;1349
2014-12-11 09:37:00+01;1349
2014-12-11 11:33:00+01;1339
2014-12-11 22:01:00+01;1419
2014-12-12 07:33:00+01;1389
2014-12-12 08:17:00+01;1379
2014-12-12 10:25:00+01;1369
2014-12-12 14:17:00+01;1359
2014-12-12 15:33:00+01;1339
2014-12-13 04:41:00+01;1399
2014-12-13 08:01:00+01;1379
2014-12-13 10:05:00+01;1339
2014-12-13 18:29:00+01;1329
2014-12-14 06:37:00+01;1399
2014-12-14 07:37:00+01;1379
2014-12-14 10:41:00+01;1319
2014-12-14 14:57:00+01;1319
2014-12-14 16:30:01+01;1319
2014-12-14 17:10:01+01;1319
2014-12-14 17:58:01+01;1309
2014-12-15 06:26:01+01;1379
2014-12-15 08:22:02+01;1369
2014-12-15 15:46:01+01;1339
2014-12-15 17:10:01+01;1329
2014-12-16 07:02:01+01;1359
2014-12-16 11:18:01+01;1359
2014-12-16 12:34:01+01;1339
2014-12-16 16:06:01+01;1319
2014-12-16 16:38:01+01;1309
2014-12-17 06:34:01+01;1369
2014-12-17 07:50:01+01;1339
2014-12-17 09:50:01+01;1339
2014-12-17 13:42:01+01;1339
2014-12-17 14:30:01+01;1329
2014-12-17 17:42:01+01;1299
2014-12-18 06:06:01+01;1369
2014-12-18 09:02:01+01;1349
2014-12-18 11:10:01+01;1349
2014-12-18 14:14:01+01;1309
2014-12-18 15:38:01+01;1299
2014-12-19 06:50:01+01;1319
2014-12-19 10:02:01+01;1289
2014-12-19 17:58:01+01;1269
2014-12-20 06:14:01+01;1359
2014-12-20 09:14:01+01;1309
2014-12-21 06:22:01+01;1389
2014-12-21 07:30:01+01;1369
2014-12-21 09:58:01+01;1359
2014-12-21 10:54:01+01;1299
2014-12-22 06:50:01+01;1329
2014-12-22 16:58:01+01;1309
2014-12-23 06:58:01+01;1359
2014-12-23 11:38:01+01;1319
2014-12-23 14:18:01+01;1319
2014-12-23 15:50:01+01;1309
2014-12-23 19:22:01+01;1299
2014-12-24 07:06:01+01;1359
2014-12-24 10:18:01+01;1299
2014-12-24 14:06:01+01;1289
2014-12-25 08:02:01+01;1369
2014-12-25 09:10:01+01;1349
2014-12-25 09:14:01+01;1339
2014-12-25 10:18:01+01;1299
2014-12-25 17:10:01+01;1269
2014-12-26 08:10:01+01;1369
2014-12-26 09:14:01+01;1339
2014-12-26 09:30:01+01;1329
2014-12-26 16:30:01+01;1289
2014-12-26 17:58:01+01;1279
2014-12-27 06:30:01+01;1369
2014-12-27 08:46:01+01;1349
2014-12-27 14:26:01+01;1339
2014-12-27 15:02:01+01;1329
2014-12-27 16:06:01+01;1309
2014-12-28 08:30:01+01;1369
2014-12-28 08:38:01+01;1329
2014-12-28 09:50:01+01;1309
2014-12-29 07:26:01+01;1359
2014-12-29 08:06:01+01;1339
2014-12-29 10:30:01+01;1339
2014-12-29 19:14:01+01;1289
2014-12-30 07:14:01+01;1339
2014-12-30 11:58:01+01;1339
2014-12-30 17:22:01+01;1299
2014-12-31 06:26:01+01;1349
2014-12-31 11:14:01+01;1329
2014-12-31 17:38:01+01;1299
2015-01-01 14:58:01+01;1319
2015-01-01 17:14:01+01;1319
2015-01-02 07:42:01+01;1359
2015-01-02 12:14:01+01;1329
2015-01-02 13:30:01+01;1319
2015-01-02 15:18:01+01;1299
2015-01-03 07:10:01+01;1359
2015-01-03 08:26:01+01;1339
2015-01-03 09:30:01+01;1339
2015-01-03 11:30:01+01;1279
2015-01-04 08:06:01+01;1359
2015-01-04 10:10:01+01;1299
2015-01-04 14:10:01+01;1299
2015-01-05 07:10:01+01;1339
2015-01-05 09:18:01+01;1329
2015-01-05 11:46:01+01;1329
2015-01-05 15:14:01+01;1329
2015-01-05 17:54:01+01;1299
2015-01-06 07:30:01+01;1329
2015-01-06 07:58:01+01;1299
2015-01-06 14:10:01+01;1289
2015-01-06 22:46:01+01;1369
2015-01-06 22:50:01+01;1349
2015-01-07 06:34:01+01;1329
2015-01-07 07:14:01+01;1319
2015-01-07 08:10:01+01;1319
2015-01-07 14:10:01+01;1299
2015-01-07 15:02:01+01;1299
2015-01-07 18:18:01+01;1279
2015-01-08 07:06:01+01;1329
2015-01-08 11:58:01+01;1289
2015-01-08 17:18:01+01;1269
2015-01-09 09:50:01+01;1319
2015-01-09 15:42:01+01;1259
2015-01-09 19:10:01+01;1239
2015-01-09 22:58:01+01;1299
2015-01-10 07:26:01+01;1299
2015-01-10 08:18:01+01;1299
2015-01-10 10:46:01+01;1299
2015-01-10 10:50:01+01;1239
2015-01-10 16:14:01+01;1229
2015-01-11 06:18:01+01;1299
2015-01-11 09:02:01+01;1299
2015-01-11 10:30:01+01;1299
2015-01-11 15:02:01+01;1269
2015-01-12 07:22:01+01;1309
2015-01-12 12:02:01+01;1309
2015-01-12 14:50:01+01;1269
2015-01-13 07:02:01+01;1289
2015-01-13 14:34:01+01;1259
2015-01-13 15:50:01+01;1249
2015-01-14 06:58:01+01;1299
2015-01-14 12:06:01+01;1299
2015-01-14 15:14:01+01;1269
2015-01-14 16:26:01+01;1259
2015-01-14 16:38:01+01;1249
2015-01-15 07:18:01+01;1299
2015-01-15 14:34:01+01;1259
2015-01-15 18:10:01+01;1239
2015-01-15 18:54:01+01;1239
2015-01-16 07:06:01+01;1299
2015-01-16 14:58:01+01;1269
2015-01-16 16:02:01+01;1239
2015-01-16 16:42:01+01;1229
2015-01-17 07:06:01+01;1299
2015-01-17 10:14:01+01;1279
2015-01-17 10:46:01+01;1269
2015-01-17 12:10:01+01;1269
2015-01-17 16:42:01+01;1259
2015-01-18 06:02:01+01;1299
2015-01-18 11:22:01+01;1259
2015-01-18 14:50:01+01;1259
2015-01-19 07:14:01+01;1299
2015-01-19 10:50:01+01;1239
2015-01-20 06:46:01+01;1299
2015-01-20 09:34:01+01;1299
2015-01-20 11:38:01+01;1299
2015-01-20 14:50:01+01;1279
2015-01-20 15:58:02+01;1279
2015-01-21 07:14:01+01;1309
2015-01-21 10:02:01+01;1309
2015-01-21 12:02:01+01;1309
2015-01-21 14:50:01+01;1269
2015-01-21 17:02:01+01;1259
2015-01-22 07:06:01+01;1299
2015-01-22 08:38:01+01;1299
2015-01-22 12:34:01+01;1249
2015-01-22 15:18:01+01;1249
2015-01-23 07:10:01+01;1309
2015-01-23 10:50:01+01;1299
2015-01-23 14:26:01+01;1289
2015-01-23 15:26:01+01;1279
2015-01-24 07:06:01+01;1279
2015-01-24 07:10:01+01;1309
2015-01-24 10:42:01+01;1289
2015-01-24 13:06:01+01;1269
2015-01-24 15:22:01+01;1259
2015-01-25 07:26:01+01;1309
2015-01-25 14:58:01+01;1239
2015-01-25 15:22:01+01;1239
2015-01-26 06:46:01+01;1309
2015-01-26 14:18:01+01;1279
2015-01-26 14:26:01+01;1259
2015-01-26 16:14:01+01;1249
2015-01-27 07:06:01+01;1309
2015-01-27 10:54:01+01;1269
2015-01-27 15:30:01+01;1249
2015-01-27 16:26:01+01;1249
2015-01-28 06:58:01+01;1309
2015-01-28 10:38:01+01;1299
2015-01-28 14:14:01+01;1289
2015-01-28 15:14:01+01;1279
2015-01-28 15:46:01+01;1249
2015-01-28 22:46:01+01;1309
2015-01-29 07:02:01+01;1309
2015-01-29 11:50:01+01;1299
2015-01-29 14:34:01+01;1289
2015-01-29 15:38:01+01;1269
2015-01-29 16:22:01+01;1269
2015-01-29 16:54:01+01;1249
2015-01-29 23:22:01+01;1309
2015-01-30 11:02:01+01;1309
2015-01-30 14:14:01+01;1279
2015-01-31 07:10:01+01;1329
2015-01-31 08:54:01+01;1289
2015-01-31 09:46:01+01;1249
2015-02-01 00:30:01+01;1249
2015-02-01 07:50:01+01;1329
2015-02-01 12:18:01+01;1249
2015-02-01 12:22:01+01;1249
2015-02-01 20:22:01+01;1249
2015-02-02 10:10:02+01;1249
2015-02-03 07:02:02+01;1279
2015-02-04 07:06:01+01;1349
2015-02-04 08:38:01+01;1279
2015-02-05 07:10:01+01;1369
2015-02-05 08:30:01+01;1319
2015-02-05 09:34:01+01;1319
2015-02-06 07:10:01+01;1369
2015-02-06 08:34:01+01;1369
2015-02-06 11:26:01+01;1329
2015-02-06 16:02:01+01;1319
2015-02-07 07:46:01+01;1369
2015-02-07 10:50:01+01;1309
2015-02-08 08:10:01+01;1389
2015-02-08 11:46:01+01;1299
2015-02-08 15:42:01+01;1289
2015-02-08 21:26:01+01;1289
2015-02-08 21:34:01+01;1399
2015-02-09 08:46:01+01;1379
2015-02-09 09:58:01+01;1299
2015-02-10 07:02:01+01;1379
2015-02-10 08:34:01+01;1369
2015-02-10 10:50:01+01;1359
2015-02-10 11:42:01+01;1339
2015-02-10 14:42:01+01;1319
2015-02-10 16:54:01+01;1299
2015-02-11 07:22:01+01;1389
2015-02-11 11:02:01+01;1309
2015-02-11 18:26:01+01;1299
2015-02-12 07:10:01+01;1389
2015-02-12 09:14:01+01;1359
2015-02-12 09:38:01+01;1319
2015-02-13 07:10:01+01;1389
2015-02-13 09:02:01+01;1359
2015-02-13 11:34:01+01;1359
2015-02-13 14:46:01+01;1329
2015-02-14 08:22:01+01;1399
2015-02-14 09:50:01+01;1319
2015-02-15 08:18:01+01;1409
2015-02-15 10:34:01+01;1409
2015-02-15 11:02:01+01;1379
2015-02-15 15:34:01+01;1309
2015-02-16 07:10:01+01;1339
2015-02-16 10:30:01+01;1319
2015-02-17 07:06:01+01;1399
2015-02-17 08:18:01+01;1399
2015-02-17 10:50:01+01;1339
2015-02-18 07:14:01+01;1399
2015-02-18 09:42:01+01;1389
2015-02-18 10:58:01+01;1369
2015-02-18 15:34:01+01;1359
2015-02-18 15:38:01+01;1319
2015-02-18 15:42:02+01;1319
2015-02-19 07:10:01+01;1399
2015-02-19 08:58:01+01;1379
2015-02-19 11:02:01+01;1329
2015-02-20 07:10:01+01;1389
2015-02-20 10:50:01+01;1329
2015-02-20 14:54:01+01;1319
2015-02-21 07:06:01+01;1399
2015-02-21 11:06:01+01;1319
2015-02-21 15:10:01+01;1319
2015-02-21 16:22:01+01;1319
2015-02-22 08:06:01+01;1399
2015-02-22 09:34:01+01;1369
2015-02-22 15:34:01+01;1349
2015-02-23 07:10:01+01;1399
2015-02-23 11:30:01+01;1349
2015-02-24 07:06:01+01;1399
2015-02-24 08:10:01+01;1389
2015-02-24 11:42:01+01;1359
2015-02-24 16:02:01+01;1349
2015-02-25 01:26:01+01;1349
2015-02-25 07:14:01+01;1409
2015-02-25 11:26:01+01;1359
2015-02-25 17:06:01+01;1349
2015-02-26 07:06:01+01;1409
2015-02-26 09:46:01+01;1369
2015-02-26 14:46:01+01;1349
2015-02-27 15:38:01+01;1339
2015-02-28 06:58:01+01;1419
2015-02-28 08:22:01+01;1419
2015-02-28 11:02:01+01;1349
2015-02-28 12:58:01+01;1339
2015-02-28 20:14:01+01;1429
2015-03-01 08:50:01+01;1429
2015-03-01 17:22:01+01;1349
2015-03-01 17:26:01+01;1339
2015-03-02 06:54:01+01;1429
2015-03-02 10:18:01+01;1349
2015-03-02 15:10:01+01;1349
2015-03-02 17:26:01+01;1349
2015-03-03 06:38:01+01;1429
2015-03-03 07:46:02+01;1379
2015-03-03 09:22:01+01;1379
2015-03-03 11:30:01+01;1359
2015-03-04 07:06:01+01;1429
2015-03-04 08:02:01+01;1409
2015-03-04 14:22:01+01;1359
2015-03-05 07:06:01+01;1389
2015-03-05 09:14:01+01;1379
2015-03-05 12:10:01+01;1379
2015-03-05 15:18:01+01;1369
2015-03-05 16:30:01+01;1349
2015-03-06 07:10:01+01;1439
2015-03-06 11:10:01+01;1379
2015-03-06 14:26:01+01;1359
2015-03-07 06:26:01+01;1429
2015-03-07 09:46:01+01;1349
2015-03-07 22:38:01+01;1429
2015-03-08 09:58:01+01;1399
2015-03-08 11:34:01+01;1399
2015-03-08 15:34:01+01;1349
2015-03-08 17:46:01+01;1339
2015-03-08 22:42:01+01;1339
2015-03-09 07:06:01+01;1429
2015-03-09 10:54:01+01;1349
2015-03-10 07:58:01+01;1439
2015-03-10 09:38:01+01;1419
2015-03-10 10:38:01+01;1419
2015-03-10 11:02:01+01;1369
2015-03-10 14:38:01+01;1359
2015-03-10 14:42:01+01;1359
2015-03-11 07:14:01+01;1449
2015-03-11 09:10:01+01;1439
2015-03-11 09:54:01+01;1419
2015-03-11 11:54:01+01;1409
2015-03-11 14:50:01+01;1379
2015-03-12 07:06:01+01;1429
2015-03-12 08:38:01+01;1429
2015-03-12 10:54:01+01;1419
2015-03-12 14:42:01+01;1369
2015-03-13 06:46:01+01;1449
2015-03-13 10:26:01+01;1369
2015-03-14 07:46:01+01;1429
2015-03-14 07:58:01+01;1419
2015-03-14 08:22:01+01;1369
2015-03-14 12:42:02+01;1369
2015-03-14 19:18:01+01;1359
2015-03-15 08:10:01+01;1459
2015-03-15 09:06:01+01;1419
2015-03-15 16:18:01+01;1369
2015-03-16 07:06:01+01;1459
2015-03-16 08:30:01+01;1419
2015-03-16 11:22:01+01;1379
2015-03-16 17:18:01+01;1379
2015-03-16 18:42:01+01;1379
2015-03-17 07:06:01+01;1439
2015-03-17 08:38:01+01;1429
2015-03-17 11:10:02+01;1429
2015-03-17 17:18:01+01;1369
2015-03-18 07:10:01+01;1429
2015-03-18 09:26:01+01;1409
2015-03-18 10:22:01+01;1349
2015-03-19 07:14:01+01;1439
2015-03-19 08:50:01+01;1409
2015-03-19 12:42:01+01;1339
2015-03-20 07:10:01+01;1419
2015-03-20 11:18:01+01;1359
2015-03-21 07:10:01+01;1439
2015-03-21 08:02:01+01;1419
2015-03-21 08:54:01+01;1379
2015-03-21 12:30:01+01;1369
2015-03-21 17:14:01+01;1349
2015-03-22 08:46:01+01;1419
2015-03-22 10:42:01+01;1349
2015-03-23 07:06:01+01;1419
2015-03-23 13:10:02+01;1379
2015-03-23 17:18:01+01;1379
2015-03-24 07:06:01+01;1439
2015-03-24 08:42:01+01;1399
2015-03-24 12:10:01+01;1379
2015-03-24 15:06:01+01;1369
2015-03-25 07:10:01+01;1429
2015-03-25 11:22:02+01;1399
2015-03-25 12:14:01+01;1379
2015-03-25 16:38:01+01;1379
2015-03-25 17:34:01+01;1369
2015-03-26 07:14:01+01;1449
2015-03-26 08:38:01+01;1369
2015-03-26 13:42:01+01;1369
2015-03-26 16:22:01+01;1359
2015-03-27 06:42:01+01;1449
2015-03-27 10:58:01+01;1379
2015-03-28 05:26:01+01;1469
2015-03-28 09:54:01+01;1379
2015-03-28 10:58:01+01;1379
2015-03-29 14:14:01+02;1359
2015-03-30 07:26:01+02;1459
2015-03-30 10:42:01+02;1399
2015-03-30 14:26:01+02;1379
2015-03-30 16:06:01+02;1369
2015-03-31 07:14:01+02;1439
2015-03-31 08:26:01+02;1389
2015-04-01 07:10:01+02;1479
2015-04-01 10:38:01+02;1429
2015-04-01 11:46:01+02;1419
2015-04-01 14:22:02+02;1389
2015-04-01 15:46:01+02;1369
2015-04-02 07:14:01+02;1459
2015-04-02 08:14:01+02;1439
2015-04-02 13:38:01+02;1389
2015-04-02 15:26:01+02;1379
2015-04-03 07:54:01+02;1399
2015-04-03 12:30:01+02;1379
2015-04-03 13:10:01+02;1369
2015-04-04 08:54:01+02;1429
2015-04-04 09:34:01+02;1369
2015-04-05 06:58:01+02;1459
2015-04-05 08:54:02+02;1439
2015-04-05 11:38:01+02;1429
2015-04-05 12:02:01+02;1369
2015-04-06 00:42:01+02;1459
2015-04-06 08:46:01+02;1369
2015-04-06 22:14:01+02;1459
2015-04-07 07:10:01+02;1459
2015-04-07 08:26:01+02;1369
2015-04-07 22:10:01+02;1459
2015-04-08 07:10:01+02;1439
2015-04-08 08:06:01+02;1439
2015-04-08 11:30:01+02;1389
2015-04-08 14:22:01+02;1379
2015-04-09 07:06:01+02;1469
2015-04-09 08:26:01+02;1419
2015-04-09 11:42:01+02;1409
2015-04-09 14:02:01+02;1389
2015-04-09 14:54:01+02;1389
2015-04-09 18:02:01+02;1379
2015-04-10 07:10:01+02;1449
2015-04-10 08:38:01+02;1449
2015-04-10 14:50:01+02;1399
2015-04-11 07:14:01+02;1479
2015-04-11 07:46:01+02;1459
2015-04-11 11:30:01+02;1459
2015-04-11 16:06:01+02;1399
2015-04-12 07:06:01+02;1479
2015-04-12 09:14:01+02;1439
2015-04-13 07:06:01+02;1459
2015-04-13 08:06:01+02;1419
2015-04-13 11:30:01+02;1419
2015-04-13 15:50:01+02;1409
2015-04-13 16:06:01+02;1409
2015-04-13 17:38:01+02;1399
2015-04-14 07:10:01+02;1469
2015-04-14 08:14:01+02;1459
2015-04-14 08:54:01+02;1419
2015-04-15 07:10:01+02;1469
2015-04-15 08:58:01+02;1469
2015-04-15 10:50:01+02;1429
2015-04-15 16:02:01+02;1419
2015-04-16 07:14:01+02;1479
2015-04-16 08:34:01+02;1469
2015-04-16 10:38:01+02;1399
2015-04-16 11:18:01+02;1399
2015-04-17 07:18:01+02;1469
2015-04-17 10:42:01+02;1429
2015-04-18 07:10:01+02;1519
2015-04-18 07:54:01+02;1489
2015-04-18 09:06:01+02;1479
2015-04-18 11:10:01+02;1429
2015-04-18 11:58:01+02;1429
2015-04-18 16:30:01+02;1419
2015-04-19 07:38:01+02;1509
2015-04-19 20:46:01+02;1409
2015-04-20 07:10:01+02;1479
2015-04-20 08:06:01+02;1469
2015-04-20 12:02:01+02;1429
2015-04-20 17:26:01+02;1419
2015-04-21 07:06:01+02;1499
2015-04-21 11:22:01+02;1469
2015-04-21 15:10:01+02;1419
2015-04-22 07:10:01+02;1499
2015-04-22 09:06:01+02;1479
2015-04-22 11:38:01+02;1469
2015-04-22 14:22:01+02;1429
2015-04-23 07:06:01+02;1499
2015-04-23 08:30:01+02;1489
2015-04-23 09:02:01+02;1489
2015-04-23 10:50:01+02;1479
2015-04-23 14:38:01+02;1429
2015-04-24 07:18:01+02;1489
2015-04-24 09:54:01+02;1469
2015-04-24 16:22:01+02;1419
2015-04-25 07:26:01+02;1509
2015-04-25 08:22:01+02;1489
2015-04-25 08:30:01+02;1429
2015-04-25 10:18:02+02;1419
2015-04-25 11:34:01+02;1419
2015-04-26 08:26:01+02;1519
2015-04-26 08:42:01+02;1509
2015-04-26 09:14:01+02;1489
2015-04-26 15:46:01+02;1489
2015-04-26 15:50:01+02;1469
2015-04-26 17:22:01+02;1419
2015-04-26 22:46:01+02;1419
2015-04-27 07:06:01+02;1529
2015-04-27 08:30:01+02;1489
2015-04-27 09:54:01+02;1479
2015-04-27 14:42:01+02;1439
2015-04-27 16:02:01+02;1429
2015-04-27 16:18:01+02;1429
2015-04-27 19:10:01+02;1399
2015-04-28 07:06:01+02;1509
2015-04-28 08:26:01+02;1499
2015-04-28 10:38:01+02;1489
2015-04-28 13:06:01+02;1489
2015-04-28 14:30:01+02;1459
2015-04-29 07:06:01+02;1509
2015-04-29 08:34:01+02;1499
2015-04-29 12:02:01+02;1499
2015-04-29 15:42:01+02;1469
2015-04-29 15:46:01+02;1459
2015-04-30 07:02:01+02;1499
2015-04-30 08:46:01+02;1489
2015-04-30 11:58:01+02;1469
2015-04-30 14:30:01+02;1459
2015-04-30 16:34:02+02;1439
2015-05-01 08:18:01+02;1489
2015-05-01 11:10:01+02;1439
2015-05-01 13:18:01+02;1419
2015-05-02 07:14:01+02;1509
2015-05-02 09:26:01+02;1489
2015-05-02 10:30:01+02;1439
2015-05-03 08:30:01+02;1529
2015-05-03 10:10:01+02;1459
2015-05-03 16:18:01+02;1439
2015-05-03 17:22:01+02;1429
2015-05-04 07:06:01+02;1509
2015-05-04 07:58:01+02;1509
2015-05-04 09:58:01+02;1489
2015-05-04 10:30:01+02;1479
2015-05-04 14:46:01+02;1459
2015-05-04 16:18:01+02;1459
2015-05-04 16:26:01+02;1439
2015-05-05 07:06:01+02;1509
2015-05-05 14:06:01+02;1469
2015-05-05 17:58:01+02;1439
2015-05-05 19:42:01+02;1429
2015-05-06 07:06:01+02;1509
2015-05-06 09:06:01+02;1499
2015-05-06 10:14:01+02;1459
2015-05-06 12:14:01+02;1459
2015-05-06 14:22:01+02;1449
2015-05-07 07:18:01+02;1539
2015-05-07 07:30:01+02;1509
2015-05-07 11:22:01+02;1509
2015-05-07 12:26:01+02;1479
2015-05-07 14:18:01+02;1409
2015-05-08 07:10:01+02;1509
2015-05-08 12:30:01+02;1499
2015-05-08 15:42:01+02;1469
2015-05-08 17:34:01+02;1449
2015-05-09 07:22:01+02;1549
2015-05-09 07:26:01+02;1569
2015-05-09 08:18:01+02;1499
2015-05-09 08:22:01+02;1499
2015-05-09 10:54:01+02;1459
2015-05-09 18:18:01+02;1449
2015-05-10 07:14:01+02;1519
2015-05-10 09:38:01+02;1489
2015-05-10 10:26:01+02;1439
2015-05-10 18:54:01+02;1379
2015-05-11 06:26:02+02;1519
2015-05-11 07:54:01+02;1489
2015-05-11 10:22:01+02;1449
2015-05-11 11:30:01+02;1449
2015-05-11 14:38:01+02;1449
2015-05-11 18:26:01+02;1449
2015-05-12 07:06:01+02;1529
2015-05-12 09:14:01+02;1489
2015-05-12 14:22:01+02;1469
2015-05-12 17:38:01+02;1449
2015-05-13 07:30:01+02;1489
2015-05-13 14:14:01+02;1439
2015-05-13 16:46:01+02;1419
2015-05-14 07:46:01+02;1509
2015-05-14 09:34:01+02;1499
2015-05-14 11:18:01+02;1489
2015-05-14 12:10:01+02;1479
2015-05-14 13:58:02+02;1469
2015-05-14 15:06:01+02;1459
2015-05-14 16:46:01+02;1439
2015-05-14 18:18:01+02;1419
2015-05-14 23:50:01+02;1419
2015-05-15 07:18:01+02;1499
2015-05-15 10:26:01+02;1499
2015-05-15 11:58:01+02;1469
2015-05-16 07:14:01+02;1549
2015-05-16 08:02:01+02;1499
2015-05-16 12:02:02+02;1469
2015-05-16 13:54:01+02;1459
2015-05-16 16:06:01+02;1449
2015-05-18 08:50:01+02;1499
2015-05-18 15:58:01+02;1459
2015-05-18 16:42:01+02;1439
2015-05-19 07:10:01+02;1499
2015-05-19 09:38:01+02;1499
2015-05-19 15:50:01+02;1469
2015-05-19 17:18:01+02;1449
2015-05-19 19:26:01+02;1439
2015-05-20 07:06:01+02;1509
2015-05-20 08:26:01+02;1499
2015-05-20 09:46:01+02;1499
2015-05-20 10:30:01+02;1469
2015-05-20 14:26:01+02;1459
2015-05-20 17:14:01+02;1439
2015-05-20 19:34:01+02;1429
2015-05-21 07:06:01+02;1509
2015-05-21 11:18:01+02;1499
2015-05-21 14:02:01+02;1469
2015-05-21 14:10:01+02;1469
2015-05-21 17:18:01+02;1449
2015-05-22 07:02:01+02;1469
2015-05-22 09:54:01+02;1469
2015-05-22 10:54:01+02;1459
2015-05-22 16:42:01+02;1439
2015-05-23 07:38:01+02;1519
2015-05-23 08:26:01+02;1509
2015-05-23 10:46:01+02;1459
2015-05-23 14:14:01+02;1449
2015-05-23 17:10:01+02;1439
2015-05-23 23:10:01+02;1439
2015-05-24 08:42:01+02;1449
2015-05-24 18:18:01+02;1419
2015-05-24 22:30:01+02;1499
2015-05-25 07:06:01+02;1419
2015-05-25 11:34:01+02;1419
2015-05-26 07:06:01+02;1509
2015-05-26 10:38:01+02;1439
2015-05-27 07:06:01+02;1449
2015-05-28 07:06:01+02;1459
2015-05-28 15:10:01+02;1449
2015-05-29 07:26:01+02;1459
2015-05-29 08:02:01+02;1459
2015-05-29 08:54:01+02;1449
2015-05-30 12:50:01+02;1429
2015-05-30 18:34:01+02;1409
2015-05-31 08:10:01+02;1529
2015-05-31 08:34:01+02;1469
2015-05-31 12:50:01+02;1449
2015-05-31 18:38:01+02;1439
2015-06-01 07:26:01+02;1469
2015-06-01 08:46:01+02;1409
2015-06-02 07:10:01+02;1489
2015-06-02 15:14:01+02;1459
2015-06-02 16:06:01+02;1439
2015-06-03 07:14:01+02;1489
2015-06-03 08:42:01+02;1439
2015-06-03 14:34:01+02;1439
2015-06-04 15:34:01+02;1429
2015-06-05 07:06:01+02;1479
2015-06-05 11:10:01+02;1479
2015-06-05 12:14:01+02;1439
2015-06-05 14:30:01+02;1429
2015-06-06 07:06:01+02;1519
2015-06-06 08:02:01+02;1479
2015-06-06 10:46:01+02;1449
2015-06-08 07:14:01+02;1489
2015-06-08 10:10:01+02;1449
2015-06-08 14:14:01+02;1439
2015-06-09 07:06:01+02;1469
2015-06-09 08:26:01+02;1469
2015-06-09 15:06:01+02;1449
2015-06-10 07:06:01+02;1469
2015-06-10 08:46:01+02;1469
2015-06-10 09:22:01+02;1449
2015-06-10 10:42:01+02;1449
2015-06-10 16:22:01+02;1439
2015-06-11 07:06:01+02;1469
2015-06-11 08:34:01+02;1449
2015-06-11 10:34:01+02;1429
2015-06-11 11:30:01+02;1429
2015-06-12 07:14:01+02;1529
2015-06-12 08:58:01+02;1509
2015-06-12 10:30:01+02;1439
2015-06-13 07:34:01+02;1529
2015-06-13 07:38:01+02;1489
2015-06-13 09:06:01+02;1439
2015-06-13 09:58:01+02;1439
2015-06-14 08:22:01+02;1509
2015-06-14 08:42:01+02;1489
2015-06-15 07:18:01+02;1489
2015-06-15 12:10:01+02;1469
2015-06-16 07:06:01+02;1509
2015-06-16 11:06:01+02;1509
2015-06-16 15:30:01+02;1469
2015-06-16 17:54:01+02;1449
2015-06-17 18:10:01+02;1439
2015-06-18 08:26:01+02;1499
2015-06-18 09:58:01+02;1449
2015-06-18 16:42:01+02;1439
2015-06-19 07:02:01+02;1499
2015-06-19 08:30:01+02;1499
2015-06-19 10:42:01+02;1459
2015-06-19 15:46:01+02;1459
2015-06-19 17:50:01+02;1449
2015-06-19 19:30:01+02;1439
2015-06-20 09:02:01+02;1439
2015-06-20 09:54:01+02;1439
2015-06-20 09:58:01+02;1439
2015-06-20 13:18:02+02;1429
2015-06-21 07:06:01+02;1519
2015-06-21 09:02:01+02;1499
2015-06-21 09:34:01+02;1499
2015-06-21 11:38:01+02;1459
2015-06-21 12:34:01+02;1449
2015-06-21 14:54:01+02;1439
2015-06-22 07:06:01+02;1509
2015-06-22 08:26:01+02;1499
2015-06-22 11:18:01+02;1459
2015-06-22 16:42:01+02;1459
2015-06-22 17:46:01+02;1449
2015-06-24 07:02:01+02;1499
2015-06-24 10:22:01+02;1489
2015-06-24 16:18:01+02;1469
2015-06-25 07:06:01+02;1519
2015-06-25 08:46:01+02;1499
2015-06-25 14:06:01+02;1479
2015-06-25 15:38:01+02;1459
2015-06-25 16:54:01+02;1439
2015-06-26 07:06:01+02;1489
2015-06-26 10:34:01+02;1449
2015-06-27 07:10:01+02;1509
2015-06-27 08:34:01+02;1489
2015-06-27 10:30:01+02;1419
2015-06-28 07:18:01+02;1499
2015-06-28 10:18:01+02;1489
2015-06-28 16:54:01+02;1439
2015-06-29 08:06:01+02;1489
2015-06-29 09:54:01+02;1429
2015-06-29 16:30:01+02;1429
2015-06-30 07:06:01+02;1509
2015-06-30 09:54:01+02;1499
2015-06-30 16:02:01+02;1459
2015-07-01 07:10:01+02;1499
2015-07-01 15:02:01+02;1459
2015-07-01 16:54:01+02;1429
2015-07-02 07:06:01+02;1509
2015-07-02 11:18:01+02;1489
2015-07-02 12:50:01+02;1469
2015-07-02 14:22:01+02;1459
2015-07-02 15:18:01+02;1429
2015-07-03 07:14:01+02;1519
2015-07-03 07:42:01+02;1509
2015-07-03 14:14:01+02;1439
2015-07-03 14:58:01+02;1429
2015-07-04 07:06:01+02;1529
2015-07-04 10:14:01+02;1429
2015-07-04 14:30:01+02;1429
2015-07-05 07:22:02+02;1499
2015-07-05 08:54:01+02;1499
2015-07-05 10:42:01+02;1429
2015-07-06 00:30:01+02;1499
2015-07-06 08:50:01+02;1499
2015-07-06 11:14:01+02;1449
2015-07-06 15:14:01+02;1439
2015-07-07 07:22:01+02;1519
2015-07-07 09:38:01+02;1509
2015-07-07 12:02:01+02;1449
2015-07-07 15:34:01+02;1439
2015-07-07 23:26:01+02;1439
2015-07-08 07:18:01+02;1529
2015-07-08 08:38:01+02;1509
2015-07-08 15:22:01+02;1459
2015-07-09 07:10:01+02;1539
2015-07-09 08:50:01+02;1509
2015-07-09 11:06:01+02;1509
2015-07-09 15:22:01+02;1479
2015-07-10 07:06:01+02;1529
2015-07-10 10:50:01+02;1469
2015-07-10 10:54:01+02;1499
2015-07-10 14:58:01+02;1479
2015-07-11 07:10:01+02;1569
2015-07-11 10:18:01+02;1529
2015-07-11 11:42:01+02;1489
2015-07-11 15:02:01+02;1469
2015-07-12 07:06:01+02;1569
2015-07-12 10:06:01+02;1499
2015-07-12 17:14:01+02;1479
2015-07-13 07:06:01+02;1529
2015-07-13 09:14:01+02;1519
2015-07-13 11:10:01+02;1489
2015-07-13 14:34:01+02;1489
2015-07-14 07:06:01+02;1509
2015-07-14 08:46:01+02;1509
2015-07-14 10:26:01+02;1489
2015-07-14 10:54:01+02;1489
2015-07-14 17:10:01+02;1479
2015-07-15 11:34:01+02;1479
2015-07-15 14:54:01+02;1469
2015-07-16 16:02:01+02;1459
2015-07-17 10:02:01+02;1459
2015-07-18 09:54:01+02;1449
2015-07-19 08:10:01+02;1499
2015-07-19 08:54:01+02;1449
2015-07-20 07:10:01+02;1459
2015-07-20 15:26:01+02;1449
2015-07-20 16:34:01+02;1439
2015-07-21 07:10:01+02;1449
2015-07-21 08:34:01+02;1439
2015-07-21 16:10:01+02;1439
2015-07-22 07:10:01+02;1459
2015-07-22 13:54:01+02;1439
2015-07-23 07:06:01+02;1459
2015-07-23 14:26:01+02;1459
2015-07-23 16:22:01+02;1429
2015-07-24 07:06:01+02;1459
2015-07-24 08:58:01+02;1449
2015-07-25 07:06:01+02;1539
2015-07-25 09:50:01+02;1449
2015-07-26 08:18:01+02;1539
2015-07-26 10:02:01+02;1449
2015-07-27 06:46:01+02;1449
2015-07-27 08:30:01+02;1449
2015-07-27 14:50:01+02;1439
2015-07-28 06:42:01+02;1449
2015-07-28 09:30:01+02;1439
2015-07-28 14:42:01+02;1429
2015-07-29 07:10:01+02;1439
2015-07-29 15:06:01+02;1429
2015-07-29 15:42:01+02;1419
2015-07-31 08:06:01+02;1429
2015-07-31 08:50:01+02;1419
2015-07-31 12:42:01+02;1449
2015-07-31 14:14:01+02;1419
2015-07-31 21:50:01+02;1519
2015-08-01 07:30:01+02;1459
2015-08-01 10:46:01+02;1439
2015-08-02 07:54:01+02;1519
2015-08-02 09:30:01+02;1439
2015-08-02 11:34:01+02;1439
2015-08-03 12:14:01+02;1469
2015-08-03 14:46:01+02;1439
2015-08-04 11:42:01+02;1439
2015-08-04 12:22:01+02;1469
2015-08-04 14:30:01+02;1439
2015-08-04 21:54:01+02;1469
2015-08-05 10:22:01+02;1459
2015-08-05 12:34:01+02;1489
2015-08-05 14:26:01+02;1479
2015-08-05 15:18:01+02;1449
2015-08-06 01:50:01+02;1499
2015-08-06 08:10:01+02;1439
2015-08-06 12:22:01+02;1469
2015-08-06 14:30:01+02;1429
2015-08-07 07:50:01+02;1439
2015-08-07 10:34:01+02;1419
2015-08-07 12:30:01+02;1449
2015-08-07 14:14:01+02;1439
2015-08-07 15:14:01+02;1409
2015-08-08 06:06:01+02;1499
2015-08-08 08:22:01+02;1459
2015-08-08 11:26:01+02;1449
2015-08-08 15:22:01+02;1439
2015-08-09 00:30:01+02;1469
2015-08-09 08:54:01+02;1449
2015-08-09 18:30:01+02;1429
2015-08-10 07:30:01+02;1439
2015-08-10 13:58:01+02;1469
2015-08-10 14:18:01+02;1439
2015-08-10 19:14:01+02;1419
2015-08-11 07:18:01+02;1459
2015-08-11 13:02:01+02;1479
2015-08-11 14:14:01+02;1469
2015-08-11 14:26:01+02;1449
2015-08-11 16:30:01+02;1439
2015-08-11 19:18:01+02;1429
2015-08-11 20:06:01+02;1439
2015-08-12 07:30:01+02;1429
2015-08-12 12:50:01+02;1459
2015-08-12 14:42:01+02;1429
2015-08-12 18:38:01+02;1409
2015-08-13 07:38:01+02;1429
2015-08-13 09:46:01+02;1419
2015-08-13 12:30:01+02;1449
2015-08-13 14:38:01+02;1419
2015-08-14 07:18:01+02;1429
2015-08-14 09:54:01+02;1419
2015-08-14 13:42:01+02;1449
2015-08-14 13:46:01+02;1449
2015-08-14 14:34:01+02;1419
2015-08-14 16:02:01+02;1419
2015-08-14 21:34:01+02;1439
2015-08-15 08:14:01+02;1429
2015-08-15 13:30:01+02;1449
2015-08-15 13:54:01+02;1429
2015-08-15 16:42:01+02;1419
2015-08-16 06:50:01+02;1449
2015-08-16 08:46:01+02;1419
2015-08-16 08:54:01+02;1409
2015-08-17 07:10:01+02;1419
2015-08-17 17:22:01+02;1419
2015-08-17 19:42:01+02;1409
2015-08-17 21:38:01+02;1439
2015-08-18 08:50:01+02;1419
2015-08-18 11:46:01+02;1399
2015-08-18 16:14:01+02;1389
2015-08-18 21:46:01+02;1419
2015-08-19 08:26:01+02;1419
2015-08-19 11:46:01+02;1419
2015-08-19 13:26:01+02;1439
2015-08-19 13:54:01+02;1419
2015-08-19 19:26:01+02;1369
2015-08-19 21:06:01+02;1419
2015-08-20 08:14:01+02;1419
2015-08-20 08:38:01+02;1419
2015-08-20 14:14:01+02;1409
2015-08-20 17:02:01+02;1389
2015-08-20 18:42:01+02;1379
2015-08-20 18:46:01+02;1369
2015-08-21 07:10:01+02;1429
2015-08-21 09:54:01+02;1399
2015-08-21 15:10:01+02;1379
2015-08-21 18:58:01+02;1379
2015-08-22 07:10:01+02;1389
2015-08-22 08:46:01+02;1389
2015-08-22 17:10:01+02;1359
2015-08-24 08:42:01+02;1339
2015-08-24 17:54:01+02;1329
2015-08-25 07:10:01+02;1379
2015-08-25 15:14:01+02;1349
2015-08-25 16:34:01+02;1329
2015-08-25 17:42:01+02;1319
2015-08-26 00:26:01+02;1319
2015-08-26 00:42:01+02;1319
2015-08-26 06:38:01+02;1379
2015-08-26 08:30:01+02;1359
2015-08-26 14:22:01+02;1349
2015-08-26 16:42:01+02;1319
2015-08-26 17:14:01+02;1299
2015-08-27 07:06:01+02;1349
2015-08-27 16:38:01+02;1329
2015-08-28 07:02:01+02;1339
2015-08-28 14:02:01+02;1329
2015-08-28 18:58:01+02;1329
2015-08-29 07:30:01+02;1349
2015-08-29 10:02:01+02;1329
2015-08-29 12:34:01+02;1329
2015-08-29 13:42:01+02;1359
2015-08-29 15:26:02+02;1329
2015-08-30 07:50:01+02;1399
2015-08-30 09:02:01+02;1359
2015-08-30 10:54:01+02;1329
2015-08-30 16:18:01+02;1309
2015-08-31 07:10:02+02;1349
2015-08-31 09:26:01+02;1339
2015-08-31 17:18:01+02;1339
2015-09-01 07:10:01+02;1359
2015-09-01 10:38:01+02;1359
2015-09-01 17:18:01+02;1339
2015-09-02 08:30:01+02;1359
2015-09-02 14:38:01+02;1339
2015-09-02 22:22:01+02;1339
2015-09-02 22:26:01+02;1339
2015-09-03 12:10:01+02;1329
2015-09-04 08:06:01+02;1349
2015-09-04 09:38:01+02;1329
2015-09-05 07:06:01+02;1399
2015-09-05 08:02:01+02;1379
2015-09-05 10:26:01+02;1369
2015-09-05 11:38:01+02;1329
2015-09-05 20:26:01+02;1309
2015-09-06 07:10:01+02;1399
2015-09-06 10:18:01+02;1339
2015-09-06 17:22:01+02;1329
2015-09-07 07:10:01+02;1369
2015-09-07 12:02:01+02;1309
2015-09-07 14:14:01+02;1299
2015-09-08 07:18:01+02;1359
2015-09-08 12:42:01+02;1339
2015-09-08 17:26:01+02;1339
2015-09-09 06:58:01+02;1369
2015-09-09 14:46:01+02;1349
2015-09-09 17:38:01+02;1329
2015-09-10 07:06:01+02;1379
2015-09-10 09:10:01+02;1369
2015-09-10 11:50:01+02;1359
2015-09-10 11:58:01+02;1359
2015-09-10 15:50:01+02;1339
2015-09-11 07:54:01+02;1359
2015-09-11 09:34:01+02;1359
2015-09-11 14:54:01+02;1359
2015-09-11 19:10:01+02;1329
2015-09-12 08:18:01+02;1379
2015-09-12 10:50:01+02;1359
2015-09-12 16:46:01+02;1349
2015-09-13 08:54:01+02;1369
2015-09-13 11:10:01+02;1349
2015-09-13 18:54:01+02;1319
2015-09-14 07:06:01+02;1369
2015-09-14 09:50:01+02;1329
2015-09-15 07:14:01+02;1369
2015-09-15 10:10:01+02;1329
2015-09-16 07:14:01+02;1349
2015-09-16 10:18:01+02;1329
2015-09-16 17:30:01+02;1329
2015-09-17 07:10:01+02;1339
2015-09-17 10:34:01+02;1329
2015-09-17 15:10:01+02;1319
2015-09-18 07:14:01+02;1339
2015-09-19 07:34:01+02;1399
2015-09-19 10:54:01+02;1329
2015-09-20 08:22:01+02;1349
2015-09-20 13:58:01+02;1369
2015-09-20 17:58:01+02;1339
2015-09-21 07:10:01+02;1359
2015-09-21 15:26:01+02;1349
2015-09-21 19:30:01+02;1329
2015-09-22 07:14:01+02;1349
2015-09-22 17:10:01+02;1329
2015-09-23 14:02:01+02;1319
2015-09-24 07:14:01+02;1359
2015-09-24 08:42:01+02;1309
2015-09-24 09:38:01+02;1299
2015-09-25 06:38:01+02;1359
2015-09-25 07:22:01+02;1329
2015-09-25 07:34:01+02;1319
2015-09-25 13:26:01+02;1349
2015-09-25 14:42:01+02;1309
2015-09-25 20:26:01+02;1349
2015-09-26 11:10:01+02;1329
2015-09-26 13:42:01+02;1339
2015-09-26 16:02:01+02;1319
2015-09-27 11:50:01+02;1309
2015-09-27 20:22:01+02;1359
2015-09-28 07:10:01+02;1359
2015-09-28 09:26:01+02;1349
2015-09-28 15:46:01+02;1339
2015-09-29 06:46:01+02;1369
2015-09-29 08:38:01+02;1339
2015-09-29 11:34:01+02;1309
2015-09-29 12:58:01+02;1339
2015-09-29 14:18:01+02;1309
2015-09-30 07:02:01+02;1339
2015-09-30 12:10:01+02;1309
2015-09-30 12:50:01+02;1339
2015-09-30 15:22:01+02;1309
2015-09-30 19:38:01+02;1299
2015-09-30 21:34:01+02;1339
2015-10-01 06:58:01+02;1339
2015-10-01 10:26:01+02;1339
2015-10-01 14:10:01+02;1309
2015-10-01 17:34:01+02;1299
2015-10-02 06:50:02+02;1329
2015-10-02 11:26:02+02;1319
2015-10-02 16:38:01+02;1309
2015-10-03 06:26:01+02;1349
2015-10-03 10:30:02+02;1279
2015-10-04 00:22:01+02;1329
2015-10-04 09:02:01+02;1329
2015-10-04 10:46:01+02;1299
2015-10-05 07:22:01+02;1349
2015-10-05 09:50:01+02;1349
2015-10-05 13:54:01+02;1329
2015-10-05 15:54:01+02;1279
2015-10-05 18:22:01+02;1279
2015-10-05 20:10:01+02;1299
2015-10-06 06:30:01+02;1329
2015-10-06 10:38:01+02;1299
2015-10-06 16:34:01+02;1289
2015-10-07 07:02:01+02;1329
2015-10-07 16:02:01+02;1319
2015-10-08 07:06:01+02;1339
2015-10-08 11:14:01+02;1329
2015-10-08 12:58:01+02;1299
2015-10-08 13:30:01+02;1349
2015-10-08 14:06:01+02;1289
2015-10-08 15:02:01+02;1289
2015-10-09 07:02:01+02;1339
2015-10-09 10:34:01+02;1339
2015-10-09 15:54:02+02;1319
2015-10-09 18:06:01+02;1309
2015-10-10 07:50:01+02;1339
2015-10-10 11:14:01+02;1309
2015-10-11 08:06:01+02;1399
2015-10-11 09:38:01+02;1309
2015-10-12 07:18:01+02;1359
2015-10-12 11:14:01+02;1339
2015-10-12 14:34:01+02;1329
2015-10-12 19:06:01+02;1329
2015-10-13 07:06:01+02;1359
2015-10-13 10:14:01+02;1339
2015-10-13 11:22:02+02;1309
2015-10-13 16:46:01+02;1299
2015-10-14 07:14:01+02;1349
2015-10-14 08:50:01+02;1339
2015-10-14 11:42:01+02;1339
2015-10-14 14:50:01+02;1319
2015-10-14 16:14:01+02;1309
2015-10-14 17:18:01+02;1309
2015-10-14 19:06:01+02;1299
2015-10-15 07:10:01+02;1329
2015-10-15 11:34:01+02;1329
2015-10-15 13:50:01+02;1279
2015-10-15 15:34:01+02;1279
2015-10-15 18:02:01+02;1269
2015-10-16 07:02:01+02;1339
2015-10-16 09:38:01+02;1329
2015-10-16 14:46:01+02;1289
2015-10-16 16:34:01+02;1279
2015-10-17 07:30:01+02;1319
2015-10-17 07:38:01+02;1319
2015-10-18 07:14:01+02;1389
2015-10-18 10:58:01+02;1299
2015-10-18 17:06:01+02;1319
2015-10-19 11:50:01+02;1319
2015-10-19 17:02:01+02;1289
2015-10-20 07:06:01+02;1319
2015-10-20 11:46:02+02;1319
2015-10-20 15:42:01+02;1299
2015-10-21 07:10:01+02;1309
2015-10-21 08:54:01+02;1309
2015-10-21 11:18:01+02;1309
2015-10-21 16:10:01+02;1299
2015-10-21 16:18:01+02;1289
2015-10-22 07:10:01+02;1349
2015-10-22 08:10:01+02;1299
2015-10-22 16:10:02+02;1289
2015-10-22 16:38:01+02;1279
2015-10-24 07:06:01+02;1319
2015-10-24 07:38:01+02;1339
2015-10-24 15:42:01+02;1279
2015-10-26 07:06:01+01;1309
2015-10-26 10:10:01+01;1279
2015-10-27 07:06:01+01;1309
2015-10-27 10:50:01+01;1299
2015-10-27 16:46:01+01;1289
2015-10-27 20:38:01+01;1279
2015-10-28 07:14:01+01;1309
2015-10-28 08:54:01+01;1299
2015-10-28 16:34:01+01;1289
2015-10-28 17:10:01+01;1289
2015-10-29 07:02:01+01;1309
2015-10-29 14:54:01+01;1269
2015-10-30 06:34:01+01;1349
2015-10-30 12:18:01+01;1269
2015-10-31 07:06:01+01;1359
2015-10-31 08:02:01+01;1329
2015-10-31 16:34:01+01;1279
2015-11-01 07:58:01+01;1289
2015-11-01 09:02:01+01;1309
2015-11-01 13:02:01+01;1279
2015-11-02 06:50:01+01;1329
2015-11-02 09:06:01+01;1329
2015-11-02 11:46:01+01;1329
2015-11-02 16:34:01+01;1319
2015-11-02 16:50:01+01;1309
2015-11-03 07:18:01+01;1339
2015-11-03 10:38:01+01;1319
2015-11-03 10:58:01+01;1309
2015-11-04 07:22:01+01;1339
2015-11-04 09:10:01+01;1319
2015-11-04 11:42:01+01;1299
2015-11-05 07:14:01+01;1359
2015-11-05 08:38:01+01;1349
2015-11-05 09:14:01+01;1339
2015-11-05 09:38:01+01;1339
2015-11-05 11:50:01+01;1309
2015-11-05 15:42:01+01;1309
2015-11-06 07:18:01+01;1349
2015-11-06 09:38:01+01;1349
2015-11-06 14:10:01+01;1359
2015-11-06 15:38:01+01;1349
2015-11-06 16:14:01+01;1329
2015-11-07 12:14:01+01;1329
2015-11-08 08:30:01+01;1369
2015-11-08 09:14:01+01;1379
2015-11-08 10:30:01+01;1319
2015-11-09 07:22:01+01;1359
2015-11-09 11:46:01+01;1319
2015-11-10 07:06:01+01;1369
2015-11-10 08:50:01+01;1359
2015-11-10 15:30:01+01;1339
2015-11-10 16:30:01+01;1329
2015-11-11 06:58:01+01;1359
2015-11-11 09:18:01+01;1349
2015-11-11 12:42:01+01;1379
2015-11-11 14:26:01+01;1359
2015-11-11 16:50:01+01;1349
2015-11-11 17:58:01+01;1339
2015-11-12 06:42:01+01;1359
2015-11-12 09:06:01+01;1319
2015-11-12 13:46:01+01;1349
2015-11-12 14:06:01+01;1319
2015-11-12 18:22:01+01;1309
2015-11-13 15:30:01+01;1309
2015-11-14 07:14:01+01;1399
2015-11-14 07:58:01+01;1379
2015-11-14 08:10:01+01;1359
2015-11-14 09:50:01+01;1339
2015-11-14 11:34:01+01;1329
2015-11-14 13:06:01+01;1359
2015-11-14 16:10:01+01;1339
2015-11-14 18:02:01+01;1319
2015-11-14 18:06:02+01;1309
2015-11-15 10:58:01+01;1289
2015-11-15 13:50:01+01;1299
2015-11-15 15:10:01+01;1289
2015-11-16 07:10:01+01;1349
2015-11-16 11:34:01+01;1329
2015-11-16 15:22:01+01;1329
2015-11-16 15:30:01+01;1319
2015-11-17 07:14:01+01;1339
2015-11-17 09:06:01+01;1319
2015-11-17 09:22:01+01;1289
2015-11-17 10:50:01+01;1289
2015-11-18 06:54:01+01;1289
2015-11-18 13:22:01+01;1319
2015-11-18 14:58:01+01;1289
2015-11-19 07:10:01+01;1319
2015-11-19 11:46:01+01;1279
2015-11-19 12:58:01+01;1309
2015-11-19 17:30:01+01;1279
2015-11-20 06:34:01+01;1319
2015-11-20 12:42:01+01;1349
2015-11-20 14:26:01+01;1339
2015-11-20 15:54:01+01;1319
2015-11-21 07:22:01+01;1399
2015-11-21 09:06:01+01;1309
2015-11-21 09:10:01+01;1309
2015-11-21 17:46:01+01;1279
2015-11-22 07:18:01+01;1369
2015-11-22 09:22:01+01;1339
2015-11-23 08:10:01+01;1329
2015-11-23 10:06:01+01;1289
2015-11-24 07:10:01+01;1299
2015-11-24 11:46:01+01;1299
2015-11-24 18:30:01+01;1289
2015-11-25 06:30:01+01;1359
2015-11-25 09:06:01+01;1299
2015-11-25 09:30:01+01;1279
2015-11-25 19:58:01+01;1269
2015-11-26 07:10:01+01;1329
2015-11-26 10:42:01+01;1319
2015-11-27 07:18:01+01;1319
2015-11-27 09:30:01+01;1279
2015-11-27 12:46:01+01;1309
2015-11-27 14:26:01+01;1279
2015-11-28 07:14:01+01;1369
2015-11-28 08:50:01+01;1319
2015-11-28 10:22:01+01;1299
2015-11-29 07:34:01+01;1389
2015-11-29 09:58:01+01;1339
2015-11-29 16:38:01+01;1329
2015-11-30 07:22:01+01;1359
2015-11-30 10:42:01+01;1339
2015-11-30 15:26:01+01;1329
2015-11-30 16:30:01+01;1309
2015-11-30 16:42:01+01;1309
2015-11-30 17:58:02+01;1299
2015-12-01 00:42:01+01;1299
2015-12-01 06:54:01+01;1359
2015-12-01 08:26:01+01;1349
2015-12-01 08:38:01+01;1329
2015-12-01 15:50:01+01;1309
2015-12-02 06:26:01+01;1369
2015-12-02 07:38:01+01;1339
2015-12-02 09:22:01+01;1289
2015-12-02 09:26:01+01;1289
2015-12-02 12:30:01+01;1309
2015-12-02 14:26:01+01;1279
2015-12-02 18:42:01+01;1279
2015-12-03 07:10:01+01;1339
2015-12-03 07:34:01+01;1279
2015-12-03 17:50:01+01;1259
2015-12-04 07:10:02+01;1319
2015-12-04 12:46:01+01;1349
2015-12-04 14:46:01+01;1319
2015-12-04 18:06:01+01;1279
2015-12-05 07:22:01+01;1369
2015-12-05 08:54:01+01;1269
2015-12-05 13:46:01+01;1279
2015-12-05 16:30:01+01;1259
2015-12-05 17:18:01+01;1249
2015-12-06 12:50:01+01;1279
2015-12-06 17:18:01+01;1269
2015-12-07 06:54:01+01;1319
2015-12-07 10:14:01+01;1309
2015-12-07 15:22:01+01;1299
2015-12-07 17:10:01+01;1279
2015-12-07 17:54:01+01;1279
2015-12-08 06:50:01+01;1299
2015-12-08 08:38:01+01;1299
2015-12-08 10:54:01+01;1279
2015-12-09 07:18:01+01;1289
2015-12-09 09:06:01+01;1259
2015-12-09 16:58:01+01;1259
2015-12-09 17:30:01+01;1249
2015-12-10 07:02:01+01;1249
2015-12-10 16:06:01+01;1249
2015-12-10 17:02:01+01;1249
2015-12-11 07:10:01+01;1289
2015-12-11 11:02:01+01;1259
2015-12-11 13:22:01+01;1249
2015-12-11 15:54:01+01;1239
2015-12-12 07:34:01+01;1289
2015-12-12 09:26:01+01;1249
2015-12-12 11:26:01+01;1239
2015-12-12 20:34:01+01;1239
2015-12-13 08:26:01+01;1249
2015-12-13 19:14:01+01;1239
2015-12-14 07:06:01+01;1289
2015-12-14 08:38:01+01;1289
2015-12-14 11:34:01+01;1269
2015-12-14 17:02:01+01;1259
2015-12-14 19:06:01+01;1249
2015-12-15 07:06:01+01;1299
2015-12-15 15:54:01+01;1269
2015-12-15 16:46:01+01;1269
2015-12-15 18:02:01+01;1259
2015-12-16 07:10:01+01;1259
2015-12-16 09:26:01+01;1249
2015-12-17 07:18:01+01;1289
2015-12-17 14:54:01+01;1279
2015-12-17 15:30:01+01;1279
2015-12-17 15:34:01+01;1249
2015-12-18 07:06:01+01;1289
2015-12-18 10:58:01+01;1289
2015-12-18 14:58:02+01;1289
2015-12-18 16:10:01+01;1259
2015-12-19 07:18:01+01;1279
2015-12-19 12:02:01+01;1249
2015-12-20 08:22:01+01;1299
2015-12-20 09:46:01+01;1239
2015-12-21 07:10:01+01;1289
2015-12-21 10:50:01+01;1249
2015-12-21 15:30:01+01;1249
2015-12-22 07:14:02+01;1279
2015-12-22 14:18:01+01;1259
2015-12-23 08:06:01+01;1279
2015-12-23 08:54:01+01;1259
2015-12-23 12:50:01+01;1289
2015-12-23 14:34:01+01;1259
2015-12-23 20:54:01+01;1249
2015-12-24 08:14:01+01;1269
2015-12-24 09:02:01+01;1249
2015-12-24 21:30:01+01;1339
2015-12-25 08:54:01+01;1279
2015-12-25 09:50:01+01;1219
2015-12-26 11:46:01+01;1219
2015-12-26 20:22:01+01;1219
2015-12-26 21:14:01+01;1289
2015-12-27 09:22:01+01;1259
2015-12-27 10:02:01+01;1219
2015-12-27 13:06:01+01;1259
2015-12-27 13:50:01+01;1249
2015-12-27 17:34:01+01;1229
2015-12-28 06:38:01+01;1269
2015-12-28 11:26:01+01;1259
2015-12-28 14:54:01+01;1249
2015-12-28 17:42:01+01;1239
2015-12-28 19:50:01+01;1219
2015-12-29 07:10:01+01;1279
2015-12-29 12:02:01+01;1259
2015-12-29 16:34:01+01;1249
2015-12-29 17:26:01+01;1229
2015-12-30 06:38:01+01;1279
2015-12-30 14:50:01+01;1259
2015-12-30 16:30:01+01;1259
2015-12-30 16:50:01+01;1229
2015-12-31 07:22:01+01;1279
2015-12-31 09:18:01+01;1229
2015-12-31 10:42:01+01;1229
2016-01-01 12:42:01+01;1259
2016-01-01 15:58:01+01;1229
2016-01-02 07:10:01+01;1319
2016-01-02 09:06:01+01;1319
2016-01-02 09:42:01+01;1289
2016-01-02 10:58:01+01;1239
2016-01-02 20:30:01+01;1229
2016-01-03 07:50:01+01;1329
2016-01-03 10:10:01+01;1239
2016-01-04 08:06:01+01;1289
2016-01-04 15:22:01+01;1259
2016-01-05 07:06:01+01;1279
2016-01-05 08:18:01+01;1269
2016-01-05 11:02:01+01;1269
2016-01-05 15:58:01+01;1259
2016-01-05 16:06:01+01;1259
2016-01-05 23:26:01+01;1259
2016-01-06 09:02:01+01;1249
2016-01-06 18:06:01+01;1239
2016-01-07 06:54:01+01;1289
2016-01-07 08:50:01+01;1289
2016-01-07 10:38:01+01;1279
2016-01-07 17:22:01+01;1279
2016-01-07 17:34:01+01;1229
2016-01-07 19:46:01+01;1229
2016-01-08 08:10:01+01;1269
2016-01-08 10:02:02+01;1269
2016-01-08 16:02:01+01;1259
2016-01-08 16:30:01+01;1239
2016-01-08 16:34:01+01;1229
2016-01-09 14:02:01+01;1259
2016-01-09 15:22:01+01;1229
2016-01-10 08:46:01+01;1269
2016-01-10 11:10:01+01;1269
2016-01-10 11:34:01+01;1269
2016-01-11 07:06:01+01;1269
2016-01-12 08:34:01+01;1229
2016-01-13 07:10:01+01;1239
2016-01-13 08:34:01+01;1239
2016-01-13 10:50:02+01;1239
2016-01-13 10:54:01+01;1219
2016-01-13 20:10:01+01;1199
2016-01-14 06:46:01+01;1239
2016-01-14 14:26:01+01;1229
2016-01-14 14:38:01+01;1229
2016-01-14 16:38:01+01;1209
2016-01-14 23:26:01+01;1239
2016-01-15 07:10:01+01;1239
2016-01-15 11:06:01+01;1219
2016-01-15 22:54:01+01;1219
2016-01-16 07:34:01+01;1239
2016-01-16 13:50:02+01;1229
2016-01-17 08:10:02+01;1289
2016-01-17 08:46:01+01;1219
2016-01-17 11:10:01+01;1209
2016-01-18 07:02:01+01;1209
2016-01-18 08:34:01+01;1189
2016-01-18 16:02:01+01;1169
2016-01-19 07:02:01+01;1229
2016-01-19 10:18:01+01;1229
2016-01-19 11:18:01+01;1209
2016-01-19 15:54:01+01;1199
2016-01-20 07:18:01+01;1219
2016-01-20 16:22:01+01;1199
2016-01-21 07:10:01+01;1229
2016-01-21 07:30:01+01;1229
2016-01-21 11:34:01+01;1229
2016-01-21 16:54:01+01;1209
2016-01-21 17:34:01+01;1199
2016-01-22 07:06:01+01;1229
2016-01-22 12:46:01+01;1259
2016-01-22 15:06:01+01;1249
2016-01-22 15:42:01+01;1219
2016-01-22 16:42:01+01;1199
2016-01-23 07:46:01+01;1189
2016-01-23 09:46:01+01;1189
2016-01-23 09:54:01+01;1199
2016-01-23 20:06:01+01;1199
2016-01-24 08:26:01+01;1239
2016-01-24 09:46:01+01;1199
2016-01-25 07:14:01+01;1249
2016-01-25 10:18:01+01;1249
2016-01-25 11:14:01+01;1239
2016-01-25 18:22:01+01;1199
2016-01-26 07:10:01+01;1249
2016-01-26 15:22:01+01;1239
2016-01-26 16:58:01+01;1229
2016-01-26 17:54:01+01;1219
2016-01-26 19:14:01+01;1199
2016-01-26 21:30:01+01;1189
2016-01-28 07:02:01+01;1229
2016-01-28 09:22:01+01;1199
2016-01-28 09:58:01+01;1189
2016-01-29 07:06:01+01;1229
2016-01-29 10:22:01+01;1229
2016-01-29 16:18:01+01;1209
2016-01-30 07:46:01+01;1249
2016-01-30 08:34:01+01;1249
2016-01-30 10:54:01+01;1239
2016-01-30 17:02:01+01;1239
2016-01-30 17:54:01+01;1219
2016-01-30 17:58:01+01;1199
2016-01-31 12:42:01+01;1229
2016-01-31 15:26:01+01;1199
2016-02-01 07:02:01+01;1259
2016-02-01 10:26:01+01;1249
2016-02-01 15:34:01+01;1239
2016-02-01 15:58:01+01;1239
2016-02-01 16:58:01+01;1219
2016-02-01 18:46:02+01;1209
2016-02-02 07:10:01+01;1269
2016-02-02 12:02:02+01;1199
2016-02-03 07:10:01+01;1249
2016-02-03 10:34:01+01;1239
2016-02-03 11:38:01+01;1239
2016-02-03 16:26:01+01;1229
2016-02-04 07:10:01+01;1249
2016-02-04 11:54:01+01;1239
2016-02-04 16:22:01+01;1209
2016-02-04 16:50:02+01;1199
2016-02-05 07:34:01+01;1229
2016-02-05 15:30:01+01;1229
2016-02-05 20:18:01+01;1189
2016-02-06 07:58:01+01;1239
2016-02-06 11:46:01+01;1189
2016-02-07 07:14:01+01;1259
2016-02-07 10:18:01+01;1219
2016-02-07 16:46:01+01;1219
2016-02-08 06:54:01+01;1239
2016-02-08 08:10:01+01;1239
2016-02-08 09:58:01+01;1229
2016-02-08 15:50:01+01;1229
2016-02-08 16:22:02+01;1229
2016-02-08 17:10:01+01;1199
2016-02-08 17:14:01+01;1189
2016-02-09 07:38:01+01;1219
2016-02-09 16:26:01+01;1199
2016-02-10 07:02:01+01;1209
2016-02-10 11:22:01+01;1189
2016-02-11 07:26:02+01;1219
2016-02-11 10:54:01+01;1219
2016-02-11 16:18:01+01;1209
2016-02-11 16:38:02+01;1199
2016-02-11 16:46:01+01;1189
2016-02-11 16:50:01+01;1189
2016-02-11 17:06:01+01;1209
2016-02-11 18:22:01+01;1189
2016-02-12 07:38:01+01;1209
2016-02-12 09:50:01+01;1199
2016-02-12 16:34:01+01;1169
2016-02-12 17:14:01+01;1159
2016-02-12 23:26:01+01;1159
2016-02-13 07:42:01+01;1189
2016-02-13 10:30:01+01;1159
2016-02-13 22:46:01+01;1199
2016-02-14 19:06:01+01;1189
2016-02-15 07:14:01+01;1219
2016-02-15 08:42:01+01;1209
2016-02-15 09:58:01+01;1199
2016-02-15 16:02:01+01;1189
2016-02-15 18:42:01+01;1159
2016-02-16 07:18:01+01;1249
2016-02-16 07:58:01+01;1209
2016-02-16 11:54:01+01;1199
2016-02-16 16:18:01+01;1179
2016-02-17 07:26:01+01;1219
2016-02-17 09:42:01+01;1209
2016-02-17 15:14:01+01;1209
2016-02-17 16:02:01+01;1189
2016-02-17 17:34:02+01;1179
2016-02-18 07:14:01+01;1209
2016-02-18 11:26:01+01;1209
2016-02-18 15:50:01+01;1199
2016-02-18 17:38:01+01;1189
2016-02-19 06:54:01+01;1209
2016-02-19 10:02:01+01;1179
2016-02-19 18:30:02+01;1169
2016-02-20 07:58:01+01;1209
2016-02-20 10:38:01+01;1169
2016-02-21 09:02:01+01;1239
2016-02-21 10:18:01+01;1169
2016-02-22 00:42:01+01;1239
2016-02-22 07:18:01+01;1219
2016-02-22 10:06:01+01;1179
2016-02-22 17:06:01+01;1139
2016-02-23 07:18:01+01;1189
2016-02-23 08:42:01+01;1169
2016-02-23 16:50:01+01;1159
2016-02-24 07:10:01+01;1209
2016-02-24 10:46:01+01;1209
2016-02-24 11:10:01+01;1199
2016-02-24 15:58:01+01;1189
2016-02-24 18:26:01+01;1159
2016-02-25 07:10:01+01;1189
2016-02-25 10:54:01+01;1189
2016-02-25 16:58:01+01;1179
2016-02-26 07:10:01+01;1209
2016-02-26 08:58:01+01;1199
2016-02-26 10:26:01+01;1159
2016-02-29 07:07:01+01;1249
2016-02-29 09:21:01+01;1219
2016-02-29 17:21:01+01;1199
2016-03-01 07:15:01+01;1219
2016-03-01 10:09:01+01;1079
2016-03-01 10:53:01+01;1179
2016-03-01 12:01:01+01;1159
2016-03-01 14:53:01+01;1159
2016-03-02 07:10:01+01;1209
2016-03-02 16:36:01+01;1199
2016-03-02 17:38:02+01;1199
2016-03-03 07:15:01+01;1229
2016-03-03 16:20:01+01;1199
2016-03-03 17:05:01+01;1209
2016-03-03 17:08:01+01;1179
2016-03-04 07:12:01+01;1219
2016-03-04 08:29:01+01;1159
2016-03-04 10:47:01+01;1159
2016-03-04 16:46:01+01;1159
2016-03-05 08:03:01+01;1209
2016-03-05 11:30:01+01;1159
2016-03-06 19:29:01+01;1159
2016-03-07 07:06:01+01;1169
2016-03-07 09:34:01+01;1159
2016-03-08 07:15:01+01;1209
2016-03-08 07:17:01+01;1219
2016-03-08 08:26:01+01;1169
2016-03-09 07:12:01+01;1219
2016-03-09 09:46:01+01;1179
2016-03-09 16:21:01+01;1179
2016-03-10 07:09:02+01;1229
2016-03-10 10:37:01+01;1179
2016-03-11 14:25:01+01;1179
2016-03-12 08:18:01+01;1239
2016-03-12 08:57:01+01;1199
2016-03-12 14:21:01+01;1189
2016-03-14 07:07:01+01;1229
2016-03-14 08:57:01+01;1189
2016-03-14 17:16:01+01;1179
2016-03-14 18:37:01+01;1179
2016-03-15 07:06:01+01;1229
2016-03-15 08:17:01+01;1179
2016-03-15 14:05:01+01;1179
2016-03-15 16:45:01+01;1159
2016-03-15 17:18:01+01;1159
2016-03-15 18:25:01+01;1159
2016-03-16 07:06:01+01;1229
2016-03-16 08:19:01+01;1209
2016-03-16 12:20:01+01;1169
2016-03-16 15:15:01+01;1169
2016-03-17 07:09:02+01;1229
2016-03-17 12:09:01+01;1179
2016-03-17 15:46:01+01;1169
2016-03-17 19:06:01+01;1169
2016-03-18 07:11:01+01;1219
2016-03-18 09:09:01+01;1209
2016-03-18 16:10:01+01;1209
2016-03-18 17:42:01+01;1189
2016-03-19 07:45:01+01;1239
2016-03-19 16:51:01+01;1189
2016-03-19 18:54:01+01;1179
2016-03-20 08:22:01+01;1309
2016-03-20 09:12:01+01;1189
2016-03-21 07:11:01+01;1239
2016-03-21 10:45:01+01;1219
2016-03-21 10:54:01+01;1199
2016-03-21 11:41:01+01;1189
2016-03-21 18:58:01+01;1179
2016-03-22 06:29:01+01;1229
2016-03-22 07:51:01+01;1229
2016-03-22 11:18:01+01;1219
2016-03-22 16:21:01+01;1209
2016-03-22 18:02:01+01;1199
2016-03-23 06:57:02+01;1259
2016-03-23 08:44:02+01;1219
2016-03-23 12:15:01+01;1209
2016-03-24 06:42:01+01;1259
2016-03-24 07:45:01+01;1239
2016-03-24 15:51:01+01;1239
2016-03-24 16:25:01+01;1209
2016-03-24 16:37:01+01;1209
2016-03-24 17:34:01+01;1209
2016-03-25 11:43:01+01;1209
2016-03-25 18:21:02+01;1199
2016-03-26 07:50:01+01;1259
2016-03-26 11:58:01+01;1209
2016-03-27 08:44:01+02;1209
2016-03-27 09:35:01+02;1209
2016-03-28 12:48:01+02;1239
2016-03-28 20:16:01+02;1209
2016-03-29 07:24:01+02;1269
2016-03-29 10:40:01+02;1259
2016-03-29 14:25:01+02;1239
2016-03-29 15:48:01+02;1219
2016-03-29 17:03:01+02;1209
2016-03-30 07:12:01+02;1269
2016-03-30 11:03:01+02;1249
2016-03-30 12:49:01+02;1249
2016-03-30 17:15:01+02;1239
2016-03-31 07:04:01+02;1289
2016-03-31 08:33:01+02;1269
2016-03-31 15:34:01+02;1259
2016-03-31 17:57:01+02;1239
2016-04-01 07:12:01+02;1289
2016-04-01 09:11:01+02;1269
2016-04-01 15:06:01+02;1259
2016-04-01 18:14:01+02;1239
2016-04-02 11:07:01+02;1239
2016-04-02 17:13:01+02;1229
2016-04-03 08:08:01+02;1349
2016-04-03 11:14:01+02;1229
2016-04-03 22:54:01+02;1349
2016-04-04 07:03:01+02;1299
2016-04-04 16:51:01+02;1239
2016-04-04 18:27:01+02;1229
2016-04-05 07:14:01+02;1279
2016-04-05 16:34:01+02;1259
2016-04-05 17:31:01+02;1239
2016-04-05 21:05:01+02;1239
2016-04-06 06:55:01+02;1289
2016-04-06 08:22:01+02;1279
2016-04-06 15:44:01+02;1259
2016-04-06 16:33:01+02;1239
2016-04-06 17:03:01+02;1239
2016-04-07 07:07:01+02;1219
2016-04-07 16:07:01+02;1219
2016-04-08 07:02:01+02;1269
2016-04-08 10:39:01+02;1229
2016-04-08 10:48:01+02;1229
2016-04-08 11:51:01+02;1229
2016-04-09 06:32:01+02;1299
2016-04-09 08:45:01+02;1229
2016-04-09 08:46:01+02;1279
2016-04-09 13:12:01+02;1279
2016-04-09 15:34:01+02;1239
2016-04-10 08:44:01+02;1309
2016-04-10 10:14:01+02;1309
2016-04-10 10:15:01+02;1239
2016-04-10 18:14:01+02;1239
2016-04-11 07:08:01+02;1289
2016-04-11 14:35:01+02;1259
2016-04-11 17:20:01+02;1249
2016-04-12 07:10:01+02;1299
2016-04-12 08:43:01+02;1299
2016-04-12 15:20:01+02;1269
2016-04-12 16:57:01+02;1259
2016-04-12 19:43:01+02;1249
2016-04-13 07:10:02+02;1289
2016-04-13 08:33:01+02;1269
2016-04-13 11:17:01+02;1249
2016-04-14 07:03:01+02;1299
2016-04-14 11:00:01+02;1289
2016-04-14 14:18:01+02;1279
2016-04-14 15:16:01+02;1269
2016-04-15 07:10:01+02;1309
2016-04-15 14:24:02+02;1269
2016-04-15 16:32:01+02;1259
2016-04-16 07:16:01+02;1319
2016-04-16 10:48:01+02;1249
2016-04-16 18:00:01+02;1239
2016-04-17 09:05:01+02;1329
2016-04-17 10:56:01+02;1239
2016-04-18 06:40:01+02;1309
2016-04-18 11:14:01+02;1299
2016-04-18 14:16:01+02;1279
2016-04-18 17:20:01+02;1269
2016-04-19 07:07:01+02;1289
2016-04-19 09:15:01+02;1249
2016-04-19 16:50:01+02;1229
2016-04-20 07:10:01+02;1309
2016-04-20 08:17:01+02;1289
2016-04-20 10:55:01+02;1279
2016-04-20 15:31:01+02;1269
2016-04-20 16:29:01+02;1249
2016-04-20 16:59:01+02;1239
2016-04-20 22:57:01+02;1239
2016-04-21 06:58:01+02;1289
2016-04-21 11:29:01+02;1239
2016-04-22 07:06:01+02;1299
2016-04-22 09:00:01+02;1279
2016-04-22 09:18:01+02;1269
2016-04-23 07:12:01+02;1379
2016-04-23 07:13:01+02;1379
2016-04-23 07:14:01+02;1379
2016-04-23 09:10:01+02;1289
2016-04-23 09:29:01+02;1299
2016-04-23 11:20:01+02;1279
2016-04-23 11:21:01+02;1279
2016-04-23 16:54:01+02;1259
2016-04-23 21:08:01+02;1259
2016-04-23 22:38:01+02;1359
2016-04-24 07:25:01+02;1369
2016-04-24 08:47:01+02;1319
2016-04-24 11:23:01+02;1319
2016-04-24 11:24:01+02;1259
2016-04-24 11:46:01+02;1259
2016-04-24 21:46:01+02;1259
2016-04-25 07:06:01+02;1309
2016-04-25 09:53:01+02;1289
2016-04-25 16:01:01+02;1279
2016-04-25 18:34:01+02;1269
2016-04-26 07:11:01+02;1319
2016-04-26 11:55:01+02;1269
2016-04-27 07:15:01+02;1309
2016-04-27 16:38:01+02;1289
2016-04-28 07:08:01+02;1339
2016-04-28 09:55:01+02;1289
2016-04-28 17:07:01+02;1289
2016-04-29 07:34:01+02;1359
2016-04-29 10:12:01+02;1289
2016-04-29 16:37:01+02;1279
2016-04-30 08:22:01+02;1329
2016-04-30 08:31:01+02;1279
2016-04-30 12:18:01+02;1269
2016-05-01 08:10:01+02;1389
2016-05-01 08:45:01+02;1269
2016-05-01 14:40:01+02;1259
2016-05-01 21:26:06+02;1259
2016-05-02 06:21:02+02;1259
2016-05-02 07:49:01+02;1279
2016-05-02 08:53:01+02;1269
2016-05-03 07:01:01+02;1279
2016-05-03 10:52:01+02;1269
2016-05-04 06:42:01+02;1339
2016-05-04 10:00:01+02;1269
2016-05-05 12:17:01+02;1259
2016-05-06 07:07:01+02;1269
2016-05-06 10:47:01+02;1259
2016-05-06 16:36:01+02;1239
2016-05-07 07:46:01+02;1269
2016-05-07 17:33:01+02;1239
2016-05-08 04:08:01+02;1239
2016-05-08 08:00:01+02;1299
2016-05-08 09:23:01+02;1269
2016-05-08 15:06:01+02;1239
2016-05-09 07:05:01+02;1349
2016-05-09 08:16:01+02;1299
2016-05-09 09:52:01+02;1289
2016-05-09 17:41:01+02;1289
2016-05-09 18:30:01+02;1259
2016-05-10 07:09:01+02;1319
2016-05-10 08:29:01+02;1279
2016-05-10 08:45:01+02;1269
2016-05-10 09:44:01+02;1259
2016-05-10 14:56:01+02;1239
2016-05-11 06:52:01+02;1259
2016-05-11 11:37:01+02;1239
2016-05-12 07:05:01+02;1259
2016-05-12 14:57:01+02;1249
2016-05-13 07:03:01+02;1259
2016-05-14 08:14:01+02;1289
2016-05-14 15:54:01+02;1259
2016-05-14 22:34:01+02;1299
2016-05-15 10:52:01+02;1269
2016-05-16 07:12:02+02;1309
2016-05-16 11:27:01+02;1289
2016-05-16 19:17:01+02;1289
2016-05-16 20:19:01+02;1269
2016-05-17 07:20:01+02;1289
2016-05-17 08:58:01+02;1269
2016-05-18 07:04:01+02;1289
2016-05-18 11:29:01+02;1279
2016-05-19 07:03:01+02;1299
2016-05-19 11:37:01+02;1279
2016-05-20 06:56:01+02;1299
2016-05-20 08:39:01+02;1289
2016-05-21 07:47:01+02;1339
2016-05-21 08:37:01+02;1289
2016-05-22 11:44:01+02;1279
2016-05-23 08:07:01+02;1299
2016-05-23 09:23:01+02;1279
2016-05-24 07:09:01+02;1309
2016-05-24 08:38:01+02;1279
2016-05-25 07:14:01+02;1309
2016-05-25 11:30:01+02;1279
2016-05-26 08:38:01+02;1309
2016-05-26 10:43:01+02;1279
2016-05-27 07:08:01+02;1309
2016-05-27 15:23:01+02;1289
2016-05-28 07:15:01+02;1359
2016-05-28 07:43:01+02;1349
2016-05-28 08:18:01+02;1289
2016-05-29 06:01:01+02;1289
2016-05-29 09:45:01+02;1299
2016-05-29 15:32:01+02;1299
2016-05-30 07:04:01+02;1329
2016-05-30 09:36:01+02;1299
2016-05-31 07:33:01+02;1329
2016-05-31 09:04:01+02;1299
2016-05-31 09:31:01+02;1299
2016-06-01 06:47:01+02;1299
2016-06-01 10:16:01+02;1299
2016-06-02 07:04:02+02;1369
2016-06-02 09:27:01+02;1329
2016-06-02 17:16:01+02;1329
2016-06-03 09:09:01+02;1329
2016-06-03 09:11:01+02;1329
2016-06-03 10:00:01+02;1309
2016-06-03 17:47:01+02;1299
2016-06-04 07:08:01+02;1359
2016-06-04 07:34:01+02;1359
2016-06-04 10:12:01+02;1339
2016-06-04 10:39:01+02;1319
2016-06-04 20:39:01+02;1309
2016-06-05 01:16:01+02;1369
2016-06-05 09:27:01+02;1309
2016-06-05 11:34:01+02;1309
2016-06-06 07:11:01+02;1369
2016-06-06 10:39:01+02;1319
2016-06-06 17:24:01+02;1309
2016-06-07 07:12:01+02;1359
2016-06-07 08:50:01+02;1349
2016-06-07 10:41:01+02;1349
2016-06-07 10:42:01+02;1309
2016-06-08 07:22:01+02;1359
2016-06-08 09:19:01+02;1359
2016-06-08 11:17:01+02;1309
2016-06-09 07:02:01+02;1359
2016-06-09 08:31:01+02;1359
2016-06-09 10:38:01+02;1309
2016-06-09 19:25:01+02;1309
2016-06-10 07:07:01+02;1369
2016-06-10 09:01:01+02;1359
2016-06-10 10:18:01+02;1309
2016-06-10 16:31:01+02;1299
2016-06-13 07:03:01+02;1359
2016-06-13 09:09:01+02;1309
2016-06-13 15:13:01+02;1299
2016-06-14 07:18:01+02;1359
2016-06-14 11:37:01+02;1309
2016-06-14 16:54:01+02;1309
2016-06-15 07:07:01+02;1339
2016-06-15 09:09:01+02;1319
2016-06-15 09:10:01+02;1319
2016-06-15 11:52:01+02;1299
2016-06-15 13:04:01+02;1329
2016-06-15 14:33:01+02;1309
2016-06-15 15:25:01+02;1299
2016-06-16 07:09:01+02;1359
2016-06-16 10:06:01+02;1319
2016-06-16 12:14:01+02;1299
2016-06-17 07:04:01+02;1349
2016-06-17 10:30:01+02;1299
2016-06-17 14:31:01+02;1289
2016-06-18 07:04:01+02;1359
2016-06-18 08:14:01+02;1289
2016-06-18 10:11:01+02;1289
2016-06-18 11:18:01+02;1279
2016-06-19 08:29:01+02;1339
2016-06-19 10:43:01+02;1279
2016-06-19 10:44:01+02;1279
2016-06-19 18:11:01+02;1279
2016-06-20 07:11:01+02;1339
2016-06-20 10:47:01+02;1299
2016-06-20 17:06:01+02;1289
2016-06-20 18:42:01+02;1279
2016-06-21 07:12:01+02;1339
2016-06-21 10:13:01+02;1309
2016-06-21 11:56:01+02;1299
2016-06-21 16:15:02+02;1289
2016-06-22 07:06:01+02;1349
2016-06-22 10:05:01+02;1309
2016-06-22 11:15:01+02;1299
2016-06-23 07:02:01+02;1349
2016-06-23 11:30:01+02;1309
2016-06-23 16:34:01+02;1299
2016-06-24 07:08:01+02;1369
2016-06-24 09:36:01+02;1319
2016-06-24 11:27:01+02;1299
2016-06-27 07:06:01+02;1359
2016-06-27 10:45:01+02;1319
2016-06-27 17:52:01+02;1309
2016-06-28 07:07:01+02;1369
2016-06-28 10:11:01+02;1309
2016-06-28 11:31:01+02;1299
2016-06-28 18:33:01+02;1299
2016-06-29 07:05:02+02;1359
2016-06-29 11:19:01+02;1309
2016-06-29 17:53:01+02;1299
2016-06-30 07:10:01+02;1359
2016-06-30 08:31:01+02;1349
2016-06-30 10:03:01+02;1319
2016-06-30 10:57:01+02;1309
2016-06-30 15:29:01+02;1279
2016-07-01 06:04:01+02;1359
2016-07-01 10:44:01+02;1309
2016-07-01 15:27:01+02;1289
2016-07-02 06:52:01+02;1379
2016-07-02 07:36:01+02;1359
2016-07-02 10:51:01+02;1349
2016-07-02 17:23:01+02;1289
2016-07-03 07:22:01+02;1359
2016-07-03 09:07:02+02;1359
2016-07-03 12:05:01+02;1349
2016-07-03 17:24:01+02;1299
2016-07-04 07:10:01+02;1359
2016-07-04 09:05:01+02;1329
2016-07-04 14:44:01+02;1279
2016-07-05 07:10:01+02;1359
2016-07-05 08:56:01+02;1329
2016-07-05 10:37:01+02;1309
2016-07-05 15:26:01+02;1279
2016-07-06 07:03:01+02;1349
2016-07-06 09:02:01+02;1299
2016-07-06 10:06:01+02;1289
2016-07-06 14:18:01+02;1289
2016-07-06 15:43:01+02;1279
2016-07-06 17:26:01+02;1269
2016-07-07 07:08:01+02;1339
2016-07-07 10:02:01+02;1309
2016-07-07 15:44:01+02;1279
2016-07-07 16:15:02+02;1269
2016-07-08 07:32:01+02;1329
2016-07-08 08:43:01+02;1319
2016-07-08 11:35:01+02;1279
2016-07-09 07:04:01+02;1359
2016-07-09 08:38:01+02;1319
2016-07-09 11:04:01+02;1279
2016-07-09 13:35:01+02;1279
2016-07-09 15:37:01+02;1269
2016-07-10 12:45:02+02;1299
2016-07-11 07:27:01+02;1319
2016-07-11 10:20:01+02;1319
2016-07-11 13:31:01+02;1309
2016-07-11 15:01:01+02;1289
2016-07-11 15:56:01+02;1259
2016-07-12 07:18:01+02;1319
2016-07-12 08:35:01+02;1319
2016-07-12 10:22:01+02;1299
2016-07-12 11:23:01+02;1279
2016-07-12 12:28:01+02;1309
2016-07-12 12:47:01+02;1299
2016-07-12 14:40:01+02;1279
2016-07-12 15:06:01+02;1259
2016-07-13 06:54:01+02;1319
2016-07-13 09:28:01+02;1319
2016-07-13 11:13:01+02;1299
2016-07-13 13:12:01+02;1319
2016-07-13 14:45:01+02;1299
2016-07-13 15:48:01+02;1279
2016-07-13 16:48:01+02;1269
2016-07-13 18:00:01+02;1259
2016-07-14 07:12:01+02;1329
2016-07-14 09:24:01+02;1309
2016-07-14 10:10:01+02;1299
2016-07-14 11:48:01+02;1299
2016-07-14 14:21:01+02;1289
2016-07-14 16:49:01+02;1269
2016-07-14 21:20:01+02;1249
2016-07-15 06:52:01+02;1259
2016-07-15 12:19:01+02;1289
2016-07-15 15:32:01+02;1259
2016-07-16 07:07:01+02;1329
2016-07-16 08:02:01+02;1329
2016-07-16 10:36:01+02;1309
2016-07-16 11:38:01+02;1279
2016-07-16 13:08:01+02;1309
2016-07-16 14:50:01+02;1279
2016-07-16 20:13:01+02;1269
2016-07-17 06:40:01+02;1329
2016-07-17 09:24:01+02;1329
2016-07-17 10:28:01+02;1299
2016-07-17 11:53:01+02;1269
2016-07-17 15:47:01+02;1259
2016-07-18 06:51:01+02;1299
2016-07-18 06:58:01+02;1319
2016-07-18 08:59:01+02;1319
2016-07-18 11:38:01+02;1309
2016-07-18 13:08:01+02;1339
2016-07-18 14:56:01+02;1299
2016-07-18 15:40:01+02;1279
2016-07-19 06:50:01+02;1339
2016-07-19 08:57:01+02;1339
2016-07-19 10:47:01+02;1329
2016-07-19 11:20:01+02;1289
2016-07-19 12:32:01+02;1309
2016-07-19 14:16:01+02;1299
2016-07-19 14:59:01+02;1269
2016-07-19 17:57:01+02;1259
2016-07-20 07:30:01+02;1329
2016-07-20 08:32:01+02;1309
2016-07-20 12:03:01+02;1289
2016-07-20 13:05:01+02;1319
2016-07-20 14:24:01+02;1299
2016-07-20 15:26:01+02;1279
2016-07-20 16:40:01+02;1269
2016-07-20 18:21:01+02;1259
2016-07-21 06:54:01+02;1329
2016-07-21 08:01:01+02;1309
2016-07-21 08:33:01+02;1289
2016-07-21 10:03:01+02;1279
2016-07-21 11:27:01+02;1269
2016-07-21 11:38:02+02;1259
2016-07-22 06:40:01+02;1329
2016-07-22 07:32:01+02;1319
2016-07-22 09:19:01+02;1279
2016-07-22 11:49:01+02;1269
2016-07-22 12:23:01+02;1299
2016-07-22 13:57:01+02;1269
2016-07-22 15:52:01+02;1259
2016-07-23 06:07:01+02;1319
2016-07-23 09:28:01+02;1309
2016-07-23 09:46:01+02;1259
2016-07-23 13:41:01+02;1289
2016-07-23 14:09:02+02;1269
2016-07-23 15:12:01+02;1259
2016-07-23 16:41:01+02;1249
2016-07-24 12:12:01+02;1279
2016-07-24 15:00:01+02;1259
2016-07-25 06:45:01+02;1319
2016-07-25 10:25:01+02;1259
2016-07-26 07:53:01+02;1319
2016-07-26 09:44:01+02;1259
2016-07-26 17:16:01+02;1249
2016-07-27 06:56:01+02;1319
2016-07-27 08:12:01+02;1239
2016-07-28 07:05:01+02;1309
2016-07-28 08:43:01+02;1239
2016-07-28 14:51:01+02;1229
2016-07-28 23:53:01+02;1229
2016-07-29 07:06:01+02;1309
2016-07-29 08:49:01+02;1229
2016-07-29 18:36:01+02;1229
2016-07-30 07:06:01+02;1319
2016-07-30 08:24:01+02;1289
2016-07-30 09:36:01+02;1259
2016-07-31 04:29:01+02;1329
2016-07-31 08:44:01+02;1309
2016-07-31 10:45:01+02;1259
2016-07-31 15:59:01+02;1249
2016-08-01 06:52:01+02;1309
2016-08-01 08:41:01+02;1259
2016-08-01 16:23:01+02;1239
2016-08-02 07:23:01+02;1309
2016-08-02 09:23:01+02;1299
2016-08-02 10:43:02+02;1269
2016-08-02 11:13:01+02;1259
2016-08-02 15:55:01+02;1239
2016-08-03 06:55:01+02;1309
2016-08-03 09:15:02+02;1289
2016-08-03 10:45:01+02;1259
2016-08-03 11:15:01+02;1259
2016-08-03 16:05:01+02;1249
2016-08-04 06:46:01+02;1309
2016-08-04 08:16:01+02;1219
2016-08-05 06:59:01+02;1299
2016-08-05 11:19:01+02;1279
2016-08-05 15:39:02+02;1249
2016-08-05 16:29:01+02;1239
2016-08-05 22:49:01+02;1239
2016-08-06 07:40:01+02;1319
2016-08-06 08:51:01+02;1239
2016-08-07 07:31:01+02;1329
2016-08-07 10:23:01+02;1289
2016-08-07 12:12:01+02;1259
2016-08-07 19:23:01+02;1259
2016-08-08 07:13:01+02;1299
2016-08-08 10:33:01+02;1239
2016-08-09 07:05:01+02;1319
2016-08-09 09:35:01+02;1299
2016-08-09 11:35:01+02;1269
2016-08-09 16:05:01+02;1249
2016-08-09 17:06:01+02;1249
2016-08-10 07:06:01+02;1319
2016-08-10 08:47:01+02;1309
2016-08-10 09:57:01+02;1289
2016-08-10 11:07:01+02;1279
2016-08-10 14:27:01+02;1269
2016-08-10 16:47:01+02;1259
2016-08-11 07:19:01+02;1309
2016-08-11 09:59:01+02;1279
2016-08-11 11:39:01+02;1269
2016-08-11 14:49:01+02;1249
2016-08-11 21:59:01+02;1239
2016-08-12 07:20:01+02;1309
2016-08-12 09:00:02+02;1249
2016-08-12 09:40:01+02;1249
2016-08-13 07:11:01+02;1309
2016-08-13 08:41:01+02;1309
2016-08-13 10:42:02+02;1239
2016-08-14 08:43:01+02;1319
2016-08-14 09:13:01+02;1239
2016-08-14 19:44:01+02;1239
2016-08-15 07:15:01+02;1319
2016-08-15 08:45:01+02;1319
2016-08-15 11:15:01+02;1269
2016-08-15 14:27:01+02;1269
2016-08-15 15:06:01+02;1269
2016-08-15 18:36:02+02;1249
2016-08-16 06:47:01+02;1319
2016-08-16 11:28:01+02;1259
2016-08-16 16:39:01+02;1249
2016-08-17 07:11:01+02;1329
2016-08-17 08:00:01+02;1319
2016-08-17 09:40:01+02;1289
2016-08-17 10:31:01+02;1279
2016-08-17 11:31:02+02;1269
2016-08-17 16:40:01+02;1259
2016-08-18 07:23:01+02;1319
2016-08-18 09:02:01+02;1309
2016-08-18 10:12:02+02;1299
2016-08-18 11:23:01+02;1269
2016-08-18 14:13:01+02;1269
2016-08-18 17:43:01+02;1249
2016-08-19 07:24:01+02;1329
2016-08-19 09:15:01+02;1279
2016-08-19 11:15:01+02;1269
2016-08-19 12:05:01+02;1259
2016-08-19 17:15:01+02;1249
2016-08-20 07:17:01+02;1339
2016-08-20 13:07:01+02;1299
2016-08-20 16:47:01+02;1279
2016-08-20 17:28:01+02;1269
2016-08-22 07:12:01+02;1349
2016-08-22 08:42:01+02;1289
2016-08-22 16:52:01+02;1269
2016-08-23 07:24:01+02;1349
2016-08-23 09:04:01+02;1299
2016-08-23 12:35:02+02;1269
2016-08-23 17:05:01+02;1259
2016-08-24 07:16:01+02;1329
2016-08-24 09:07:01+02;1289
2016-08-24 10:37:01+02;1279
2016-08-25 07:09:01+02;1339
2016-08-25 08:39:01+02;1289
2016-08-25 09:59:01+02;1279
2016-08-25 10:49:01+02;1269
2016-08-25 15:40:02+02;1259
2016-08-26 07:11:01+02;1329
2016-08-26 08:01:01+02;1259
2016-08-26 13:32:01+02;1279
2016-08-26 14:12:01+02;1259
2016-08-27 07:15:01+02;1349
2016-08-27 10:04:01+02;1339
2016-08-27 11:55:01+02;1259
2016-08-27 12:35:01+02;1289
2016-08-27 14:35:01+02;1259
2016-08-28 07:56:01+02;1349
2016-08-28 09:16:01+02;1319
2016-08-28 20:37:01+02;1269
2016-08-29 07:08:01+02;1339
2016-08-29 08:39:01+02;1259
2016-08-29 09:59:01+02;1249
2016-08-30 07:11:01+02;1339
2016-08-30 07:41:01+02;1249
2016-08-31 07:13:01+02;1349
2016-08-31 08:33:01+02;1289
2016-08-31 11:44:01+02;1279
2016-08-31 12:04:01+02;1269
2016-09-01 07:16:01+02;1359
2016-09-01 08:26:01+02;1269
2016-09-01 17:17:01+02;1269
2016-09-02 07:08:01+02;1329
2016-09-02 10:19:01+02;1279
2016-09-02 12:09:01+02;1269
2016-09-02 15:19:01+02;1259
2016-09-03 07:05:01+02;1349
2016-09-03 08:03:01+02;1319
2016-09-03 09:43:01+02;1319
2016-09-03 13:53:01+02;1319
2016-09-03 14:27:01+02;1299
2016-09-03 17:11:01+02;1269
2016-09-03 18:24:01+02;1249
2016-09-04 08:04:01+02;1339
2016-09-04 08:18:01+02;1329
2016-09-04 08:40:01+02;1229
2016-09-04 22:33:01+02;1339
2016-09-05 07:07:01+02;1339
2016-09-05 10:14:01+02;1279
2016-09-05 11:40:01+02;1279
2016-09-05 11:52:02+02;1269
2016-09-05 14:59:01+02;1259
2016-09-05 16:09:01+02;1249
2016-09-06 07:11:01+02;1319
2016-09-06 08:17:01+02;1259
2016-09-06 15:50:01+02;1249
2016-09-07 06:51:31+02;1339
2016-09-07 08:17:31+02;1339
2016-09-07 08:19:31+02;1249
2016-09-08 07:03:31+02;1339
2016-09-08 08:24:31+02;1249
2016-09-09 07:06:31+02;1349
2016-09-09 08:53:31+02;1249
2016-09-09 14:02:31+02;1249
2016-09-11 08:22:31+02;1349
2016-09-11 08:56:31+02;1269
2016-09-11 18:24:31+02;1279
2016-09-12 07:04:31+02;1349
2016-09-12 08:20:31+02;1249
2016-09-12 14:09:31+02;1259
2016-09-12 15:12:31+02;1249
2016-09-13 07:04:31+02;1339
2016-09-13 07:54:31+02;1269
2016-09-14 06:57:31+02;1349
2016-09-14 10:25:31+02;1269
2016-09-14 17:57:32+02;1269
2016-09-15 07:01:31+02;1339
2016-09-15 08:53:31+02;1269
2016-09-15 13:48:31+02;1269
2016-09-15 15:17:31+02;1269
2016-09-15 16:35:31+02;1269
2016-09-15 17:50:31+02;1269
2016-09-15 19:05:31+02;1269
2016-09-15 19:45:31+02;1269
2016-09-16 06:59:31+02;1339
2016-09-16 09:07:31+02;1339
2016-09-16 09:08:31+02;1269
2016-09-16 10:45:31+02;1269
2016-09-17 07:11:31+02;1339
2016-09-17 08:51:31+02;1339
2016-09-17 11:48:31+02;1289
2016-09-17 17:18:31+02;1279
2016-09-18 09:38:31+02;1359
2016-09-18 10:37:31+02;1289
2016-09-18 14:54:31+02;1289
2016-09-18 16:15:31+02;1289
2016-09-18 16:55:31+02;1279
2016-09-18 17:32:31+02;1279
2016-09-18 18:44:31+02;1279
2016-09-18 19:30:31+02;1279
2016-09-19 07:09:32+02;1329
2016-09-19 08:37:31+02;1289
2016-09-19 11:38:31+02;1279
2016-09-19 15:32:31+02;1279
2016-09-19 15:33:31+02;1269
2016-09-20 07:10:31+02;1339
2016-09-20 08:28:31+02;1269
2016-09-20 16:33:31+02;1259
2016-09-21 06:25:31+02;1329
2016-09-21 08:22:31+02;1269
2016-09-21 16:18:32+02;1259
2016-09-22 07:02:31+02;1349
2016-09-22 08:39:31+02;1259
2016-09-22 13:45:31+02;1269
2016-09-22 17:36:31+02;1249
2016-09-23 07:01:31+02;1339
2016-09-23 08:57:31+02;1259
2016-09-23 10:03:31+02;1249
2016-09-24 07:34:31+02;1339
2016-09-24 08:30:31+02;1329
2016-09-24 15:09:31+02;1279
2016-09-24 17:28:31+02;1279
2016-09-25 09:26:31+02;1289
2016-09-25 15:03:31+02;1279
2016-09-26 07:01:31+02;1339
2016-09-26 09:05:32+02;1269
2016-09-26 10:41:32+02;1259
2016-09-26 11:26:31+02;1269
2016-09-26 11:47:31+02;1269
2016-09-26 18:49:31+02;1259
2016-09-27 06:38:31+02;1349
2016-09-27 08:50:31+02;1259
2016-09-28 07:04:31+02;1339
2016-09-28 10:59:31+02;1259
2016-09-29 07:04:31+02;1339
2016-09-29 10:28:31+02;1259
2016-09-29 12:31:31+02;1289
2016-09-29 14:05:31+02;1259
2016-09-30 06:38:31+02;1349
2016-09-30 08:16:31+02;1259
2016-09-30 12:32:31+02;1289
2016-09-30 14:20:31+02;1259
2016-09-30 15:01:31+02;1259
2016-09-30 23:23:31+02;1349
2016-10-01 09:25:31+02;1319
2016-10-01 11:13:31+02;1289
2016-10-01 12:40:31+02;1319
2016-10-01 14:56:31+02;1289
2016-10-02 11:44:31+02;1299
2016-10-02 12:53:31+02;1329
2016-10-02 14:13:31+02;1309
2016-10-02 15:10:31+02;1289
2016-10-03 09:46:31+02;1289
2016-10-03 12:28:31+02;1319
2016-10-03 13:53:31+02;1309
2016-10-03 15:51:31+02;1289
2016-10-03 15:57:31+02;1279
2016-10-03 23:01:32+02;1369
2016-10-04 07:26:31+02;1359
2016-10-04 09:24:31+02;1289
2016-10-04 12:47:31+02;1309
2016-10-04 13:49:31+02;1289
2016-10-04 16:37:31+02;1279
2016-10-05 06:50:31+02;1359
2016-10-05 08:27:31+02;1329
2016-10-05 10:33:31+02;1299
2016-10-05 13:07:31+02;1319
2016-10-05 14:30:32+02;1299
2016-10-06 07:04:31+02;1369
2016-10-06 07:54:31+02;1299
2016-10-06 07:58:31+02;1299
2016-10-06 16:12:31+02;1289
2016-10-07 07:04:31+02;1379
2016-10-07 07:31:31+02;1299
2016-10-08 07:08:31+02;1379
2016-10-08 07:28:31+02;1369
2016-10-08 09:54:31+02;1349
2016-10-08 13:40:31+02;1349
2016-10-08 14:59:31+02;1299
2016-10-08 16:24:31+02;1289
2016-10-09 08:09:31+02;1379
2016-10-09 09:43:31+02;1299
2016-10-10 07:20:31+02;1299
2016-10-10 07:22:31+02;1359
2016-10-10 07:40:31+02;1329
2016-10-10 08:59:31+02;1279
2016-10-10 12:18:31+02;1269
2016-10-10 15:37:31+02;1249
2016-10-10 16:58:31+02;1269
2016-10-11 07:02:31+02;1379
2016-10-11 07:39:31+02;1289
2016-10-12 07:01:31+02;1369
2016-10-12 10:12:31+02;1289
2016-10-13 06:34:31+02;1379
2016-10-13 09:26:31+02;1289
2016-10-14 06:49:31+02;1369
2016-10-14 08:40:31+02;1289
2016-10-14 13:04:32+02;1309
2016-10-14 14:23:31+02;1289
2016-10-15 15:50:07+02;1309
2016-10-15 17:06:31+02;1309
2016-10-16 06:50:31+02;1399
2016-10-16 09:25:31+02;1379
2016-10-16 17:53:31+02;1309
2016-10-17 07:03:31+02;1369
2016-10-17 08:21:31+02;1319
2016-10-17 11:23:31+02;1299
2016-10-17 15:59:31+02;1299
2016-10-18 07:02:31+02;1379
2016-10-18 08:31:31+02;1299
2016-10-18 23:32:31+02;1389
2016-10-19 07:05:31+02;1359
2016-10-19 07:59:31+02;1299
2016-10-19 08:41:31+02;1289
2016-10-20 07:20:31+02;1369
2016-10-20 08:08:31+02;1289
2016-10-21 07:07:31+02;1379
2016-10-21 08:14:31+02;1289
2016-10-21 17:21:31+02;1279
2016-10-22 07:06:31+02;1369
2016-10-22 08:14:31+02;1349
2016-10-22 08:42:31+02;1329
2016-10-22 11:34:31+02;1309
2016-10-22 13:41:31+02;1329
2016-10-22 14:54:31+02;1309
2016-10-22 17:45:31+02;1299
2016-10-23 09:09:31+02;1309
2016-10-24 07:08:32+02;1369
2016-10-24 07:42:31+02;1369
2016-10-24 07:43:31+02;1379
2016-10-24 08:42:31+02;1299
2016-10-24 11:40:31+02;1289
2016-10-24 15:42:31+02;1279
2016-10-25 06:56:31+02;1389
2016-10-25 08:13:31+02;1289
2016-10-25 15:37:31+02;1279
2016-10-26 00:11:31+02;1379
2016-10-26 07:06:31+02;1379
2016-10-26 09:00:31+02;1279
2016-10-26 15:59:31+02;1279
2016-10-27 07:06:31+02;1299
2016-10-27 08:42:31+02;1289
2016-10-27 10:21:31+02;1289
2016-10-27 15:57:32+02;1279
2016-10-28 07:00:32+02;1379
2016-10-28 08:49:31+02;1279
2016-10-29 07:40:31+02;1379
2016-10-29 17:08:31+02;1299
2016-10-30 10:55:31+01;1309
2016-10-31 07:02:31+01;1379
2016-10-31 07:36:31+01;1319
2016-10-31 11:36:31+01;1299
2016-10-31 16:29:31+01;1289
2016-11-01 06:38:31+01;1379
2016-11-01 07:48:31+01;1289
2016-11-02 08:01:31+01;1299
2016-11-02 14:03:31+01;1289
2016-11-03 12:37:31+01;1319
2016-11-03 14:36:31+01;1289
2016-11-04 06:56:31+01;1349
2016-11-04 08:06:31+01;1289
2016-11-04 14:26:31+01;1279
2016-11-05 00:09:31+01;1359
2016-11-05 08:11:31+01;1359
2016-11-05 10:01:31+01;1319
2016-11-05 17:00:31+01;1289
2016-11-06 08:27:31+01;1289
2016-11-07 07:11:31+01;1319
2016-11-07 08:33:31+01;1289
2016-11-07 14:14:31+01;1279
2016-11-07 15:30:31+01;1269
2016-11-08 07:08:31+01;1329
2016-11-08 08:27:31+01;1279
2016-11-08 10:52:31+01;1269
2016-11-08 15:17:31+01;1259
2016-11-09 07:02:31+01;1339
2016-11-09 08:02:31+01;1259
2016-11-10 06:59:31+01;1339
2016-11-10 08:16:31+01;1259
2016-11-11 05:21:31+01;1259
2016-11-11 05:22:31+01;1349
2016-11-11 06:47:31+01;1349
2016-11-11 08:28:31+01;1259
2016-11-12 07:08:31+01;1299
2016-11-12 10:18:31+01;1309
2016-11-12 11:53:31+01;1279
2016-11-12 12:31:31+01;1309
2016-11-12 15:43:31+01;1279
2016-11-13 09:37:31+01;1289
2016-11-13 12:06:31+01;1299
2016-11-14 06:59:31+01;1339
2016-11-14 09:08:32+01;1279
2016-11-14 21:17:31+01;1259
2016-11-15 06:51:31+01;1339
2016-11-15 09:30:31+01;1279
2016-11-16 06:24:31+01;1339
2016-11-16 09:28:31+01;1279
2016-11-16 18:29:31+01;1269
2016-11-17 06:47:31+01;1339
2016-11-17 08:41:31+01;1299
2016-11-17 10:50:31+01;1289
2016-11-17 13:45:31+01;1279
2016-11-17 13:46:31+01;1279
2016-11-17 17:51:31+01;1259
2016-11-17 19:53:31+01;1259
2016-11-18 07:14:31+01;1269
2016-11-18 09:08:31+01;1259
2016-11-19 07:05:31+01;1369
2016-11-19 09:11:31+01;1279
2016-11-19 09:31:31+01;1279
2016-11-19 22:36:31+01;1369
2016-11-20 08:41:31+01;1309
2016-11-20 11:16:31+01;1279
2016-11-21 06:49:31+01;1339
2016-11-21 08:43:31+01;1279
2016-11-21 10:49:31+01;1269
2016-11-21 17:09:31+01;1259
2016-11-22 06:46:31+01;1339
2016-11-22 07:41:31+01;1259
2016-11-23 06:11:31+01;1359
2016-11-23 09:05:31+01;1259
2016-11-24 06:50:31+01;1369
2016-11-24 08:21:31+01;1269
2016-11-25 06:47:31+01;1369
2016-11-25 07:23:31+01;1359
2016-11-25 08:37:31+01;1269
2016-11-26 07:09:31+01;1359
2016-11-26 10:11:31+01;1269
2016-11-27 09:27:31+01;1279
2016-11-28 07:03:31+01;1359
2016-11-28 09:29:31+01;1269
2016-11-29 07:08:31+01;1349
2016-11-29 09:24:31+01;1279
2016-11-29 11:48:31+01;1259
2016-11-30 06:51:31+01;1349
2016-11-30 06:52:31+01;1359
2016-11-30 08:56:31+01;1309
2016-11-30 09:25:31+01;1289
2016-11-30 11:35:31+01;1279
2016-12-01 06:41:31+01;1349
2016-12-01 08:11:31+01;1299
2016-12-01 10:49:31+01;1289
2016-12-01 14:19:31+01;1289
2016-12-01 17:26:31+01;1279
2016-12-02 06:57:31+01;1379
2016-12-02 07:29:32+01;1279
2016-12-02 07:38:31+01;1289
2016-12-03 07:20:31+01;1419
2016-12-03 09:05:31+01;1379
2016-12-03 10:19:31+01;1309
2016-12-03 12:32:31+01;1339
2016-12-03 14:48:31+01;1319
2016-12-03 18:52:31+01;1309
2016-12-04 08:36:31+01;1399
2016-12-04 10:16:31+01;1329
2016-12-04 11:19:31+01;1319
2016-12-04 17:43:31+01;1309
2016-12-05 16:22:32+01;1309
2016-12-06 06:49:31+01;1399
2016-12-06 07:17:31+01;1319
2016-12-06 18:14:31+01;1309
2016-12-07 07:11:31+01;1399
2016-12-07 07:47:31+01;1389
2016-12-07 08:33:31+01;1329
2016-12-07 11:29:31+01;1309
2016-12-08 06:59:31+01;1389
2016-12-08 08:08:31+01;1329
2016-12-08 12:03:31+01;1309
2016-12-08 18:47:31+01;1309
2016-12-09 06:58:31+01;1379
2016-12-09 09:22:31+01;1329
2016-12-09 17:04:31+01;1299
2016-12-10 07:12:31+01;1399
2016-12-10 09:29:31+01;1389
2016-12-10 09:33:31+01;1369
2016-12-10 11:19:31+01;1329
2016-12-10 13:47:31+01;1349
2016-12-10 14:30:31+01;1319
2016-12-11 08:05:31+01;1399
2016-12-11 08:36:31+01;1329
2016-12-11 18:21:31+01;1319
2016-12-11 18:37:31+01;1319
2016-12-12 06:59:31+01;1399
2016-12-12 10:24:31+01;1319
2016-12-12 16:29:31+01;1299
2016-12-13 07:16:31+01;1389
2016-12-13 10:25:31+01;1319
2016-12-14 06:54:31+01;1419
2016-12-14 09:31:31+01;1359
2016-12-14 15:33:31+01;1319
2016-12-15 06:48:32+01;1399
2016-12-15 09:05:31+01;1349
2016-12-15 11:33:31+01;1339
2016-12-15 16:09:31+01;1329
2016-12-16 07:00:31+01;1399
2016-12-16 07:16:32+01;1389
2016-12-16 11:26:31+01;1299
2016-12-17 07:23:31+01;1379
2016-12-17 09:11:31+01;1319
2016-12-18 08:25:31+01;1419
2016-12-18 09:03:31+01;1329
2016-12-18 11:31:31+01;1329
2016-12-18 14:19:31+01;1329
2016-12-18 15:18:31+01;1329
2016-12-19 07:00:31+01;1409
2016-12-19 07:23:32+01;1399
2016-12-19 10:38:31+01;1349
2016-12-19 15:27:31+01;1339
2016-12-20 07:08:31+01;1399
2016-12-20 08:52:31+01;1359
2016-12-20 10:59:31+01;1339
2016-12-21 06:45:31+01;1399
2016-12-21 09:01:31+01;1339
2016-12-21 20:06:31+01;1329
2016-12-22 07:02:31+01;1419
2016-12-22 08:35:31+01;1339
2016-12-22 13:49:31+01;1369
2016-12-22 14:27:31+01;1329
2016-12-23 07:08:31+01;1399
2016-12-23 08:31:31+01;1379
2016-12-23 09:55:31+01;1359
2016-12-23 11:18:31+01;1349
2016-12-23 11:28:31+01;1329
2016-12-24 06:01:31+01;1399
2016-12-24 09:15:31+01;1399
2016-12-24 10:41:31+01;1359
2016-12-24 20:41:31+01;1349
2016-12-25 07:59:31+01;1399
2016-12-25 10:01:31+01;1359
2016-12-25 16:48:31+01;1349
2016-12-25 20:56:31+01;1339
2016-12-26 08:53:31+01;1349
2016-12-27 07:02:31+01;1429
2016-12-27 07:59:31+01;1419
2016-12-27 10:45:31+01;1339
2016-12-27 15:30:31+01;1329
2016-12-28 07:13:31+01;1409
2016-12-28 09:16:31+01;1399
2016-12-28 10:06:31+01;1369
2016-12-28 14:44:31+01;1359
2016-12-28 17:01:31+01;1339
2016-12-29 07:09:31+01;1419
2016-12-29 08:15:31+01;1339
2016-12-30 11:24:31+01;1279
2016-12-30 11:30:31+01;1339
2016-12-31 07:36:31+01;1419
2016-12-31 11:21:31+01;1399
2016-12-31 11:33:31+01;1389
2016-12-31 14:39:31+01;1379
2017-01-02 07:08:31+01;1399
2017-01-02 09:10:31+01;1369
2017-01-02 16:57:31+01;1369
2017-01-03 15:36:31+01;1359
2017-01-04 07:09:31+01;1439
2017-01-04 11:52:31+01;1389
2017-01-04 14:33:31+01;1369
2017-01-05 08:13:31+01;1429
2017-01-05 09:16:31+01;1389
2017-01-05 11:39:31+01;1359
2017-01-06 06:12:31+01;1439
2017-01-06 09:27:31+01;1359
2017-01-06 11:01:31+01;1349
2017-01-06 23:16:31+01;1439
2017-01-07 07:13:31+01;1439
2017-01-07 08:56:31+01;1429
2017-01-07 10:29:31+01;1389
2017-01-07 18:22:31+01;1379
2017-01-07 18:43:31+01;1369
2017-01-08 06:54:31+01;1369
2017-01-08 06:55:31+01;1469
2017-01-08 08:50:32+01;1439
2017-01-08 11:35:31+01;1379
2017-01-08 11:36:31+01;1379
2017-01-08 16:12:31+01;1369
2017-01-09 06:51:31+01;1439
2017-01-09 09:34:31+01;1379
2017-01-10 06:55:31+01;1439
2017-01-10 08:38:31+01;1389
2017-01-10 11:30:31+01;1369
2017-01-10 19:07:31+01;1319
2017-01-11 07:04:31+01;1409
2017-01-11 10:24:31+01;1339
2017-01-12 05:11:31+01;1409
2017-01-12 06:35:31+01;1419
2017-01-12 11:00:31+01;1359
2017-01-12 16:23:31+01;1359
2017-01-13 07:25:31+01;1429
2017-01-13 09:07:31+01;1389
2017-01-13 09:52:31+01;1379
2017-01-13 10:54:31+01;1369
2017-01-13 14:40:31+01;1349
2017-01-13 16:37:31+01;1329
2017-01-14 07:22:31+01;1419
2017-01-14 08:15:31+01;1419
2017-01-14 15:54:31+01;1379
2017-01-14 17:16:31+01;1359
2017-01-14 19:52:31+01;1359
2017-01-15 09:54:31+01;1359
2017-01-15 20:03:31+01;1349
2017-01-16 06:53:31+01;1439
2017-01-16 07:16:31+01;1429
2017-01-16 10:17:31+01;1339
2017-01-17 07:05:31+01;1429
2017-01-17 08:37:31+01;1379
2017-01-17 09:52:31+01;1369
2017-01-17 11:45:31+01;1359
2017-01-17 16:41:31+01;1349
2017-01-17 17:37:31+01;1329
2017-01-18 07:10:31+01;1429
2017-01-18 07:38:31+01;1339
2017-01-18 16:32:31+01;1329
2017-01-19 07:10:31+01;1429
2017-01-19 09:11:31+01;1329
2017-01-19 16:35:31+01;1319
2017-01-20 06:57:31+01;1429
2017-01-20 08:41:31+01;1409
2017-01-20 09:50:31+01;1379
2017-01-20 10:50:31+01;1359
2017-01-20 11:16:31+01;1349
2017-01-20 15:25:31+01;1339
2017-01-20 16:12:31+01;1319
2017-01-21 08:09:31+01;1419
2017-01-21 09:08:31+01;1409
2017-01-21 09:35:31+01;1409
2017-01-21 11:06:31+01;1369
2017-01-21 17:45:32+01;1359
2017-01-22 08:52:31+01;1429
2017-01-22 10:47:31+01;1369
2017-01-22 11:06:31+01;1369
2017-01-22 16:28:31+01;1359
2017-01-23 07:07:31+01;1429
2017-01-23 08:01:31+01;1369
2017-01-23 09:45:31+01;1359
2017-01-23 11:20:31+01;1349
2017-01-23 11:25:31+01;1339
2017-01-23 16:54:31+01;1329
2017-01-24 06:57:31+01;1419
2017-01-24 08:38:31+01;1379
2017-01-24 10:50:31+01;1349
2017-01-24 15:13:31+01;1329
2017-01-25 07:07:31+01;1399
2017-01-25 07:44:31+01;1369
2017-01-25 09:16:31+01;1339
2017-01-25 12:00:31+01;1329
2017-01-26 07:04:31+01;1429
2017-01-26 07:46:31+01;1389
2017-01-26 10:14:31+01;1339
2017-01-26 10:52:31+01;1329
2017-01-27 07:01:32+01;1429
2017-01-27 07:21:31+01;1389
2017-01-27 09:25:31+01;1389
2017-01-27 14:12:31+01;1339
2017-01-27 14:59:31+01;1339
2017-01-27 15:57:31+01;1329
2017-01-28 07:05:31+01;1429
2017-01-28 07:30:31+01;1389
2017-01-28 10:27:31+01;1359
2017-01-28 11:38:31+01;1359
2017-01-28 17:12:31+01;1329
2017-01-28 22:23:31+01;1429
2017-01-29 09:03:31+01;1419
2017-01-29 12:51:31+01;1389
2017-01-29 17:19:31+01;1339
2017-01-29 22:06:31+01;1439
2017-01-30 07:32:31+01;1419
2017-01-30 08:43:31+01;1399
2017-01-30 10:48:31+01;1359
2017-01-30 12:18:31+01;1349
2017-01-30 16:32:31+01;1339
2017-01-30 17:59:31+01;1329
2017-01-31 07:23:31+01;1419
2017-01-31 08:38:31+01;1409
2017-01-31 10:29:31+01;1349
2017-01-31 11:38:31+01;1339
2017-01-31 14:34:31+01;1329
2017-02-01 07:04:31+01;1419
2017-02-01 07:41:31+01;1329
2017-02-02 07:05:31+01;1439
2017-02-02 07:22:31+01;1379
2017-02-02 09:29:31+01;1329
2017-02-02 16:32:31+01;1329
2017-02-03 07:02:31+01;1429
2017-02-03 08:32:31+01;1399
2017-02-03 13:59:31+01;1339
2017-02-03 14:04:31+01;1339
2017-02-03 18:06:31+01;1339
2017-02-04 07:03:31+01;1439
2017-02-04 08:35:31+01;1399
2017-02-04 11:12:31+01;1389
2017-02-04 17:32:31+01;1379
2017-02-05 09:35:31+01;1399
2017-02-05 10:33:31+01;1389
2017-02-05 14:46:31+01;1359
2017-02-06 07:04:31+01;1439
2017-02-06 07:42:31+01;1389
2017-02-06 08:34:31+01;1379
2017-02-06 14:28:31+01;1359
2017-02-06 15:37:31+01;1349
2017-02-06 17:26:31+01;1339
2017-02-07 06:56:31+01;1439
2017-02-07 11:10:31+01;1339
2017-02-08 07:03:31+01;1439
2017-02-08 09:01:31+01;1349
2017-02-08 14:41:31+01;1339
2017-02-09 07:02:31+01;1429
2017-02-09 08:46:31+01;1339
2017-02-09 11:36:31+01;1329
2017-02-10 06:59:31+01;1419
2017-02-10 08:37:31+01;1359
2017-02-10 10:33:31+01;1349
2017-02-10 14:05:31+01;1339
2017-02-11 07:04:31+01;1479
2017-02-11 09:05:31+01;1369
2017-02-11 10:10:31+01;1359
2017-02-11 16:29:31+01;1349
2017-02-12 10:00:31+01;1359
2017-02-13 07:04:31+01;1449
2017-02-13 08:41:31+01;1329
2017-02-13 09:18:31+01;1349
2017-02-13 17:39:31+01;1339
2017-02-14 07:14:31+01;1409
2017-02-14 14:15:31+01;1369
2017-02-14 15:10:32+01;1339
2017-02-14 17:52:31+01;1339
2017-02-15 07:02:31+01;1439
2017-02-15 08:52:31+01;1419
2017-02-15 10:06:31+01;1369
2017-02-15 14:24:31+01;1359
2017-02-15 17:34:31+01;1349
2017-02-16 07:08:31+01;1449
2017-02-16 08:44:31+01;1349
2017-02-16 16:41:31+01;1349
2017-02-17 07:10:31+01;1439
2017-02-17 08:56:31+01;1429
2017-02-17 11:13:31+01;1369
2017-02-17 12:58:31+01;1359
2017-02-18 07:35:31+01;1449
2017-02-18 08:48:31+01;1439
2017-02-18 11:02:31+01;1379
2017-02-18 17:43:31+01;1369
2017-02-18 19:12:31+01;1349
2017-02-19 00:03:31+01;1449
2017-02-19 07:24:31+01;1449
2017-02-19 09:54:31+01;1439
2017-02-19 10:55:31+01;1409
2017-02-19 11:33:31+01;1369
2017-02-19 17:52:31+01;1359
2017-02-20 06:33:31+01;1449
2017-02-20 07:35:31+01;1439
2017-02-20 10:13:31+01;1399
2017-02-20 15:17:31+01;1359
2017-02-20 16:35:31+01;1339
2017-02-21 06:14:31+01;1439
2017-02-21 09:12:31+01;1359
2017-02-21 11:28:31+01;1339
2017-02-21 17:49:31+01;1339
2017-02-22 07:18:31+01;1399
2017-02-22 08:39:31+01;1399
2017-02-22 10:56:31+01;1359
2017-02-22 11:33:31+01;1349
2017-02-22 15:15:31+01;1339
2017-02-23 06:58:31+01;1429
2017-02-23 08:43:31+01;1349
2017-02-23 11:46:31+01;1339
2017-02-24 07:16:31+01;1439
2017-02-24 08:44:31+01;1399
2017-02-24 12:05:31+01;1359
2017-02-25 07:03:31+01;1459
2017-02-25 08:33:31+01;1389
2017-02-25 11:17:31+01;1389
2017-02-25 12:37:31+01;1369
2017-02-25 15:14:31+01;1359
2017-02-25 17:28:31+01;1349
2017-02-25 23:02:31+01;1439
2017-02-26 08:42:31+01;1439
2017-02-26 11:19:31+01;1379
2017-02-26 18:43:31+01;1359
2017-02-27 07:08:31+01;1439
2017-02-27 08:46:31+01;1399
2017-02-27 10:14:31+01;1379
2017-02-27 11:35:31+01;1359
2017-02-27 17:07:31+01;1339
2017-02-28 07:00:31+01;1439
2017-02-28 09:10:31+01;1359
2017-02-28 09:33:31+01;1359
2017-02-28 14:27:31+01;1349
2017-02-28 15:22:31+01;1339
2017-03-01 07:33:31+01;1349
2017-03-01 13:46:31+01;1349
2017-03-01 16:17:31+01;1349
2017-03-01 16:21:31+01;1339
2017-03-02 07:05:31+01;1409
2017-03-02 10:32:31+01;1349
2017-03-02 11:44:31+01;1349
2017-03-02 14:29:31+01;1329
2017-03-02 14:54:31+01;1319
2017-03-03 07:06:31+01;1419
2017-03-03 08:36:31+01;1379
2017-03-03 11:04:31+01;1349
2017-03-03 14:54:31+01;1329
2017-03-03 17:51:31+01;1329
2017-03-04 07:58:31+01;1419
2017-03-04 09:31:31+01;1379
2017-03-04 10:28:31+01;1379
2017-03-04 14:59:31+01;1349
2017-03-04 18:00:31+01;1329
2017-03-05 08:23:31+01;1399
2017-03-05 08:47:31+01;1399
2017-03-05 10:30:31+01;1339
2017-03-05 16:42:31+01;1329
2017-03-05 17:54:31+01;1329
2017-03-06 07:07:31+01;1419
2017-03-06 08:37:31+01;1409
2017-03-06 10:13:31+01;1359
2017-03-06 11:07:31+01;1349
2017-03-06 15:03:31+01;1329
2017-03-06 19:01:31+01;1319
2017-03-06 22:58:31+01;1419
2017-03-07 07:00:31+01;1429
2017-03-07 08:43:31+01;1319
2017-03-07 16:02:31+01;1309
2017-03-07 22:54:31+01;1409
2017-03-08 09:35:31+01;1359
2017-03-08 11:18:31+01;1329
2017-03-08 15:04:31+01;1329
2017-03-08 17:15:31+01;1329
2017-03-08 17:33:31+01;1329
2017-03-09 07:23:31+01;1399
2017-03-09 09:39:31+01;1369
2017-03-09 11:40:31+01;1359
2017-03-09 17:00:32+01;1349
2017-03-09 17:18:31+01;1349
2017-03-10 07:06:31+01;1419
2017-03-10 09:49:31+01;1359
2017-03-10 10:42:31+01;1349
2017-03-10 17:20:31+01;1329
2017-03-11 07:20:31+01;1429
2017-03-11 07:57:31+01;1419
2017-03-11 12:43:31+01;1369
2017-03-11 17:37:31+01;1339
2017-03-12 08:39:31+01;1399
2017-03-12 09:31:31+01;1349
2017-03-12 16:12:31+01;1329
2017-03-13 06:49:31+01;1419
2017-03-13 10:10:31+01;1359
2017-03-13 11:57:31+01;1349
2017-03-13 16:38:31+01;1329
2017-03-14 06:14:32+01;1399
2017-03-14 07:48:31+01;1329
2017-03-14 15:34:31+01;1309
2017-03-15 06:58:31+01;1399
2017-03-15 08:47:31+01;1319
2017-03-15 16:35:31+01;1299
2017-03-16 06:41:31+01;1399
2017-03-16 11:06:31+01;1289
2017-03-16 15:46:31+01;1279
2017-03-17 07:05:31+01;1389
2017-03-17 08:32:31+01;1379
2017-03-17 09:01:31+01;1309
2017-03-17 11:22:31+01;1299
2017-03-18 10:00:31+01;1309
2017-03-19 09:14:31+01;1319
2017-03-20 07:03:31+01;1399
2017-03-20 08:33:31+01;1339
2017-03-20 10:24:31+01;1309
2017-03-20 11:19:31+01;1299
2017-03-21 08:45:31+01;1299
2017-03-22 07:05:31+01;1389
2017-03-22 08:42:31+01;1369
2017-03-22 10:28:31+01;1329
2017-03-22 10:39:31+01;1309
2017-03-22 16:29:31+01;1299
2017-03-23 07:20:31+01;1399
2017-03-23 08:49:31+01;1299
2017-03-23 16:50:31+01;1289
2017-03-23 18:21:31+01;1279
2017-03-24 07:12:31+01;1389
2017-03-24 08:32:31+01;1379
2017-03-24 09:11:31+01;1369
2017-03-24 09:39:31+01;1349
2017-03-24 11:03:31+01;1309
2017-03-24 11:23:31+01;1299
2017-03-24 18:17:31+01;1289
2017-03-25 07:23:31+01;1389
2017-03-25 07:31:31+01;1429
2017-03-25 07:49:31+01;1389
2017-03-25 11:20:31+01;1329
2017-03-25 14:05:31+01;1309
2017-03-25 16:43:31+01;1299
2017-03-25 19:26:31+01;1299
2017-03-26 10:22:31+02;1309
2017-03-26 17:26:31+02;1299
2017-03-27 07:05:31+02;1389
2017-03-27 08:59:31+02;1309
2017-03-27 11:02:31+02;1299
2017-03-27 19:36:31+02;1299
2017-03-28 14:31:31+02;1299
2017-03-28 23:52:31+02;1399
2017-03-29 06:51:32+02;1389
2017-03-29 10:35:31+02;1299
2017-03-30 06:51:31+02;1399
2017-03-30 08:36:31+02;1309
2017-03-30 10:45:31+02;1309
2017-03-31 07:02:31+02;1409
2017-03-31 08:45:31+02;1399
2017-03-31 09:41:31+02;1379
2017-03-31 11:56:31+02;1329
2017-03-31 15:52:31+02;1329
2017-04-01 05:30:31+02;1329
2017-04-01 07:33:31+02;1419
2017-04-01 11:58:31+02;1349
2017-04-01 15:18:32+02;1339
2017-04-02 09:28:31+02;1349
2017-04-02 11:30:31+02;1349
2017-04-03 07:07:31+02;1419
2017-04-03 10:20:32+02;1359
2017-04-03 14:59:31+02;1329
2017-04-04 07:08:31+02;1359
2017-04-04 08:30:31+02;1329
2017-04-05 07:06:31+02;1359
2017-04-05 08:47:31+02;1329
2017-04-06 07:05:31+02;1359
2017-04-06 08:50:31+02;1349
2017-04-06 11:16:31+02;1339
2017-04-07 07:03:31+02;1359
2017-04-07 10:07:31+02;1339
2017-04-08 07:08:31+02;1439
2017-04-08 08:16:31+02;1439
2017-04-08 09:39:31+02;1429
2017-04-08 11:10:31+02;1359
2017-04-09 09:09:31+02;1379
2017-04-09 11:35:31+02;1379
2017-04-09 11:36:31+02;1369
2017-04-10 07:06:31+02;1449
2017-04-10 09:40:31+02;1359
2017-04-11 07:04:31+02;1449
2017-04-11 08:24:31+02;1359
2017-04-11 09:34:31+02;1349
2017-04-12 07:08:31+02;1419
2017-04-12 08:23:31+02;1359
2017-04-13 07:02:31+02;1449
2017-04-13 08:39:31+02;1359
2017-04-15 08:32:31+02;1439
2017-04-15 08:57:31+02;1369
2017-04-16 09:14:31+02;1449
2017-04-16 10:33:31+02;1379
2017-04-17 17:28:31+02;1369
2017-04-18 06:53:31+02;1449
2017-04-18 08:41:31+02;1359
2017-04-18 15:47:31+02;1339
2017-04-19 07:13:31+02;1339
2017-04-19 08:42:31+02;1339
2017-04-19 11:19:31+02;1339
2017-04-19 13:54:31+02;1339
2017-04-19 17:27:31+02;1339
2017-04-20 07:02:31+02;1419
2017-04-20 10:12:31+02;1359
2017-04-20 11:06:31+02;1349
2017-04-20 15:10:32+02;1339
2017-04-20 19:56:24+02;1339
2017-04-21 07:02:31+02;1429
2017-04-21 08:17:31+02;1409
2017-04-21 11:06:31+02;1339
2017-04-21 15:30:31+02;1329
2017-04-22 08:18:31+02;1399
2017-04-22 09:44:32+02;1339
2017-04-23 06:35:31+02;1399
2017-04-23 09:59:31+02;1409
2017-04-23 19:58:31+02;1389
2017-04-23 20:08:31+02;1369
2017-04-24 07:00:31+02;1439
2017-04-24 08:50:32+02;1359
2017-04-24 10:52:32+02;1339
2017-04-24 11:35:31+02;1329
2017-04-24 16:32:31+02;1329
2017-04-25 06:51:31+02;1419
2017-04-25 09:05:31+02;1359
2017-04-25 11:52:31+02;1339
2017-04-25 15:28:31+02;1329
2017-04-26 10:01:31+02;1329
2017-04-26 16:22:31+02;1319
2017-04-27 06:59:31+02;1399
2017-04-27 09:39:31+02;1399
2017-04-27 09:40:31+02;1319
2017-04-27 15:08:31+02;1319
2017-04-28 07:08:32+02;1399
2017-04-28 10:22:31+02;1309
2017-04-29 06:15:32+02;1399
2017-04-29 09:53:31+02;1349
2017-04-29 14:26:31+02;1339
2017-04-30 07:05:31+02;1439
2017-04-30 10:47:31+02;1379
2017-04-30 15:03:31+02;1349
2017-05-01 11:41:31+02;1329
2017-05-02 07:09:31+02;1409
2017-05-02 08:51:31+02;1359
2017-05-02 10:50:31+02;1329
2017-05-02 11:22:31+02;1319
2017-05-02 11:33:31+02;1309
2017-05-03 07:07:32+02;1339
2017-05-03 11:56:31+02;1319
2017-05-04 07:07:31+02;1399
2017-05-04 08:31:31+02;1379
2017-05-04 10:13:31+02;1359
2017-05-04 14:57:31+02;1359
2017-05-04 16:00:32+02;1339
2017-05-05 07:06:31+02;1379
2017-05-05 08:42:31+02;1339
2017-05-05 14:33:31+02;1329
2017-05-05 16:14:31+02;1319
2017-05-06 04:05:31+02;1399
2017-05-06 08:11:31+02;1369
2017-05-06 10:55:31+02;1359
2017-05-06 16:08:31+02;1319
2017-05-06 17:18:31+02;1319
2017-05-06 22:18:31+02;1399
2017-05-07 10:41:31+02;1309
2017-05-08 07:18:31+02;1329
2017-05-08 08:01:31+02;1339
2017-05-08 10:06:31+02;1329
2017-05-08 10:54:31+02;1329
2017-05-08 15:45:31+02;1319
2017-05-09 07:03:31+02;1379
2017-05-09 08:34:31+02;1319
2017-05-09 11:44:31+02;1309
2017-05-10 06:16:31+02;1379
2017-05-10 16:16:31+02;1309
2017-05-11 06:17:31+02;1389
2017-05-11 10:25:31+02;1319
2017-05-11 14:46:31+02;1309
2017-05-12 07:02:31+02;1399
2017-05-12 07:31:31+02;1309
2017-05-13 08:07:31+02;1399
2017-05-13 10:45:31+02;1329
2017-05-14 09:08:31+02;1339
2017-05-14 16:37:31+02;1329
2017-05-15 06:49:31+02;1419
2017-05-15 08:31:31+02;1329
2017-05-15 15:57:31+02;1319
2017-05-16 07:01:31+02;1409
2017-05-16 08:49:31+02;1359
2017-05-16 10:00:31+02;1359
2017-05-16 11:42:31+02;1329
2017-05-16 16:07:31+02;1329
2017-05-17 06:55:31+02;1409
2017-05-17 09:23:31+02;1339
2017-05-17 16:43:31+02;1319
2017-05-18 07:00:31+02;1409
2017-05-18 08:43:31+02;1329
2017-05-18 10:06:31+02;1319
2017-05-18 14:30:31+02;1319
2017-05-18 15:28:31+02;1309
2017-05-19 06:29:31+02;1399
2017-05-19 08:32:31+02;1309
2017-05-20 07:07:31+02;1399
2017-05-20 12:19:31+02;1359
2017-05-20 13:09:32+02;1359
2017-05-20 14:37:31+02;1329
2017-05-21 08:01:31+02;1399
2017-05-21 11:42:31+02;1329
2017-05-21 16:56:31+02;1319
2017-05-22 07:01:31+02;1419
2017-05-22 11:21:31+02;1309
2017-05-23 07:02:31+02;1399
2017-05-23 10:06:31+02;1309
2017-05-24 07:01:31+02;1399
2017-05-24 08:31:31+02;1309
2017-05-25 04:20:06+02;1399
2017-05-25 09:29:05+02;1309
2017-05-25 12:55:07+02;1319
2017-05-25 22:44:06+02;1419
2017-05-26 06:30:07+02;1419
2017-05-26 08:07:06+02;1309
2017-05-27 06:56:06+02;1399
2017-05-27 11:14:06+02;1379
2017-05-27 14:01:06+02;1379
2017-05-27 16:14:06+02;1349
2017-05-27 18:22:05+02;1369
2017-05-28 07:16:05+02;1429
2017-05-28 08:56:06+02;1409
2017-05-28 10:37:06+02;1349
2017-05-28 12:43:05+02;1379
2017-05-28 13:32:27+02;1379
2017-05-28 13:33:05+02;1349
2017-05-28 14:38:05+02;1369
2017-05-28 14:48:06+02;1349
2017-05-28 15:47:05+02;1339
2017-05-29 06:52:06+02;1399
2017-05-29 08:59:05+02;1359
2017-05-29 14:50:06+02;1329
2017-05-29 15:23:06+02;1329
2017-05-29 16:22:06+02;1329
2017-05-29 22:04:05+02;1399
2017-05-30 06:27:06+02;1399
2017-05-30 07:40:06+02;1319
2017-05-30 11:02:06+02;1319
2017-05-30 16:21:06+02;1319
2017-05-31 06:21:05+02;1389
2017-05-31 09:10:06+02;1359
2017-05-31 16:00:12+02;1339
2017-05-31 17:02:07+02;1319
2017-05-31 23:29:06+02;1399
2017-06-01 06:48:06+02;1399
2017-06-01 07:31:06+02;1379
2017-06-01 10:38:06+02;1329
2017-06-01 12:04:06+02;1329
2017-06-01 17:55:06+02;1319
2017-06-01 20:40:06+02;1309
2017-06-01 22:19:05+02;1399
2017-06-02 07:20:06+02;1379
2017-06-02 11:55:06+02;1359
2017-06-02 12:39:05+02;1389
2017-06-02 14:29:06+02;1369
2017-06-02 16:04:06+02;1349
2017-06-03 08:42:06+02;1399
2017-06-03 10:04:06+02;1379
2017-06-03 13:36:06+02;1379
2017-06-03 16:03:06+02;1349
2017-06-04 00:32:06+02;1389
2017-06-04 08:53:05+02;1409
2017-06-04 10:54:06+02;1349
2017-06-04 13:41:05+02;1369
2017-06-04 15:04:05+02;1349
2017-06-04 15:06:05+02;1349
2017-06-04 19:39:05+02;1369
2017-06-04 22:14:06+02;1399
2017-06-05 07:49:05+02;1369
2017-06-05 16:10:06+02;1349
2017-06-06 07:06:06+02;1399
2017-06-06 09:43:05+02;1369
2017-06-06 10:56:06+02;1349
2017-06-06 14:44:07+02;1329
2017-06-06 20:52:06+02;1319
2017-06-07 07:24:06+02;1379
2017-06-07 10:05:06+02;1319
2017-06-07 12:45:07+02;1349
2017-06-07 15:50:06+02;1319
2017-06-08 07:23:06+02;1379
2017-06-08 07:36:06+02;1369
2017-06-08 09:53:06+02;1329
2017-06-08 11:31:05+02;1329
2017-06-08 12:44:06+02;1349
2017-06-08 14:50:06+02;1319
2017-06-09 06:23:05+02;1379
2017-06-09 10:22:06+02;1359
2017-06-09 11:53:06+02;1329
2017-06-09 13:11:06+02;1359
2017-06-09 14:34:11+02;1329
2017-06-09 18:03:06+02;1349
2017-06-10 00:56:06+02;1379
2017-06-10 01:06:06+02;1379
2017-06-10 07:43:06+02;1389
2017-06-10 10:52:06+02;1349
2017-06-10 13:32:05+02;1369
2017-06-10 14:33:05+02;1339
2017-06-10 17:31:05+02;1359
2017-06-11 09:43:05+02;1379
2017-06-11 13:30:07+02;1389
2017-06-11 15:31:08+02;1369
2017-06-12 08:05:05+02;1379
2017-06-12 09:28:06+02;1339
2017-06-12 11:25:04+02;1339
2017-06-12 12:02:04+02;1339
2017-06-12 12:39:04+02;1339
2017-06-12 13:41:06+02;1339
2017-06-12 14:41:05+02;1309
2017-06-12 15:46:06+02;1309
2017-06-13 07:50:06+02;1379
2017-06-13 09:47:06+02;1339
2017-06-13 11:53:06+02;1309
2017-06-13 14:12:06+02;1339
2017-06-13 15:08:05+02;1309
2017-06-14 07:17:10+02;1379
2017-06-14 08:57:06+02;1299
2017-06-14 12:36:06+02;1329
2017-06-14 15:05:06+02;1319
2017-06-14 17:35:06+02;1339
2017-06-14 18:20:06+02;1319
2017-06-14 21:23:05+02;1309
2017-06-14 22:47:06+02;1359
2017-06-15 08:21:06+02;1319
2017-06-16 07:05:12+02;1379
2017-06-16 07:35:08+02;1369
2017-06-16 09:07:06+02;1299
2017-06-16 12:33:06+02;1329
2017-06-16 15:04:06+02;1299
2017-06-16 17:41:06+02;1319
2017-06-16 18:25:06+02;1299
2017-06-17 07:21:06+02;1379
2017-06-17 08:04:06+02;1379
2017-06-17 08:59:06+02;1319
2017-06-17 10:16:06+02;1309
2017-06-17 13:20:06+02;1339
2017-06-17 14:36:06+02;1309
2017-06-17 16:00:07+02;1299
2017-06-17 17:56:06+02;1319
2017-06-17 18:57:06+02;1309
2017-06-17 20:35:06+02;1289
2017-06-17 20:39:05+02;1299
2017-06-17 22:19:05+02;1319
2017-06-18 07:30:07+02;1369
2017-06-18 08:29:05+02;1399
2017-06-18 08:35:05+02;1369
2017-06-18 09:31:06+02;1379
2017-06-18 09:59:05+02;1329
2017-06-19 06:15:05+02;1379
2017-06-19 09:10:06+02;1359
2017-06-19 12:10:06+02;1349
2017-06-19 16:39:06+02;1309
2017-06-20 07:07:06+02;1369
2017-06-20 07:31:05+02;1379
2017-06-20 11:22:09+02;1329
2017-06-20 11:26:06+02;1349
2017-06-20 11:30:07+02;1309
2017-06-21 06:58:05+02;1369
2017-06-21 08:23:05+02;1319
2017-06-21 09:18:06+02;1309
2017-06-21 12:11:06+02;1299
2017-06-21 15:11:06+02;1289
2017-06-21 15:34:06+02;1279
2017-06-22 07:04:07+02;1369
2017-06-22 11:35:06+02;1299
2017-06-22 16:50:06+02;1289
2017-06-22 17:19:06+02;1299
2017-06-23 06:44:06+02;1369
2017-06-23 08:27:06+02;1349
2017-06-23 08:45:06+02;1349
2017-06-23 10:28:07+02;1319
2017-06-23 11:51:06+02;1299
2017-06-24 07:51:06+02;1369
2017-06-24 09:24:06+02;1329
2017-06-24 11:49:05+02;1319
2017-06-25 10:17:05+02;1329
2017-06-25 14:47:06+02;1299
2017-06-26 07:06:06+02;1369
2017-06-26 09:04:05+02;1349
2017-06-26 09:50:06+02;1329
2017-06-26 11:14:06+02;1319
2017-06-27 07:14:06+02;1359
2017-06-27 08:53:05+02;1349
2017-06-27 10:13:06+02;1309
2017-06-27 11:33:08+02;1299
2017-06-28 07:01:06+02;1379
2017-06-28 09:43:06+02;1349
2017-06-28 11:37:06+02;1349
2017-06-28 12:26:11+02;1349
2017-06-28 12:27:06+02;1329
2017-06-28 13:36:06+02;1329
2017-06-28 17:13:06+02;1319
2017-06-29 06:59:05+02;1359
2017-06-29 08:22:06+02;1319
2017-06-29 10:28:06+02;1299
2017-06-30 07:14:06+02;1369
2017-06-30 10:35:08+02;1319
2017-06-30 15:53:06+02;1299
2017-07-01 07:02:06+02;1389
2017-07-01 08:33:06+02;1379
2017-07-01 10:34:10+02;1339
2017-07-01 15:21:06+02;1319
2017-07-01 17:58:06+02;1339
2017-07-02 07:24:06+02;1399
2017-07-02 13:11:06+02;1369
2017-07-02 15:49:11+02;1329
2017-07-02 16:31:05+02;1319
2017-07-03 06:54:06+02;1359
2017-07-03 09:39:05+02;1309
2017-07-04 06:53:08+02;1379
2017-07-04 09:18:05+02;1309
2017-07-04 16:25:07+02;1289
2017-07-05 07:02:06+02;1369
2017-07-05 08:48:06+02;1299
2017-07-05 09:30:08+02;1299
2017-07-06 07:05:06+02;1369
2017-07-06 10:13:05+02;1309
2017-07-07 06:49:16+02;1379
2017-07-07 09:06:20+02;1309
2017-07-08 06:52:06+02;1399
2017-07-08 08:08:06+02;1379
2017-07-08 10:10:06+02;1349
2017-07-08 12:04:06+02;1319
2017-07-08 17:00:06+02;1309
2017-07-09 06:52:06+02;1349
2017-07-10 07:08:06+02;1389
2017-07-10 08:14:06+02;1379
2017-07-10 10:12:06+02;1289
2017-07-11 07:02:05+02;1369
2017-07-11 09:42:06+02;1299
2017-07-11 11:48:06+02;1289
2017-07-12 06:59:06+02;1369
2017-07-12 09:35:07+02;1289
2017-07-13 07:42:06+02;1289
2017-07-13 07:43:06+02;1359
2017-07-13 11:31:05+02;1309
2017-07-13 16:44:06+02;1299
2017-07-13 17:56:06+02;1319
2017-07-13 19:45:06+02;1299
2017-07-14 06:55:06+02;1369
2017-07-14 12:18:06+02;1299
2017-07-14 14:27:06+02;1329
2017-07-14 15:07:06+02;1309
2017-07-14 23:40:06+02;1349
2017-07-15 07:38:06+02;1399
2017-07-15 08:03:06+02;1369
2017-07-15 11:15:06+02;1329
2017-07-15 12:36:06+02;1349
2017-07-15 14:37:06+02;1329
2017-07-15 15:30:07+02;1319
2017-07-15 17:37:06+02;1339
2017-07-15 18:48:06+02;1329
2017-07-15 21:35:06+02;1319
2017-07-15 23:12:06+02;1359
2017-07-16 08:46:06+02;1379
2017-07-16 10:10:06+02;1359
2017-07-16 10:20:06+02;1339
2017-07-16 10:49:06+02;1329
2017-07-16 14:21:06+02;1359
2017-07-16 14:45:07+02;1349
2017-07-16 15:05:06+02;1339
2017-07-16 15:50:06+02;1329
2017-07-16 20:35:06+02;1309
2017-07-17 07:07:06+02;1369
2017-07-17 11:22:06+02;1319
2017-07-17 16:06:06+02;1309
2017-07-17 17:40:06+02;1319
2017-07-17 18:50:06+02;1309
2017-07-17 20:43:06+02;1299
2017-07-18 07:10:06+02;1359
2017-07-18 08:39:06+02;1309
2017-07-18 12:51:06+02;1339
2017-07-18 15:51:21+02;1319
2017-07-19 06:58:06+02;1379
2017-07-19 07:15:06+02;1369
2017-07-19 09:49:06+02;1299
2017-07-19 12:34:06+02;1329
2017-07-19 14:59:06+02;1299
2017-07-19 17:25:09+02;1319
2017-07-20 07:11:09+02;1379
2017-07-20 10:37:06+02;1299
2017-07-20 12:48:05+02;1319
2017-07-20 16:19:05+02;1299
2017-07-20 21:42:06+02;1309
2017-07-21 07:10:06+02;1379
2017-07-21 09:12:06+02;1329
2017-07-21 10:50:07+02;1319
2017-07-21 12:02:05+02;1309
2017-07-21 15:04:06+02;1319
2017-07-21 15:42:06+02;1309
2017-07-21 17:15:06+02;1329
2017-07-21 20:37:06+02;1299
2017-07-22 02:20:07+02;1299
2017-07-22 06:55:06+02;1399
2017-07-22 08:23:06+02;1379
2017-07-22 10:38:05+02;1329
2017-07-22 12:35:06+02;1359
2017-07-22 14:47:06+02;1349
2017-07-22 15:51:05+02;1319
2017-07-22 22:46:06+02;1349
2017-07-23 08:58:05+02;1379
2017-07-23 09:22:06+02;1349
2017-07-23 10:36:06+02;1339
2017-07-23 13:33:05+02;1349
2017-07-23 14:55:06+02;1319
2017-07-23 19:21:06+02;1339
2017-07-23 20:51:18+02;1319
2017-07-24 06:27:05+02;1379
2017-07-24 07:44:06+02;1319
2017-07-24 10:02:06+02;1309
2017-07-24 13:25:06+02;1329
2017-07-24 14:54:06+02;1309
2017-07-24 17:35:07+02;1329
2017-07-24 21:09:06+02;1299
2017-07-25 07:01:06+02;1389
2017-07-25 08:15:06+02;1379
2017-07-25 09:17:06+02;1369
2017-07-25 11:42:10+02;1309
2017-07-25 13:17:06+02;1339
2017-07-25 14:34:06+02;1329
2017-07-25 15:03:06+02;1299
2017-07-25 17:47:06+02;1319
2017-07-25 18:49:06+02;1299
2017-07-25 20:18:14+02;1319
2017-07-26 06:50:06+02;1389
2017-07-26 08:45:06+02;1359
2017-07-26 10:08:07+02;1329
2017-07-26 13:48:07+02;1339
2017-07-26 16:06:06+02;1319
2017-07-26 17:11:07+02;1339
2017-07-26 20:51:05+02;1309
2017-07-27 07:33:06+02;1319
2017-07-27 07:40:05+02;1299
2017-07-27 12:51:06+02;1329
2017-07-27 14:53:06+02;1319
2017-07-27 15:09:06+02;1299
2017-07-27 23:17:06+02;1339
2017-07-28 06:56:06+02;1349
2017-07-28 11:44:08+02;1349
2017-07-28 12:01:12+02;1349
2017-07-28 12:04:17+02;1339
2017-07-28 12:42:05+02;1349
2017-07-28 14:18:05+02;1339
2017-07-28 15:10:06+02;1319
2017-07-29 08:34:05+02;1369
2017-07-29 11:15:06+02;1349
2017-07-29 13:21:05+02;1359
2017-07-29 15:21:06+02;1329
2017-07-30 07:03:05+02;1399
2017-07-30 08:40:19+02;1379
2017-07-30 11:32:06+02;1329
2017-07-30 13:58:05+02;1359
2017-07-30 14:34:05+02;1349
2017-07-30 16:03:05+02;1329
2017-07-30 18:39:05+02;1349
2017-07-31 07:15:06+02;1379
2017-07-31 08:12:05+02;1339
2017-07-31 10:08:05+02;1319
2017-07-31 14:21:06+02;1339
2017-07-31 15:10:06+02;1339
2017-07-31 15:47:05+02;1319
2017-07-31 17:21:06+02;1339
2017-07-31 18:40:06+02;1329
2017-07-31 20:53:05+02;1319
2017-08-01 07:08:05+02;1369
2017-08-01 08:34:05+02;1319
2017-08-01 12:41:06+02;1339
2017-08-01 14:15:06+02;1349
2017-08-01 15:07:06+02;1339
2017-08-01 20:32:07+02;1329
2017-08-02 12:53:05+02;1359
2017-08-02 14:58:06+02;1329
2017-08-02 15:53:06+02;1329
2017-08-03 06:36:06+02;1369
2017-08-03 08:23:06+02;1349
2017-08-03 08:38:06+02;1329
2017-08-04 07:07:06+02;1379
2017-08-04 07:52:06+02;1339
2017-08-04 11:52:06+02;1329
2017-08-04 13:01:05+02;1359
2017-08-04 14:44:06+02;1349
2017-08-04 15:13:06+02;1339
2017-08-04 20:12:06+02;1339
2017-08-04 21:02:06+02;1319
2017-08-04 22:26:06+02;1349
2017-08-05 08:05:06+02;1379
2017-08-05 09:09:06+02;1379
2017-08-05 11:10:06+02;1339
2017-08-05 11:52:05+02;1319
2017-08-05 18:03:05+02;1339
2017-08-06 08:35:06+02;1349
2017-08-07 06:26:06+02;1389
2017-08-07 06:58:05+02;1369
2017-08-07 09:19:06+02;1329
2017-08-08 06:32:07+02;1389
2017-08-08 08:13:06+02;1349
2017-08-08 11:21:06+02;1309
2017-08-09 06:57:05+02;1369
2017-08-09 09:56:05+02;1339
2017-08-09 10:48:06+02;1329
2017-08-10 07:11:06+02;1369
2017-08-10 09:19:05+02;1309
2017-08-10 11:45:07+02;1309
2017-08-10 15:33:06+02;1309
2017-08-11 07:04:05+02;1369
2017-08-11 08:49:06+02;1359
2017-08-11 10:44:06+02;1359
2017-08-11 10:47:06+02;1309
2017-08-11 16:00:07+02;1299
2017-08-12 07:50:05+02;1389
2017-08-12 11:48:06+02;1329
2017-08-13 09:09:05+02;1339
2017-08-14 07:08:05+02;1379
2017-08-14 09:15:06+02;1329
2017-08-14 11:44:05+02;1319
2017-08-14 17:09:06+02;1319
2017-08-15 07:04:06+02;1369
2017-08-15 08:42:06+02;1359
2017-08-15 11:04:06+02;1319
2017-08-16 07:01:06+02;1389
2017-08-16 09:56:06+02;1369
2017-08-16 11:27:05+02;1169
2017-08-16 12:04:06+02;1319
2017-08-16 17:43:06+02;1319
2017-08-17 07:01:06+02;1379
2017-08-17 08:55:06+02;1319
2017-08-17 16:43:08+02;1319
2017-08-18 07:01:08+02;1359
2017-08-18 10:06:11+02;1309
2017-08-19 07:02:09+02;1399
2017-08-19 07:37:09+02;1389
2017-08-19 10:49:10+02;1319
2017-08-19 11:54:09+02;1309
2017-08-20 08:45:09+02;1319
2017-08-21 06:59:07+02;1379
2017-08-21 08:28:09+02;1339
2017-08-21 16:14:12+02;1319
2017-08-22 07:16:07+02;1389
2017-08-22 08:16:08+02;1349
2017-08-22 11:19:11+02;1309
2017-08-23 06:47:07+02;1389
2017-08-23 08:12:08+02;1349
2017-08-23 10:11:09+02;1319
2017-08-23 11:42:14+02;1309
2017-08-24 00:20:08+02;1369
2017-08-24 03:33:06+02;1369
2017-08-24 06:48:06+02;1369
2017-08-24 07:55:05+02;1349
2017-08-24 10:35:06+02;1319
2017-08-24 16:22:05+02;1309
2017-08-25 05:42:06+02;1369
2017-08-25 09:41:06+02;1329
2017-08-25 15:49:06+02;1309
2017-08-26 07:13:16+02;1419
2017-08-26 08:01:08+02;1369
2017-08-26 08:36:05+02;1349
2017-08-26 10:48:05+02;1319
2017-08-26 12:02:06+02;1319
2017-08-26 14:30:07+02;1349
2017-08-26 16:12:05+02;1319
2017-08-26 17:22:06+02;1339
2017-08-27 08:18:05+02;1389
2017-08-27 08:57:06+02;1389
2017-08-27 11:15:06+02;1319
2017-08-28 06:53:05+02;1369
2017-08-28 11:20:06+02;1319
2017-08-28 12:04:06+02;1309
2017-08-29 08:19:05+02;1319
2017-08-29 15:41:06+02;1319
2017-08-29 15:45:06+02;1309
2017-08-30 07:04:06+02;1389
2017-08-30 10:01:06+02;1329
2017-08-31 07:04:05+02;1369
2017-08-31 08:38:13+02;1319
2017-08-31 15:15:07+02;1319
2017-09-01 07:07:06+02;1389
2017-09-01 13:10:06+02;1349
2017-09-01 16:47:05+02;1349
2017-09-02 07:51:06+02;1409
2017-09-02 08:43:05+02;1359
2017-09-03 07:10:06+02;1399
2017-09-03 11:33:06+02;1349
2017-09-03 18:51:06+02;1369
2017-09-04 07:02:06+02;1419
2017-09-04 08:00:07+02;1389
2017-09-04 09:19:06+02;1349
2017-09-04 16:11:06+02;1339
2017-09-04 16:12:06+02;1339
2017-09-04 22:58:06+02;1399
2017-09-05 07:05:06+02;1419
2017-09-05 07:35:06+02;1379
2017-09-05 10:58:06+02;1359
2017-09-06 07:03:06+02;1399
2017-09-06 07:36:06+02;1399
2017-09-06 10:14:06+02;1349
2017-09-07 07:08:06+02;1409
2017-09-07 08:31:07+02;1379
2017-09-07 09:47:06+02;1339
2017-09-07 11:29:06+02;1329
2017-09-08 07:15:08+02;1419
2017-09-08 08:48:06+02;1379
2017-09-08 10:27:06+02;1359
2017-09-08 10:42:06+02;1349
2017-09-09 07:16:05+02;1419
2017-09-09 09:33:05+02;1399
2017-09-09 09:48:05+02;1359
2017-09-09 20:42:06+02;1359
2017-09-10 07:56:06+02;1419
2017-09-10 08:04:06+02;1459
2017-09-10 09:52:06+02;1459
2017-09-10 09:53:05+02;1369
2017-09-10 10:40:06+02;1359
2017-09-11 07:04:05+02;1429
2017-09-11 08:23:05+02;1339
2017-09-11 11:22:05+02;1329
2017-09-12 07:08:06+02;1419
2017-09-12 08:22:06+02;1369
2017-09-12 08:48:05+02;1349
2017-09-12 16:49:06+02;1329
2017-09-13 07:04:06+02;1419
2017-09-13 07:46:06+02;1409
2017-09-13 10:45:06+02;1409
2017-09-13 10:46:06+02;1329
2017-09-13 12:48:05+02;1359
2017-09-13 15:31:05+02;1329
2017-09-13 17:16:06+02;1349
2017-09-14 07:32:06+02;1389
2017-09-14 10:08:06+02;1359
2017-09-14 11:16:06+02;1359
2017-09-14 11:38:06+02;1339
2017-09-14 12:43:05+02;1369
2017-09-14 14:31:06+02;1339
2017-09-14 16:56:07+02;1329
2017-09-15 06:47:06+02;1419
2017-09-15 08:30:08+02;1349
2017-09-15 10:42:06+02;1329
2017-09-15 17:19:05+02;1329
2017-09-16 07:55:06+02;1399
2017-09-16 08:32:06+02;1389
2017-09-16 10:09:09+02;1349
2017-09-16 16:25:06+02;1339
2017-09-17 06:13:05+02;1419
2017-09-17 09:47:06+02;1399
2017-09-17 10:27:05+02;1349
2017-09-18 06:40:06+02;1399
2017-09-18 08:40:06+02;1349
2017-09-18 10:25:06+02;1329
2017-09-19 07:10:06+02;1389
2017-09-19 08:32:07+02;1349
2017-09-19 11:00:07+02;1349
2017-09-19 11:01:06+02;1339
2017-09-19 16:36:06+02;1329
2017-09-19 23:16:20+02;1329
2017-09-20 07:23:06+02;1399
2017-09-20 08:18:05+02;1369
2017-09-20 09:18:06+02;1329
2017-09-20 17:30:07+02;1349
2017-09-20 18:02:06+02;1339
2017-09-21 07:01:06+02;1389
2017-09-21 08:50:06+02;1329
