2014-06-08 09:50:01+02;1599
2014-06-08 13:14:01+02;1539
2014-06-09 00:02:01+02;1599
2014-06-09 03:34:01+02;1589
2014-06-09 11:50:01+02;1529
2014-06-09 17:22:01+02;1589
2014-06-10 03:46:01+02;1589
2014-06-10 12:02:01+02;1539
2014-06-10 17:22:01+02;1599
2014-06-11 03:22:01+02;1589
2014-06-12 01:42:01+02;1619
2014-06-12 03:54:01+02;1589
2014-06-12 05:46:01+02;1549
2014-06-12 13:22:01+02;1539
2014-06-12 17:22:01+02;1609
2014-06-13 03:42:01+02;1599
2014-06-13 06:26:01+02;1559
2014-06-13 17:18:01+02;1619
2014-06-14 03:18:01+02;1609
2014-06-14 07:42:01+02;1549
2014-06-14 17:18:01+02;1609
2014-06-16 02:54:01+02;1639
2014-06-16 04:34:01+02;1599
2014-06-16 08:14:01+02;1549
2014-06-16 17:18:01+02;1609
2014-06-17 06:10:01+02;1569
2014-06-17 09:58:01+02;1559
2014-06-17 17:18:01+02;1619
2014-06-18 03:38:01+02;1619
2014-06-18 05:54:01+02;1579
2014-06-18 06:30:01+02;1569
2014-06-18 09:18:01+02;1559
2014-06-19 03:10:01+02;1619
2014-06-19 10:14:01+02;1609
2014-06-19 11:14:01+02;1569
2014-06-19 17:22:01+02;1629
2014-06-20 04:22:01+02;1609
2014-06-20 06:46:01+02;1579
2014-06-20 07:06:01+02;1569
2014-06-20 17:18:01+02;1629
2014-06-21 01:46:01+02;1629
2014-06-21 04:14:01+02;1619
2014-06-21 05:50:01+02;1569
2014-06-21 09:26:01+02;1569
2014-06-21 17:18:01+02;1629
2014-06-22 05:22:01+02;1599
2014-06-22 07:02:01+02;1569
2014-06-22 13:42:01+02;1569
2014-06-22 17:22:01+02;1629
2014-06-23 05:02:01+02;1609
2014-06-23 07:10:01+02;1569
2014-06-23 11:34:01+02;1569
2014-06-24 02:30:01+02;1629
2014-06-24 04:02:01+02;1609
2014-06-24 06:50:01+02;1589
2014-06-24 09:18:02+02;1579
2014-06-24 17:18:01+02;1639
2014-06-25 07:18:01+02;1619
2014-06-25 08:50:01+02;1569
2014-06-25 17:22:01+02;1629
2014-06-26 14:10:01+02;1569
2014-06-27 02:26:01+02;1629
2014-06-27 03:10:01+02;1619
2014-06-27 13:14:01+02;1569
2014-06-27 17:22:01+02;1629
2014-06-28 05:46:02+02;1619
2014-06-28 07:22:01+02;1569
2014-06-28 17:22:01+02;1629
2014-06-29 08:42:01+02;1579
2014-06-30 03:14:01+02;1639
2014-06-30 08:06:01+02;1619
2014-06-30 11:18:01+02;1569
2014-06-30 17:22:01+02;1629
2014-07-01 03:58:01+02;1609
2014-07-01 08:02:01+02;1569
2014-07-01 17:22:01+02;1629
2014-07-02 05:10:01+02;1609
2014-07-02 09:22:01+02;1569
2014-07-02 17:18:01+02;1629
2014-07-03 03:06:01+02;1569
2014-07-03 10:34:01+02;1569
2014-07-03 10:42:01+02;1559
2014-07-03 12:10:01+02;1559
2014-07-03 17:18:01+02;1619
2014-07-04 07:46:01+02;1569
2014-07-04 17:22:01+02;1629
2014-07-05 03:06:01+02;1609
2014-07-05 03:30:01+02;1599
2014-07-05 08:50:01+02;1569
2014-07-05 17:22:01+02;1629
2014-07-06 05:02:01+02;1609
2014-07-06 08:26:01+02;1569
2014-07-06 17:22:01+02;1629
2014-07-07 09:14:01+02;1559
2014-07-07 09:26:01+02;1559
2014-07-07 17:22:01+02;1619
2014-07-08 03:50:01+02;1599
2014-07-08 07:22:02+02;1559
2014-07-08 17:22:01+02;1619
2014-07-09 04:34:01+02;1599
2014-07-09 13:14:01+02;1559
2014-07-09 17:18:01+02;1619
2014-07-10 04:02:01+02;1599
2014-07-10 10:14:01+02;1579
2014-07-10 11:50:01+02;1559
2014-07-10 17:26:01+02;1619
2014-07-11 03:22:01+02;1599
2014-07-11 05:54:01+02;1559
2014-07-11 11:26:01+02;1559
2014-07-11 17:18:01+02;1619
2014-07-12 02:58:02+02;1559
2014-07-12 04:26:01+02;1559
2014-07-13 04:22:01+02;1619
2014-07-13 12:18:01+02;1559
2014-07-13 17:18:01+02;1619
2014-07-14 05:38:01+02;1579
2014-07-14 11:14:01+02;1559
2014-07-14 17:18:01+02;1619
2014-07-15 03:50:01+02;1589
2014-07-15 08:10:01+02;1559
2014-07-15 17:18:01+02;1619
2014-07-16 05:02:01+02;1549
2014-07-16 15:10:01+02;1539
2014-07-16 17:18:01+02;1599
2014-07-17 04:26:01+02;1579
2014-07-17 11:30:02+02;1549
2014-07-17 12:26:01+02;1539
2014-07-18 04:34:01+02;1599
2014-07-18 05:58:01+02;1569
2014-07-18 06:06:01+02;1549
2014-07-18 11:30:01+02;1529
2014-07-18 17:22:01+02;1589
2014-07-19 04:30:01+02;1529
2014-07-19 17:22:01+02;1589
2014-07-20 04:06:01+02;1529
2014-07-20 17:22:01+02;1589
2014-07-21 05:34:01+02;1549
2014-07-21 08:22:01+02;1529
2014-07-21 17:18:01+02;1589
2014-07-22 03:30:01+02;1569
2014-07-22 05:34:01+02;1569
2014-07-22 08:50:01+02;1539
2014-07-22 17:22:01+02;1599
2014-07-23 03:14:01+02;1579
2014-07-23 05:30:01+02;1549
2014-07-24 00:02:01+02;1609
2014-07-24 04:42:01+02;1579
2014-07-24 08:26:01+02;1529
2014-07-25 00:02:01+02;1589
2014-07-25 06:18:01+02;1569
2014-07-25 07:34:01+02;1539
2014-07-25 09:26:01+02;1539
2014-07-25 12:42:01+02;1529
2014-07-25 17:22:01+02;1589
2014-07-26 06:58:01+02;1539
2014-07-26 17:18:01+02;1599
2014-07-27 10:18:01+02;1529
2014-07-27 17:22:01+02;1589
2014-07-28 06:06:01+02;1569
2014-07-28 09:54:01+02;1539
2014-07-28 17:22:01+02;1599
2014-07-29 04:06:01+02;1559
2014-07-30 03:14:01+02;1619
2014-07-30 04:58:01+02;1539
2014-07-30 17:22:01+02;1599
2014-07-31 02:54:01+02;1549
2014-07-31 07:26:01+02;1539
2014-07-31 17:18:01+02;1599
2014-08-01 04:02:01+02;1569
2014-08-01 04:54:01+02;1539
2014-08-01 12:38:01+02;1529
2014-08-01 17:22:01+02;1589
2014-08-02 04:26:01+02;1569
2014-08-02 05:58:01+02;1539
2014-08-03 05:34:01+02;1599
2014-08-03 10:58:01+02;1569
2014-08-03 17:22:01+02;1609
2014-08-04 03:38:01+02;1569
2014-08-04 08:50:02+02;1519
2014-08-04 17:18:01+02;1579
2014-08-05 08:46:01+02;1549
2014-08-05 13:46:01+02;1529
2014-08-05 23:22:01+02;1589
2014-08-06 08:46:01+02;1539
2014-08-06 15:26:01+02;1519
2014-08-06 23:22:01+02;1579
2014-08-07 07:38:01+02;1559
2014-08-07 12:54:01+02;1529
2014-08-07 16:18:01+02;1509
2014-08-07 23:22:01+02;1569
2014-08-08 07:30:01+02;1549
2014-08-08 12:18:01+02;1519
2014-08-09 00:42:01+02;1579
2014-08-09 10:34:01+02;1549
2014-08-09 13:06:01+02;1519
2014-08-09 23:22:01+02;1579
2014-08-10 18:46:01+02;1529
2014-08-10 23:18:01+02;1589
2014-08-11 07:54:01+02;1549
2014-08-11 10:26:01+02;1529
2014-08-11 15:54:01+02;1519
2014-08-11 23:22:01+02;1579
2014-08-12 07:54:01+02;1549
2014-08-12 11:54:01+02;1539
2014-08-12 23:22:01+02;1599
2014-08-13 08:06:01+02;1549
2014-08-13 09:54:01+02;1549
2014-08-13 11:54:01+02;1519
2014-08-13 17:30:01+02;1519
2014-08-13 23:22:01+02;1579
2014-08-14 06:38:01+02;1549
2014-08-14 12:30:01+02;1509
2014-08-14 23:22:01+02;1569
2014-08-15 11:50:01+02;1549
2014-08-15 15:58:01+02;1519
2014-08-15 23:18:01+02;1579
2014-08-16 11:22:01+02;1549
2014-08-16 23:18:01+02;1609
2014-08-17 11:02:01+02;1549
2014-08-17 13:06:01+02;1519
2014-08-17 23:18:01+02;1579
2014-08-18 07:46:01+02;1549
2014-08-18 11:18:01+02;1519
2014-08-18 13:34:01+02;1509
2014-08-18 23:18:01+02;1569
2014-08-19 09:06:01+02;1539
2014-08-19 11:26:01+02;1499
2014-08-19 14:54:01+02;1499
2014-08-19 23:18:01+02;1559
2014-08-20 08:54:01+02;1529
2014-08-20 12:26:01+02;1519
2014-08-20 13:10:01+02;1519
2014-08-20 23:18:01+02;1579
2014-08-21 07:10:01+02;1529
2014-08-21 10:30:01+02;1519
2014-08-21 23:22:01+02;1579
2014-08-22 06:46:01+02;1539
2014-08-22 23:22:02+02;1599
2014-08-23 08:42:01+02;1539
2014-08-23 23:18:01+02;1599
2014-08-24 12:22:01+02;1539
2014-08-24 23:18:01+02;1599
2014-08-25 06:34:01+02;1539
2014-08-25 23:18:01+02;1599
2014-08-26 09:06:01+02;1549
2014-08-26 22:38:01+02;1609
2014-08-27 07:26:01+02;1549
2014-08-27 23:18:01+02;1609
2014-08-28 07:14:01+02;1549
2014-08-28 12:22:01+02;1539
2014-08-28 23:18:01+02;1599
2014-08-29 07:10:01+02;1539
2014-08-29 23:18:01+02;1599
2014-08-30 10:10:01+02;1559
2014-08-30 23:22:01+02;1619
2014-08-31 08:22:01+02;1559
2014-08-31 23:18:01+02;1619
2014-09-01 09:02:01+02;1549
2014-09-01 11:38:01+02;1529
2014-09-01 13:54:01+02;1529
2014-09-01 23:22:01+02;1589
2014-09-02 07:10:01+02;1559
2014-09-02 10:10:01+02;1539
2014-09-02 14:34:01+02;1529
2014-09-02 23:18:01+02;1589
2014-09-03 08:02:01+02;1559
2014-09-03 11:22:01+02;1539
2014-09-03 23:18:01+02;1599
2014-09-04 07:30:01+02;1549
2014-09-04 11:02:01+02;1549
2014-09-04 23:18:01+02;1609
2014-09-05 09:46:01+02;1569
2014-09-05 13:22:01+02;1569
2014-09-05 23:18:01+02;1629
2014-09-06 08:54:01+02;1559
2014-09-06 13:02:01+02;1559
2014-09-06 23:22:01+02;1619
2014-09-07 08:50:01+02;1569
2014-09-07 23:22:01+02;1629
2014-09-08 05:26:01+02;1579
2014-09-08 07:10:01+02;1549
2014-09-08 12:18:01+02;1549
2014-09-08 23:18:01+02;1609
2014-09-09 05:34:01+02;1579
2014-09-09 06:46:01+02;1569
2014-09-09 09:38:01+02;1549
2014-09-09 11:42:01+02;1549
2014-09-09 23:22:01+02;1609
2014-09-10 06:38:01+02;1569
2014-09-10 10:58:01+02;1569
2014-09-10 13:18:01+02;1549
2014-09-10 23:18:01+02;1609
2014-09-11 07:50:01+02;1569
2014-09-11 09:50:01+02;1549
2014-09-11 11:22:01+02;1549
2014-09-11 14:02:01+02;1549
2014-09-11 23:18:01+02;1609
2014-09-12 07:46:01+02;1569
2014-09-12 10:30:01+02;1549
2014-09-12 12:14:01+02;1549
2014-09-12 23:18:01+02;1609
2014-09-13 09:02:01+02;1549
2014-09-13 23:22:02+02;1609
2014-09-14 11:54:01+02;1539
2014-09-14 23:18:01+02;1599
2014-09-15 06:58:01+02;1539
2014-09-15 12:10:01+02;1539
2014-09-15 23:22:01+02;1599
2014-09-16 07:14:01+02;1549
2014-09-16 09:30:01+02;1549
2014-09-16 15:02:01+02;1549
2014-09-16 23:18:01+02;1609
2014-09-17 06:18:01+02;1589
2014-09-17 09:46:01+02;1549
2014-09-17 12:54:01+02;1549
2014-09-18 08:46:01+02;1579
2014-09-18 10:06:01+02;1559
2014-09-18 23:18:01+02;1609
2014-09-19 07:10:01+02;1559
2014-09-19 17:26:01+02;1529
2014-09-19 23:22:01+02;1589
2014-09-20 09:02:01+02;1539
2014-09-20 10:26:01+02;1529
2014-09-20 23:18:01+02;1589
2014-09-21 08:54:01+02;1529
2014-09-21 10:34:01+02;1519
2014-09-21 23:18:01+02;1579
2014-09-22 06:58:01+02;1539
2014-09-22 12:58:01+02;1529
2014-09-22 23:22:01+02;1589
2014-09-23 07:30:01+02;1539
2014-09-23 10:10:01+02;1529
2014-09-23 11:34:01+02;1529
2014-09-23 15:02:01+02;1529
2014-09-23 23:18:01+02;1589
2014-09-24 08:42:01+02;1549
2014-09-24 11:54:01+02;1539
2014-09-25 06:02:01+02;1599
2014-09-25 12:50:01+02;1539
2014-09-25 23:22:01+02;1599
2014-09-26 07:18:01+02;1539
2014-09-26 12:30:01+02;1539
2014-09-26 23:18:01+02;1599
2014-09-27 08:34:01+02;1559
2014-09-27 09:46:01+02;1559
2014-09-27 12:42:01+02;1539
2014-09-27 23:22:01+02;1599
2014-09-28 08:54:01+02;1539
2014-09-28 23:22:01+02;1599
2014-09-29 07:38:01+02;1539
2014-09-29 09:10:01+02;1529
2014-09-29 13:42:01+02;1529
2014-09-29 23:22:01+02;1589
2014-09-30 06:02:01+02;1539
2014-09-30 10:34:01+02;1529
2014-09-30 23:18:01+02;1589
2014-10-01 06:38:01+02;1539
2014-10-01 10:18:01+02;1529
2014-10-01 23:22:01+02;1589
2014-10-02 06:06:01+02;1539
2014-10-02 09:54:01+02;1539
2014-10-02 23:22:01+02;1599
2014-10-03 12:26:01+02;1539
2014-10-03 23:18:01+02;1599
2014-10-04 09:46:01+02;1539
2014-10-04 13:18:01+02;1539
2014-10-04 23:18:01+02;1599
2014-10-05 08:38:01+02;1539
2014-10-05 23:22:01+02;1599
2014-10-06 06:58:01+02;1539
2014-10-06 11:42:01+02;1529
2014-10-06 16:26:01+02;1529
2014-10-06 23:18:01+02;1589
2014-10-07 07:10:01+02;1539
2014-10-07 10:54:01+02;1539
2014-10-07 15:54:01+02;1539
2014-10-07 23:22:01+02;1599
2014-10-08 09:26:01+02;1539
2014-10-08 15:50:01+02;1539
2014-10-08 23:18:01+02;1599
2014-10-09 07:10:01+02;1539
2014-10-09 08:42:01+02;1539
2014-10-09 11:46:01+02;1529
2014-10-09 15:46:01+02;1529
2014-10-09 23:18:01+02;1589
2014-10-10 07:10:01+02;1539
2014-10-10 10:46:01+02;1519
2014-10-10 15:30:01+02;1519
2014-10-10 23:18:01+02;1579
2014-10-11 11:06:01+02;1519
2014-10-11 13:10:01+02;1509
2014-10-11 15:18:01+02;1509
2014-10-11 16:06:01+02;1509
2014-10-11 23:22:01+02;1569
2014-10-12 10:10:01+02;1539
2014-10-12 23:18:01+02;1579
2014-10-13 08:18:01+02;1539
2014-10-13 10:14:01+02;1509
2014-10-13 15:38:01+02;1509
2014-10-13 23:18:01+02;1569
2014-10-14 06:14:01+02;1539
2014-10-14 08:58:01+02;1509
2014-10-14 15:38:01+02;1489
2014-10-14 23:22:01+02;1549
2014-10-15 06:30:01+02;1539
2014-10-15 09:10:01+02;1499
2014-10-15 16:10:01+02;1489
2014-10-15 23:18:01+02;1529
2014-10-16 08:26:01+02;1499
2014-10-16 12:22:01+02;1469
2014-10-16 23:18:01+02;1509
2014-10-17 06:18:01+02;1499
2014-10-17 11:18:02+02;1489
2014-10-17 13:30:01+02;1449
2014-10-17 23:18:01+02;1509
2014-10-18 09:10:01+02;1489
2014-10-18 13:14:01+02;1469
2014-10-18 15:38:01+02;1459
2014-10-18 23:22:01+02;1509
2014-10-19 07:54:02+02;1489
2014-10-19 13:02:01+02;1489
2014-10-19 23:18:01+02;1509
2014-10-20 06:22:01+02;1509
2014-10-20 10:10:01+02;1489
2014-10-20 12:42:01+02;1449
2014-10-20 23:18:01+02;1509
2014-10-21 07:02:01+02;1509
2014-10-21 10:14:02+02;1449
2014-10-21 15:26:01+02;1439
2014-10-21 23:22:01+02;1499
2014-10-22 07:18:01+02;1499
2014-10-22 08:46:01+02;1479
2014-10-22 23:18:01+02;1509
2014-10-23 06:58:01+02;1479
2014-10-23 09:06:01+02;1469
2014-10-23 12:22:01+02;1449
2014-10-23 23:18:02+02;1509
2014-10-24 05:30:01+02;1489
2014-10-24 09:02:01+02;1469
2014-10-24 12:38:01+02;1439
2014-10-24 23:22:01+02;1499
2014-10-25 09:10:01+02;1459
2014-10-25 23:18:01+02;1519
2014-10-26 12:30:01+01;1469
2014-10-26 23:18:01+01;1519
2014-10-27 06:38:01+01;1479
2014-10-27 09:54:01+01;1459
2014-10-27 15:18:01+01;1439
2014-10-27 23:18:01+01;1499
2014-10-28 07:50:01+01;1449
2014-10-28 11:10:01+01;1429
2014-10-28 23:18:01+01;1489
2014-10-29 06:46:01+01;1489
2014-10-29 09:10:01+01;1449
2014-10-29 13:14:01+01;1439
2014-10-29 23:18:01+01;1499
2014-10-30 06:30:01+01;1489
2014-10-30 09:54:01+01;1449
2014-10-30 23:22:01+01;1509
2014-10-31 06:42:01+01;1499
2014-10-31 09:18:01+01;1449
2014-10-31 23:18:01+01;1509
2014-11-01 10:30:01+01;1459
2014-11-01 23:22:01+01;1519
2014-11-02 09:22:01+01;1459
2014-11-02 13:06:01+01;1439
2014-11-02 22:18:01+01;1499
2014-11-03 06:02:01+01;1499
2014-11-03 08:10:01+01;1459
2014-11-03 17:26:01+01;1439
2014-11-03 21:17:00+01;1439
2014-11-03 23:21:00+01;1499
2014-11-04 06:57:00+01;1499
2014-11-04 12:05:00+01;1449
2014-11-04 23:17:00+01;1509
2014-11-05 06:13:00+01;1499
2014-11-05 09:29:00+01;1449
2014-11-05 11:09:00+01;1449
2014-11-05 15:37:00+01;1439
2014-11-05 23:17:00+01;1499
2014-11-06 06:41:00+01;1499
2014-11-06 09:33:00+01;1449
2014-11-06 15:09:00+01;1449
2014-11-06 23:21:00+01;1509
2014-11-07 07:09:00+01;1499
2014-11-07 08:49:00+01;1449
2014-11-07 23:17:00+01;1509
2014-11-08 07:25:00+01;1489
2014-11-08 08:29:00+01;1449
2014-11-08 23:17:00+01;1509
2014-11-09 15:33:00+01;1469
2014-11-09 23:17:00+01;1529
2014-11-10 07:17:00+01;1489
2014-11-10 08:57:00+01;1469
2014-11-10 23:17:00+01;1529
2014-11-11 09:21:00+01;1469
2014-11-11 13:49:00+01;1449
2014-11-11 23:17:00+01;1509
2014-11-12 09:49:00+01;1449
2014-11-12 15:13:00+01;1439
2014-11-12 23:21:00+01;1499
2014-11-13 07:09:00+01;1489
2014-11-13 09:17:00+01;1449
2014-11-13 14:09:00+01;1449
2014-11-13 15:17:00+01;1439
2014-11-13 23:17:00+01;1499
2014-11-14 07:41:00+01;1449
2014-11-14 11:37:00+01;1449
2014-11-14 14:53:00+01;1439
2014-11-14 23:21:00+01;1499
2014-11-15 07:41:00+01;1439
2014-11-15 09:25:00+01;1429
2014-11-15 10:05:00+01;1429
2014-11-15 13:17:00+01;1429
2014-11-15 23:17:00+01;1499
2014-11-16 07:45:00+01;1469
2014-11-16 09:13:00+01;1439
2014-11-16 12:49:00+01;1419
2014-11-16 23:17:00+01;1499
2014-11-17 06:17:00+01;1479
2014-11-17 08:53:00+01;1449
2014-11-17 10:45:00+01;1449
2014-11-17 13:53:00+01;1439
2014-11-17 17:53:00+01;1429
2014-11-17 18:53:00+01;1429
2014-11-17 23:17:00+01;1499
2014-11-18 06:01:00+01;1479
2014-11-18 08:53:00+01;1429
2014-11-18 23:17:00+01;1489
2014-11-19 06:25:00+01;1479
2014-11-19 08:49:00+01;1429
2014-11-19 17:41:00+01;1429
2014-11-19 18:53:00+01;1409
2014-11-19 23:17:00+01;1489
2014-11-20 06:17:00+01;1479
2014-11-20 08:53:00+01;1419
2014-11-20 15:21:00+01;1419
2014-11-20 18:57:00+01;1409
2014-11-20 23:17:00+01;1489
2014-11-21 06:45:00+01;1469
2014-11-21 08:53:00+01;1419
2014-11-21 14:45:00+01;1419
2014-11-21 15:45:00+01;1419
2014-11-21 23:21:00+01;1489
2014-11-22 06:57:00+01;1469
2014-11-22 08:53:00+01;1419
2014-11-22 14:29:00+01;1419
2014-11-22 23:21:00+01;1489
2014-11-23 06:53:00+01;1479
2014-11-23 09:57:00+01;1409
2014-11-23 23:21:00+01;1489
2014-11-24 08:41:00+01;1469
2014-11-24 08:53:00+01;1419
2014-11-24 15:49:00+01;1419
2014-11-24 23:21:00+01;1489
2014-11-25 06:01:00+01;1469
2014-11-25 09:37:00+01;1419
2014-11-25 23:21:00+01;1489
2014-11-26 06:53:00+01;1479
2014-11-26 09:53:00+01;1419
2014-11-26 12:25:00+01;1419
2014-11-26 23:21:00+01;1479
2014-11-27 08:53:00+01;1419
2014-11-27 14:25:00+01;1419
2014-11-27 18:53:00+01;1409
2014-11-27 23:21:00+01;1469
2014-11-28 06:13:00+01;1469
2014-11-28 08:41:00+01;1419
2014-11-28 13:41:00+01;1419
2014-11-28 17:57:00+01;1409
2014-11-28 23:21:00+01;1469
2014-11-29 06:53:00+01;1459
2014-11-29 08:53:00+01;1409
2014-11-29 23:17:00+01;1459
2014-11-30 09:53:00+01;1409
2014-11-30 23:21:00+01;1459
2014-12-01 05:41:00+01;1459
2014-12-01 07:09:00+01;1409
2014-12-01 18:54:00+01;1399
2014-12-01 23:17:00+01;1459
2014-12-02 05:44:00+01;1439
2014-12-02 06:57:00+01;1439
2014-12-02 07:17:00+01;1399
2014-12-02 13:53:00+01;1379
2014-12-02 14:29:00+01;1379
2014-12-02 18:13:00+01;1369
2014-12-02 22:37:00+01;1429
2014-12-03 06:25:00+01;1419
2014-12-03 07:17:00+01;1389
2014-12-03 11:53:00+01;1379
2014-12-03 23:21:00+01;1439
2014-12-04 07:45:00+01;1389
2014-12-04 15:45:00+01;1369
2014-12-04 23:17:00+01;1429
2014-12-05 06:53:00+01;1419
2014-12-05 07:01:00+01;1409
2014-12-05 07:37:00+01;1389
2014-12-05 13:53:00+01;1379
2014-12-05 15:09:00+01;1349
2014-12-05 23:17:00+01;1409
2014-12-06 08:53:00+01;1389
2014-12-06 11:53:00+01;1379
2014-12-06 13:21:00+01;1369
2014-12-06 17:53:00+01;1349
2014-12-06 23:21:00+01;1409
2014-12-07 09:53:00+01;1389
2014-12-07 12:53:00+01;1359
2014-12-07 23:17:00+01;1419
2014-12-08 05:57:00+01;1409
2014-12-08 07:41:00+01;1389
2014-12-08 09:53:00+01;1379
2014-12-08 12:41:00+01;1359
2014-12-08 23:17:00+01;1419
2014-12-09 07:29:00+01;1409
2014-12-09 08:53:00+01;1399
2014-12-09 09:53:00+01;1389
2014-12-09 11:53:00+01;1369
2014-12-09 13:53:00+01;1349
2014-12-09 23:17:00+01;1409
2014-12-10 06:09:00+01;1349
2014-12-10 11:53:00+01;1329
2014-12-10 14:53:00+01;1319
2014-12-10 15:17:00+01;1319
2014-12-10 23:17:00+01;1389
2014-12-11 06:05:00+01;1379
2014-12-11 07:53:00+01;1349
2014-12-11 11:53:00+01;1339
2014-12-11 13:53:00+01;1329
2014-12-11 16:13:00+01;1329
2014-12-11 18:53:00+01;1319
2014-12-11 23:17:00+01;1379
2014-12-12 06:09:00+01;1379
2014-12-12 07:33:00+01;1349
2014-12-12 11:57:00+01;1339
2014-12-12 17:53:00+01;1329
2014-12-12 23:17:00+01;1389
2014-12-13 06:53:00+01;1369
2014-12-13 08:53:00+01;1339
2014-12-13 10:17:00+01;1319
2014-12-13 13:53:00+01;1309
2014-12-13 23:17:00+01;1369
2014-12-14 09:17:00+01;1359
2014-12-14 09:53:00+01;1339
2014-12-14 13:57:00+01;1329
2014-12-14 16:30:01+01;1329
2014-12-14 23:22:01+01;1389
2014-12-15 06:38:01+01;1369
2014-12-15 07:46:01+01;1329
2014-12-15 11:10:01+01;1319
2014-12-15 13:58:01+01;1309
2014-12-15 18:14:01+01;1299
2014-12-15 23:18:01+01;1359
2014-12-16 07:26:01+01;1349
2014-12-16 08:06:01+01;1319
2014-12-16 11:54:01+01;1309
2014-12-16 12:18:01+01;1309
2014-12-16 14:54:01+01;1299
2014-12-16 22:38:01+01;1359
2014-12-17 06:14:01+01;1339
2014-12-17 07:42:01+01;1319
2014-12-17 09:54:02+01;1309
2014-12-17 11:26:01+01;1299
2014-12-17 13:26:01+01;1289
2014-12-17 23:18:01+01;1349
2014-12-18 06:46:01+01;1329
2014-12-18 08:10:01+01;1319
2014-12-18 11:54:01+01;1309
2014-12-18 12:02:01+01;1289
2014-12-18 14:54:01+01;1279
2014-12-18 23:18:01+01;1339
2014-12-19 07:26:01+01;1329
2014-12-19 07:34:01+01;1309
2014-12-19 11:54:01+01;1289
2014-12-19 17:54:01+01;1279
2014-12-19 18:50:01+01;1279
2014-12-19 23:18:01+01;1349
2014-12-20 08:58:01+01;1299
2014-12-20 10:30:01+01;1289
2014-12-20 17:54:01+01;1279
2014-12-20 23:22:01+01;1349
2014-12-21 08:54:01+01;1329
2014-12-21 09:54:01+01;1299
2014-12-21 23:22:01+01;1359
2014-12-22 06:34:01+01;1329
2014-12-22 07:58:01+01;1299
2014-12-22 14:54:01+01;1279
2014-12-22 23:22:01+01;1339
2014-12-23 06:54:01+01;1339
2014-12-23 07:54:01+01;1299
2014-12-23 09:54:01+01;1289
2014-12-23 11:30:01+01;1289
2014-12-23 14:54:01+01;1279
2014-12-23 23:22:01+01;1339
2014-12-24 08:14:01+01;1299
2014-12-24 10:34:01+01;1289
2014-12-24 23:22:01+01;1349
2014-12-25 08:54:01+01;1299
2014-12-25 09:54:01+01;1289
2014-12-25 17:54:01+01;1279
2014-12-25 23:22:01+01;1339
2014-12-26 08:54:01+01;1289
2014-12-26 23:18:01+01;1349
2014-12-27 07:18:01+01;1339
2014-12-27 09:14:01+01;1289
2014-12-27 11:42:01+01;1279
2014-12-27 23:22:01+01;1339
2014-12-28 09:54:01+01;1289
2014-12-28 13:54:01+01;1279
2014-12-28 23:18:01+01;1339
2014-12-29 07:54:01+01;1289
2014-12-29 23:18:01+01;1349
2014-12-30 06:54:01+01;1339
2014-12-30 08:18:01+01;1289
2014-12-30 12:06:01+01;1279
2014-12-30 23:18:01+01;1339
2014-12-31 07:54:01+01;1289
2014-12-31 09:54:01+01;1279
2014-12-31 23:18:01+01;1339
2015-01-01 09:54:01+01;1289
2015-01-01 23:18:01+01;1349
2015-01-02 06:18:01+01;1329
2015-01-02 07:54:01+01;1289
2015-01-02 09:54:01+01;1279
2015-01-02 23:18:01+01;1339
2015-01-03 12:58:01+01;1289
2015-01-03 23:22:01+01;1349
2015-01-04 08:34:01+01;1319
2015-01-04 09:54:01+01;1279
2015-01-04 16:26:01+01;1279
2015-01-04 23:18:01+01;1339
2015-01-05 06:18:01+01;1279
2015-01-05 08:54:01+01;1279
2015-01-05 13:54:01+01;1269
2015-01-05 14:54:01+01;1259
2015-01-05 23:22:01+01;1319
2015-01-06 08:54:01+01;1269
2015-01-06 11:54:01+01;1269
2015-01-06 23:22:01+01;1329
2015-01-07 06:50:01+01;1319
2015-01-07 07:38:01+01;1269
2015-01-07 09:54:01+01;1269
2015-01-07 13:54:01+01;1259
2015-01-07 17:54:01+01;1249
2015-01-07 18:54:01+01;1249
2015-01-07 23:22:01+01;1309
2015-01-08 07:26:01+01;1269
2015-01-08 11:54:01+01;1259
2015-01-08 23:22:01+01;1319
2015-01-09 06:18:01+01;1309
2015-01-09 10:30:01+01;1279
2015-01-09 11:58:01+01;1269
2015-01-09 12:38:01+01;1259
2015-01-09 17:58:01+01;1259
2015-01-09 22:54:01+01;1319
2015-01-10 06:54:01+01;1309
2015-01-10 08:42:01+01;1259
2015-01-10 23:18:01+01;1319
2015-01-11 09:54:01+01;1259
2015-01-11 13:54:01+01;1249
2015-01-11 15:46:01+01;1249
2015-01-11 18:54:01+01;1239
2015-01-11 23:18:01+01;1309
2015-01-12 08:18:01+01;1259
2015-01-12 11:18:01+01;1249
2015-01-12 13:26:01+01;1249
2015-01-12 23:22:01+01;1309
2015-01-13 07:14:01+01;1299
2015-01-13 07:42:01+01;1259
2015-01-13 11:34:01+01;1249
2015-01-13 15:50:01+01;1249
2015-01-13 23:18:01+01;1309
2015-01-14 06:30:01+01;1299
2015-01-14 08:18:01+01;1259
2015-01-14 11:18:01+01;1249
2015-01-14 14:26:01+01;1249
2015-01-14 17:54:01+01;1229
2015-01-14 18:54:01+01;1219
2015-01-14 23:22:01+01;1289
2015-01-15 08:18:01+01;1249
2015-01-15 11:58:01+01;1239
2015-01-15 14:10:01+01;1239
2015-01-15 15:18:01+01;1239
2015-01-15 18:02:01+01;1219
2015-01-15 23:18:01+01;1289
2015-01-16 06:42:01+01;1279
2015-01-16 08:26:01+01;1249
2015-01-16 11:10:01+01;1249
2015-01-16 13:54:01+01;1249
2015-01-16 17:54:01+01;1229
2015-01-16 23:18:01+01;1299
2015-01-17 08:54:01+01;1249
2015-01-17 15:34:01+01;1249
2015-01-17 23:18:01+01;1309
2015-01-18 09:54:01+01;1299
2015-01-18 11:54:01+01;1249
2015-01-18 12:30:01+01;1249
2015-01-18 23:18:01+01;1309
2015-01-19 06:54:01+01;1299
2015-01-19 07:58:01+01;1239
2015-01-19 23:22:01+01;1309
2015-01-20 07:42:01+01;1239
2015-01-20 11:22:01+01;1239
2015-01-20 17:54:01+01;1229
2015-01-20 23:18:01+01;1309
2015-01-21 06:26:01+01;1299
2015-01-21 07:34:01+01;1239
2015-01-21 10:30:01+01;1239
2015-01-21 23:18:01+01;1309
2015-01-22 06:34:01+01;1299
2015-01-22 07:26:01+01;1239
2015-01-22 11:22:01+01;1239
2015-01-22 23:18:01+01;1309
2015-01-23 06:30:01+01;1299
2015-01-23 07:42:01+01;1239
2015-01-23 11:42:01+01;1239
2015-01-23 23:18:01+01;1299
2015-01-24 08:54:01+01;1239
2015-01-24 23:22:01+01;1309
2015-01-25 06:54:01+01;1299
2015-01-25 09:54:01+01;1239
2015-01-25 23:18:01+01;1309
2015-01-26 06:14:01+01;1299
2015-01-26 08:50:01+01;1289
2015-01-26 10:14:01+01;1249
2015-01-26 13:54:01+01;1239
2015-01-26 23:18:01+01;1309
2015-01-27 07:50:01+01;1309
2015-01-27 07:54:01+01;1239
2015-01-27 11:34:01+01;1239
2015-01-27 17:54:01+01;1229
2015-01-27 23:18:01+01;1309
2015-01-28 06:18:01+01;1309
2015-01-28 09:54:01+01;1239
2015-01-28 11:46:01+01;1239
2015-01-28 23:18:01+01;1299
2015-01-29 06:30:01+01;1299
2015-01-29 08:02:01+01;1239
2015-01-29 11:18:01+01;1239
2015-01-29 17:54:01+01;1229
2015-01-29 23:18:01+01;1319
2015-01-30 06:54:01+01;1299
2015-01-30 07:14:01+01;1289
2015-01-30 07:50:01+01;1239
2015-01-30 10:42:01+01;1239
2015-01-30 23:22:01+01;1309
2015-01-31 08:54:01+01;1299
2015-01-31 10:10:01+01;1239
2015-01-31 23:18:01+01;1319
2015-02-01 09:58:01+01;1309
2015-02-01 11:06:01+01;1299
2015-02-01 15:54:01+01;1239
2015-02-01 23:18:01+01;1319
2015-02-02 08:18:01+01;1239
2015-02-02 10:46:01+01;1239
2015-02-02 23:18:01+01;1319
2015-02-03 06:14:01+01;1319
2015-02-03 07:50:01+01;1259
2015-02-03 23:18:01+01;1369
2015-02-04 06:18:01+01;1339
2015-02-04 07:38:01+01;1269
2015-02-04 10:18:01+01;1269
2015-02-04 23:22:01+01;1379
2015-02-05 06:18:01+01;1369
2015-02-05 07:22:01+01;1269
2015-02-05 17:30:01+01;1269
2015-02-05 23:22:01+01;1369
2015-02-06 06:18:01+01;1339
2015-02-06 07:34:01+01;1269
2015-02-06 23:22:01+01;1369
2015-02-07 06:54:01+01;1339
2015-02-07 08:54:01+01;1269
2015-02-07 23:22:01+01;1379
2015-02-08 06:54:01+01;1359
2015-02-08 08:50:01+01;1359
2015-02-08 09:54:01+01;1269
2015-02-08 23:18:01+01;1379
2015-02-09 06:14:01+01;1359
2015-02-09 07:42:01+01;1279
2015-02-09 23:18:01+01;1379
2015-02-10 06:18:01+01;1369
2015-02-10 06:58:01+01;1359
2015-02-10 07:46:01+01;1309
2015-02-10 10:54:01+01;1299
2015-02-10 23:18:01+01;1389
2015-02-11 06:14:01+01;1369
2015-02-11 07:42:01+01;1309
2015-02-11 11:46:01+01;1299
2015-02-11 23:18:01+01;1389
2015-02-12 06:26:01+01;1369
2015-02-12 08:06:01+01;1309
2015-02-12 11:18:01+01;1299
2015-02-12 23:22:01+01;1389
2015-02-13 06:18:01+01;1359
2015-02-13 07:34:01+01;1309
2015-02-13 11:18:01+01;1299
2015-02-13 23:18:01+01;1399
2015-02-14 06:54:01+01;1369
2015-02-14 09:10:01+01;1309
2015-02-14 23:22:01+01;1399
2015-02-15 06:54:01+01;1379
2015-02-15 11:42:01+01;1309
2015-02-15 23:22:01+01;1399
2015-02-16 06:22:01+01;1389
2015-02-16 06:54:01+01;1379
2015-02-16 07:46:01+01;1309
2015-02-16 23:22:01+01;1399
2015-02-17 06:18:02+01;1379
2015-02-17 07:42:01+01;1319
2015-02-17 23:22:01+01;1399
2015-02-18 06:30:01+01;1389
2015-02-18 07:30:01+01;1319
2015-02-18 17:34:01+01;1319
2015-02-18 23:18:01+01;1399
2015-02-19 06:14:01+01;1389
2015-02-19 07:50:01+01;1319
2015-02-19 23:22:01+01;1399
2015-02-20 06:30:01+01;1379
2015-02-20 07:46:01+01;1319
2015-02-20 14:54:01+01;1309
2015-02-20 23:22:02+01;1389
2015-02-21 06:54:01+01;1369
2015-02-21 08:54:01+01;1359
2015-02-21 11:22:01+01;1319
2015-02-21 12:54:01+01;1319
2015-02-21 23:18:01+01;1409
2015-02-22 08:14:01+01;1369
2015-02-22 09:54:01+01;1369
2015-02-22 11:54:01+01;1369
2015-02-22 23:18:01+01;1429
2015-02-23 06:22:01+01;1369
2015-02-23 07:50:01+01;1319
2015-02-23 23:22:01+01;1409
2015-02-24 06:54:01+01;1379
2015-02-24 06:58:01+01;1379
2015-02-24 08:02:01+01;1329
2015-02-24 23:18:01+01;1399
2015-02-25 01:26:01+01;1399
2015-02-25 06:34:01+01;1389
2015-02-25 08:54:01+01;1379
2015-02-25 09:54:01+01;1369
2015-02-25 11:02:01+01;1339
2015-02-25 12:30:01+01;1329
2015-02-25 23:22:01+01;1409
2015-02-26 06:18:01+01;1379
2015-02-26 08:50:01+01;1329
2015-02-26 15:26:02+01;1319
2015-02-26 23:18:01+01;1399
2015-02-27 06:30:01+01;1379
2015-02-27 08:54:01+01;1369
2015-02-27 09:14:01+01;1319
2015-02-27 23:18:01+01;1419
2015-02-28 06:54:01+01;1399
2015-02-28 08:54:01+01;1389
2015-02-28 09:10:01+01;1389
2015-02-28 09:54:01+01;1379
2015-02-28 11:54:01+01;1329
2015-02-28 13:26:01+01;1329
2015-02-28 23:18:01+01;1429
2015-03-01 06:54:01+01;1399
2015-03-01 08:54:01+01;1389
2015-03-01 11:02:01+01;1329
2015-03-01 23:22:01+01;1429
2015-03-02 06:22:01+01;1389
2015-03-02 08:54:01+01;1379
2015-03-02 11:50:02+01;1379
2015-03-02 12:26:01+01;1339
2015-03-02 23:22:01+01;1429
2015-03-03 06:30:01+01;1399
2015-03-03 08:54:01+01;1389
2015-03-03 09:42:01+01;1339
2015-03-03 15:42:01+01;1339
2015-03-03 23:18:01+01;1439
2015-03-04 06:34:01+01;1409
2015-03-04 08:22:01+01;1369
2015-03-04 10:54:01+01;1349
2015-03-04 17:58:01+01;1349
2015-03-04 22:38:01+01;1439
2015-03-05 06:30:01+01;1409
2015-03-05 08:54:01+01;1399
2015-03-05 10:06:01+01;1399
2015-03-05 11:26:01+01;1349
2015-03-05 15:02:01+01;1349
2015-03-05 23:22:01+01;1439
2015-03-06 06:58:01+01;1409
2015-03-06 08:50:01+01;1399
2015-03-06 09:54:01+01;1389
2015-03-06 10:10:01+01;1349
2015-03-06 23:18:01+01;1439
2015-03-07 06:58:01+01;1419
2015-03-07 08:54:01+01;1409
2015-03-07 09:06:01+01;1409
2015-03-07 10:50:01+01;1379
2015-03-07 12:30:01+01;1359
2015-03-07 17:58:01+01;1359
2015-03-07 23:18:01+01;1449
2015-03-08 06:58:01+01;1419
2015-03-08 08:30:01+01;1409
2015-03-08 11:54:01+01;1399
2015-03-08 12:06:01+01;1349
2015-03-08 23:22:01+01;1449
2015-03-09 06:18:01+01;1419
2015-03-09 08:14:01+01;1349
2015-03-09 23:18:01+01;1449
2015-03-10 06:30:01+01;1409
2015-03-10 08:54:01+01;1399
2015-03-10 09:54:01+01;1389
2015-03-10 10:02:01+01;1359
2015-03-10 13:14:01+01;1359
2015-03-10 14:26:01+01;1359
2015-03-10 23:18:01+01;1449
2015-03-11 06:14:01+01;1409
2015-03-11 07:46:01+01;1359
2015-03-11 23:22:01+01;1449
2015-03-12 06:58:01+01;1419
2015-03-12 07:14:01+01;1359
2015-03-12 23:22:01+01;1449
2015-03-13 06:46:01+01;1409
2015-03-13 07:38:01+01;1359
2015-03-13 23:18:01+01;1459
2015-03-14 06:54:01+01;1429
2015-03-14 08:54:01+01;1419
2015-03-14 10:34:01+01;1359
2015-03-14 14:46:01+01;1359
2015-03-14 23:22:01+01;1459
2015-03-15 06:54:01+01;1429
2015-03-15 09:54:01+01;1419
2015-03-15 11:54:01+01;1409
2015-03-15 12:06:01+01;1359
2015-03-15 23:18:01+01;1459
2015-03-16 06:54:01+01;1429
2015-03-16 07:58:01+01;1359
2015-03-16 23:18:01+01;1459
2015-03-17 07:14:01+01;1429
2015-03-17 07:22:01+01;1369
2015-03-17 14:38:01+01;1349
2015-03-17 23:18:01+01;1439
2015-03-18 06:30:01+01;1419
2015-03-18 07:14:01+01;1349
2015-03-18 12:38:01+01;1339
2015-03-18 23:22:01+01;1429
2015-03-19 06:18:01+01;1429
2015-03-19 06:42:01+01;1409
2015-03-19 06:50:01+01;1339
2015-03-19 23:22:01+01;1439
2015-03-20 06:30:01+01;1409
2015-03-20 07:38:01+01;1349
2015-03-20 23:18:01+01;1439
2015-03-21 06:42:01+01;1419
2015-03-21 09:38:01+01;1409
2015-03-21 10:30:01+01;1359
2015-03-21 15:50:01+01;1359
2015-03-21 23:22:01+01;1439
2015-03-22 06:38:01+01;1419
2015-03-22 09:38:01+01;1409
2015-03-22 10:30:01+01;1399
2015-03-22 11:38:01+01;1389
2015-03-22 12:34:01+01;1359
2015-03-22 15:26:01+01;1349
2015-03-22 23:18:01+01;1439
2015-03-23 06:18:01+01;1429
2015-03-23 06:38:01+01;1419
2015-03-23 06:58:02+01;1339
2015-03-23 23:18:01+01;1439
2015-03-24 06:14:01+01;1419
2015-03-24 06:54:01+01;1349
2015-03-24 13:34:01+01;1339
2015-03-24 23:22:01+01;1439
2015-03-25 06:26:01+01;1429
2015-03-25 07:30:01+01;1339
2015-03-25 23:18:02+01;1449
2015-03-26 06:22:01+01;1429
2015-03-26 06:50:01+01;1359
2015-03-26 07:14:01+01;1359
2015-03-26 23:22:01+01;1449
2015-03-27 07:02:01+01;1359
2015-03-27 23:22:01+01;1469
2015-03-28 06:42:01+01;1459
2015-03-28 10:30:01+01;1369
2015-03-28 14:30:01+01;1369
2015-03-28 23:18:01+01;1469
2015-03-29 06:38:01+02;1369
2015-03-29 23:22:01+02;1469
2015-03-30 06:26:01+02;1459
2015-03-30 07:14:01+02;1369
2015-03-30 23:18:01+02;1469
2015-03-31 06:14:01+02;1449
2015-03-31 07:34:01+02;1379
2015-03-31 13:38:01+02;1369
2015-03-31 23:18:01+02;1449
2015-04-01 06:26:01+02;1439
2015-04-01 06:50:01+02;1369
2015-04-01 17:18:01+02;1369
2015-04-01 23:18:01+02;1459
2015-04-02 06:34:01+02;1439
2015-04-02 07:14:01+02;1369
2015-04-02 23:18:01+02;1459
2015-04-03 06:38:01+02;1439
2015-04-03 12:06:01+02;1379
2015-04-03 23:18:01+02;1459
2015-04-04 06:38:01+02;1439
2015-04-04 11:30:01+02;1379
2015-04-04 15:38:01+02;1379
2015-04-04 23:18:01+02;1459
2015-04-05 06:38:01+02;1439
2015-04-05 11:38:01+02;1379
2015-04-05 12:50:01+02;1379
2015-04-05 23:22:01+02;1459
2015-04-06 06:38:01+02;1439
2015-04-06 12:38:01+02;1439
2015-04-06 12:46:01+02;1379
2015-04-06 23:22:01+02;1459
2015-04-07 06:22:01+02;1439
2015-04-07 07:18:01+02;1359
2015-04-07 23:22:01+02;1459
2015-04-08 06:26:01+02;1439
2015-04-08 07:14:01+02;1369
2015-04-08 22:38:01+02;1469
2015-04-09 06:14:01+02;1439
2015-04-09 06:46:01+02;1369
2015-04-09 23:22:01+02;1459
2015-04-10 06:42:01+02;1449
2015-04-10 06:46:01+02;1369
2015-04-10 13:34:01+02;1359
2015-04-10 15:42:01+02;1359
2015-04-10 23:18:01+02;1449
2015-04-11 06:38:01+02;1439
2015-04-11 11:38:01+02;1379
2015-04-11 14:50:01+02;1369
2015-04-11 23:18:01+02;1469
2015-04-12 06:38:01+02;1439
2015-04-12 10:54:01+02;1389
2015-04-12 12:30:01+02;1379
2015-04-12 23:18:01+02;1469
2015-04-13 06:42:01+02;1449
2015-04-13 07:34:01+02;1359
2015-04-13 23:22:02+02;1469
2015-04-14 06:22:01+02;1449
2015-04-14 07:26:01+02;1369
2015-04-14 23:22:01+02;1479
2015-04-15 06:26:02+02;1459
2015-04-15 07:34:01+02;1389
2015-04-15 23:22:01+02;1479
2015-04-16 06:14:01+02;1439
2015-04-16 07:34:01+02;1389
2015-04-16 23:22:01+02;1489
2015-04-17 06:38:01+02;1469
2015-04-17 08:10:01+02;1399
2015-04-17 12:42:01+02;1399
2015-04-17 23:22:01+02;1489
2015-04-18 06:34:01+02;1469
2015-04-18 09:58:01+02;1409
2015-04-18 23:22:01+02;1489
2015-04-19 06:42:01+02;1479
2015-04-19 08:58:01+02;1409
2015-04-19 12:14:01+02;1409
2015-04-19 23:22:01+02;1489
2015-04-20 06:38:01+02;1479
2015-04-20 08:10:01+02;1479
2015-04-20 10:06:01+02;1429
2015-04-20 13:14:01+02;1409
2015-04-20 23:22:01+02;1499
2015-04-21 06:38:01+02;1489
2015-04-21 07:14:01+02;1489
2015-04-21 08:06:01+02;1409
2015-04-21 13:14:01+02;1409
2015-04-21 23:18:01+02;1499
2015-04-22 06:18:01+02;1489
2015-04-22 07:22:01+02;1409
2015-04-22 23:18:01+02;1499
2015-04-23 06:14:01+02;1479
2015-04-23 07:30:01+02;1409
2015-04-23 11:46:01+02;1399
2015-04-23 23:22:01+02;1489
2015-04-24 06:14:01+02;1479
2015-04-24 07:42:01+02;1399
2015-04-24 23:18:01+02;1509
2015-04-25 06:38:01+02;1489
2015-04-25 11:58:01+02;1419
2015-04-25 23:18:01+02;1509
2015-04-26 06:34:01+02;1499
2015-04-26 09:02:01+02;1499
2015-04-26 12:42:01+02;1429
2015-04-26 14:50:01+02;1419
2015-04-26 23:18:01+02;1509
2015-04-27 06:22:01+02;1499
2015-04-27 08:06:01+02;1409
2015-04-27 23:18:01+02;1509
2015-04-28 06:22:01+02;1509
2015-04-28 07:46:01+02;1409
2015-04-28 23:18:02+02;1509
2015-04-29 06:14:01+02;1509
2015-04-29 07:26:01+02;1419
2015-04-29 23:18:01+02;1499
2015-04-30 07:50:01+02;1419
2015-04-30 16:14:01+02;1409
2015-04-30 23:18:01+02;1499
2015-05-01 06:38:01+02;1499
2015-05-01 07:30:01+02;1409
2015-05-01 13:34:01+02;1399
2015-05-01 23:18:01+02;1499
2015-05-02 06:38:01+02;1489
2015-05-02 08:42:01+02;1479
2015-05-02 12:50:01+02;1429
2015-05-02 23:18:01+02;1509
2015-05-03 07:14:01+02;1499
2015-05-03 11:54:01+02;1439
2015-05-03 14:38:01+02;1439
2015-05-03 23:18:01+02;1509
2015-05-04 06:30:01+02;1499
2015-05-04 07:22:01+02;1409
2015-05-04 23:18:01+02;1509
2015-05-05 06:42:01+02;1499
2015-05-05 07:26:01+02;1419
2015-05-05 17:38:01+02;1419
2015-05-05 23:18:01+02;1509
2015-05-06 07:54:01+02;1419
2015-05-06 23:18:01+02;1519
2015-05-07 06:26:01+02;1509
2015-05-07 07:42:02+02;1419
2015-05-07 23:18:01+02;1509
2015-05-08 06:38:01+02;1509
2015-05-08 07:38:01+02;1419
2015-05-08 14:06:01+02;1409
2015-05-08 18:06:01+02;1399
2015-05-08 23:22:01+02;1489
2015-05-09 10:14:01+02;1449
2015-05-09 12:50:01+02;1439
2015-05-09 16:06:01+02;1429
2015-05-09 23:18:01+02;1489
2015-05-10 12:34:02+02;1489
2015-05-10 13:26:01+02;1449
2015-05-10 18:02:01+02;1439
2015-05-10 23:22:01+02;1499
2015-05-11 08:10:01+02;1409
2015-05-11 23:18:01+02;1489
2015-05-12 06:38:01+02;1489
2015-05-12 07:38:01+02;1409
2015-05-12 18:02:01+02;1399
2015-05-12 23:22:01+02;1489
2015-05-13 06:10:01+02;1489
2015-05-13 07:50:01+02;1409
2015-05-13 23:18:01+02;1499
2015-05-14 06:38:01+02;1489
2015-05-14 08:18:01+02;1409
2015-05-14 13:06:01+02;1399
2015-05-14 23:18:01+02;1499
2015-05-15 06:14:01+02;1489
2015-05-15 08:10:01+02;1409
2015-05-15 23:22:01+02;1489
2015-05-16 06:38:01+02;1489
2015-05-16 11:14:01+02;1439
2015-05-16 12:58:02+02;1429
2015-05-16 23:22:01+02;1499
2015-05-17 11:06:01+02;1479
2015-05-17 15:02:01+02;1439
2015-05-17 16:34:01+02;1429
2015-05-17 23:22:01+02;1499
2015-05-18 07:22:01+02;1409
2015-05-18 15:58:01+02;1409
2015-05-18 17:46:01+02;1409
2015-05-18 23:22:01+02;1499
2015-05-19 06:22:01+02;1499
2015-05-19 07:30:01+02;1409
2015-05-19 17:38:01+02;1409
2015-05-19 23:22:01+02;1489
2015-05-20 06:22:01+02;1489
2015-05-20 07:38:01+02;1409
2015-05-20 17:42:01+02;1409
2015-05-20 23:18:01+02;1489
2015-05-21 06:26:01+02;1489
2015-05-21 07:30:01+02;1409
2015-05-21 18:06:01+02;1409
2015-05-21 23:18:01+02;1499
2015-05-22 06:22:01+02;1489
2015-05-22 07:26:01+02;1409
2015-05-22 23:18:01+02;1509
2015-05-23 06:38:01+02;1489
2015-05-23 10:46:01+02;1439
2015-05-23 11:18:01+02;1439
2015-05-23 23:18:01+02;1509
2015-05-24 06:38:01+02;1499
2015-05-24 07:06:01+02;1489
2015-05-24 16:06:01+02;1439
2015-05-24 23:18:01+02;1509
2015-05-25 06:38:01+02;1489
2015-05-25 07:30:01+02;1409
2015-05-25 23:18:01+02;1509
2015-05-26 06:18:01+02;1499
2015-05-26 07:14:01+02;1489
2015-05-26 09:58:01+02;1409
2015-05-26 23:18:01+02;1519
2015-05-27 06:18:01+02;1499
2015-05-27 06:54:01+02;1469
2015-05-27 08:58:01+02;1429
2015-05-27 11:06:01+02;1419
2015-05-27 23:18:01+02;1509
2015-05-28 06:26:01+02;1489
2015-05-28 06:38:01+02;1459
2015-05-28 07:38:01+02;1419
2015-05-28 23:18:01+02;1499
2015-05-29 06:30:01+02;1449
2015-05-29 07:30:01+02;1409
2015-05-29 23:18:01+02;1499
2015-05-30 06:38:01+02;1459
2015-05-30 08:34:01+02;1449
2015-05-30 09:14:01+02;1449
2015-05-30 09:38:01+02;1439
2015-05-30 11:02:01+02;1429
2015-05-30 12:06:01+02;1429
2015-05-30 12:34:01+02;1419
2015-05-30 23:18:01+02;1509
2015-05-31 06:34:01+02;1459
2015-05-31 09:38:01+02;1449
2015-05-31 10:02:01+02;1449
2015-05-31 10:34:01+02;1439
2015-05-31 13:18:01+02;1419
2015-05-31 23:18:01+02;1509
2015-06-01 06:26:01+02;1459
2015-06-01 08:06:01+02;1449
2015-06-01 08:14:01+02;1409
2015-06-01 23:18:01+02;1509
2015-06-02 06:30:01+02;1479
2015-06-02 07:26:01+02;1429
2015-06-02 23:18:01+02;1529
2015-06-03 06:26:01+02;1479
2015-06-03 07:22:01+02;1439
2015-06-03 16:06:01+02;1429
2015-06-03 23:18:01+02;1519
2015-06-04 06:42:01+02;1479
2015-06-04 08:34:01+02;1429
2015-06-04 11:38:01+02;1419
2015-06-04 12:06:01+02;1419
2015-06-04 23:22:01+02;1509
2015-06-05 06:38:01+02;1469
2015-06-05 08:14:01+02;1419
2015-06-05 23:18:01+02;1499
2015-06-06 06:38:01+02;1479
2015-06-06 08:34:01+02;1469
2015-06-06 09:34:01+02;1459
2015-06-06 10:14:01+02;1449
2015-06-06 10:22:01+02;1429
2015-06-06 12:46:01+02;1419
2015-06-06 23:22:01+02;1499
2015-06-07 06:34:01+02;1479
2015-06-07 09:34:01+02;1449
2015-06-07 10:34:01+02;1439
2015-06-07 12:42:01+02;1429
2015-06-07 14:50:01+02;1409
2015-06-07 23:18:01+02;1499
2015-06-08 06:38:01+02;1479
2015-06-08 07:30:01+02;1419
2015-06-08 13:18:01+02;1409
2015-06-08 23:22:01+02;1499
2015-06-09 06:38:01+02;1459
2015-06-09 08:06:01+02;1449
2015-06-09 08:18:01+02;1419
2015-06-09 23:18:01+02;1509
2015-06-10 06:38:01+02;1459
2015-06-10 07:34:01+02;1449
2015-06-10 07:46:01+02;1419
2015-06-10 23:18:01+02;1509
2015-06-11 06:38:01+02;1449
2015-06-11 07:26:01+02;1419
2015-06-11 23:22:01+02;1529
2015-06-12 06:30:01+02;1489
2015-06-12 07:26:01+02;1439
2015-06-12 23:22:01+02;1529
2015-06-13 06:38:01+02;1519
2015-06-13 07:02:01+02;1489
2015-06-13 08:34:01+02;1479
2015-06-13 08:54:01+02;1439
2015-06-13 12:38:01+02;1439
2015-06-13 23:22:01+02;1529
2015-06-14 06:38:01+02;1479
2015-06-14 10:06:01+02;1469
2015-06-14 10:18:01+02;1449
2015-06-14 23:18:01+02;1529
2015-06-15 06:38:01+02;1489
2015-06-15 07:06:01+02;1479
2015-06-15 08:06:01+02;1429
2015-06-15 23:18:01+02;1529
2015-06-16 06:42:01+02;1469
2015-06-16 07:14:01+02;1459
2015-06-16 07:30:01+02;1439
2015-06-16 23:18:01+02;1529
2015-06-17 06:42:01+02;1469
2015-06-17 07:54:01+02;1439
2015-06-17 23:18:01+02;1529
2015-06-18 06:26:01+02;1469
2015-06-18 07:06:01+02;1459
2015-06-18 08:14:01+02;1439
2015-06-18 23:18:01+02;1529
2015-06-19 06:38:01+02;1479
2015-06-19 07:02:01+02;1469
2015-06-19 07:46:01+02;1439
2015-06-19 11:50:01+02;1429
2015-06-19 23:18:01+02;1529
2015-06-20 06:38:01+02;1479
2015-06-20 08:06:01+02;1469
2015-06-20 09:02:01+02;1459
2015-06-20 09:06:01+02;1429
2015-06-20 23:18:01+02;1509
2015-06-21 06:38:01+02;1479
2015-06-21 09:06:01+02;1469
2015-06-21 10:34:01+02;1439
2015-06-21 12:34:01+02;1429
2015-06-21 23:18:01+02;1509
2015-06-22 07:34:01+02;1499
2015-06-22 07:50:01+02;1429
2015-06-22 15:34:01+02;1429
2015-06-22 23:18:01+02;1519
2015-06-23 06:42:01+02;1479
2015-06-23 07:02:01+02;1469
2015-06-23 07:30:01+02;1429
2015-06-23 15:58:01+02;1419
2015-06-23 23:18:01+02;1499
2015-06-24 06:46:01+02;1469
2015-06-24 07:30:01+02;1419
2015-06-24 09:42:01+02;1409
2015-06-24 10:06:01+02;1409
2015-06-24 23:18:01+02;1509
2015-06-25 06:38:01+02;1459
2015-06-25 06:50:01+02;1449
2015-06-25 08:06:01+02;1439
2015-06-25 08:14:01+02;1429
2015-06-25 23:22:01+02;1519
2015-06-26 06:18:01+02;1499
2015-06-26 07:02:02+02;1489
2015-06-26 07:30:01+02;1429
2015-06-26 23:18:01+02;1509
2015-06-27 06:38:01+02;1469
2015-06-27 08:10:01+02;1459
2015-06-27 09:06:01+02;1449
2015-06-27 10:02:01+02;1439
2015-06-27 11:06:01+02;1429
2015-06-27 11:18:01+02;1429
2015-06-27 23:18:01+02;1509
2015-06-28 06:42:01+02;1489
2015-06-28 07:02:01+02;1479
2015-06-28 08:50:01+02;1449
2015-06-28 12:02:01+02;1439
2015-06-28 23:18:01+02;1509
2015-06-29 06:14:01+02;1489
2015-06-29 07:38:01+02;1419
2015-06-29 23:22:01+02;1509
2015-06-30 06:26:01+02;1479
2015-06-30 07:34:01+02;1419
2015-06-30 23:18:01+02;1509
2015-07-01 06:18:01+02;1469
2015-07-01 07:06:01+02;1459
2015-07-01 07:30:01+02;1419
2015-07-01 23:18:01+02;1519
2015-07-02 06:38:01+02;1429
2015-07-02 23:22:01+02;1519
2015-07-03 06:38:01+02;1509
2015-07-03 08:06:01+02;1499
2015-07-03 08:10:01+02;1429
2015-07-03 23:22:01+02;1529
2015-07-04 06:38:01+02;1459
2015-07-04 10:22:01+02;1439
2015-07-04 17:02:01+02;1439
2015-07-04 23:18:01+02;1539
2015-07-05 06:42:01+02;1509
2015-07-05 09:34:01+02;1449
2015-07-05 12:06:01+02;1439
2015-07-05 23:18:01+02;1539
2015-07-06 06:26:01+02;1489
2015-07-06 07:34:01+02;1439
2015-07-06 23:18:01+02;1539
2015-07-07 06:18:01+02;1489
2015-07-07 07:26:01+02;1449
2015-07-07 22:54:01+02;1539
2015-07-08 06:34:01+02;1469
2015-07-08 07:38:01+02;1469
2015-07-08 07:50:01+02;1449
2015-07-08 15:34:01+02;1449
2015-07-08 23:18:01+02;1539
2015-07-09 06:18:01+02;1469
2015-07-09 07:34:01+02;1459
2015-07-09 07:42:01+02;1449
2015-07-09 12:54:01+02;1479
2015-07-09 14:06:01+02;1459
2015-07-09 23:18:01+02;1519
2015-07-10 06:22:02+02;1479
2015-07-10 07:42:01+02;1459
2015-07-10 12:38:01+02;1489
2015-07-10 14:34:01+02;1469
2015-07-10 14:58:01+02;1469
2015-07-10 23:22:01+02;1529
2015-07-11 06:38:01+02;1489
2015-07-11 09:26:01+02;1469
2015-07-11 12:34:01+02;1499
2015-07-11 15:06:01+02;1469
2015-07-11 23:18:01+02;1529
2015-07-12 06:38:01+02;1509
2015-07-12 09:30:01+02;1469
2015-07-12 12:34:01+02;1499
2015-07-12 14:34:01+02;1459
2015-07-12 23:18:01+02;1519
2015-07-13 06:14:01+02;1499
2015-07-13 07:14:01+02;1459
2015-07-13 12:34:01+02;1489
2015-07-13 14:38:01+02;1469
2015-07-13 23:18:01+02;1529
2015-07-14 06:38:01+02;1499
2015-07-14 07:42:01+02;1469
2015-07-14 11:06:01+02;1459
2015-07-14 12:34:01+02;1489
2015-07-14 14:34:01+02;1459
2015-07-14 14:38:01+02;1459
2015-07-14 23:18:01+02;1519
2015-07-15 06:18:01+02;1479
2015-07-15 08:06:01+02;1469
2015-07-15 08:14:01+02;1459
2015-07-15 08:34:01+02;1459
2015-07-15 09:10:01+02;1459
2015-07-15 12:34:01+02;1489
2015-07-15 14:18:01+02;1439
2015-07-15 23:22:01+02;1499
2015-07-16 06:26:01+02;1489
2015-07-16 07:22:01+02;1429
2015-07-16 12:34:01+02;1459
2015-07-16 14:10:01+02;1429
2015-07-16 23:22:01+02;1479
2015-07-17 09:26:01+02;1429
2015-07-17 11:38:01+02;1419
2015-07-17 12:34:01+02;1449
2015-07-17 13:34:01+02;1419
2015-07-17 17:10:01+02;1419
2015-07-17 23:18:01+02;1479
2015-07-18 06:38:01+02;1469
2015-07-18 09:34:01+02;1469
2015-07-18 09:38:01+02;1459
2015-07-18 10:34:01+02;1459
2015-07-18 12:34:01+02;1489
2015-07-18 13:26:01+02;1459
2015-07-18 17:22:01+02;1429
2015-07-18 23:18:01+02;1489
2015-07-19 06:38:01+02;1479
2015-07-19 07:06:01+02;1479
2015-07-19 10:58:01+02;1439
2015-07-19 12:34:01+02;1469
2015-07-19 13:58:01+02;1459
2015-07-19 15:38:01+02;1459
2015-07-19 18:34:01+02;1449
2015-07-19 23:22:01+02;1489
2015-07-20 06:38:01+02;1489
2015-07-20 08:06:01+02;1429
2015-07-20 12:34:01+02;1459
2015-07-20 14:10:01+02;1429
2015-07-20 15:06:01+02;1429
2015-07-20 23:18:01+02;1489
2015-07-21 07:14:01+02;1489
2015-07-21 08:14:01+02;1429
2015-07-21 12:34:02+02;1459
2015-07-21 14:50:01+02;1429
2015-07-21 23:18:01+02;1489
2015-07-22 08:14:01+02;1429
2015-07-22 12:34:01+02;1459
2015-07-22 13:34:01+02;1429
2015-07-22 23:18:01+02;1489
2015-07-23 07:06:01+02;1489
2015-07-23 07:30:01+02;1429
2015-07-23 12:34:01+02;1459
2015-07-23 13:34:01+02;1429
2015-07-23 23:18:01+02;1489
2015-07-24 08:38:01+02;1429
2015-07-24 12:34:01+02;1459
2015-07-24 14:34:01+02;1429
2015-07-24 23:18:01+02;1479
2015-07-25 10:10:02+02;1439
2015-07-25 12:34:01+02;1469
2015-07-25 13:14:01+02;1449
2015-07-25 14:14:01+02;1439
2015-07-25 19:34:01+02;1439
2015-07-25 23:18:01+02;1479
2015-07-26 10:38:01+02;1449
2015-07-26 11:58:01+02;1439
2015-07-26 12:34:01+02;1469
2015-07-26 14:38:01+02;1449
2015-07-26 19:34:01+02;1449
2015-07-26 23:18:01+02;1479
2015-07-27 07:46:01+02;1419
2015-07-27 12:34:01+02;1449
2015-07-27 13:22:01+02;1419
2015-07-27 15:06:01+02;1419
2015-07-27 23:22:01+02;1479
2015-07-28 07:30:01+02;1419
2015-07-28 07:38:01+02;1419
2015-07-28 12:34:01+02;1449
2015-07-28 13:38:01+02;1419
2015-07-28 15:18:01+02;1419
2015-07-28 23:18:01+02;1469
2015-07-29 06:42:01+02;1419
2015-07-29 07:46:01+02;1409
2015-07-29 12:34:01+02;1439
2015-07-29 14:26:01+02;1419
2015-07-29 16:38:01+02;1409
2015-07-29 23:18:01+02;1459
2015-07-30 07:30:01+02;1409
2015-07-30 12:34:01+02;1439
2015-07-30 14:06:01+02;1419
2015-07-30 15:38:01+02;1409
2015-07-30 23:18:01+02;1469
2015-07-31 07:42:01+02;1409
2015-07-31 12:34:01+02;1439
2015-07-31 14:34:01+02;1409
2015-07-31 23:18:01+02;1469
2015-08-01 08:02:01+02;1439
2015-08-01 12:34:01+02;1469
2015-08-01 12:50:01+02;1459
2015-08-01 13:38:01+02;1439
2015-08-01 15:14:01+02;1429
2015-08-01 23:18:01+02;1489
2015-08-02 11:26:01+02;1439
2015-08-02 12:34:01+02;1469
2015-08-02 12:50:01+02;1439
2015-08-02 23:18:01+02;1489
2015-08-03 07:30:01+02;1409
2015-08-03 12:34:01+02;1439
2015-08-03 14:46:01+02;1419
2015-08-03 23:18:01+02;1479
2015-08-04 06:42:01+02;1469
2015-08-04 07:46:01+02;1419
2015-08-04 12:34:01+02;1449
2015-08-04 14:34:01+02;1419
2015-08-04 15:42:01+02;1419
2015-08-04 23:18:01+02;1479
2015-08-05 07:46:01+02;1409
2015-08-05 12:34:01+02;1439
2015-08-05 14:06:01+02;1409
2015-08-05 23:22:01+02;1469
2015-08-06 07:26:01+02;1409
2015-08-06 12:34:01+02;1439
2015-08-06 13:46:01+02;1409
2015-08-06 23:22:01+02;1469
2015-08-07 06:38:01+02;1409
2015-08-07 07:34:01+02;1409
2015-08-07 12:34:01+02;1439
2015-08-07 14:58:01+02;1409
2015-08-07 23:18:01+02;1469
2015-08-08 08:38:01+02;1459
2015-08-08 11:30:01+02;1419
2015-08-08 12:34:01+02;1449
2015-08-08 13:50:01+02;1419
2015-08-08 23:18:01+02;1449
2015-08-09 10:06:01+02;1419
2015-08-09 12:34:01+02;1449
2015-08-09 15:34:01+02;1429
2015-08-09 23:18:01+02;1449
2015-08-10 07:34:01+02;1399
2015-08-10 12:34:01+02;1429
2015-08-10 14:34:01+02;1399
2015-08-10 23:18:01+02;1459
2015-08-11 07:34:01+02;1399
2015-08-11 12:34:01+02;1429
2015-08-11 13:42:01+02;1399
2015-08-11 23:18:01+02;1449
2015-08-12 07:34:01+02;1399
2015-08-12 12:34:01+02;1429
2015-08-12 14:34:01+02;1399
2015-08-12 23:06:01+02;1429
2015-08-13 07:06:01+02;1429
2015-08-13 07:18:01+02;1399
2015-08-13 12:34:01+02;1429
2015-08-13 14:54:01+02;1399
2015-08-13 23:06:01+02;1429
2015-08-14 07:22:01+02;1399
2015-08-14 12:34:01+02;1429
2015-08-14 14:34:01+02;1399
2015-08-14 23:06:01+02;1429
2015-08-15 08:38:01+02;1399
2015-08-15 12:34:02+02;1419
2015-08-15 14:26:01+02;1399
2015-08-15 23:06:01+02;1419
2015-08-16 08:34:01+02;1409
2015-08-16 12:34:01+02;1419
2015-08-16 14:06:01+02;1409
2015-08-16 23:06:01+02;1419
2015-08-17 08:10:01+02;1399
2015-08-17 12:38:01+02;1419
2015-08-17 13:50:01+02;1419
2015-08-17 14:38:01+02;1399
2015-08-17 23:06:01+02;1419
2015-08-18 07:18:01+02;1399
2015-08-18 12:34:01+02;1419
2015-08-18 13:58:01+02;1399
2015-08-18 23:06:01+02;1419
2015-08-19 08:50:01+02;1399
2015-08-19 12:34:01+02;1419
2015-08-19 14:14:01+02;1399
2015-08-19 23:06:01+02;1419
2015-08-20 07:34:01+02;1419
2015-08-20 09:34:01+02;1409
2015-08-20 12:34:01+02;1409
2015-08-20 14:22:01+02;1409
2015-08-20 23:02:01+02;1409
2015-08-21 07:26:01+02;1389
2015-08-21 12:34:01+02;1389
2015-08-21 13:50:01+02;1389
2015-08-21 23:06:01+02;1389
2015-08-22 11:18:01+02;1389
2015-08-22 18:34:02+02;1389
2015-08-22 21:02:01+02;1369
2015-08-22 23:06:01+02;1379
2015-08-24 07:38:01+02;1379
2015-08-24 12:34:01+02;1379
2015-08-24 13:38:01+02;1379
2015-08-24 15:06:01+02;1369
2015-08-24 23:06:01+02;1379
2015-08-25 09:38:01+02;1369
2015-08-25 12:34:01+02;1369
2015-08-25 13:38:01+02;1369
2015-08-25 19:34:01+02;1359
2015-08-25 23:06:01+02;1359
2015-08-26 00:26:01+02;1359
2015-08-26 00:42:01+02;1359
2015-08-26 08:06:01+02;1359
2015-08-26 12:38:01+02;1359
2015-08-26 13:38:01+02;1359
2015-08-26 17:30:01+02;1339
2015-08-26 23:06:01+02;1349
2015-08-27 07:34:01+02;1349
2015-08-27 12:34:01+02;1349
2015-08-27 13:38:01+02;1349
2015-08-27 23:02:01+02;1349
2015-08-28 07:34:01+02;1349
2015-08-28 12:38:01+02;1359
2015-08-28 13:38:01+02;1359
2015-08-28 14:34:01+02;1339
2015-08-28 23:06:01+02;1359
2015-08-29 11:06:01+02;1339
2015-08-29 12:34:01+02;1369
2015-08-29 14:34:01+02;1339
2015-08-29 17:34:01+02;1329
2015-08-29 23:06:01+02;1369
2015-08-30 07:06:01+02;1369
2015-08-30 11:02:01+02;1339
2015-08-30 12:34:01+02;1369
2015-08-30 13:34:01+02;1369
2015-08-30 16:34:01+02;1359
2015-08-30 18:34:02+02;1339
2015-08-30 23:06:01+02;1369
2015-08-31 07:06:01+02;1369
2015-08-31 07:38:01+02;1349
2015-08-31 10:34:01+02;1339
2015-08-31 12:38:01+02;1369
2015-08-31 13:38:01+02;1349
2015-08-31 15:30:01+02;1349
2015-08-31 16:06:01+02;1339
2015-08-31 22:06:01+02;1349
2015-08-31 23:06:01+02;1369
2015-09-01 05:38:01+02;1329
2015-09-01 07:46:01+02;1319
2015-09-01 08:10:01+02;1319
2015-09-01 10:38:01+02;1309
2015-09-01 12:34:01+02;1339
2015-09-01 13:34:01+02;1319
2015-09-01 14:34:01+02;1309
2015-09-01 23:06:01+02;1369
2015-09-02 05:38:01+02;1359
2015-09-02 07:38:01+02;1349
2015-09-02 10:10:01+02;1339
2015-09-02 12:34:01+02;1369
2015-09-02 13:38:01+02;1349
2015-09-02 14:38:01+02;1339
2015-09-02 15:06:01+02;1329
2015-09-02 19:34:01+02;1319
2015-09-02 23:06:01+02;1379
2015-09-03 05:38:01+02;1369
2015-09-03 07:34:01+02;1339
2015-09-03 12:38:01+02;1369
2015-09-03 13:38:01+02;1339
2015-09-03 14:06:01+02;1309
2015-09-03 15:06:01+02;1299
2015-09-03 23:06:01+02;1359
2015-09-04 05:38:01+02;1359
2015-09-04 07:34:01+02;1339
2015-09-04 12:34:01+02;1369
2015-09-04 13:34:01+02;1339
2015-09-04 22:10:01+02;1349
2015-09-04 23:06:01+02;1389
2015-09-05 05:38:01+02;1389
2015-09-05 08:34:01+02;1379
2015-09-05 09:34:01+02;1369
2015-09-05 11:02:01+02;1359
2015-09-05 12:34:01+02;1379
2015-09-05 13:38:01+02;1359
2015-09-05 14:34:01+02;1349
2015-09-05 23:06:01+02;1379
2015-09-06 09:30:01+02;1369
2015-09-06 11:06:01+02;1359
2015-09-06 12:34:01+02;1379
2015-09-06 13:34:01+02;1359
2015-09-06 16:34:01+02;1349
2015-09-06 23:06:01+02;1379
2015-09-07 07:38:01+02;1339
2015-09-07 11:38:01+02;1329
2015-09-07 12:34:01+02;1359
2015-09-07 13:38:01+02;1319
2015-09-07 23:06:01+02;1379
2015-09-08 07:02:01+02;1319
2015-09-08 12:34:01+02;1349
2015-09-08 13:34:01+02;1319
2015-09-08 23:06:01+02;1369
2015-09-09 07:34:01+02;1329
2015-09-09 10:06:01+02;1319
2015-09-09 11:38:01+02;1309
2015-09-09 12:34:01+02;1339
2015-09-09 13:38:01+02;1309
2015-09-09 22:06:01+02;1319
2015-09-09 23:06:01+02;1379
2015-09-10 05:38:01+02;1359
2015-09-10 07:34:01+02;1329
2015-09-10 10:02:01+02;1319
2015-09-10 12:34:01+02;1349
2015-09-10 13:34:01+02;1319
2015-09-10 14:38:01+02;1309
2015-09-10 22:06:01+02;1319
2015-09-10 23:06:01+02;1379
2015-09-11 05:34:01+02;1359
2015-09-11 07:34:01+02;1329
2015-09-11 10:06:01+02;1319
2015-09-11 12:34:01+02;1349
2015-09-11 13:38:01+02;1319
2015-09-11 14:38:01+02;1309
2015-09-11 23:06:01+02;1369
2015-09-12 05:34:01+02;1359
2015-09-12 10:06:01+02;1349
2015-09-12 11:02:01+02;1339
2015-09-12 12:34:01+02;1369
2015-09-12 13:34:01+02;1339
2015-09-12 16:02:01+02;1329
2015-09-12 23:06:01+02;1369
2015-09-13 06:38:01+02;1369
2015-09-13 08:38:01+02;1359
2015-09-13 09:06:01+02;1359
2015-09-13 10:34:01+02;1339
2015-09-13 12:34:01+02;1369
2015-09-13 13:38:01+02;1339
2015-09-13 14:34:01+02;1329
2015-09-13 23:06:01+02;1369
2015-09-14 06:50:01+02;1369
2015-09-14 07:38:01+02;1329
2015-09-14 10:02:01+02;1319
2015-09-14 11:38:01+02;1309
2015-09-14 12:34:01+02;1339
2015-09-14 13:34:01+02;1309
2015-09-14 14:38:01+02;1299
2015-09-14 22:06:01+02;1309
2015-09-14 22:46:01+02;1369
2015-09-15 05:38:01+02;1349
2015-09-15 07:38:01+02;1329
2015-09-15 10:06:01+02;1319
2015-09-15 12:38:01+02;1349
2015-09-15 13:38:01+02;1319
2015-09-15 16:02:01+02;1309
2015-09-15 17:34:01+02;1299
2015-09-15 23:06:01+02;1359
2015-09-16 05:38:01+02;1349
2015-09-16 07:34:01+02;1329
2015-09-16 10:38:01+02;1319
2015-09-16 12:34:01+02;1349
2015-09-16 13:34:01+02;1319
2015-09-16 16:06:01+02;1309
2015-09-16 18:06:01+02;1299
2015-09-16 19:34:01+02;1289
2015-09-16 23:06:01+02;1349
2015-09-17 05:38:01+02;1339
2015-09-17 07:34:01+02;1329
2015-09-17 11:38:01+02;1319
2015-09-17 12:34:01+02;1349
2015-09-17 13:38:01+02;1319
2015-09-17 16:02:01+02;1309
2015-09-17 17:38:01+02;1299
2015-09-17 23:06:01+02;1359
2015-09-18 05:38:01+02;1349
2015-09-18 07:34:02+02;1329
2015-09-18 10:30:01+02;1319
2015-09-18 12:34:01+02;1349
2015-09-18 14:06:01+02;1309
2015-09-18 22:10:01+02;1319
2015-09-18 23:06:01+02;1359
2015-09-19 10:02:01+02;1349
2015-09-19 12:34:01+02;1359
2015-09-19 13:38:01+02;1349
2015-09-19 14:34:01+02;1349
2015-09-19 15:02:01+02;1329
2015-09-19 16:02:01+02;1319
2015-09-19 17:02:01+02;1319
2015-09-19 23:06:01+02;1359
2015-09-20 10:30:01+02;1349
2015-09-20 12:34:01+02;1359
2015-09-20 13:34:01+02;1349
2015-09-20 15:34:01+02;1339
2015-09-20 16:02:01+02;1339
2015-09-20 17:02:01+02;1339
2015-09-20 23:06:01+02;1359
2015-09-21 07:38:01+02;1329
2015-09-21 09:34:01+02;1319
2015-09-21 11:06:01+02;1309
2015-09-21 12:34:01+02;1339
2015-09-21 13:34:01+02;1309
2015-09-21 15:02:01+02;1299
2015-09-21 18:30:01+02;1289
2015-09-21 23:06:01+02;1349
2015-09-22 05:38:01+02;1339
2015-09-22 07:34:01+02;1319
2015-09-22 10:02:01+02;1309
2015-09-22 12:34:01+02;1339
2015-09-22 13:34:01+02;1309
2015-09-22 15:34:01+02;1299
2015-09-22 19:02:02+02;1289
2015-09-22 23:06:01+02;1349
2015-09-23 05:38:01+02;1339
2015-09-23 07:38:01+02;1319
2015-09-23 12:34:01+02;1349
2015-09-23 13:34:01+02;1319
2015-09-23 22:14:01+02;1329
2015-09-23 23:06:01+02;1369
2015-09-24 06:38:01+02;1359
2015-09-24 07:34:01+02;1309
2015-09-24 11:02:01+02;1299
2015-09-24 12:34:01+02;1329
2015-09-24 13:38:01+02;1299
2015-09-24 22:10:01+02;1309
2015-09-24 23:06:01+02;1369
2015-09-25 05:38:01+02;1349
2015-09-25 07:34:01+02;1309
2015-09-25 11:34:01+02;1309
2015-09-25 12:34:01+02;1339
2015-09-25 13:34:01+02;1309
2015-09-25 23:06:02+02;1349
2015-09-26 09:34:01+02;1329
2015-09-26 11:34:01+02;1319
2015-09-26 12:34:01+02;1349
2015-09-26 13:34:01+02;1319
2015-09-26 16:34:01+02;1319
2015-09-26 23:06:01+02;1359
2015-09-27 07:34:01+02;1359
2015-09-27 08:34:01+02;1349
2015-09-27 09:02:01+02;1329
2015-09-27 12:34:01+02;1359
2015-09-27 13:38:01+02;1329
2015-09-27 23:06:01+02;1359
2015-09-28 06:34:01+02;1359
2015-09-28 07:34:01+02;1299
2015-09-28 12:34:01+02;1329
2015-09-28 13:34:01+02;1289
2015-09-28 23:06:01+02;1349
2015-09-29 05:34:01+02;1339
2015-09-29 07:38:01+02;1299
2015-09-29 11:02:01+02;1289
2015-09-29 12:34:01+02;1319
2015-09-29 13:34:01+02;1289
2015-09-29 23:06:01+02;1349
2015-09-30 05:34:01+02;1339
2015-09-30 07:34:01+02;1299
2015-09-30 10:34:01+02;1289
2015-09-30 12:02:01+02;1279
2015-09-30 12:38:01+02;1309
2015-09-30 13:34:01+02;1279
2015-09-30 23:06:01+02;1339
2015-10-01 05:34:01+02;1329
2015-10-01 07:34:01+02;1289
2015-10-01 11:38:01+02;1279
2015-10-01 12:34:01+02;1309
2015-10-01 14:34:01+02;1289
2015-10-01 14:50:01+02;1279
2015-10-01 15:02:01+02;1269
2015-10-01 23:06:01+02;1329
2015-10-02 05:34:01+02;1319
2015-10-02 07:34:01+02;1289
2015-10-02 10:34:01+02;1279
2015-10-02 12:38:01+02;1309
2015-10-02 13:34:01+02;1279
2015-10-02 23:06:01+02;1339
2015-10-03 05:34:01+02;1329
2015-10-03 10:34:01+02;1329
2015-10-03 12:02:01+02;1319
2015-10-03 12:34:01+02;1349
2015-10-03 13:34:01+02;1319
2015-10-03 15:02:01+02;1309
2015-10-03 15:30:01+02;1309
2015-10-03 16:34:01+02;1299
2015-10-03 23:06:01+02;1349
2015-10-04 09:30:01+02;1319
2015-10-04 12:34:01+02;1349
2015-10-04 12:38:01+02;1309
2015-10-04 23:06:01+02;1349
2015-10-05 07:34:01+02;1339
2015-10-05 08:06:01+02;1289
2015-10-05 12:34:01+02;1319
2015-10-05 13:58:01+02;1289
2015-10-05 15:06:01+02;1279
2015-10-05 18:34:01+02;1269
2015-10-05 23:06:01+02;1329
2015-10-06 05:38:01+02;1319
2015-10-06 07:34:01+02;1309
2015-10-06 08:02:01+02;1289
2015-10-06 10:38:01+02;1279
2015-10-06 12:34:01+02;1309
2015-10-06 13:38:01+02;1279
2015-10-06 23:06:01+02;1339
2015-10-07 05:34:01+02;1319
2015-10-07 07:34:01+02;1309
2015-10-07 08:06:01+02;1289
2015-10-07 12:34:01+02;1319
2015-10-07 13:38:01+02;1289
2015-10-07 23:06:01+02;1349
2015-10-08 05:38:01+02;1339
2015-10-08 08:02:01+02;1289
2015-10-08 08:38:01+02;1289
2015-10-08 12:34:01+02;1319
2015-10-08 13:38:01+02;1299
2015-10-08 23:06:01+02;1359
2015-10-09 05:34:01+02;1339
2015-10-09 07:34:01+02;1329
2015-10-09 08:06:01+02;1299
2015-10-09 11:34:01+02;1289
2015-10-09 12:34:01+02;1319
2015-10-09 13:34:01+02;1289
2015-10-09 23:06:01+02;1349
2015-10-10 05:34:01+02;1339
2015-10-10 10:34:01+02;1309
2015-10-10 12:34:01+02;1339
2015-10-10 13:34:01+02;1309
2015-10-10 16:34:01+02;1309
2015-10-10 17:30:01+02;1299
2015-10-10 23:06:01+02;1359
2015-10-11 05:34:01+02;1349
2015-10-11 08:38:02+02;1299
2015-10-11 11:02:01+02;1289
2015-10-11 12:34:01+02;1319
2015-10-11 13:34:01+02;1289
2015-10-11 23:06:01+02;1349
2015-10-12 05:42:01+02;1329
2015-10-12 08:06:01+02;1289
2015-10-12 12:34:01+02;1319
2015-10-12 13:22:01+02;1289
2015-10-12 23:06:01+02;1349
2015-10-13 05:38:01+02;1329
2015-10-13 07:38:01+02;1319
2015-10-13 08:06:01+02;1289
2015-10-13 12:34:01+02;1319
2015-10-13 13:22:01+02;1289
2015-10-13 23:06:01+02;1349
2015-10-14 05:34:01+02;1329
2015-10-14 07:34:01+02;1319
2015-10-14 08:02:01+02;1289
2015-10-14 11:02:01+02;1279
2015-10-14 12:34:01+02;1309
2015-10-14 13:18:01+02;1279
2015-10-14 23:06:02+02;1339
2015-10-15 05:34:01+02;1329
2015-10-15 07:34:01+02;1319
2015-10-15 08:02:01+02;1289
2015-10-15 12:02:01+02;1279
2015-10-15 12:34:01+02;1309
2015-10-15 13:22:01+02;1269
2015-10-15 23:06:01+02;1329
2015-10-16 05:34:01+02;1319
2015-10-16 07:34:01+02;1289
2015-10-16 12:34:01+02;1319
2015-10-16 13:22:01+02;1289
2015-10-16 15:46:01+02;1279
2015-10-16 18:02:01+02;1269
2015-10-16 23:06:01+02;1329
2015-10-17 05:34:01+02;1319
2015-10-17 10:34:01+02;1309
2015-10-17 12:34:01+02;1339
2015-10-17 13:18:01+02;1309
2015-10-17 23:06:01+02;1339
2015-10-18 09:02:01+02;1309
2015-10-18 12:34:01+02;1339
2015-10-18 13:18:01+02;1309
2015-10-18 14:18:01+02;1299
2015-10-18 23:06:01+02;1339
2015-10-19 07:30:01+02;1279
2015-10-19 08:02:01+02;1279
2015-10-19 12:34:01+02;1309
2015-10-19 13:22:01+02;1279
2015-10-19 23:06:01+02;1339
2015-10-20 08:02:01+02;1279
2015-10-20 12:34:01+02;1309
2015-10-20 13:22:01+02;1279
2015-10-20 23:06:01+02;1329
2015-10-21 08:02:01+02;1279
2015-10-21 12:34:01+02;1309
2015-10-21 13:18:01+02;1279
2015-10-21 22:54:01+02;1319
2015-10-22 08:10:01+02;1279
2015-10-22 12:06:01+02;1269
2015-10-22 12:34:01+02;1299
2015-10-22 13:18:01+02;1269
2015-10-22 15:34:01+02;1259
2015-10-22 17:06:01+02;1249
2015-10-22 23:06:01+02;1309
2015-10-23 05:34:01+02;1299
2015-10-23 07:34:01+02;1279
2015-10-23 08:02:01+02;1279
2015-10-23 11:34:01+02;1269
2015-10-23 12:34:01+02;1299
2015-10-23 13:18:01+02;1269
2015-10-23 20:30:01+02;1259
2015-10-23 23:06:01+02;1319
2015-10-24 08:34:01+02;1299
2015-10-24 09:02:01+02;1299
2015-10-24 12:34:01+02;1329
2015-10-24 13:22:01+02;1299
2015-10-24 23:06:01+02;1339
2015-10-25 06:38:01+01;1329
2015-10-25 09:30:01+01;1299
2015-10-25 12:34:01+01;1329
2015-10-25 13:18:02+01;1299
2015-10-25 23:06:01+01;1339
2015-10-26 06:34:01+01;1329
2015-10-26 07:30:01+01;1269
2015-10-26 12:34:01+01;1299
2015-10-26 13:18:01+01;1269
2015-10-26 22:38:01+01;1329
2015-10-27 07:30:01+01;1269
2015-10-27 12:38:01+01;1299
2015-10-27 13:22:01+01;1269
2015-10-27 23:06:01+01;1329
2015-10-28 07:34:01+01;1269
2015-10-28 12:38:01+01;1299
2015-10-28 14:50:01+01;1269
2015-10-28 22:50:01+01;1329
2015-10-29 07:34:01+01;1269
2015-10-29 12:34:01+01;1299
2015-10-29 13:18:01+01;1279
2015-10-29 23:06:01+01;1339
2015-10-30 06:34:01+01;1329
2015-10-30 07:34:01+01;1279
2015-10-30 12:38:01+01;1309
2015-10-30 13:18:01+01;1289
2015-10-30 23:06:01+01;1349
2015-10-31 05:18:01+01;1329
2015-10-31 09:34:01+01;1299
2015-10-31 11:18:01+01;1289
2015-10-31 12:34:01+01;1319
2015-10-31 13:22:01+01;1289
2015-10-31 23:06:01+01;1349
2015-11-01 05:26:01+01;1329
2015-11-01 08:50:01+01;1319
2015-11-01 09:02:01+01;1299
2015-11-01 12:34:01+01;1329
2015-11-01 13:22:01+01;1299
2015-11-01 14:46:01+01;1289
2015-11-01 23:06:01+01;1349
2015-11-02 05:22:01+01;1339
2015-11-02 07:22:01+01;1329
2015-11-02 07:30:01+01;1289
2015-11-02 12:34:01+01;1319
2015-11-02 13:18:01+01;1289
2015-11-02 23:06:01+01;1349
2015-11-03 05:22:01+01;1319
2015-11-03 07:30:01+01;1289
2015-11-03 12:34:01+01;1319
2015-11-03 13:22:01+01;1289
2015-11-03 23:06:01+01;1349
2015-11-04 05:22:01+01;1319
2015-11-04 07:46:01+01;1309
2015-11-04 08:18:01+01;1299
2015-11-04 12:34:01+01;1329
2015-11-04 13:18:01+01;1309
2015-11-04 23:06:02+01;1369
2015-11-05 05:18:01+01;1329
2015-11-05 07:30:01+01;1309
2015-11-05 12:34:01+01;1339
2015-11-05 13:18:01+01;1329
2015-11-05 23:06:01+01;1379
2015-11-06 05:22:01+01;1329
2015-11-06 07:34:01+01;1329
2015-11-06 11:18:01+01;1319
2015-11-06 12:34:01+01;1349
2015-11-06 13:22:01+01;1319
2015-11-06 23:06:01+01;1379
2015-11-07 05:18:01+01;1329
2015-11-07 09:18:01+01;1319
2015-11-07 10:18:01+01;1319
2015-11-07 12:34:01+01;1349
2015-11-07 13:18:01+01;1319
2015-11-07 23:06:01+01;1379
2015-11-08 05:18:01+01;1349
2015-11-08 10:46:01+01;1339
2015-11-08 11:58:01+01;1339
2015-11-08 12:34:01+01;1369
2015-11-08 13:18:01+01;1359
2015-11-08 14:30:01+01;1339
2015-11-08 17:18:01+01;1329
2015-11-08 23:06:01+01;1379
2015-11-09 06:46:01+01;1359
2015-11-09 07:34:01+01;1319
2015-11-09 12:34:01+01;1349
2015-11-09 13:18:01+01;1319
2015-11-09 23:06:01+01;1379
2015-11-10 05:18:01+01;1329
2015-11-10 07:22:01+01;1319
2015-11-10 07:34:01+01;1319
2015-11-10 12:34:01+01;1349
2015-11-10 13:22:01+01;1339
2015-11-10 21:50:01+01;1389
2015-11-11 05:22:01+01;1349
2015-11-11 07:18:01+01;1339
2015-11-11 12:34:01+01;1369
2015-11-11 13:18:01+01;1339
2015-11-11 23:06:01+01;1389
2015-11-12 05:18:01+01;1349
2015-11-12 07:18:01+01;1339
2015-11-12 07:30:01+01;1339
2015-11-12 12:34:01+01;1369
2015-11-12 13:38:01+01;1289
2015-11-12 23:06:01+01;1349
2015-11-13 07:34:01+01;1349
2015-11-13 10:46:01+01;1329
2015-11-13 11:22:01+01;1329
2015-11-13 12:34:01+01;1359
2015-11-13 13:18:01+01;1329
2015-11-13 23:06:01+01;1369
2015-11-14 05:18:01+01;1349
2015-11-14 08:18:01+01;1339
2015-11-14 12:34:01+01;1349
2015-11-14 14:18:01+01;1339
2015-11-14 16:02:01+01;1319
2015-11-14 23:06:01+01;1349
2015-11-15 09:02:01+01;1319
2015-11-15 12:34:01+01;1349
2015-11-15 13:22:01+01;1319
2015-11-15 17:02:01+01;1309
2015-11-15 23:06:01+01;1349
2015-11-16 07:18:01+01;1339
2015-11-16 07:34:01+01;1299
2015-11-16 12:38:01+01;1329
2015-11-16 13:22:02+01;1299
2015-11-16 23:06:01+01;1349
2015-11-17 05:18:01+01;1329
2015-11-17 07:34:01+01;1299
2015-11-17 11:22:01+01;1289
2015-11-17 12:34:01+01;1319
2015-11-17 12:50:01+01;1309
2015-11-17 13:22:01+01;1289
2015-11-17 23:06:01+01;1339
2015-11-18 05:22:01+01;1329
2015-11-18 07:30:01+01;1289
2015-11-18 10:46:01+01;1279
2015-11-18 12:34:01+01;1309
2015-11-18 13:26:01+01;1279
2015-11-18 23:06:01+01;1339
2015-11-19 05:22:01+01;1309
2015-11-19 07:34:01+01;1279
2015-11-19 12:34:01+01;1309
2015-11-19 13:22:01+01;1289
2015-11-19 23:06:01+01;1349
2015-11-20 05:22:01+01;1329
2015-11-20 07:34:01+01;1289
2015-11-20 12:34:01+01;1319
2015-11-20 13:22:01+01;1289
2015-11-20 23:06:01+01;1349
2015-11-21 05:18:01+01;1329
2015-11-21 09:50:01+01;1319
2015-11-21 11:02:01+01;1309
2015-11-21 12:34:01+01;1339
2015-11-21 13:22:01+01;1299
2015-11-21 14:46:01+01;1289
2015-11-21 23:06:01+01;1349
2015-11-22 05:22:01+01;1339
2015-11-22 09:02:01+01;1309
2015-11-22 11:02:01+01;1299
2015-11-22 12:34:01+01;1329
2015-11-22 13:18:01+01;1309
2015-11-22 15:18:01+01;1299
2015-11-22 16:46:01+01;1289
2015-11-22 23:06:01+01;1349
2015-11-23 05:18:01+01;1339
2015-11-23 07:18:01+01;1329
2015-11-23 07:30:01+01;1269
2015-11-23 12:34:01+01;1299
2015-11-23 13:22:01+01;1279
2015-11-23 23:06:01+01;1339
2015-11-24 05:22:01+01;1329
2015-11-24 07:18:01+01;1319
2015-11-24 07:34:01+01;1279
2015-11-24 12:34:01+01;1309
2015-11-24 13:22:01+01;1279
2015-11-24 23:06:01+01;1339
2015-11-25 10:06:01+01;1269
2015-11-25 12:34:01+01;1299
2015-11-25 13:22:01+01;1279
2015-11-25 23:06:01+01;1339
2015-11-26 05:18:01+01;1329
2015-11-26 07:18:01+01;1319
2015-11-26 07:34:02+01;1279
2015-11-26 12:34:01+01;1309
2015-11-26 13:22:01+01;1289
2015-11-26 23:06:01+01;1349
2015-11-27 05:18:01+01;1329
2015-11-27 07:30:01+01;1289
2015-11-27 11:22:01+01;1279
2015-11-27 12:38:01+01;1309
2015-11-27 13:18:01+01;1279
2015-11-27 23:06:01+01;1339
2015-11-28 05:18:01+01;1329
2015-11-28 05:46:01+01;1319
2015-11-28 08:18:01+01;1309
2015-11-28 12:34:01+01;1339
2015-11-28 13:18:01+01;1289
2015-11-28 16:02:01+01;1279
2015-11-28 19:18:01+01;1279
2015-11-28 23:06:01+01;1339
2015-11-29 05:22:01+01;1329
2015-11-29 06:14:01+01;1319
2015-11-29 09:02:01+01;1309
2015-11-29 09:18:01+01;1289
2015-11-29 12:18:01+01;1279
2015-11-29 12:34:01+01;1319
2015-11-29 12:50:01+01;1309
2015-11-29 13:18:01+01;1289
2015-11-29 15:18:01+01;1279
2015-11-29 17:02:02+01;1279
2015-11-29 23:06:01+01;1339
2015-11-30 05:18:01+01;1329
2015-11-30 06:18:01+01;1319
2015-11-30 07:34:01+01;1279
2015-11-30 12:34:01+01;1309
2015-11-30 13:18:01+01;1279
2015-11-30 17:34:01+01;1279
2015-12-01 00:42:01+01;1339
2015-12-01 05:22:01+01;1329
2015-12-01 06:18:01+01;1319
2015-12-01 07:34:01+01;1279
2015-12-01 12:34:01+01;1309
2015-12-01 13:18:01+01;1289
2015-12-01 14:46:01+01;1279
2015-12-01 23:06:01+01;1339
2015-12-02 05:22:01+01;1329
2015-12-02 07:18:01+01;1319
2015-12-02 07:34:01+01;1279
2015-12-02 12:34:01+01;1309
2015-12-02 13:22:01+01;1289
2015-12-02 14:50:01+01;1279
2015-12-02 23:06:01+01;1339
2015-12-03 05:18:01+01;1329
2015-12-03 06:18:01+01;1319
2015-12-03 07:34:01+01;1269
2015-12-03 12:38:01+01;1299
2015-12-03 13:18:01+01;1279
2015-12-03 15:18:01+01;1269
2015-12-03 18:46:01+01;1269
2015-12-03 23:06:01+01;1329
2015-12-04 05:18:01+01;1319
2015-12-04 07:34:01+01;1259
2015-12-04 12:34:01+01;1289
2015-12-04 13:18:01+01;1269
2015-12-04 14:46:01+01;1259
2015-12-04 23:06:01+01;1319
2015-12-05 07:02:01+01;1259
2015-12-05 09:02:01+01;1249
2015-12-05 12:34:01+01;1279
2015-12-05 13:22:01+01;1279
2015-12-05 14:02:01+01;1259
2015-12-05 15:02:01+01;1249
2015-12-05 17:02:01+01;1249
2015-12-05 23:06:01+01;1309
2015-12-06 05:22:01+01;1299
2015-12-06 08:46:01+01;1289
2015-12-06 11:30:01+01;1279
2015-12-06 12:34:01+01;1309
2015-12-06 13:22:01+01;1289
2015-12-06 15:46:01+01;1279
2015-12-06 16:46:01+01;1279
2015-12-06 18:46:01+01;1279
2015-12-06 23:06:01+01;1319
2015-12-07 06:38:01+01;1289
2015-12-07 07:30:01+01;1259
2015-12-07 12:34:01+01;1289
2015-12-07 13:18:01+01;1269
2015-12-07 14:46:01+01;1259
2015-12-07 16:30:01+01;1249
2015-12-07 19:30:01+01;1239
2015-12-07 23:06:01+01;1299
2015-12-08 07:38:01+01;1259
2015-12-08 10:18:01+01;1249
2015-12-08 12:34:01+01;1279
2015-12-08 13:22:01+01;1259
2015-12-08 14:18:01+01;1249
2015-12-08 22:50:01+01;1309
2015-12-09 05:18:01+01;1299
2015-12-09 07:34:01+01;1249
2015-12-09 09:46:01+01;1239
2015-12-09 12:34:01+01;1269
2015-12-09 13:18:01+01;1249
2015-12-09 14:46:01+01;1239
2015-12-09 23:06:01+01;1299
2015-12-10 07:22:01+01;1289
2015-12-10 07:34:01+01;1249
2015-12-10 11:50:01+01;1239
2015-12-10 12:34:01+01;1269
2015-12-10 13:18:01+01;1249
2015-12-10 14:18:01+01;1239
2015-12-10 15:30:01+01;1229
2015-12-10 23:06:01+01;1289
2015-12-11 05:18:01+01;1279
2015-12-11 07:06:01+01;1269
2015-12-11 07:34:01+01;1239
2015-12-11 12:38:01+01;1269
2015-12-11 13:18:01+01;1249
2015-12-11 14:46:01+01;1239
2015-12-11 23:06:01+01;1299
2015-12-12 08:46:01+01;1289
2015-12-12 09:18:01+01;1259
2015-12-12 12:34:01+01;1289
2015-12-12 13:22:01+01;1259
2015-12-12 15:30:01+01;1249
2015-12-12 18:18:01+01;1249
2015-12-12 23:06:01+01;1309
2015-12-13 05:18:01+01;1299
2015-12-13 09:18:01+01;1269
2015-12-13 12:34:01+01;1299
2015-12-13 13:18:01+01;1269
2015-12-13 23:06:01+01;1319
2015-12-14 06:18:01+01;1299
2015-12-14 07:34:01+01;1229
2015-12-14 12:34:01+01;1259
2015-12-14 13:22:01+01;1249
2015-12-14 14:46:01+01;1229
2015-12-14 23:06:01+01;1289
2015-12-15 07:34:01+01;1229
2015-12-15 12:34:01+01;1259
2015-12-15 13:18:01+01;1249
2015-12-15 15:02:01+01;1229
2015-12-15 23:06:01+01;1289
2015-12-16 07:34:01+01;1229
2015-12-16 12:34:01+01;1259
2015-12-16 13:22:01+01;1239
2015-12-16 14:18:01+01;1229
2015-12-16 17:30:01+01;1229
2015-12-16 23:06:01+01;1289
2015-12-17 07:30:01+01;1229
2015-12-17 12:34:01+01;1259
2015-12-17 13:18:01+01;1239
2015-12-17 14:46:01+01;1229
2015-12-17 23:06:01+01;1289
2015-12-18 06:18:01+01;1279
2015-12-18 07:34:01+01;1229
2015-12-18 12:34:01+01;1259
2015-12-18 13:18:01+01;1239
2015-12-18 14:58:02+01;1229
2015-12-18 23:06:01+01;1289
2015-12-19 10:46:01+01;1259
2015-12-19 12:34:01+01;1289
2015-12-19 13:22:01+01;1269
2015-12-19 14:18:01+01;1259
2015-12-19 14:46:01+01;1259
2015-12-19 23:06:01+01;1309
2015-12-20 06:14:01+01;1289
2015-12-20 09:34:01+01;1259
2015-12-20 12:34:01+01;1289
2015-12-20 13:18:01+01;1259
2015-12-20 17:18:01+01;1249
2015-12-20 23:06:01+01;1309
2015-12-21 06:22:01+01;1289
2015-12-21 07:30:01+01;1229
2015-12-21 12:34:01+01;1259
2015-12-21 13:22:01+01;1239
2015-12-21 15:22:01+01;1229
2015-12-21 23:06:01+01;1289
2015-12-22 06:18:01+01;1289
2015-12-22 07:34:01+01;1219
2015-12-22 12:34:01+01;1249
2015-12-22 13:18:01+01;1229
2015-12-22 15:02:01+01;1219
2015-12-22 23:06:01+01;1279
2015-12-23 07:30:01+01;1219
2015-12-23 12:34:01+01;1249
2015-12-23 13:18:01+01;1229
2015-12-23 13:50:01+01;1219
2015-12-23 23:06:01+01;1279
2015-12-24 07:34:01+01;1219
2015-12-24 12:34:01+01;1249
2015-12-24 13:18:01+01;1229
2015-12-24 15:22:01+01;1219
2015-12-24 23:06:01+01;1279
2015-12-25 07:30:01+01;1219
2015-12-25 12:34:01+01;1249
2015-12-25 12:46:01+01;1229
2015-12-25 14:46:02+01;1219
2015-12-25 23:06:01+01;1279
2015-12-26 06:14:01+01;1219
2015-12-26 12:34:01+01;1249
2015-12-26 13:22:01+01;1229
2015-12-26 15:02:01+01;1219
2015-12-26 20:22:01+01;1219
2015-12-26 23:06:01+01;1279
2015-12-27 09:02:01+01;1249
2015-12-27 12:34:01+01;1279
2015-12-27 13:18:01+01;1249
2015-12-27 23:06:01+01;1289
2015-12-28 07:18:01+01;1279
2015-12-28 07:30:01+01;1219
2015-12-28 12:34:01+01;1249
2015-12-28 13:18:01+01;1229
2015-12-28 15:18:01+01;1219
2015-12-28 23:06:01+01;1279
2015-12-29 07:30:01+01;1219
2015-12-29 12:34:01+01;1249
2015-12-29 13:18:01+01;1229
2015-12-29 15:22:01+01;1219
2015-12-29 23:06:01+01;1279
2015-12-30 08:50:01+01;1229
2015-12-30 10:18:01+01;1219
2015-12-30 12:34:01+01;1249
2015-12-30 13:22:01+01;1229
2015-12-30 15:02:01+01;1219
2015-12-30 22:42:01+01;1279
2015-12-31 07:34:01+01;1229
2015-12-31 12:34:01+01;1259
2015-12-31 13:22:01+01;1239
2015-12-31 15:02:01+01;1229
2015-12-31 23:06:01+01;1289
2016-01-01 07:30:01+01;1229
2016-01-01 11:18:01+01;1219
2016-01-01 12:34:01+01;1249
2016-01-01 12:46:01+01;1239
2016-01-01 15:02:01+01;1229
2016-01-01 23:06:01+01;1289
2016-01-02 09:18:01+01;1279
2016-01-02 09:46:01+01;1279
2016-01-02 10:18:01+01;1249
2016-01-02 12:34:01+01;1279
2016-01-02 13:22:01+01;1249
2016-01-02 16:14:01+01;1249
2016-01-02 17:02:01+01;1239
2016-01-02 23:06:01+01;1299
2016-01-03 05:22:01+01;1289
2016-01-03 08:30:01+01;1279
2016-01-03 08:46:01+01;1249
2016-01-03 12:34:01+01;1279
2016-01-03 13:18:01+01;1249
2016-01-03 15:46:01+01;1239
2016-01-03 23:06:01+01;1299
2016-01-04 07:30:02+01;1219
2016-01-04 12:34:01+01;1249
2016-01-04 13:18:01+01;1229
2016-01-04 14:18:01+01;1219
2016-01-04 23:06:01+01;1279
2016-01-05 05:22:01+01;1269
2016-01-05 07:34:01+01;1219
2016-01-05 12:34:01+01;1249
2016-01-05 13:22:01+01;1229
2016-01-05 23:06:01+01;1289
2016-01-06 07:34:01+01;1239
2016-01-06 11:22:01+01;1229
2016-01-06 12:34:01+01;1259
2016-01-06 13:22:01+01;1229
2016-01-06 23:06:01+01;1289
2016-01-07 05:22:01+01;1249
2016-01-07 07:18:01+01;1239
2016-01-07 07:34:01+01;1229
2016-01-07 12:34:01+01;1259
2016-01-07 13:22:01+01;1239
2016-01-07 14:18:01+01;1229
2016-01-07 17:22:01+01;1229
2016-01-07 23:06:02+01;1289
2016-01-08 05:18:01+01;1279
2016-01-08 07:18:01+01;1269
2016-01-08 07:30:01+01;1219
2016-01-08 12:34:01+01;1249
2016-01-08 13:22:01+01;1229
2016-01-08 14:18:01+01;1219
2016-01-08 23:06:01+01;1279
2016-01-09 10:02:01+01;1259
2016-01-09 10:46:01+01;1259
2016-01-09 12:34:01+01;1279
2016-01-09 13:18:01+01;1259
2016-01-09 14:30:02+01;1249
2016-01-09 16:46:01+01;1239
2016-01-09 23:06:01+01;1279
2016-01-10 09:06:01+01;1259
2016-01-10 12:34:01+01;1279
2016-01-10 13:18:01+01;1259
2016-01-10 15:46:01+01;1249
2016-01-10 23:06:01+01;1279
2016-01-11 07:34:01+01;1219
2016-01-11 10:34:01+01;1209
2016-01-11 12:34:01+01;1239
2016-01-11 13:22:01+01;1219
2016-01-11 14:18:01+01;1209
2016-01-11 23:06:01+01;1269
2016-01-12 05:22:01+01;1259
2016-01-12 07:50:02+01;1219
2016-01-12 12:34:01+01;1249
2016-01-12 13:22:01+01;1229
2016-01-12 15:02:01+01;1219
2016-01-12 15:46:01+01;1209
2016-01-12 23:06:01+01;1269
2016-01-13 05:18:01+01;1259
2016-01-13 07:30:01+01;1219
2016-01-13 12:34:01+01;1249
2016-01-13 13:18:01+01;1219
2016-01-13 15:30:02+01;1209
2016-01-13 17:30:01+01;1199
2016-01-13 23:06:01+01;1259
2016-01-14 05:22:01+01;1249
2016-01-14 07:14:01+01;1239
2016-01-14 07:30:01+01;1219
2016-01-14 10:30:01+01;1209
2016-01-14 12:38:01+01;1239
2016-01-14 13:18:01+01;1219
2016-01-14 14:46:01+01;1209
2016-01-14 23:06:01+01;1259
2016-01-15 06:34:01+01;1249
2016-01-15 07:30:01+01;1209
2016-01-15 12:34:01+01;1239
2016-01-15 13:18:01+01;1219
2016-01-15 14:46:01+01;1209
2016-01-15 17:18:01+01;1179
2016-01-15 23:06:01+01;1239
2016-01-16 08:46:01+01;1239
2016-01-16 09:34:01+01;1239
2016-01-16 10:30:02+01;1229
2016-01-16 12:34:01+01;1259
2016-01-16 13:18:01+01;1229
2016-01-16 14:02:01+01;1229
2016-01-16 23:06:01+01;1259
2016-01-17 08:46:01+01;1239
2016-01-17 12:34:01+01;1259
2016-01-17 13:18:01+01;1239
2016-01-17 23:06:01+01;1259
2016-01-18 06:38:01+01;1249
2016-01-18 07:18:01+01;1239
2016-01-18 09:02:01+01;1209
2016-01-18 11:18:01+01;1209
2016-01-18 12:34:01+01;1239
2016-01-18 13:18:01+01;1219
2016-01-18 14:18:01+01;1209
2016-01-18 23:06:01+01;1259
2016-01-19 06:34:01+01;1239
2016-01-19 07:34:01+01;1199
2016-01-19 11:30:01+01;1199
2016-01-19 12:34:01+01;1229
2016-01-19 13:18:01+01;1209
2016-01-19 14:18:01+01;1199
2016-01-19 22:46:01+01;1249
2016-01-20 06:34:01+01;1249
2016-01-20 07:34:01+01;1199
2016-01-20 12:34:01+01;1229
2016-01-20 13:22:02+01;1199
2016-01-20 19:18:01+01;1179
2016-01-20 22:46:01+01;1239
2016-01-21 06:38:01+01;1239
2016-01-21 07:34:01+01;1199
2016-01-21 12:34:01+01;1229
2016-01-21 13:18:01+01;1199
2016-01-21 23:06:02+01;1259
2016-01-22 06:18:01+01;1239
2016-01-22 07:22:01+01;1239
2016-01-22 07:34:01+01;1189
2016-01-22 12:34:01+01;1219
2016-01-22 13:18:01+01;1199
2016-01-22 15:02:01+01;1189
2016-01-22 23:06:01+01;1249
2016-01-23 08:30:02+01;1229
2016-01-23 08:46:01+01;1219
2016-01-23 10:18:01+01;1209
2016-01-23 12:34:01+01;1239
2016-01-23 13:18:01+01;1219
2016-01-23 17:30:02+01;1209
2016-01-23 23:06:01+01;1269
2016-01-24 09:18:01+01;1219
2016-01-24 11:30:02+01;1209
2016-01-24 12:34:01+01;1239
2016-01-24 13:18:01+01;1219
2016-01-24 15:30:02+01;1209
2016-01-24 23:06:01+01;1269
2016-01-25 06:18:01+01;1249
2016-01-25 06:38:01+01;1249
2016-01-25 07:02:01+01;1229
2016-01-25 07:34:01+01;1199
2016-01-25 12:38:01+01;1229
2016-01-25 13:54:01+01;1199
2016-01-25 23:06:01+01;1259
2016-01-26 06:18:01+01;1249
2016-01-26 07:34:01+01;1199
2016-01-26 12:34:02+01;1229
2016-01-26 13:18:01+01;1199
2016-01-26 23:06:01+01;1259
2016-01-27 09:46:01+01;1199
2016-01-27 12:34:01+01;1229
2016-01-27 13:18:01+01;1199
2016-01-27 23:06:01+01;1259
2016-01-28 06:18:01+01;1259
2016-01-28 07:34:01+01;1189
2016-01-28 12:34:01+01;1219
2016-01-28 13:22:01+01;1189
2016-01-28 23:06:01+01;1249
2016-01-29 07:30:01+01;1189
2016-01-29 12:34:01+01;1219
2016-01-29 13:18:01+01;1189
2016-01-29 23:06:01+01;1249
2016-01-30 05:18:01+01;1249
2016-01-30 08:46:01+01;1219
2016-01-30 12:34:01+01;1249
2016-01-30 13:22:01+01;1219
2016-01-30 23:06:01+01;1279
2016-01-31 06:18:01+01;1259
2016-01-31 09:22:01+01;1219
2016-01-31 12:34:01+01;1249
2016-01-31 13:22:01+01;1219
2016-01-31 23:06:01+01;1279
2016-02-01 07:34:01+01;1189
2016-02-01 12:34:01+01;1219
2016-02-01 13:22:01+01;1199
2016-02-01 13:46:01+01;1189
2016-02-01 23:06:01+01;1249
2016-02-02 07:30:01+01;1189
2016-02-02 12:34:01+01;1219
2016-02-02 13:18:01+01;1199
2016-02-02 14:18:01+01;1189
2016-02-02 23:06:01+01;1249
2016-02-03 07:30:01+01;1249
2016-02-03 07:46:01+01;1189
2016-02-03 12:34:01+01;1219
2016-02-03 13:22:01+01;1189
2016-02-03 23:06:01+01;1249
2016-02-04 07:30:01+01;1189
2016-02-04 12:34:01+01;1219
2016-02-04 13:18:01+01;1189
2016-02-04 23:06:01+01;1239
2016-02-05 05:18:01+01;1239
2016-02-05 07:34:01+01;1189
2016-02-05 12:34:01+01;1219
2016-02-05 13:18:01+01;1189
2016-02-05 23:06:01+01;1249
2016-02-06 06:14:01+01;1239
2016-02-06 09:50:01+01;1209
2016-02-06 12:34:01+01;1239
2016-02-06 13:18:01+01;1209
2016-02-06 23:06:02+01;1239
2016-02-07 05:18:01+01;1239
2016-02-07 10:14:01+01;1219
2016-02-07 12:34:01+01;1239
2016-02-07 13:18:01+01;1239
2016-02-07 14:18:01+01;1219
2016-02-07 23:06:01+01;1239
2016-02-08 06:34:01+01;1239
2016-02-08 07:30:01+01;1179
2016-02-08 12:34:01+01;1209
2016-02-08 13:18:01+01;1189
2016-02-08 14:46:01+01;1179
2016-02-08 23:06:01+01;1239
2016-02-09 07:34:01+01;1179
2016-02-09 12:34:01+01;1209
2016-02-09 13:18:01+01;1189
2016-02-09 14:30:01+01;1179
2016-02-09 23:06:01+01;1239
2016-02-10 07:30:01+01;1179
2016-02-10 12:38:01+01;1209
2016-02-10 13:18:01+01;1189
2016-02-10 13:46:01+01;1179
2016-02-10 23:06:01+01;1219
2016-02-11 07:34:01+01;1169
2016-02-11 12:34:01+01;1199
2016-02-11 13:18:01+01;1169
2016-02-11 23:06:01+01;1209
2016-02-12 07:30:01+01;1169
2016-02-12 12:34:01+01;1199
2016-02-12 13:22:01+01;1169
2016-02-12 16:46:01+01;1159
2016-02-12 23:06:01+01;1219
2016-02-13 06:18:01+01;1209
2016-02-13 08:46:01+01;1189
2016-02-13 09:34:01+01;1189
2016-02-13 12:34:01+01;1219
2016-02-13 13:18:01+01;1189
2016-02-13 15:02:01+01;1169
2016-02-13 23:06:01+01;1229
2016-02-14 08:46:01+01;1209
2016-02-14 10:18:01+01;1169
2016-02-14 12:34:01+01;1199
2016-02-14 13:22:01+01;1189
2016-02-14 14:14:01+01;1169
2016-02-14 23:06:01+01;1229
2016-02-15 06:18:01+01;1209
2016-02-15 07:34:01+01;1159
2016-02-15 12:34:01+01;1189
2016-02-15 13:18:01+01;1169
2016-02-15 14:18:01+01;1159
2016-02-15 23:06:01+01;1219
2016-02-16 07:30:01+01;1159
2016-02-16 12:34:01+01;1189
2016-02-16 13:18:01+01;1169
2016-02-16 14:18:02+01;1159
2016-02-16 23:06:01+01;1219
2016-02-17 07:34:01+01;1159
2016-02-17 12:34:01+01;1189
2016-02-17 13:22:01+01;1169
2016-02-17 14:18:01+01;1159
2016-02-17 23:06:01+01;1219
2016-02-18 07:30:01+01;1159
2016-02-18 12:34:01+01;1189
2016-02-18 13:38:01+01;1169
2016-02-18 14:02:01+01;1159
2016-02-18 23:06:01+01;1219
2016-02-19 07:30:01+01;1159
2016-02-19 12:34:01+01;1189
2016-02-19 13:22:01+01;1159
2016-02-19 23:06:01+01;1219
2016-02-20 08:34:01+01;1209
2016-02-20 09:18:01+01;1179
2016-02-20 12:38:01+01;1209
2016-02-20 13:18:01+01;1179
2016-02-20 14:30:01+01;1179
2016-02-20 23:06:01+01;1219
2016-02-21 06:18:01+01;1219
2016-02-21 08:50:01+01;1159
2016-02-21 12:34:01+01;1189
2016-02-21 13:22:01+01;1159
2016-02-21 23:06:01+01;1219
2016-02-22 07:34:01+01;1149
2016-02-22 08:46:01+01;1139
2016-02-22 10:18:01+01;1139
2016-02-22 12:38:01+01;1169
2016-02-22 13:22:01+01;1149
2016-02-22 14:02:01+01;1139
2016-02-22 14:18:01+01;1139
2016-02-22 23:06:01+01;1199
2016-02-23 07:34:01+01;1149
2016-02-23 12:34:01+01;1169
2016-02-23 13:22:01+01;1159
2016-02-23 14:18:01+01;1149
2016-02-23 22:38:01+01;1209
2016-02-24 07:34:01+01;1149
2016-02-24 12:34:01+01;1169
2016-02-24 13:22:01+01;1159
2016-02-24 14:50:01+01;1149
2016-02-24 23:06:01+01;1209
2016-02-25 06:50:01+01;1209
2016-02-25 07:34:01+01;1139
2016-02-25 12:34:01+01;1159
2016-02-25 13:22:01+01;1149
2016-02-25 14:50:01+01;1139
2016-02-25 23:06:01+01;1199
2016-02-26 07:34:01+01;1139
2016-02-26 12:34:01+01;1159
2016-02-26 13:22:01+01;1149
2016-02-26 23:06:01+01;1209
2016-02-27 05:18:01+01;1199
2016-02-27 06:34:01+01;1199
2016-02-27 10:44:01+01;1189
2016-02-27 12:34:01+01;1209
2016-02-27 13:20:01+01;1199
2016-02-27 14:01:01+01;1199
2016-02-27 14:46:01+01;1189
2016-02-27 23:03:01+01;1249
2016-02-28 08:00:01+01;1199
2016-02-28 09:18:01+01;1169
2016-02-28 12:33:01+01;1189
2016-02-28 13:19:01+01;1169
2016-02-28 23:03:01+01;1229
2016-02-29 06:18:01+01;1199
2016-02-29 07:31:01+01;1159
2016-02-29 12:34:01+01;1179
2016-02-29 13:19:01+01;1149
2016-02-29 23:04:01+01;1219
2016-03-01 05:19:01+01;1199
2016-03-01 07:33:01+01;1159
2016-03-01 12:33:01+01;1179
2016-03-01 13:17:01+01;1149
2016-03-01 23:05:02+01;1209
2016-03-02 07:31:01+01;1159
2016-03-02 10:17:01+01;1159
2016-03-02 12:34:01+01;1179
2016-03-02 13:20:02+01;1149
2016-03-02 23:04:01+01;1209
2016-03-03 07:32:01+01;1159
2016-03-03 12:33:01+01;1179
2016-03-03 13:19:01+01;1159
2016-03-03 23:04:01+01;1219
2016-03-04 05:18:01+01;1209
2016-03-04 06:45:01+01;1199
2016-03-04 07:31:01+01;1159
2016-03-04 11:19:01+01;1159
2016-03-04 12:33:01+01;1179
2016-03-04 13:21:01+01;1159
2016-03-04 23:05:01+01;1219
2016-03-05 12:33:01+01;1239
2016-03-05 13:19:01+01;1229
2016-03-05 14:00:01+01;1179
2016-03-05 23:04:01+01;1239
2016-03-06 05:20:01+01;1239
2016-03-06 07:18:01+01;1219
2016-03-06 08:46:01+01;1179
2016-03-06 12:33:01+01;1199
2016-03-06 13:20:01+01;1179
2016-03-06 23:04:01+01;1239
2016-03-07 07:05:02+01;1229
2016-03-07 07:34:01+01;1149
2016-03-07 12:34:02+01;1169
2016-03-07 13:18:01+01;1159
2016-03-07 14:04:01+01;1149
2016-03-07 23:04:01+01;1209
2016-03-08 07:30:01+01;1149
2016-03-08 12:29:01+01;1179
2016-03-08 13:23:02+01;1149
2016-03-08 23:04:01+01;1219
2016-03-09 05:23:01+01;1209
2016-03-09 06:45:01+01;1199
2016-03-09 07:31:01+01;1159
2016-03-09 12:34:01+01;1179
2016-03-09 13:19:01+01;1169
2016-03-09 23:05:01+01;1229
2016-03-10 05:17:01+01;1219
2016-03-10 07:27:01+01;1169
2016-03-10 12:33:01+01;1189
2016-03-10 13:21:01+01;1169
2016-03-10 22:23:01+01;1239
2016-03-11 05:14:01+01;1229
2016-03-11 07:27:02+01;1169
2016-03-11 12:33:01+01;1189
2016-03-11 13:14:01+01;1189
2016-03-11 23:05:01+01;1249
2016-03-12 05:17:01+01;1219
2016-03-12 09:12:01+01;1189
2016-03-12 11:15:02+01;1179
2016-03-12 11:44:01+01;1169
2016-03-12 12:33:01+01;1189
2016-03-12 13:19:01+01;1179
2016-03-12 13:57:01+01;1169
2016-03-12 16:44:01+01;1169
2016-03-12 23:04:02+01;1229
2016-03-13 05:15:01+01;1219
2016-03-13 06:58:01+01;1189
2016-03-13 08:58:01+01;1179
2016-03-13 11:18:01+01;1169
2016-03-13 12:34:01+01;1189
2016-03-13 13:20:02+01;1179
2016-03-13 16:30:01+01;1169
2016-03-13 23:18:01+01;1229
2016-03-14 07:28:01+01;1169
2016-03-14 12:34:01+01;1189
2016-03-14 13:18:01+01;1169
2016-03-14 23:05:01+01;1229
2016-03-15 07:27:01+01;1169
2016-03-15 12:35:01+01;1189
2016-03-15 13:19:01+01;1179
2016-03-15 14:15:01+01;1169
2016-03-15 23:04:01+01;1229
2016-03-16 06:58:01+01;1219
2016-03-16 07:18:01+01;1209
2016-03-16 07:29:01+01;1159
2016-03-16 12:33:01+01;1179
2016-03-16 13:16:01+01;1169
2016-03-16 14:13:01+01;1159
2016-03-16 23:06:01+01;1219
2016-03-17 07:30:01+01;1159
2016-03-17 12:33:01+01;1179
2016-03-17 13:14:01+01;1169
2016-03-17 23:03:01+01;1229
2016-03-18 07:29:01+01;1169
2016-03-18 12:34:01+01;1189
2016-03-18 13:15:01+01;1169
2016-03-18 23:05:01+01;1229
2016-03-19 09:46:01+01;1199
2016-03-19 12:33:01+01;1219
2016-03-19 13:14:01+01;1209
2016-03-19 13:41:02+01;1199
2016-03-19 14:42:01+01;1199
2016-03-19 15:43:02+01;1189
2016-03-19 23:03:01+01;1249
2016-03-20 05:14:01+01;1249
2016-03-20 07:13:01+01;1239
2016-03-20 08:15:01+01;1239
2016-03-20 08:57:01+01;1189
2016-03-20 12:33:01+01;1209
2016-03-20 13:20:01+01;1189
2016-03-20 23:04:01+01;1249
2016-03-21 05:17:02+01;1249
2016-03-21 06:31:01+01;1239
2016-03-21 07:30:01+01;1169
2016-03-21 12:33:01+01;1189
2016-03-21 13:14:01+01;1179
2016-03-21 18:57:01+01;1169
2016-03-21 23:04:02+01;1239
2016-03-22 07:27:01+01;1169
2016-03-22 12:34:01+01;1189
2016-03-22 13:16:01+01;1179
2016-03-22 23:06:01+01;1239
2016-03-23 07:28:01+01;1179
2016-03-23 12:43:01+01;1199
2016-03-23 13:14:01+01;1199
2016-03-23 15:15:01+01;1199
2016-03-23 23:19:01+01;1259
2016-03-24 07:00:01+01;1259
2016-03-24 07:30:01+01;1199
2016-03-24 08:14:01+01;1199
2016-03-24 10:31:01+01;1199
2016-03-24 12:34:01+01;1219
2016-03-24 13:19:01+01;1199
2016-03-24 13:57:01+01;1199
2016-03-24 23:04:01+01;1259
2016-03-25 07:27:01+01;1199
2016-03-25 08:13:01+01;1199
2016-03-25 10:28:01+01;1199
2016-03-25 12:34:01+01;1219
2016-03-25 13:14:01+01;1209
2016-03-25 13:58:01+01;1189
2016-03-25 14:27:02+01;1189
2016-03-25 23:04:01+01;1259
2016-03-26 07:17:01+01;1259
2016-03-26 08:43:01+01;1219
2016-03-26 09:32:01+01;1219
2016-03-26 12:33:01+01;1239
2016-03-26 13:15:01+01;1209
2016-03-26 13:58:01+01;1209
2016-03-26 23:03:01+01;1269
2016-03-27 09:35:01+02;1269
2016-03-27 09:46:01+02;1219
2016-03-27 11:43:01+02;1219
2016-03-27 12:13:01+02;1219
2016-03-27 12:34:01+02;1239
2016-03-27 13:15:01+02;1219
2016-03-27 23:05:01+02;1279
2016-03-28 06:57:01+02;1269
2016-03-28 07:27:01+02;1209
2016-03-28 12:34:01+02;1229
2016-03-28 13:19:01+02;1209
2016-03-28 23:04:01+02;1269
2016-03-29 07:13:01+02;1219
2016-03-29 08:27:01+02;1219
2016-03-29 10:59:01+02;1209
2016-03-29 11:43:01+02;1209
2016-03-29 12:34:01+02;1229
2016-03-29 15:20:01+02;1209
2016-03-29 16:13:01+02;1209
2016-03-29 23:08:01+02;1269
2016-03-30 06:44:01+02;1249
2016-03-30 07:27:01+02;1209
2016-03-30 08:13:01+02;1209
2016-03-30 12:33:01+02;1229
2016-03-30 13:15:01+02;1229
2016-03-30 17:15:01+02;1229
2016-03-30 23:05:01+02;1289
2016-03-31 05:19:01+02;1279
2016-03-31 06:33:01+02;1259
2016-03-31 07:13:01+02;1259
2016-03-31 07:29:01+02;1249
2016-03-31 08:13:01+02;1249
2016-03-31 12:34:01+02;1269
2016-03-31 13:20:01+02;1249
2016-03-31 14:15:01+02;1249
2016-03-31 23:06:01+02;1309
2016-04-01 05:23:01+02;1279
2016-04-01 06:58:01+02;1279
2016-04-01 07:14:01+02;1249
2016-04-01 07:58:01+02;1249
2016-04-01 11:18:01+02;1229
2016-04-01 11:57:01+02;1229
2016-04-01 12:59:01+02;1249
2016-04-01 13:17:01+02;1229
2016-04-01 14:14:01+02;1229
2016-04-01 23:07:01+02;1289
2016-04-02 05:20:01+02;1279
2016-04-02 07:15:01+02;1259
2016-04-02 07:59:01+02;1259
2016-04-02 08:59:01+02;1229
2016-04-02 09:43:01+02;1229
2016-04-02 12:33:01+02;1249
2016-04-02 13:18:01+02;1229
2016-04-02 14:14:01+02;1229
2016-04-02 23:03:01+02;1289
2016-04-03 11:16:01+02;1229
2016-04-03 12:33:01+02;1249
2016-04-03 13:14:01+02;1229
2016-04-03 14:13:01+02;1229
2016-04-03 23:04:01+02;1289
2016-04-04 05:20:01+02;1279
2016-04-04 06:57:01+02;1279
2016-04-04 07:28:01+02;1229
2016-04-04 08:12:01+02;1229
2016-04-04 12:34:01+02;1249
2016-04-04 13:14:01+02;1229
2016-04-04 23:04:01+02;1289
2016-04-05 05:16:01+02;1279
2016-04-05 07:29:01+02;1229
2016-04-05 08:15:01+02;1229
2016-04-05 08:26:01+02;1229
2016-04-05 11:17:01+02;1219
2016-04-05 12:35:01+02;1239
2016-04-05 13:16:01+02;1219
2016-04-05 23:05:01+02;1279
2016-04-06 07:30:01+02;1219
2016-04-06 08:30:01+02;1219
2016-04-06 12:33:01+02;1239
2016-04-06 13:19:01+02;1219
2016-04-06 23:05:01+02;1279
2016-04-07 07:33:01+02;1219
2016-04-07 08:44:01+02;1219
2016-04-07 12:33:01+02;1239
2016-04-07 13:19:01+02;1219
2016-04-07 23:05:01+02;1279
2016-04-08 07:28:01+02;1219
2016-04-08 08:43:01+02;1219
2016-04-08 12:33:01+02;1239
2016-04-08 13:21:01+02;1219
2016-04-08 23:06:01+02;1279
2016-04-09 10:13:01+02;1249
2016-04-09 10:29:01+02;1239
2016-04-09 11:15:01+02;1239
2016-04-09 12:34:01+02;1259
2016-04-09 13:18:01+02;1239
2016-04-09 23:03:01+02;1299
2016-04-10 08:14:01+02;1289
2016-04-10 09:42:01+02;1239
2016-04-10 11:29:01+02;1239
2016-04-10 12:33:01+02;1259
2016-04-10 13:18:01+02;1239
2016-04-10 23:04:01+02;1299
2016-04-11 06:37:01+02;1289
2016-04-11 07:17:02+02;1239
2016-04-11 08:28:01+02;1239
2016-04-11 10:44:01+02;1229
2016-04-11 11:29:01+02;1229
2016-04-11 12:34:01+02;1249
2016-04-11 13:18:01+02;1229
2016-04-11 23:03:01+02;1289
2016-04-12 07:27:01+02;1229
2016-04-12 08:27:01+02;1229
2016-04-12 08:43:01+02;1229
2016-04-12 12:34:01+02;1249
2016-04-12 13:23:01+02;1229
2016-04-12 23:04:01+02;1289
2016-04-13 06:45:01+02;1289
2016-04-13 07:28:01+02;1239
2016-04-13 08:27:01+02;1239
2016-04-13 12:33:01+02;1259
2016-04-13 13:14:01+02;1239
2016-04-13 23:08:01+02;1299
2016-04-14 06:37:01+02;1299
2016-04-14 07:28:01+02;1289
2016-04-14 07:44:01+02;1249
2016-04-14 08:57:01+02;1249
2016-04-14 12:34:01+02;1269
2016-04-14 13:15:01+02;1249
2016-04-14 23:05:01+02;1309
2016-04-15 05:16:01+02;1299
2016-04-15 06:40:01+02;1299
2016-04-15 07:30:01+02;1249
2016-04-15 08:45:01+02;1249
2016-04-15 09:16:01+02;1249
2016-04-15 12:34:01+02;1269
2016-04-15 13:21:01+02;1249
2016-04-15 23:04:01+02;1309
2016-04-16 05:21:02+02;1299
2016-04-16 07:14:01+02;1299
2016-04-16 09:43:01+02;1279
2016-04-16 11:16:01+02;1279
2016-04-16 12:34:01+02;1299
2016-04-16 13:14:01+02;1279
2016-04-16 14:59:01+02;1269
2016-04-16 15:45:01+02;1249
2016-04-16 17:28:01+02;1249
2016-04-16 23:04:01+02;1309
2016-04-17 05:16:01+02;1299
2016-04-17 08:14:01+02;1299
2016-04-17 08:44:01+02;1249
2016-04-17 11:44:01+02;1249
2016-04-17 12:33:01+02;1269
2016-04-17 13:20:01+02;1249
2016-04-17 23:04:01+02;1309
2016-04-18 05:17:01+02;1299
2016-04-18 06:19:01+02;1299
2016-04-18 07:14:01+02;1279
2016-04-18 07:27:01+02;1249
2016-04-18 08:13:01+02;1249
2016-04-18 09:15:01+02;1249
2016-04-18 12:33:01+02;1269
2016-04-18 13:20:01+02;1249
2016-04-18 23:04:01+02;1309
2016-04-19 05:17:01+02;1299
2016-04-19 06:17:02+02;1299
2016-04-19 07:28:01+02;1249
2016-04-19 08:27:01+02;1249
2016-04-19 11:19:01+02;1219
2016-04-19 12:33:02+02;1239
2016-04-19 13:23:01+02;1219
2016-04-19 23:04:01+02;1279
2016-04-20 06:45:01+02;1279
2016-04-20 07:29:01+02;1219
2016-04-20 08:58:01+02;1219
2016-04-20 12:33:01+02;1239
2016-04-20 13:19:01+02;1239
2016-04-20 23:04:01+02;1299
2016-04-21 06:35:01+02;1289
2016-04-21 06:58:01+02;1279
2016-04-21 07:16:01+02;1269
2016-04-21 07:27:01+02;1239
2016-04-21 08:13:01+02;1239
2016-04-21 12:34:01+02;1259
2016-04-21 13:18:01+02;1239
2016-04-21 23:04:01+02;1299
2016-04-22 06:45:01+02;1279
2016-04-22 07:58:01+02;1259
2016-04-22 08:16:01+02;1239
2016-04-22 12:34:01+02;1259
2016-04-22 13:21:01+02;1249
2016-04-22 14:28:01+02;1249
2016-04-22 23:58:01+02;1309
2016-04-23 05:19:01+02;1299
2016-04-23 10:27:01+02;1269
2016-04-23 12:14:01+02;1259
2016-04-23 12:33:01+02;1279
2016-04-23 13:19:01+02;1259
2016-04-23 23:04:01+02;1319
2016-04-24 05:15:01+02;1299
2016-04-24 08:45:01+02;1259
2016-04-24 12:34:01+02;1279
2016-04-24 13:14:01+02;1259
2016-04-24 21:46:01+02;1259
2016-04-24 23:04:01+02;1319
2016-04-25 05:20:01+02;1299
2016-04-25 07:27:01+02;1259
2016-04-25 12:33:01+02;1279
2016-04-25 13:25:01+02;1269
2016-04-25 23:05:01+02;1329
2016-04-26 05:20:01+02;1309
2016-04-26 06:38:01+02;1299
2016-04-26 07:28:01+02;1269
2016-04-26 12:33:01+02;1289
2016-04-26 13:19:01+02;1259
2016-04-26 14:15:02+02;1259
2016-04-26 23:04:01+02;1319
2016-04-27 06:36:01+02;1299
2016-04-27 07:27:01+02;1259
2016-04-27 12:34:01+02;1279
2016-04-27 13:57:01+02;1259
2016-04-27 15:43:01+02;1259
2016-04-27 23:05:01+02;1319
2016-04-28 06:36:01+02;1299
2016-04-28 07:28:01+02;1259
2016-04-28 08:14:01+02;1259
2016-04-28 12:33:01+02;1279
2016-04-28 13:20:01+02;1269
2016-04-28 14:15:01+02;1269
2016-04-28 17:07:01+02;1269
2016-04-28 23:04:01+02;1329
2016-04-29 06:37:01+02;1319
2016-04-29 07:28:01+02;1269
2016-04-29 10:28:01+02;1259
2016-04-29 11:21:01+02;1259
2016-04-29 12:15:01+02;1259
2016-04-29 12:34:01+02;1279
2016-04-29 13:23:01+02;1259
2016-04-29 14:15:01+02;1259
2016-04-29 23:04:01+02;1319
2016-04-30 08:45:01+02;1259
2016-04-30 10:28:01+02;1259
2016-04-30 12:33:01+02;1279
2016-04-30 13:20:02+02;1269
2016-04-30 23:04:01+02;1329
2016-05-01 06:13:01+02;1319
2016-05-01 08:16:01+02;1269
2016-05-01 12:33:01+02;1289
2016-05-01 13:21:01+02;1269
2016-05-01 21:26:06+02;1269
2016-05-01 23:03:01+02;1329
2016-05-01 23:05:01+02;1329
2016-05-02 06:37:01+02;1319
2016-05-02 07:29:01+02;1269
2016-05-02 12:37:01+02;1289
2016-05-02 13:17:01+02;1269
2016-05-02 23:03:01+02;1329
2016-05-03 06:37:01+02;1319
2016-05-03 07:30:01+02;1269
2016-05-03 10:46:01+02;1259
2016-05-03 12:33:01+02;1279
2016-05-03 13:23:01+02;1259
2016-05-03 14:17:01+02;1259
2016-05-03 23:23:02+02;1319
2016-05-04 07:29:01+02;1259
2016-05-04 08:18:01+02;1259
2016-05-04 12:34:01+02;1279
2016-05-04 13:15:01+02;1269
2016-05-04 23:04:01+02;1329
2016-05-05 07:14:01+02;1319
2016-05-05 07:26:01+02;1269
2016-05-05 12:33:01+02;1289
2016-05-05 13:15:01+02;1269
2016-05-05 23:04:01+02;1329
2016-05-06 06:45:01+02;1319
2016-05-06 07:28:01+02;1269
2016-05-06 12:34:01+02;1289
2016-05-06 13:21:01+02;1269
2016-05-06 23:04:01+02;1329
2016-05-07 07:15:01+02;1319
2016-05-07 10:16:01+02;1269
2016-05-07 12:33:01+02;1289
2016-05-07 13:20:01+02;1269
2016-05-07 23:04:01+02;1319
2016-05-08 08:14:01+02;1319
2016-05-08 08:57:01+02;1269
2016-05-08 12:34:01+02;1289
2016-05-08 13:15:01+02;1269
2016-05-08 23:04:01+02;1319
2016-05-09 06:43:01+02;1319
2016-05-09 07:28:01+02;1269
2016-05-09 12:33:01+02;1289
2016-05-09 13:15:01+02;1269
2016-05-09 23:03:01+02;1319
2016-05-10 06:45:02+02;1309
2016-05-10 07:28:01+02;1269
2016-05-10 10:43:01+02;1259
2016-05-10 12:33:01+02;1279
2016-05-10 13:16:01+02;1259
2016-05-10 14:13:01+02;1259
2016-05-10 23:04:01+02;1319
2016-05-11 07:28:01+02;1259
2016-05-11 08:27:01+02;1259
2016-05-11 12:33:01+02;1279
2016-05-11 13:15:01+02;1269
2016-05-11 23:04:01+02;1319
2016-05-12 06:45:01+02;1299
2016-05-12 07:29:01+02;1269
2016-05-12 11:20:01+02;1259
2016-05-12 12:35:01+02;1279
2016-05-12 13:24:01+02;1259
2016-05-12 23:04:01+02;1319
2016-05-13 06:36:01+02;1319
2016-05-13 07:28:01+02;1259
2016-05-13 12:33:01+02;1279
2016-05-13 13:15:01+02;1269
2016-05-13 23:04:01+02;1329
2016-05-14 06:43:01+02;1319
2016-05-14 08:27:01+02;1269
2016-05-14 10:56:01+02;1269
2016-05-14 12:33:01+02;1289
2016-05-14 13:21:01+02;1269
2016-05-14 14:16:01+02;1269
2016-05-14 23:03:01+02;1329
2016-05-15 06:44:01+02;1319
2016-05-15 09:58:01+02;1279
2016-05-15 11:44:01+02;1279
2016-05-15 12:42:01+02;1299
2016-05-15 13:20:01+02;1279
2016-05-15 14:15:01+02;1279
2016-05-15 16:44:01+02;1269
2016-05-15 18:27:01+02;1269
2016-05-15 23:03:01+02;1329
2016-05-16 06:42:01+02;1319
2016-05-16 07:27:01+02;1269
2016-05-16 09:30:01+02;1269
2016-05-16 12:35:01+02;1289
2016-05-16 13:15:01+02;1269
2016-05-16 13:56:01+02;1269
2016-05-16 14:13:01+02;1269
2016-05-16 23:03:01+02;1329
2016-05-17 06:42:01+02;1319
2016-05-17 07:42:01+02;1279
2016-05-17 08:43:01+02;1279
2016-05-17 12:33:01+02;1299
2016-05-17 13:17:01+02;1289
2016-05-17 14:12:01+02;1289
2016-05-17 23:03:01+02;1349
2016-05-18 05:18:01+02;1339
2016-05-18 06:44:01+02;1319
2016-05-18 07:28:01+02;1289
2016-05-18 08:28:01+02;1289
2016-05-18 12:33:01+02;1309
2016-05-18 13:20:01+02;1289
2016-05-18 23:03:01+02;1349
2016-05-19 05:18:01+02;1339
2016-05-19 07:28:01+02;1289
2016-05-19 12:32:01+02;1309
2016-05-19 13:19:01+02;1299
2016-05-19 14:14:01+02;1299
2016-05-19 23:03:01+02;1359
2016-05-20 05:18:01+02;1339
2016-05-20 07:27:01+02;1299
2016-05-20 11:20:01+02;1299
2016-05-20 12:33:01+02;1319
2016-05-20 13:18:01+02;1299
2016-05-20 23:03:01+02;1359
2016-05-21 05:17:01+02;1339
2016-05-21 07:14:01+02;1329
2016-05-21 08:01:02+02;1329
2016-05-21 10:14:01+02;1299
2016-05-21 12:34:01+02;1319
2016-05-21 13:19:01+02;1299
2016-05-21 23:02:01+02;1359
2016-05-22 05:14:01+02;1339
2016-05-22 07:57:01+02;1329
2016-05-22 09:13:01+02;1299
2016-05-22 12:33:01+02;1319
2016-05-22 13:19:01+02;1299
2016-05-22 23:02:01+02;1359
2016-05-23 05:15:01+02;1339
2016-05-23 07:28:01+02;1299
2016-05-23 12:34:01+02;1319
2016-05-23 13:14:01+02;1299
2016-05-23 23:03:01+02;1359
2016-05-24 05:16:01+02;1339
2016-05-24 07:29:01+02;1299
2016-05-24 11:22:01+02;1279
2016-05-24 12:32:01+02;1299
2016-05-24 13:20:01+02;1279
2016-05-24 23:03:01+02;1339
2016-05-25 05:19:01+02;1339
2016-05-25 06:36:01+02;1339
2016-05-25 07:28:01+02;1289
2016-05-25 12:34:01+02;1309
2016-05-25 13:15:01+02;1299
2016-05-25 14:13:01+02;1299
2016-05-25 23:03:01+02;1359
2016-05-26 05:13:01+02;1349
2016-05-26 06:43:01+02;1339
2016-05-26 07:27:01+02;1299
2016-05-26 08:58:01+02;1299
2016-05-26 12:33:01+02;1319
2016-05-26 13:19:01+02;1309
2016-05-26 23:03:01+02;1369
2016-05-27 05:15:01+02;1349
2016-05-27 06:44:01+02;1339
2016-05-27 07:14:01+02;1309
2016-05-27 12:33:01+02;1329
2016-05-27 13:17:02+02;1309
2016-05-27 14:14:01+02;1309
2016-05-27 23:03:01+02;1369
2016-05-28 05:18:01+02;1359
2016-05-28 08:27:01+02;1349
2016-05-28 10:18:01+02;1319
2016-05-28 12:34:01+02;1339
2016-05-28 13:21:01+02;1309
2016-05-28 14:15:01+02;1309
2016-05-28 23:03:01+02;1369
2016-05-29 05:16:01+02;1359
2016-05-29 08:59:01+02;1309
2016-05-29 10:42:01+02;1309
2016-05-29 12:33:01+02;1329
2016-05-29 13:20:01+02;1309
2016-05-29 14:15:01+02;1309
2016-05-29 23:03:02+02;1369
2016-05-30 05:14:01+02;1359
2016-05-30 06:59:01+02;1309
2016-05-30 12:32:01+02;1329
2016-05-30 13:17:01+02;1319
2016-05-30 23:03:01+02;1399
2016-05-31 05:17:02+02;1359
2016-05-31 06:57:01+02;1349
2016-05-31 07:27:01+02;1319
2016-05-31 11:15:02+02;1309
2016-05-31 12:34:01+02;1329
2016-05-31 13:14:01+02;1309
2016-05-31 23:03:01+02;1389
2016-06-01 05:16:01+02;1359
2016-06-01 07:27:01+02;1309
2016-06-01 12:33:01+02;1329
2016-06-01 13:16:01+02;1309
2016-06-01 23:03:01+02;1389
2016-06-02 05:21:01+02;1359
2016-06-02 07:27:01+02;1309
2016-06-02 11:16:02+02;1299
2016-06-02 12:12:01+02;1299
2016-06-02 12:33:01+02;1319
2016-06-02 13:16:01+02;1299
2016-06-02 14:13:01+02;1299
2016-06-02 23:03:01+02;1379
2016-06-03 05:17:01+02;1359
2016-06-03 07:30:01+02;1299
2016-06-03 09:13:01+02;1299
2016-06-03 12:33:01+02;1319
2016-06-03 13:20:01+02;1299
2016-06-03 14:14:01+02;1299
2016-06-03 23:03:01+02;1379
2016-06-04 05:16:01+02;1359
2016-06-04 12:13:01+02;1349
2016-06-04 12:33:01+02;1369
2016-06-04 13:15:02+02;1339
2016-06-04 14:15:01+02;1319
2016-06-04 14:45:01+02;1299
2016-06-04 16:43:01+02;1299
2016-06-04 23:03:01+02;1379
2016-06-05 05:13:01+02;1359
2016-06-05 08:58:01+02;1299
2016-06-05 10:13:01+02;1299
2016-06-05 10:44:01+02;1299
2016-06-05 12:33:01+02;1319
2016-06-05 13:13:01+02;1299
2016-06-05 14:12:01+02;1299
2016-06-05 23:04:01+02;1379
2016-06-06 05:17:02+02;1359
2016-06-06 07:28:01+02;1299
2016-06-06 09:14:01+02;1299
2016-06-06 12:33:01+02;1319
2016-06-06 13:16:01+02;1299
2016-06-06 14:13:02+02;1299
2016-06-06 23:03:01+02;1379
2016-06-07 05:18:01+02;1359
2016-06-07 07:27:01+02;1299
2016-06-07 08:42:01+02;1299
2016-06-07 09:12:01+02;1299
2016-06-07 12:33:01+02;1319
2016-06-07 13:14:01+02;1299
2016-06-07 14:13:01+02;1299
2016-06-07 23:03:01+02;1379
2016-06-08 05:18:02+02;1359
2016-06-08 07:29:01+02;1299
2016-06-08 08:43:01+02;1299
2016-06-08 11:14:01+02;1279
2016-06-08 12:14:01+02;1279
2016-06-08 12:33:01+02;1299
2016-06-08 13:15:01+02;1279
2016-06-08 14:14:02+02;1279
2016-06-08 23:03:01+02;1359
2016-06-09 05:18:01+02;1359
2016-06-09 07:17:01+02;1349
2016-06-09 07:28:01+02;1279
2016-06-09 08:14:01+02;1279
2016-06-09 08:44:01+02;1279
2016-06-09 12:34:01+02;1299
2016-06-09 13:21:01+02;1299
2016-06-09 23:03:01+02;1379
2016-06-10 05:17:01+02;1349
2016-06-10 07:28:01+02;1299
2016-06-10 09:14:01+02;1299
2016-06-10 12:34:01+02;1319
2016-06-10 13:17:01+02;1299
2016-06-10 14:13:01+02;1299
2016-06-10 23:03:01+02;1379
2016-06-11 05:17:01+02;1349
2016-06-11 10:13:01+02;1349
2016-06-11 12:33:01+02;1359
2016-06-11 13:16:01+02;1349
2016-06-11 14:45:01+02;1329
2016-06-11 23:03:01+02;1379
2016-06-12 05:14:01+02;1359
2016-06-12 08:14:01+02;1349
2016-06-12 10:29:01+02;1339
2016-06-12 12:33:02+02;1359
2016-06-12 13:21:01+02;1339
2016-06-12 14:15:01+02;1339
2016-06-12 19:27:01+02;1319
2016-06-12 23:03:01+02;1379
2016-06-13 05:17:01+02;1359
2016-06-13 06:31:01+02;1349
2016-06-13 07:26:01+02;1289
2016-06-13 08:57:01+02;1289
2016-06-13 12:33:01+02;1309
2016-06-13 13:14:01+02;1289
2016-06-13 14:12:01+02;1289
2016-06-13 23:03:01+02;1369
2016-06-14 05:17:01+02;1359
2016-06-14 07:30:01+02;1289
2016-06-14 08:26:01+02;1289
2016-06-14 08:57:01+02;1289
2016-06-14 12:40:01+02;1309
2016-06-14 13:14:01+02;1299
2016-06-14 23:03:01+02;1379
2016-06-15 05:16:02+02;1359
2016-06-15 06:59:01+02;1359
2016-06-15 07:27:01+02;1299
2016-06-15 11:14:01+02;1289
2016-06-15 12:14:01+02;1289
2016-06-15 12:36:01+02;1309
2016-06-15 13:15:02+02;1289
2016-06-15 14:13:01+02;1289
2016-06-15 23:03:01+02;1369
2016-06-16 05:17:01+02;1359
2016-06-16 07:15:01+02;1349
2016-06-16 07:27:01+02;1289
2016-06-16 08:57:01+02;1289
2016-06-16 12:34:01+02;1309
2016-06-16 13:15:01+02;1289
2016-06-16 23:03:01+02;1369
2016-06-17 05:14:01+02;1349
2016-06-17 07:14:01+02;1339
2016-06-17 07:27:01+02;1289
2016-06-17 12:34:01+02;1309
2016-06-17 13:16:01+02;1289
2016-06-17 23:03:01+02;1369
2016-06-18 05:14:01+02;1339
2016-06-18 07:58:01+02;1329
2016-06-18 10:12:01+02;1319
2016-06-18 10:45:01+02;1289
2016-06-18 12:33:01+02;1309
2016-06-18 13:21:01+02;1289
2016-06-18 23:03:01+02;1369
2016-06-19 05:17:01+02;1349
2016-06-19 09:13:01+02;1289
2016-06-19 12:33:01+02;1309
2016-06-19 13:16:01+02;1289
2016-06-19 23:04:01+02;1369
2016-06-20 05:19:01+02;1349
2016-06-20 07:27:01+02;1289
2016-06-20 12:33:01+02;1309
2016-06-20 13:15:02+02;1289
2016-06-20 23:03:01+02;1369
2016-06-21 05:16:01+02;1329
2016-06-21 07:27:01+02;1289
2016-06-21 11:16:01+02;1289
2016-06-21 12:33:01+02;1309
2016-06-21 13:15:01+02;1299
2016-06-21 14:11:01+02;1299
2016-06-21 23:03:01+02;1379
2016-06-22 05:19:01+02;1329
2016-06-22 07:30:01+02;1299
2016-06-22 08:58:01+02;1299
2016-06-22 12:35:01+02;1319
2016-06-22 13:14:01+02;1299
2016-06-22 14:13:01+02;1299
2016-06-22 23:03:01+02;1379
2016-06-23 05:20:01+02;1349
2016-06-23 07:28:01+02;1299
2016-06-23 09:38:01+02;1299
2016-06-23 12:34:01+02;1319
2016-06-23 13:20:01+02;1309
2016-06-23 14:14:01+02;1309
2016-06-23 23:03:02+02;1389
2016-06-24 05:16:01+02;1349
2016-06-24 07:28:01+02;1309
2016-06-24 09:43:01+02;1309
2016-06-24 12:35:01+02;1329
2016-06-24 13:15:01+02;1309
2016-06-24 23:03:01+02;1379
2016-06-25 05:16:01+02;1349
2016-06-25 10:28:01+02;1319
2016-06-25 10:58:01+02;1289
2016-06-25 12:33:01+02;1309
2016-06-25 13:16:01+02;1309
2016-06-25 23:03:01+02;1379
2016-06-26 05:18:01+02;1349
2016-06-26 08:43:01+02;1309
2016-06-26 12:33:01+02;1329
2016-06-26 13:20:01+02;1309
2016-06-26 23:03:01+02;1379
2016-06-27 05:18:01+02;1349
2016-06-27 07:29:01+02;1309
2016-06-27 10:18:01+02;1289
2016-06-27 11:20:02+02;1289
2016-06-27 12:14:01+02;1289
2016-06-27 12:34:01+02;1309
2016-06-27 13:21:01+02;1299
2016-06-27 23:03:01+02;1379
2016-06-28 05:19:02+02;1359
2016-06-28 06:44:01+02;1299
2016-06-28 12:33:01+02;1319
2016-06-28 13:22:01+02;1299
2016-06-28 23:03:01+02;1369
2016-06-29 05:20:01+02;1349
2016-06-29 07:29:01+02;1299
2016-06-29 11:16:01+02;1289
2016-06-29 12:12:01+02;1289
2016-06-29 12:34:01+02;1309
2016-06-29 13:15:02+02;1289
2016-06-29 14:15:02+02;1289
2016-06-29 23:04:01+02;1369
2016-06-30 05:17:01+02;1349
2016-06-30 07:28:01+02;1289
2016-06-30 09:14:01+02;1289
2016-06-30 12:35:01+02;1309
2016-06-30 13:15:01+02;1299
2016-06-30 23:04:01+02;1369
2016-07-01 05:14:01+02;1349
2016-07-01 07:28:01+02;1299
2016-07-01 11:14:01+02;1299
2016-07-01 12:34:01+02;1319
2016-07-01 13:15:01+02;1299
2016-07-01 23:04:01+02;1369
2016-07-02 05:16:01+02;1349
2016-07-02 09:59:01+02;1319
2016-07-02 12:33:01+02;1339
2016-07-02 13:15:01+02;1299
2016-07-02 14:59:01+02;1289
2016-07-02 23:03:01+02;1359
2016-07-03 05:15:01+02;1349
2016-07-03 09:13:01+02;1299
2016-07-03 12:33:01+02;1319
2016-07-03 13:20:01+02;1299
2016-07-03 23:03:01+02;1359
2016-07-04 05:15:01+02;1349
2016-07-04 07:29:01+02;1289
2016-07-04 09:44:01+02;1289
2016-07-04 11:20:01+02;1289
2016-07-04 12:33:01+02;1309
2016-07-04 13:15:01+02;1289
2016-07-04 23:03:01+02;1359
2016-07-05 05:16:01+02;1349
2016-07-05 07:29:01+02;1289
2016-07-05 09:45:01+02;1289
2016-07-05 12:33:01+02;1309
2016-07-05 13:21:01+02;1289
2016-07-05 23:03:01+02;1349
2016-07-06 05:13:01+02;1349
2016-07-06 07:27:01+02;1289
2016-07-06 09:31:01+02;1279
2016-07-06 12:33:01+02;1299
2016-07-06 13:14:01+02;1279
2016-07-06 23:04:01+02;1339
2016-07-07 05:19:01+02;1339
2016-07-07 07:30:02+02;1279
2016-07-07 11:21:01+02;1269
2016-07-07 12:33:01+02;1289
2016-07-07 13:15:01+02;1269
2016-07-07 23:03:01+02;1339
2016-07-08 05:15:02+02;1339
2016-07-08 07:27:01+02;1259
2016-07-08 08:45:01+02;1259
2016-07-08 12:34:01+02;1279
2016-07-08 13:20:01+02;1259
2016-07-08 23:03:01+02;1329
2016-07-09 05:16:01+02;1329
2016-07-09 09:14:01+02;1319
2016-07-09 09:36:01+02;1299
2016-07-09 10:15:01+02;1289
2016-07-09 12:35:01+02;1299
2016-07-09 13:20:02+02;1289
2016-07-09 14:15:01+02;1279
2016-07-09 23:07:01+02;1319
2016-07-10 05:15:01+02;1319
2016-07-10 08:44:01+02;1289
2016-07-10 12:34:01+02;1299
2016-07-10 13:21:01+02;1289
2016-07-10 20:13:01+02;1289
2016-07-10 23:03:01+02;1319
2016-07-11 05:19:01+02;1319
2016-07-11 07:27:01+02;1259
2016-07-11 08:42:01+02;1259
2016-07-11 12:33:01+02;1279
2016-07-11 13:17:01+02;1269
2016-07-11 23:03:01+02;1329
2016-07-12 05:16:01+02;1329
2016-07-12 07:13:01+02;1319
2016-07-12 07:27:01+02;1269
2016-07-12 12:36:01+02;1289
2016-07-12 13:14:01+02;1269
2016-07-12 23:02:01+02;1329
2016-07-13 05:18:01+02;1319
2016-07-13 07:26:01+02;1269
2016-07-13 11:18:01+02;1259
2016-07-13 12:34:01+02;1279
2016-07-13 13:16:01+02;1259
2016-07-13 23:03:01+02;1329
2016-07-14 05:13:01+02;1319
2016-07-14 07:30:01+02;1259
2016-07-14 10:14:01+02;1249
2016-07-14 12:34:01+02;1269
2016-07-14 13:16:01+02;1259
2016-07-14 14:12:01+02;1259
2016-07-14 23:03:01+02;1329
2016-07-15 06:57:01+02;1319
2016-07-15 07:13:01+02;1309
2016-07-15 07:27:01+02;1259
2016-07-15 09:56:01+02;1259
2016-07-15 11:14:01+02;1259
2016-07-15 12:33:01+02;1279
2016-07-15 13:16:01+02;1259
2016-07-15 23:02:01+02;1329
2016-07-16 05:14:01+02;1309
2016-07-16 07:14:01+02;1309
2016-07-16 09:56:01+02;1279
2016-07-16 10:43:02+02;1269
2016-07-16 12:32:01+02;1289
2016-07-16 13:15:01+02;1269
2016-07-16 23:02:01+02;1339
2016-07-17 05:17:01+02;1329
2016-07-17 07:55:01+02;1329
2016-07-17 09:11:01+02;1269
2016-07-17 12:33:01+02;1289
2016-07-17 13:17:01+02;1269
2016-07-17 23:02:01+02;1339
2016-07-18 05:14:01+02;1329
2016-07-18 06:59:01+02;1329
2016-07-18 07:28:01+02;1259
2016-07-18 12:35:01+02;1279
2016-07-18 13:19:01+02;1269
2016-07-18 23:03:01+02;1339
2016-07-19 05:16:01+02;1329
2016-07-19 07:28:01+02;1269
2016-07-19 12:33:01+02;1289
2016-07-19 13:19:01+02;1269
2016-07-19 23:02:01+02;1339
2016-07-20 05:16:01+02;1329
2016-07-20 07:27:01+02;1269
2016-07-20 11:16:01+02;1259
2016-07-20 12:34:01+02;1279
2016-07-20 13:18:01+02;1259
2016-07-20 23:02:01+02;1329
2016-07-21 05:14:01+02;1329
2016-07-21 07:26:01+02;1259
2016-07-21 11:13:01+02;1259
2016-07-21 12:33:01+02;1279
2016-07-21 13:15:02+02;1259
2016-07-21 23:02:01+02;1329
2016-07-22 05:15:01+02;1329
2016-07-22 06:44:01+02;1319
2016-07-22 07:29:01+02;1259
2016-07-22 11:21:01+02;1229
2016-07-22 11:56:01+02;1229
2016-07-22 12:33:01+02;1249
2016-07-22 13:18:01+02;1249
2016-07-22 23:03:01+02;1329
2016-07-23 05:12:01+02;1319
2016-07-23 07:14:02+02;1319
2016-07-23 11:42:01+02;1249
2016-07-23 12:33:01+02;1269
2016-07-23 13:19:01+02;1249
2016-07-23 23:02:01+02;1319
2016-07-24 08:13:01+02;1319
2016-07-24 09:57:01+02;1269
2016-07-24 10:25:01+02;1259
2016-07-24 12:32:01+02;1279
2016-07-24 13:14:01+02;1259
2016-07-24 23:02:01+02;1319
2016-07-25 06:58:01+02;1319
2016-07-25 07:25:01+02;1239
2016-07-25 08:42:02+02;1239
2016-07-25 12:32:01+02;1259
2016-07-25 13:17:01+02;1249
2016-07-25 23:02:01+02;1329
2016-07-26 06:39:01+02;1319
2016-07-26 06:57:01+02;1299
2016-07-26 07:30:01+02;1249
2016-07-26 12:33:01+02;1269
2016-07-26 13:13:01+02;1259
2016-07-26 23:03:01+02;1319
2016-07-27 06:57:01+02;1299
2016-07-27 07:27:02+02;1259
2016-07-27 11:21:01+02;1249
2016-07-27 12:34:01+02;1269
2016-07-27 13:20:01+02;1249
2016-07-27 23:02:01+02;1319
2016-07-28 06:42:01+02;1299
2016-07-28 07:29:01+02;1249
2016-07-28 11:23:01+02;1249
2016-07-28 12:33:01+02;1269
2016-07-28 13:20:02+02;1249
2016-07-28 23:02:01+02;1319
2016-07-29 06:46:01+02;1299
2016-07-29 07:28:01+02;1249
2016-07-29 11:21:01+02;1219
2016-07-29 12:36:01+02;1239
2016-07-29 13:21:02+02;1219
2016-07-29 14:17:02+02;1219
2016-07-29 23:06:01+02;1299
2016-07-30 07:17:01+02;1299
2016-07-30 09:13:01+02;1299
2016-07-30 09:56:01+02;1259
2016-07-30 12:32:01+02;1279
2016-07-30 13:15:01+02;1259
2016-07-30 14:27:01+02;1249
2016-07-30 23:02:01+02;1309
2016-07-31 05:15:01+02;1259
2016-07-31 09:11:01+02;1249
2016-07-31 12:32:01+02;1269
2016-07-31 13:15:01+02;1249
2016-07-31 16:40:02+02;1249
2016-07-31 23:02:01+02;1309
2016-08-01 06:44:01+02;1299
2016-08-01 07:27:01+02;1229
2016-08-01 08:11:01+02;1229
2016-08-01 12:35:01+02;1249
2016-08-01 13:15:01+02;1249
2016-08-01 23:03:01+02;1309
2016-08-02 07:13:01+02;1299
2016-08-02 07:27:01+02;1249
2016-08-02 11:20:01+02;1239
2016-08-02 12:32:01+02;1259
2016-08-02 13:21:01+02;1239
2016-08-02 23:03:01+02;1309
2016-08-03 06:44:01+02;1299
2016-08-03 07:27:01+02;1239
2016-08-03 12:33:01+02;1259
2016-08-03 13:21:01+02;1239
2016-08-03 23:02:01+02;1309
2016-08-04 06:57:01+02;1279
2016-08-04 07:31:01+02;1239
2016-08-04 10:56:01+02;1239
2016-08-04 12:32:01+02;1259
2016-08-04 13:15:01+02;1239
2016-08-04 23:03:01+02;1319
2016-08-05 05:17:01+02;1309
2016-08-05 07:13:01+02;1289
2016-08-05 07:28:01+02;1249
2016-08-05 12:32:01+02;1269
2016-08-05 13:13:01+02;1249
2016-08-05 23:02:01+02;1329
2016-08-06 05:15:01+02;1309
2016-08-06 07:15:01+02;1289
2016-08-06 08:56:01+02;1249
2016-08-06 10:42:01+02;1229
2016-08-06 12:32:01+02;1249
2016-08-06 13:15:01+02;1239
2016-08-06 14:15:01+02;1239
2016-08-06 23:02:01+02;1319
2016-08-07 05:15:01+02;1309
2016-08-07 07:13:01+02;1289
2016-08-07 12:32:01+02;1309
2016-08-07 13:15:01+02;1269
2016-08-07 16:11:01+02;1249
2016-08-07 17:59:02+02;1239
2016-08-07 19:25:01+02;1239
2016-08-07 23:02:01+02;1319
2016-08-08 05:15:01+02;1309
2016-08-08 06:31:01+02;1289
2016-08-08 07:27:01+02;1239
2016-08-08 08:41:01+02;1239
2016-08-08 12:33:01+02;1259
2016-08-08 13:15:01+02;1239
2016-08-08 23:02:01+02;1319
2016-08-09 05:16:01+02;1319
2016-08-09 07:19:01+02;1299
2016-08-09 07:28:01+02;1239
2016-08-09 10:28:01+02;1229
2016-08-09 12:32:01+02;1249
2016-08-09 13:20:01+02;1239
2016-08-09 14:16:01+02;1239
2016-08-09 23:02:02+02;1319
2016-08-10 05:16:01+02;1319
2016-08-10 06:42:01+02;1299
2016-08-10 07:28:01+02;1239
2016-08-10 10:13:01+02;1239
2016-08-10 12:33:01+02;1259
2016-08-10 13:15:01+02;1239
2016-08-10 14:11:01+02;1239
2016-08-10 23:03:01+02;1319
2016-08-11 05:13:01+02;1319
2016-08-11 06:31:01+02;1299
2016-08-11 07:27:02+02;1239
2016-08-11 08:41:01+02;1239
2016-08-11 10:43:01+02;1229
2016-08-11 12:33:01+02;1249
2016-08-11 13:15:01+02;1239
2016-08-11 23:02:01+02;1319
2016-08-12 05:15:01+02;1319
2016-08-12 06:31:01+02;1309
2016-08-12 06:59:01+02;1239
2016-08-12 12:33:01+02;1259
2016-08-12 13:15:01+02;1249
2016-08-12 23:03:01+02;1329
2016-08-13 05:13:01+02;1319
2016-08-13 06:31:01+02;1319
2016-08-13 07:27:01+02;1299
2016-08-13 10:57:01+02;1279
2016-08-13 12:32:01+02;1299
2016-08-13 13:13:01+02;1279
2016-08-13 13:43:01+02;1249
2016-08-13 23:02:01+02;1329
2016-08-14 05:19:01+02;1319
2016-08-14 07:12:01+02;1299
2016-08-14 12:32:01+02;1319
2016-08-14 13:15:02+02;1299
2016-08-14 14:42:01+02;1259
2016-08-14 16:57:01+02;1259
2016-08-14 17:12:01+02;1249
2016-08-14 23:02:01+02;1329
2016-08-15 05:15:02+02;1319
2016-08-15 06:31:01+02;1299
2016-08-15 07:27:01+02;1249
2016-08-15 12:33:01+02;1269
2016-08-15 13:12:01+02;1249
2016-08-15 23:02:01+02;1329
2016-08-16 05:19:01+02;1319
2016-08-16 07:00:01+02;1299
2016-08-16 07:27:01+02;1249
2016-08-16 12:35:01+02;1269
2016-08-16 13:21:01+02;1249
2016-08-16 23:03:01+02;1329
2016-08-17 05:16:01+02;1319
2016-08-17 06:43:01+02;1299
2016-08-17 07:31:01+02;1249
2016-08-17 12:33:01+02;1269
2016-08-17 13:15:02+02;1269
2016-08-17 23:03:01+02;1349
2016-08-18 05:19:01+02;1329
2016-08-18 06:56:01+02;1299
2016-08-18 07:29:01+02;1269
2016-08-18 12:33:01+02;1289
2016-08-18 13:20:01+02;1269
2016-08-18 23:02:01+02;1349
2016-08-19 05:17:01+02;1329
2016-08-19 06:56:01+02;1299
2016-08-19 07:27:02+02;1269
2016-08-19 12:33:01+02;1289
2016-08-19 13:15:01+02;1269
2016-08-19 23:02:01+02;1349
2016-08-20 05:16:01+02;1329
2016-08-20 07:13:01+02;1319
2016-08-20 09:43:01+02;1279
2016-08-20 11:27:01+02;1269
2016-08-20 11:59:01+02;1269
2016-08-20 12:35:01+02;1289
2016-08-20 13:20:01+02;1269
2016-08-20 15:57:01+02;1259
2016-08-20 17:11:01+02;1259
2016-08-20 19:56:01+02;1259
2016-08-20 23:02:01+02;1339
2016-08-21 05:13:01+02;1329
2016-08-21 07:27:01+02;1319
2016-08-21 08:43:01+02;1269
2016-08-21 12:32:01+02;1289
2016-08-21 13:19:01+02;1269
2016-08-21 17:41:01+02;1259
2016-08-21 19:19:01+02;1259
2016-08-21 23:03:01+02;1339
2016-08-22 05:17:02+02;1329
2016-08-22 06:41:01+02;1319
2016-08-22 07:31:01+02;1259
2016-08-22 08:27:01+02;1259
2016-08-22 12:32:01+02;1279
2016-08-22 13:20:01+02;1269
2016-08-22 23:03:01+02;1359
2016-08-23 05:15:01+02;1329
2016-08-23 07:27:01+02;1269
2016-08-23 10:15:01+02;1269
2016-08-23 11:20:01+02;1259
2016-08-23 12:33:02+02;1279
2016-08-23 13:20:01+02;1269
2016-08-23 23:03:01+02;1359
2016-08-24 05:13:01+02;1329
2016-08-24 07:27:01+02;1269
2016-08-24 12:32:01+02;1289
2016-08-24 13:21:01+02;1269
2016-08-24 23:02:01+02;1359
2016-08-25 05:19:01+02;1329
2016-08-25 07:27:01+02;1269
2016-08-25 11:17:01+02;1259
2016-08-25 12:32:01+02;1279
2016-08-25 13:15:01+02;1269
2016-08-25 23:02:01+02;1359
2016-08-26 05:21:01+02;1329
2016-08-26 07:31:01+02;1269
2016-08-26 12:32:01+02;1289
2016-08-26 13:19:01+02;1269
2016-08-26 23:03:01+02;1359
2016-08-27 05:17:01+02;1329
2016-08-27 07:15:01+02;1329
2016-08-27 09:13:01+02;1269
2016-08-27 12:33:01+02;1289
2016-08-27 13:19:01+02;1269
2016-08-27 14:15:01+02;1269
2016-08-27 23:02:01+02;1359
2016-08-28 05:19:01+02;1329
2016-08-28 08:15:01+02;1329
2016-08-28 09:15:01+02;1269
2016-08-28 11:42:01+02;1269
2016-08-28 12:32:01+02;1289
2016-08-28 13:19:01+02;1269
2016-08-28 14:15:01+02;1269
2016-08-28 23:02:01+02;1359
2016-08-29 05:15:01+02;1329
2016-08-29 06:41:01+02;1329
2016-08-29 07:29:01+02;1269
2016-08-29 08:41:01+02;1269
2016-08-29 12:35:01+02;1289
2016-08-29 13:13:01+02;1269
2016-08-29 14:12:01+02;1269
2016-08-29 23:03:01+02;1359
2016-08-30 05:12:01+02;1329
2016-08-30 07:27:01+02;1269
2016-08-30 08:42:01+02;1269
2016-08-30 12:32:01+02;1289
2016-08-30 13:19:01+02;1279
2016-08-30 22:37:01+02;1369
2016-08-31 05:15:01+02;1329
2016-08-31 06:43:01+02;1329
2016-08-31 07:27:01+02;1279
2016-08-31 11:19:01+02;1259
2016-08-31 12:33:01+02;1279
2016-08-31 13:20:01+02;1259
2016-08-31 14:16:01+02;1259
2016-08-31 23:03:01+02;1349
2016-09-01 05:15:01+02;1329
2016-09-01 06:37:01+02;1329
2016-09-01 07:29:01+02;1259
2016-09-01 08:26:01+02;1259
2016-09-01 09:41:01+02;1259
2016-09-01 12:32:01+02;1279
2016-09-01 13:13:01+02;1259
2016-09-01 14:12:01+02;1259
2016-09-01 23:03:01+02;1349
2016-09-02 05:17:01+02;1329
2016-09-02 06:42:01+02;1329
2016-09-02 07:28:01+02;1259
2016-09-02 08:43:01+02;1259
2016-09-02 12:34:01+02;1279
2016-09-02 13:19:01+02;1259
2016-09-02 23:02:01+02;1349
2016-09-03 05:12:01+02;1319
2016-09-03 07:25:01+02;1299
2016-09-03 09:42:01+02;1289
2016-09-03 12:33:01+02;1309
2016-09-03 13:19:01+02;1289
2016-09-03 14:13:01+02;1279
2016-09-03 16:12:01+02;1279
2016-09-03 17:27:01+02;1259
2016-09-03 23:02:01+02;1349
2016-09-04 05:16:01+02;1329
2016-09-04 08:13:01+02;1299
2016-09-04 08:43:01+02;1269
2016-09-04 12:33:01+02;1289
2016-09-04 13:18:01+02;1269
2016-09-04 17:11:01+02;1259
2016-09-04 23:02:01+02;1349
2016-09-05 05:13:01+02;1329
2016-09-05 06:41:01+02;1299
2016-09-05 07:25:01+02;1239
2016-09-05 08:26:01+02;1239
2016-09-05 12:32:01+02;1259
2016-09-05 13:15:01+02;1239
2016-09-05 23:03:01+02;1329
2016-09-06 05:13:01+02;1329
2016-09-06 06:43:01+02;1299
2016-09-06 07:26:01+02;1259
2016-09-06 12:32:01+02;1279
2016-09-06 13:16:01+02;1259
2016-09-06 23:02:01+02;1349
2016-09-07 05:17:31+02;1329
2016-09-07 06:44:31+02;1299
2016-09-07 07:27:31+02;1259
2016-09-07 11:22:31+02;1239
2016-09-07 12:31:32+02;1259
2016-09-07 13:17:31+02;1239
2016-09-07 14:12:31+02;1239
2016-09-07 23:01:31+02;1329
2016-09-08 05:15:31+02;1329
2016-09-08 06:44:31+02;1299
2016-09-08 07:27:31+02;1299
2016-09-08 09:13:31+02;1259
2016-09-08 12:32:31+02;1279
2016-09-08 13:20:31+02;1259
2016-09-08 23:01:31+02;1349
2016-09-09 05:15:31+02;1329
2016-09-09 06:41:31+02;1299
2016-09-09 07:25:32+02;1259
2016-09-09 11:12:31+02;1259
2016-09-09 12:31:31+02;1279
2016-09-09 13:19:31+02;1269
2016-09-09 14:12:31+02;1269
2016-09-09 23:01:31+02;1359
2016-09-10 05:14:31+02;1329
2016-09-10 07:25:31+02;1299
2016-09-10 12:31:31+02;1319
2016-09-10 13:13:31+02;1269
2016-09-10 14:11:31+02;1269
2016-09-10 14:42:31+02;1269
2016-09-10 23:01:31+02;1359
2016-09-11 05:15:31+02;1329
2016-09-11 07:13:31+02;1299
2016-09-11 12:31:31+02;1319
2016-09-11 13:19:31+02;1299
2016-09-11 16:12:31+02;1289
2016-09-11 18:12:31+02;1289
2016-09-11 23:01:31+02;1379
2016-09-12 05:12:31+02;1329
2016-09-12 06:42:31+02;1299
2016-09-12 07:26:31+02;1269
2016-09-12 08:39:31+02;1269
2016-09-12 12:33:31+02;1289
2016-09-12 13:13:31+02;1269
2016-09-12 14:10:31+02;1269
2016-09-12 23:02:31+02;1369
2016-09-13 05:12:31+02;1329
2016-09-13 06:43:31+02;1319
2016-09-13 07:28:31+02;1269
2016-09-13 09:40:31+02;1269
2016-09-13 10:41:31+02;1259
2016-09-13 11:54:31+02;1259
2016-09-13 12:31:31+02;1279
2016-09-13 13:13:31+02;1259
2016-09-13 14:11:31+02;1259
2016-09-13 23:01:31+02;1349
2016-09-14 05:13:31+02;1329
2016-09-14 07:15:31+02;1319
2016-09-14 07:27:31+02;1269
2016-09-14 08:42:31+02;1269
2016-09-14 10:25:31+02;1259
2016-09-14 11:56:31+02;1259
2016-09-14 12:32:31+02;1279
2016-09-14 13:19:31+02;1269
2016-09-14 14:13:31+02;1269
2016-09-14 17:57:32+02;1269
2016-09-14 23:01:31+02;1359
2016-09-15 05:14:31+02;1329
2016-09-15 06:41:31+02;1319
2016-09-15 07:26:31+02;1269
2016-09-15 08:40:31+02;1269
2016-09-15 11:17:31+02;1259
2016-09-15 12:31:31+02;1279
2016-09-15 13:13:31+02;1259
2016-09-15 13:48:31+02;1259
2016-09-15 14:10:31+02;1259
2016-09-15 15:17:31+02;1259
2016-09-15 16:35:31+02;1259
2016-09-15 17:50:31+02;1259
2016-09-15 19:05:31+02;1259
2016-09-15 19:45:31+02;1259
2016-09-15 23:02:31+02;1349
2016-09-16 05:14:31+02;1329
2016-09-16 06:44:31+02;1319
2016-09-16 07:25:31+02;1259
2016-09-16 08:40:31+02;1259
2016-09-16 10:45:31+02;1259
2016-09-16 12:31:31+02;1279
2016-09-16 13:13:31+02;1259
2016-09-16 14:14:31+02;1259
2016-09-16 23:01:31+02;1349
2016-09-17 05:14:31+02;1329
2016-09-17 07:13:31+02;1319
2016-09-17 09:42:31+02;1299
2016-09-17 10:14:31+02;1269
2016-09-17 11:41:32+02;1269
2016-09-17 12:31:31+02;1289
2016-09-17 13:13:31+02;1269
2016-09-17 13:56:31+02;1269
2016-09-17 14:25:32+02;1269
2016-09-17 23:01:31+02;1359
2016-09-18 05:14:31+02;1329
2016-09-18 07:09:31+02;1319
2016-09-18 10:41:31+02;1299
2016-09-18 11:41:31+02;1269
2016-09-18 12:33:31+02;1289
2016-09-18 13:19:31+02;1269
2016-09-18 14:12:31+02;1269
2016-09-18 14:54:31+02;1269
2016-09-18 16:15:31+02;1269
2016-09-18 17:32:31+02;1269
2016-09-18 18:44:31+02;1269
2016-09-18 19:30:31+02;1269
2016-09-18 23:01:31+02;1359
2016-09-19 05:15:31+02;1329
2016-09-19 06:42:31+02;1319
2016-09-19 07:29:31+02;1259
2016-09-19 08:41:31+02;1259
2016-09-19 10:11:31+02;1259
2016-09-19 12:32:31+02;1279
2016-09-19 13:17:31+02;1259
2016-09-19 14:12:31+02;1259
2016-09-19 23:01:32+02;1349
2016-09-20 05:14:31+02;1329
2016-09-20 06:43:31+02;1319
2016-09-20 07:27:31+02;1259
2016-09-20 08:41:31+02;1259
2016-09-20 12:31:31+02;1279
2016-09-20 13:12:31+02;1269
2016-09-20 14:11:31+02;1269
2016-09-20 23:01:31+02;1349
2016-09-21 05:15:31+02;1329
2016-09-21 06:44:31+02;1319
2016-09-21 07:25:31+02;1269
2016-09-21 08:42:31+02;1269
2016-09-21 11:18:31+02;1259
2016-09-21 12:32:31+02;1279
2016-09-21 13:14:31+02;1259
2016-09-21 14:11:31+02;1259
2016-09-21 23:01:31+02;1349
2016-09-22 05:15:31+02;1329
2016-09-22 06:42:31+02;1319
2016-09-22 07:25:31+02;1259
2016-09-22 08:40:31+02;1259
2016-09-22 12:31:31+02;1279
2016-09-22 13:12:31+02;1259
2016-09-22 14:10:31+02;1259
2016-09-22 23:01:31+02;1349
2016-09-23 05:14:31+02;1329
2016-09-23 06:41:31+02;1319
2016-09-23 07:25:31+02;1259
2016-09-23 08:42:31+02;1259
2016-09-23 12:33:31+02;1279
2016-09-23 13:18:31+02;1259
2016-09-23 14:13:31+02;1259
2016-09-23 23:01:31+02;1349
2016-09-24 05:17:31+02;1329
2016-09-24 07:26:31+02;1319
2016-09-24 09:41:31+02;1289
2016-09-24 10:25:31+02;1269
2016-09-24 12:31:31+02;1289
2016-09-24 13:19:31+02;1269
2016-09-24 14:42:31+02;1269
2016-09-24 23:01:31+02;1349
2016-09-25 05:15:31+02;1329
2016-09-25 07:13:31+02;1319
2016-09-25 10:43:31+02;1289
2016-09-25 12:31:31+02;1309
2016-09-25 13:21:31+02;1289
2016-09-25 16:25:31+02;1279
2016-09-25 23:01:31+02;1359
2016-09-26 05:15:31+02;1329
2016-09-26 06:41:31+02;1319
2016-09-26 07:28:31+02;1259
2016-09-26 08:41:31+02;1259
2016-09-26 12:32:31+02;1279
2016-09-26 13:20:31+02;1259
2016-09-26 14:12:31+02;1259
2016-09-26 23:01:31+02;1349
2016-09-27 05:13:31+02;1329
2016-09-27 06:44:31+02;1319
2016-09-27 07:26:31+02;1259
2016-09-27 09:40:31+02;1259
2016-09-27 10:25:31+02;1259
2016-09-27 12:31:31+02;1279
2016-09-27 13:13:31+02;1259
2016-09-27 14:10:31+02;1259
2016-09-27 23:01:31+02;1349
2016-09-28 05:15:31+02;1329
2016-09-28 06:42:31+02;1329
2016-09-28 06:56:31+02;1319
2016-09-28 07:11:31+02;1309
2016-09-28 07:29:31+02;1259
2016-09-28 08:41:31+02;1259
2016-09-28 11:15:31+02;1249
2016-09-28 12:31:31+02;1269
2016-09-28 13:12:31+02;1249
2016-09-28 14:11:31+02;1249
2016-09-28 23:02:31+02;1339
2016-09-29 05:16:31+02;1329
2016-09-29 06:42:31+02;1319
2016-09-29 07:26:31+02;1249
2016-09-29 08:40:31+02;1249
2016-09-29 09:39:31+02;1249
2016-09-29 12:33:31+02;1269
2016-09-29 13:16:31+02;1259
2016-09-29 14:10:31+02;1259
2016-09-29 23:01:31+02;1349
2016-09-30 05:19:31+02;1329
2016-09-30 07:12:31+02;1319
2016-09-30 07:26:31+02;1259
2016-09-30 08:42:31+02;1259
2016-09-30 12:32:31+02;1279
2016-09-30 13:19:31+02;1269
2016-09-30 14:13:31+02;1269
2016-09-30 23:01:31+02;1359
2016-10-01 05:17:31+02;1329
2016-10-01 09:34:31+02;1309
2016-10-01 09:56:31+02;1289
2016-10-01 12:31:31+02;1309
2016-10-01 13:18:31+02;1289
2016-10-01 23:01:31+02;1379
2016-10-02 05:14:31+02;1329
2016-10-02 09:40:31+02;1289
2016-10-02 12:31:31+02;1309
2016-10-02 13:16:31+02;1289
2016-10-02 23:01:31+02;1379
2016-10-03 05:14:31+02;1329
2016-10-03 07:26:31+02;1269
2016-10-03 08:41:31+02;1269
2016-10-03 12:31:31+02;1289
2016-10-03 13:12:31+02;1269
2016-10-03 14:10:31+02;1269
2016-10-03 23:01:32+02;1359
2016-10-04 05:15:31+02;1329
2016-10-04 07:29:31+02;1269
2016-10-04 09:02:31+02;1269
2016-10-04 12:32:31+02;1289
2016-10-04 13:13:31+02;1279
2016-10-04 23:02:31+02;1369
2016-10-05 05:15:31+02;1329
2016-10-05 07:12:31+02;1279
2016-10-05 12:31:31+02;1299
2016-10-05 13:18:31+02;1289
2016-10-05 14:13:31+02;1289
2016-10-05 23:02:31+02;1379
2016-10-06 05:15:31+02;1329
2016-10-06 07:27:31+02;1289
2016-10-06 08:43:31+02;1289
2016-10-06 12:31:31+02;1309
2016-10-06 13:18:31+02;1289
2016-10-06 14:12:31+02;1289
2016-10-06 23:01:31+02;1379
2016-10-07 05:16:31+02;1339
2016-10-07 07:27:31+02;1289
2016-10-07 08:41:31+02;1289
2016-10-07 12:31:31+02;1309
2016-10-07 13:19:31+02;1289
2016-10-07 14:13:31+02;1289
2016-10-07 23:01:31+02;1379
2016-10-08 05:12:31+02;1339
2016-10-08 07:29:31+02;1289
2016-10-08 08:41:31+02;1289
2016-10-08 12:32:31+02;1309
2016-10-08 13:20:31+02;1289
2016-10-08 14:12:31+02;1289
2016-10-08 23:01:31+02;1379
2016-10-09 05:12:31+02;1339
2016-10-09 09:12:31+02;1289
2016-10-09 10:25:31+02;1289
2016-10-09 12:31:31+02;1309
2016-10-09 13:19:31+02;1289
2016-10-09 14:13:31+02;1289
2016-10-09 23:01:31+02;1379
2016-10-10 05:15:31+02;1339
2016-10-10 07:27:32+02;1289
2016-10-10 08:41:31+02;1289
2016-10-10 12:32:31+02;1309
2016-10-10 13:19:31+02;1299
2016-10-10 14:16:32+02;1299
2016-10-10 23:01:31+02;1389
2016-10-11 05:13:31+02;1339
2016-10-11 07:26:32+02;1299
2016-10-11 08:41:31+02;1299
2016-10-11 12:32:31+02;1319
2016-10-11 13:14:31+02;1299
2016-10-11 14:12:31+02;1299
2016-10-11 23:01:31+02;1389
2016-10-12 05:13:31+02;1369
2016-10-12 07:25:31+02;1299
2016-10-12 08:41:31+02;1299
2016-10-12 12:31:31+02;1319
2016-10-12 13:12:31+02;1299
2016-10-12 14:10:31+02;1299
2016-10-12 23:01:31+02;1389
2016-10-13 05:18:31+02;1369
2016-10-13 07:27:31+02;1299
2016-10-13 08:41:31+02;1299
2016-10-13 11:14:31+02;1279
2016-10-13 12:11:31+02;1279
2016-10-13 12:32:31+02;1299
2016-10-13 13:20:31+02;1279
2016-10-13 14:12:31+02;1279
2016-10-13 23:02:31+02;1369
2016-10-14 05:18:31+02;1369
2016-10-14 07:27:31+02;1279
2016-10-14 08:41:31+02;1279
2016-10-14 09:41:32+02;1279
2016-10-14 12:31:31+02;1299
2016-10-14 13:18:31+02;1279
2016-10-14 14:12:31+02;1279
2016-10-14 23:02:31+02;1369
2016-10-15 15:50:07+02;1279
2016-10-15 23:02:31+02;1369
2016-10-16 05:15:31+02;1369
2016-10-16 08:41:31+02;1299
2016-10-16 12:31:31+02;1319
2016-10-16 13:13:31+02;1299
2016-10-16 23:02:31+02;1389
2016-10-17 05:17:31+02;1369
2016-10-17 07:28:31+02;1279
2016-10-17 08:41:31+02;1279
2016-10-17 10:11:31+02;1279
2016-10-17 12:31:31+02;1299
2016-10-17 13:19:31+02;1279
2016-10-17 14:12:31+02;1279
2016-10-17 23:01:31+02;1369
2016-10-18 05:13:31+02;1369
2016-10-18 07:11:31+02;1279
2016-10-18 08:25:31+02;1279
2016-10-18 10:11:31+02;1279
2016-10-18 12:31:31+02;1299
2016-10-18 13:18:31+02;1279
2016-10-18 14:13:31+02;1279
2016-10-18 23:01:31+02;1349
2016-10-19 06:55:31+02;1319
2016-10-19 07:27:31+02;1279
2016-10-19 08:42:31+02;1279
2016-10-19 12:31:31+02;1299
2016-10-19 13:19:31+02;1279
2016-10-19 14:13:31+02;1279
2016-10-19 22:32:31+02;1369
2016-10-20 05:18:31+02;1369
2016-10-20 06:56:31+02;1319
2016-10-20 07:28:31+02;1279
2016-10-20 08:40:31+02;1279
2016-10-20 12:32:31+02;1299
2016-10-20 13:13:31+02;1289
2016-10-20 14:10:31+02;1289
2016-10-20 23:01:31+02;1379
2016-10-21 05:14:31+02;1369
2016-10-21 06:55:31+02;1319
2016-10-21 07:26:31+02;1289
2016-10-21 08:42:31+02;1289
2016-10-21 11:13:31+02;1289
2016-10-21 12:32:31+02;1309
2016-10-21 13:13:32+02;1289
2016-10-21 14:11:31+02;1289
2016-10-21 23:01:31+02;1379
2016-10-22 05:15:31+02;1369
2016-10-22 07:26:31+02;1289
2016-10-22 08:41:31+02;1289
2016-10-22 11:14:31+02;1279
2016-10-22 12:32:31+02;1299
2016-10-22 13:19:31+02;1279
2016-10-22 14:13:31+02;1279
2016-10-22 23:01:31+02;1369
2016-10-23 05:16:31+02;1369
2016-10-23 08:14:31+02;1349
2016-10-23 08:54:31+02;1299
2016-10-23 12:31:31+02;1319
2016-10-23 13:12:31+02;1299
2016-10-23 23:01:31+02;1389
2016-10-24 05:16:31+02;1369
2016-10-24 07:27:31+02;1279
2016-10-24 08:42:31+02;1279
2016-10-24 12:32:31+02;1299
2016-10-24 13:13:31+02;1289
2016-10-24 14:11:31+02;1289
2016-10-24 23:02:31+02;1379
2016-10-25 05:15:31+02;1369
2016-10-25 07:26:31+02;1289
2016-10-25 08:42:31+02;1289
2016-10-25 12:31:31+02;1309
2016-10-25 13:16:31+02;1289
2016-10-25 14:11:31+02;1289
2016-10-25 23:01:31+02;1379
2016-10-26 05:17:31+02;1369
2016-10-26 07:26:31+02;1289
2016-10-26 08:43:31+02;1289
2016-10-26 12:33:31+02;1309
2016-10-26 13:12:31+02;1289
2016-10-26 14:10:31+02;1289
2016-10-26 23:01:31+02;1379
2016-10-27 05:17:31+02;1369
2016-10-27 07:25:31+02;1289
2016-10-27 08:40:31+02;1289
2016-10-27 11:13:31+02;1279
2016-10-27 12:31:31+02;1299
2016-10-27 13:20:31+02;1279
2016-10-27 14:11:31+02;1279
2016-10-27 23:01:31+02;1369
2016-10-28 05:18:31+02;1369
2016-10-28 06:42:31+02;1319
2016-10-28 07:25:31+02;1279
2016-10-28 08:26:31+02;1279
2016-10-28 12:31:31+02;1299
2016-10-28 13:14:31+02;1279
2016-10-28 14:11:31+02;1279
2016-10-28 23:02:31+02;1369
2016-10-29 05:11:31+02;1369
2016-10-29 07:25:31+02;1279
2016-10-29 08:41:31+02;1279
2016-10-29 12:32:31+02;1299
2016-10-29 13:12:31+02;1279
2016-10-29 13:41:31+02;1269
2016-10-29 14:12:31+02;1269
2016-10-29 14:26:32+02;1269
2016-10-29 23:01:31+02;1359
2016-10-30 05:15:31+01;1359
2016-10-30 08:55:31+01;1309
2016-10-30 09:29:31+01;1299
2016-10-30 10:55:31+01;1289
2016-10-30 12:32:31+01;1309
2016-10-30 13:14:32+01;1289
2016-10-30 23:01:31+01;1379
2016-10-31 05:13:31+01;1369
2016-10-31 07:25:31+01;1269
2016-10-31 08:41:31+01;1269
2016-10-31 09:40:31+01;1269
2016-10-31 12:31:31+01;1289
2016-10-31 13:15:31+01;1279
2016-10-31 14:14:31+01;1279
2016-10-31 23:05:31+01;1369
2016-11-01 05:14:31+01;1369
2016-11-01 06:43:31+01;1359
2016-11-01 07:26:31+01;1279
2016-11-01 08:42:31+01;1279
2016-11-01 10:55:31+01;1269
2016-11-01 12:10:31+01;1269
2016-11-01 12:31:31+01;1289
2016-11-01 13:19:31+01;1269
2016-11-01 14:12:31+01;1269
2016-11-01 23:01:31+01;1359
2016-11-02 05:14:31+01;1359
2016-11-02 07:26:31+01;1269
2016-11-02 08:42:31+01;1269
2016-11-02 12:33:31+01;1289
2016-11-02 13:18:31+01;1279
2016-11-02 14:12:31+01;1279
2016-11-02 23:01:31+01;1369
2016-11-03 05:16:31+01;1369
2016-11-03 05:58:31+01;1359
2016-11-03 06:33:31+01;1299
2016-11-03 07:27:31+01;1279
2016-11-03 08:41:31+01;1279
2016-11-03 11:15:31+01;1269
2016-11-03 12:32:31+01;1289
2016-11-03 13:12:31+01;1269
2016-11-03 23:02:31+01;1359
2016-11-04 05:16:31+01;1359
2016-11-04 07:11:31+01;1349
2016-11-04 07:26:31+01;1269
2016-11-04 08:56:31+01;1269
2016-11-04 12:31:31+01;1289
2016-11-04 13:20:31+01;1269
2016-11-04 14:12:31+01;1269
2016-11-04 23:01:32+01;1359
2016-11-05 05:13:31+01;1349
2016-11-05 07:25:31+01;1269
2016-11-05 08:41:31+01;1269
2016-11-05 12:33:31+01;1289
2016-11-05 13:18:31+01;1269
2016-11-05 23:02:31+01;1359
2016-11-06 05:14:31+01;1349
2016-11-06 09:40:31+01;1319
2016-11-06 12:31:31+01;1339
2016-11-06 13:13:31+01;1319
2016-11-06 15:40:31+01;1299
2016-11-06 18:24:31+01;1289
2016-11-06 23:01:31+01;1379
2016-11-07 05:16:31+01;1349
2016-11-07 06:43:31+01;1349
2016-11-07 07:27:31+01;1269
2016-11-07 08:41:31+01;1269
2016-11-07 12:34:31+01;1289
2016-11-07 13:15:31+01;1269
2016-11-07 23:01:31+01;1359
2016-11-08 05:14:31+01;1349
2016-11-08 07:27:31+01;1269
2016-11-08 08:40:31+01;1269
2016-11-08 12:31:31+01;1289
2016-11-08 13:19:31+01;1269
2016-11-08 14:42:31+01;1259
2016-11-08 15:56:31+01;1249
2016-11-08 22:42:31+01;1339
2016-11-09 05:11:31+01;1339
2016-11-09 07:25:31+01;1269
2016-11-09 12:31:31+01;1289
2016-11-09 13:13:31+01;1269
2016-11-09 23:01:31+01;1359
2016-11-10 05:12:31+01;1339
2016-11-10 07:24:31+01;1269
2016-11-10 12:31:31+01;1289
2016-11-10 13:15:31+01;1269
2016-11-10 18:25:31+01;1259
2016-11-10 23:02:31+01;1349
2016-11-11 05:12:31+01;1339
2016-11-11 07:26:31+01;1269
2016-11-11 12:31:31+01;1289
2016-11-11 13:14:31+01;1269
2016-11-11 23:01:31+01;1359
2016-11-12 05:12:31+01;1339
2016-11-12 07:24:31+01;1269
2016-11-12 12:31:31+01;1289
2016-11-12 13:14:31+01;1269
2016-11-12 23:01:31+01;1359
2016-11-13 05:10:31+01;1339
2016-11-13 08:10:31+01;1329
2016-11-13 09:40:31+01;1289
2016-11-13 12:35:31+01;1309
2016-11-13 13:15:31+01;1289
2016-11-13 18:25:31+01;1279
2016-11-13 23:02:31+01;1359
2016-11-14 05:10:31+01;1339
2016-11-14 07:09:31+01;1329
2016-11-14 07:25:31+01;1269
2016-11-14 12:32:31+01;1289
2016-11-14 13:11:31+01;1269
2016-11-14 14:41:31+01;1259
2016-11-14 18:27:31+01;1249
2016-11-14 23:01:31+01;1339
2016-11-15 05:12:31+01;1339
2016-11-15 07:12:32+01;1319
2016-11-15 07:26:31+01;1259
2016-11-15 12:33:31+01;1279
2016-11-15 13:12:31+01;1259
2016-11-15 23:01:31+01;1349
2016-11-16 05:13:31+01;1329
2016-11-16 06:30:31+01;1289
2016-11-16 07:27:31+01;1259
2016-11-16 12:32:31+01;1279
2016-11-16 13:13:31+01;1259
2016-11-16 14:26:31+01;1249
2016-11-16 14:40:31+01;1239
2016-11-16 23:01:31+01;1329
2016-11-17 05:11:31+01;1329
2016-11-17 06:40:31+01;1319
2016-11-17 07:26:31+01;1259
2016-11-17 10:56:31+01;1259
2016-11-17 12:33:31+01;1289
2016-11-17 13:14:31+01;1269
2016-11-17 23:01:31+01;1359
2016-11-18 05:12:31+01;1339
2016-11-18 05:41:31+01;1319
2016-11-18 06:28:31+01;1279
2016-11-18 07:25:31+01;1269
2016-11-18 12:32:31+01;1289
2016-11-18 13:15:31+01;1269
2016-11-18 14:11:31+01;1269
2016-11-18 23:01:31+01;1359
2016-11-19 05:11:31+01;1339
2016-11-19 07:24:31+01;1269
2016-11-19 08:41:31+01;1269
2016-11-19 12:31:31+01;1289
2016-11-19 13:15:31+01;1269
2016-11-19 23:01:31+01;1359
2016-11-20 05:10:31+01;1309
2016-11-20 06:26:31+01;1299
2016-11-20 08:41:31+01;1289
2016-11-20 12:31:31+01;1309
2016-11-20 13:12:31+01;1289
2016-11-20 19:24:31+01;1279
2016-11-20 23:01:31+01;1359
2016-11-21 05:11:31+01;1349
2016-11-21 06:39:31+01;1329
2016-11-21 07:09:32+01;1289
2016-11-21 07:27:31+01;1269
2016-11-21 12:31:32+01;1289
2016-11-21 13:12:31+01;1269
2016-11-21 23:01:31+01;1359
2016-11-22 05:14:31+01;1349
2016-11-22 06:40:31+01;1329
2016-11-22 07:25:31+01;1329
2016-11-22 09:29:31+01;1289
2016-11-22 11:12:31+01;1269
2016-11-22 11:56:31+01;1269
2016-11-22 12:33:31+01;1289
2016-11-22 13:12:31+01;1269
2016-11-22 14:10:31+01;1269
2016-11-22 22:36:31+01;1359
2016-11-23 05:13:31+01;1339
2016-11-23 07:26:31+01;1269
2016-11-23 08:25:31+01;1269
2016-11-23 12:31:31+01;1289
2016-11-23 13:14:31+01;1279
2016-11-23 14:10:31+01;1279
2016-11-23 23:01:31+01;1369
2016-11-24 05:12:31+01;1359
2016-11-24 06:40:31+01;1339
2016-11-24 07:26:31+01;1279
2016-11-24 08:24:31+01;1279
2016-11-24 10:25:31+01;1269
2016-11-24 11:55:32+01;1269
2016-11-24 12:31:31+01;1289
2016-11-24 13:15:31+01;1279
2016-11-24 14:11:31+01;1279
2016-11-24 23:02:31+01;1369
2016-11-25 05:12:31+01;1359
2016-11-25 06:41:31+01;1349
2016-11-25 07:25:31+01;1279
2016-11-25 08:26:31+01;1279
2016-11-25 12:31:31+01;1299
2016-11-25 13:14:31+01;1279
2016-11-25 14:10:31+01;1279
2016-11-25 23:01:31+01;1369
2016-11-26 05:11:31+01;1359
2016-11-26 07:25:31+01;1279
2016-11-26 08:26:31+01;1279
2016-11-26 12:31:31+01;1299
2016-11-26 13:14:31+01;1279
2016-11-26 14:10:31+01;1279
2016-11-26 23:01:31+01;1369
2016-11-27 05:11:31+01;1359
2016-11-27 08:11:31+01;1349
2016-11-27 09:40:31+01;1299
2016-11-27 10:25:31+01;1299
2016-11-27 12:33:31+01;1319
2016-11-27 13:12:31+01;1299
2016-11-27 23:01:32+01;1389
2016-11-28 05:13:31+01;1359
2016-11-28 06:41:31+01;1349
2016-11-28 07:25:31+01;1279
2016-11-28 08:24:31+01;1279
2016-11-28 09:26:31+01;1269
2016-11-28 09:55:31+01;1259
2016-11-28 11:27:31+01;1259
2016-11-28 12:33:31+01;1279
2016-11-28 13:13:31+01;1269
2016-11-28 23:01:32+01;1359
2016-11-29 05:12:31+01;1349
2016-11-29 07:26:31+01;1269
2016-11-29 11:14:31+01;1259
2016-11-29 12:33:31+01;1279
2016-11-29 13:15:31+01;1259
2016-11-29 14:12:31+01;1259
2016-11-29 23:01:31+01;1349
2016-11-30 05:13:31+01;1349
2016-11-30 06:40:31+01;1339
2016-11-30 07:25:31+01;1259
2016-11-30 08:25:31+01;1259
2016-11-30 12:33:32+01;1279
2016-11-30 13:15:31+01;1259
2016-11-30 23:02:31+01;1349
2016-12-01 05:13:31+01;1349
2016-12-01 06:41:31+01;1339
2016-12-01 07:25:31+01;1269
2016-12-01 11:15:31+01;1259
2016-12-01 12:33:32+01;1279
2016-12-01 13:15:32+01;1259
2016-12-01 15:24:31+01;1259
2016-12-01 23:01:31+01;1349
2016-12-02 05:12:31+01;1349
2016-12-02 07:24:31+01;1269
2016-12-02 08:25:31+01;1269
2016-12-02 12:32:31+01;1299
2016-12-02 23:04:31+01;1389
2016-12-03 05:10:31+01;1359
2016-12-03 07:25:31+01;1309
2016-12-03 09:55:31+01;1309
2016-12-03 12:31:31+01;1329
2016-12-03 13:12:31+01;1309
2016-12-03 14:10:31+01;1309
2016-12-03 23:01:31+01;1399
2016-12-04 05:13:31+01;1369
2016-12-04 09:55:31+01;1339
2016-12-04 10:54:31+01;1329
2016-12-04 12:32:31+01;1349
2016-12-04 13:12:31+01;1329
2016-12-04 14:42:31+01;1319
2016-12-04 23:01:31+01;1409
2016-12-05 05:12:31+01;1369
2016-12-05 07:26:31+01;1309
2016-12-05 12:32:31+01;1329
2016-12-05 13:14:32+01;1309
2016-12-05 13:56:31+01;1309
2016-12-05 22:46:31+01;1399
2016-12-06 05:12:31+01;1379
2016-12-06 07:24:31+01;1309
2016-12-06 08:41:31+01;1309
2016-12-06 12:31:31+01;1329
2016-12-06 13:14:31+01;1309
2016-12-06 14:11:31+01;1309
2016-12-06 23:01:31+01;1399
2016-12-07 05:12:31+01;1379
2016-12-07 07:25:31+01;1309
2016-12-07 08:25:31+01;1309
2016-12-07 10:41:31+01;1309
2016-12-07 12:33:31+01;1329
2016-12-07 13:16:31+01;1309
2016-12-07 13:58:31+01;1309
2016-12-07 23:01:31+01;1399
2016-12-08 05:13:31+01;1379
2016-12-08 07:24:31+01;1309
2016-12-08 08:40:31+01;1309
2016-12-08 10:26:31+01;1299
2016-12-08 12:31:31+01;1319
2016-12-08 13:11:31+01;1309
2016-12-08 14:10:31+01;1309
2016-12-08 23:01:31+01;1399
2016-12-09 05:13:31+01;1379
2016-12-09 07:24:31+01;1309
2016-12-09 08:25:31+01;1309
2016-12-09 12:31:31+01;1329
2016-12-09 13:16:31+01;1309
2016-12-09 14:10:31+01;1309
2016-12-09 23:01:31+01;1399
2016-12-10 05:13:31+01;1379
2016-12-10 07:26:31+01;1309
2016-12-10 08:41:31+01;1309
2016-12-10 12:32:31+01;1329
2016-12-10 13:16:31+01;1309
2016-12-10 14:11:31+01;1309
2016-12-10 23:03:31+01;1399
2016-12-11 05:13:31+01;1379
2016-12-11 12:32:31+01;1399
2016-12-11 20:29:31+01;1319
2016-12-11 23:02:31+01;1409
2016-12-12 05:14:31+01;1379
2016-12-12 06:41:31+01;1369
2016-12-12 07:26:31+01;1309
2016-12-12 08:41:31+01;1309
2016-12-12 11:15:31+01;1289
2016-12-12 12:34:31+01;1309
2016-12-12 13:15:31+01;1289
2016-12-12 23:01:31+01;1379
2016-12-13 05:12:31+01;1379
2016-12-13 07:28:31+01;1289
2016-12-13 08:40:31+01;1289
2016-12-13 12:32:31+01;1309
2016-12-13 13:15:31+01;1309
2016-12-13 13:55:31+01;1309
2016-12-13 23:02:31+01;1399
2016-12-14 06:41:31+01;1389
2016-12-14 07:25:31+01;1309
2016-12-14 08:41:31+01;1309
2016-12-14 12:31:31+01;1329
2016-12-14 13:13:31+01;1309
2016-12-14 14:10:31+01;1309
2016-12-14 23:05:31+01;1399
2016-12-15 05:12:31+01;1399
2016-12-15 06:40:31+01;1389
2016-12-15 07:27:31+01;1309
2016-12-15 08:41:31+01;1309
2016-12-15 10:41:31+01;1299
2016-12-15 12:32:31+01;1319
2016-12-15 13:13:31+01;1299
2016-12-15 14:10:31+01;1299
2016-12-15 23:01:31+01;1389
2016-12-16 05:12:31+01;1389
2016-12-16 07:27:31+01;1299
2016-12-16 08:41:31+01;1299
2016-12-16 12:31:31+01;1319
2016-12-16 13:11:31+01;1309
2016-12-16 14:11:31+01;1309
2016-12-16 23:01:31+01;1399
2016-12-17 05:11:31+01;1399
2016-12-17 07:11:31+01;1389
2016-12-17 07:25:31+01;1329
2016-12-17 08:41:31+01;1329
2016-12-17 12:32:31+01;1349
2016-12-17 13:12:31+01;1329
2016-12-17 14:12:31+01;1329
2016-12-17 23:01:31+01;1419
2016-12-18 05:11:31+01;1409
2016-12-18 08:12:31+01;1329
2016-12-18 09:40:31+01;1329
2016-12-18 12:32:31+01;1349
2016-12-18 13:14:31+01;1329
2016-12-18 14:19:31+01;1329
2016-12-18 23:01:31+01;1419
2016-12-19 05:11:31+01;1409
2016-12-19 06:42:31+01;1389
2016-12-19 07:26:31+01;1329
2016-12-19 08:24:31+01;1309
2016-12-19 09:39:31+01;1309
2016-12-19 12:33:31+01;1329
2016-12-19 13:12:31+01;1309
2016-12-19 14:11:31+01;1309
2016-12-19 23:02:31+01;1399
2016-12-20 05:13:32+01;1399
2016-12-20 06:40:31+01;1389
2016-12-20 07:25:31+01;1309
2016-12-20 08:41:31+01;1309
2016-12-20 12:31:31+01;1329
2016-12-20 13:14:31+01;1309
2016-12-20 14:10:31+01;1309
2016-12-20 23:02:31+01;1399
2016-12-21 05:12:31+01;1399
2016-12-21 06:41:31+01;1369
2016-12-21 07:27:31+01;1309
2016-12-21 08:40:31+01;1309
2016-12-21 12:33:31+01;1329
2016-12-21 13:14:31+01;1319
2016-12-21 13:55:31+01;1319
2016-12-21 14:11:31+01;1319
2016-12-21 23:02:31+01;1409
2016-12-22 05:13:31+01;1409
2016-12-22 06:40:31+01;1389
2016-12-22 07:25:31+01;1319
2016-12-22 08:41:31+01;1319
2016-12-22 12:31:31+01;1339
2016-12-22 13:15:31+01;1329
2016-12-22 14:10:31+01;1329
2016-12-22 23:01:31+01;1419
2016-12-23 05:16:31+01;1409
2016-12-23 06:42:31+01;1399
2016-12-23 07:25:31+01;1329
2016-12-23 08:41:31+01;1329
2016-12-23 11:14:31+01;1319
2016-12-23 12:33:31+01;1339
2016-12-23 13:13:31+01;1319
2016-12-23 14:13:31+01;1319
2016-12-23 23:01:31+01;1409
2016-12-24 05:11:31+01;1409
2016-12-24 07:11:31+01;1399
2016-12-24 07:25:31+01;1319
2016-12-24 08:41:31+01;1319
2016-12-24 12:31:31+01;1339
2016-12-24 23:01:31+01;1429
2016-12-25 05:13:31+01;1409
2016-12-25 08:54:31+01;1399
2016-12-25 09:27:31+01;1399
2016-12-25 09:40:31+01;1349
2016-12-25 09:55:31+01;1349
2016-12-25 10:56:31+01;1349
2016-12-25 11:41:31+01;1339
2016-12-25 12:31:31+01;1359
2016-12-25 13:11:31+01;1339
2016-12-25 15:13:31+01;1339
2016-12-25 23:01:31+01;1429
2016-12-26 05:12:31+01;1409
2016-12-26 07:12:31+01;1399
2016-12-26 07:24:31+01;1339
2016-12-26 08:25:31+01;1339
2016-12-26 12:31:31+01;1359
2016-12-26 13:12:31+01;1339
2016-12-26 15:11:31+01;1339
2016-12-26 23:01:31+01;1429
2016-12-27 05:12:31+01;1409
2016-12-27 06:40:31+01;1399
2016-12-27 07:24:31+01;1339
2016-12-27 08:40:31+01;1339
2016-12-27 11:14:31+01;1319
2016-12-27 11:54:31+01;1319
2016-12-27 12:32:31+01;1339
2016-12-27 13:14:31+01;1319
2016-12-27 14:12:31+01;1319
2016-12-27 23:01:31+01;1409
2016-12-28 05:15:31+01;1409
2016-12-28 06:40:31+01;1399
2016-12-28 07:25:31+01;1319
2016-12-28 08:41:31+01;1319
2016-12-28 12:32:31+01;1339
2016-12-28 13:13:31+01;1319
2016-12-28 14:11:31+01;1319
2016-12-28 23:02:31+01;1409
2016-12-29 06:41:31+01;1399
2016-12-29 07:25:31+01;1319
2016-12-29 08:41:31+01;1319
2016-12-29 12:31:31+01;1339
2016-12-29 13:17:31+01;1339
2016-12-29 13:55:31+01;1339
2016-12-29 23:01:31+01;1429
2016-12-30 05:14:31+01;1419
2016-12-30 06:40:31+01;1399
2016-12-30 07:25:31+01;1339
2016-12-30 08:40:31+01;1339
2016-12-30 12:31:31+01;1359
2016-12-30 13:15:31+01;1339
2016-12-30 14:12:31+01;1339
2016-12-30 23:01:31+01;1429
2016-12-31 05:13:31+01;1419
2016-12-31 07:25:31+01;1339
2016-12-31 08:41:31+01;1339
2016-12-31 12:32:31+01;1359
2016-12-31 13:12:31+01;1349
2016-12-31 14:12:31+01;1349
2016-12-31 23:01:31+01;1439
2017-01-01 05:12:31+01;1419
2017-01-01 09:38:31+01;1379
2017-01-01 12:32:31+01;1399
2017-01-01 13:13:31+01;1389
2017-01-01 14:41:31+01;1379
2017-01-01 23:01:31+01;1459
2017-01-02 05:13:31+01;1419
2017-01-02 07:25:31+01;1349
2017-01-02 08:41:31+01;1349
2017-01-02 09:28:31+01;1329
2017-01-02 10:55:31+01;1329
2017-01-02 12:31:31+01;1349
2017-01-02 13:12:31+01;1329
2017-01-02 14:11:31+01;1329
2017-01-02 23:01:31+01;1419
2017-01-03 05:12:31+01;1329
2017-01-03 06:26:31+01;1329
2017-01-03 07:25:31+01;1329
2017-01-03 12:31:32+01;1349
2017-01-03 13:14:31+01;1329
2017-01-03 14:12:31+01;1329
2017-01-03 23:01:31+01;1419
2017-01-04 05:13:31+01;1419
2017-01-04 06:41:31+01;1399
2017-01-04 07:26:31+01;1329
2017-01-04 08:40:31+01;1329
2017-01-04 12:31:31+01;1349
2017-01-04 13:15:31+01;1349
2017-01-04 13:55:31+01;1349
2017-01-04 23:01:31+01;1439
2017-01-05 05:15:31+01;1419
2017-01-05 06:41:31+01;1399
2017-01-05 07:25:31+01;1349
2017-01-05 08:40:31+01;1349
2017-01-05 11:15:31+01;1339
2017-01-05 12:32:31+01;1359
2017-01-05 13:19:31+01;1339
2017-01-05 14:12:31+01;1339
2017-01-05 23:01:31+01;1429
2017-01-06 05:12:31+01;1419
2017-01-06 07:25:31+01;1339
2017-01-06 08:40:32+01;1339
2017-01-06 12:31:31+01;1359
2017-01-06 13:12:31+01;1339
2017-01-06 14:12:31+01;1339
2017-01-06 23:01:31+01;1429
2017-01-07 05:13:31+01;1419
2017-01-07 07:25:31+01;1339
2017-01-07 08:40:31+01;1339
2017-01-07 12:33:31+01;1359
2017-01-07 13:16:31+01;1339
2017-01-07 14:12:31+01;1339
2017-01-07 23:01:31+01;1429
2017-01-08 05:12:31+01;1419
2017-01-08 07:53:31+01;1399
2017-01-08 09:40:31+01;1379
2017-01-08 10:11:31+01;1339
2017-01-08 11:24:31+01;1339
2017-01-08 12:31:31+01;1359
2017-01-08 13:11:31+01;1339
2017-01-08 14:10:31+01;1339
2017-01-08 23:01:31+01;1429
2017-01-09 05:14:31+01;1419
2017-01-09 06:40:31+01;1399
2017-01-09 07:25:31+01;1359
2017-01-09 08:40:31+01;1359
2017-01-09 10:24:31+01;1339
2017-01-09 11:12:31+01;1339
2017-01-09 11:55:31+01;1339
2017-01-09 12:32:31+01;1359
2017-01-09 13:12:31+01;1339
2017-01-09 14:12:31+01;1339
2017-01-09 23:01:31+01;1429
2017-01-10 05:14:31+01;1419
2017-01-10 06:40:31+01;1399
2017-01-10 07:24:31+01;1339
2017-01-10 08:25:31+01;1339
2017-01-10 12:31:31+01;1359
2017-01-10 13:14:31+01;1339
2017-01-10 14:10:31+01;1339
2017-01-10 23:01:31+01;1429
2017-01-11 05:12:31+01;1419
2017-01-11 06:41:31+01;1399
2017-01-11 07:25:31+01;1339
2017-01-11 08:24:31+01;1339
2017-01-11 10:55:31+01;1329
2017-01-11 12:31:31+01;1349
2017-01-11 13:15:31+01;1329
2017-01-11 14:11:31+01;1329
2017-01-11 23:01:31+01;1419
2017-01-12 05:14:31+01;1419
2017-01-12 07:11:31+01;1399
2017-01-12 07:25:31+01;1329
2017-01-12 08:42:31+01;1329
2017-01-12 12:32:31+01;1349
2017-01-12 13:13:31+01;1329
2017-01-12 14:11:31+01;1329
2017-01-12 23:01:31+01;1419
2017-01-13 05:13:31+01;1419
2017-01-13 06:29:31+01;1399
2017-01-13 07:25:31+01;1329
2017-01-13 08:25:31+01;1329
2017-01-13 12:31:31+01;1349
2017-01-13 13:14:31+01;1339
2017-01-13 14:12:31+01;1339
2017-01-13 23:01:31+01;1429
2017-01-14 05:14:31+01;1419
2017-01-14 07:25:31+01;1359
2017-01-14 08:40:31+01;1359
2017-01-14 10:57:31+01;1359
2017-01-14 12:31:31+01;1379
2017-01-14 13:13:31+01;1359
2017-01-14 14:11:31+01;1359
2017-01-14 23:01:31+01;1449
2017-01-15 05:11:31+01;1419
2017-01-15 07:24:31+01;1359
2017-01-15 08:24:31+01;1359
2017-01-15 12:31:31+01;1379
2017-01-15 13:13:31+01;1359
2017-01-15 14:10:31+01;1359
2017-01-15 23:01:31+01;1449
2017-01-16 05:17:31+01;1419
2017-01-16 06:39:31+01;1399
2017-01-16 07:25:31+01;1359
2017-01-16 08:40:31+01;1359
2017-01-16 09:30:31+01;1329
2017-01-16 10:55:31+01;1329
2017-01-16 12:31:31+01;1349
2017-01-16 13:17:31+01;1329
2017-01-16 14:13:31+01;1329
2017-01-16 23:01:31+01;1419
2017-01-17 05:15:31+01;1419
2017-01-17 06:39:31+01;1399
2017-01-17 07:26:31+01;1329
2017-01-17 08:40:31+01;1329
2017-01-17 12:32:31+01;1349
2017-01-17 13:12:31+01;1329
2017-01-17 14:11:31+01;1329
2017-01-17 23:02:31+01;1419
2017-01-18 05:12:31+01;1419
2017-01-18 06:41:31+01;1399
2017-01-18 09:10:31+01;1359
2017-01-18 10:11:31+01;1349
2017-01-18 10:55:31+01;1329
2017-01-18 12:10:31+01;1329
2017-01-18 12:31:31+01;1349
2017-01-18 13:17:31+01;1329
2017-01-18 14:12:31+01;1329
2017-01-18 15:26:31+01;1329
2017-01-18 23:01:31+01;1419
2017-01-19 05:14:31+01;1419
2017-01-19 06:41:31+01;1399
2017-01-19 07:55:31+01;1339
2017-01-19 09:39:31+01;1329
2017-01-19 12:32:31+01;1349
2017-01-19 13:14:31+01;1329
2017-01-19 14:11:31+01;1329
2017-01-19 23:01:31+01;1419
2017-01-20 05:14:31+01;1419
2017-01-20 06:40:31+01;1399
2017-01-20 07:26:31+01;1329
2017-01-20 08:41:31+01;1329
2017-01-20 11:14:31+01;1319
2017-01-20 12:31:31+01;1339
2017-01-20 13:17:31+01;1319
2017-01-20 14:11:31+01;1319
2017-01-20 23:01:31+01;1409
2017-01-21 05:14:31+01;1409
2017-01-21 07:12:31+01;1409
2017-01-21 07:26:31+01;1319
2017-01-21 08:40:31+01;1319
2017-01-21 12:31:31+01;1339
2017-01-21 13:13:31+01;1339
2017-01-21 13:54:31+01;1339
2017-01-21 23:01:31+01;1429
2017-01-22 05:12:31+01;1419
2017-01-22 08:10:31+01;1399
2017-01-22 09:28:31+01;1369
2017-01-22 09:41:31+01;1339
2017-01-22 10:55:31+01;1339
2017-01-22 12:31:31+01;1359
2017-01-22 13:14:31+01;1339
2017-01-22 14:14:31+01;1339
2017-01-22 23:02:31+01;1429
2017-01-23 05:12:31+01;1419
2017-01-23 06:41:31+01;1399
2017-01-23 08:40:31+01;1319
2017-01-23 10:10:31+01;1319
2017-01-23 12:31:31+01;1339
2017-01-23 13:13:31+01;1319
2017-01-23 23:02:31+01;1409
2017-01-24 05:12:31+01;1409
2017-01-24 06:28:31+01;1409
2017-01-24 06:40:31+01;1399
2017-01-24 07:24:31+01;1319
2017-01-24 08:40:31+01;1319
2017-01-24 12:32:31+01;1339
2017-01-24 13:17:31+01;1319
2017-01-24 14:11:31+01;1319
2017-01-24 23:02:31+01;1409
2017-01-25 05:13:31+01;1409
2017-01-25 06:13:31+01;1409
2017-01-25 06:41:31+01;1399
2017-01-25 07:25:31+01;1319
2017-01-25 08:41:31+01;1319
2017-01-25 12:32:31+01;1339
2017-01-25 13:15:31+01;1329
2017-01-25 13:57:31+01;1329
2017-01-25 23:01:31+01;1419
2017-01-26 05:16:31+01;1369
2017-01-26 07:26:31+01;1329
2017-01-26 08:39:31+01;1329
2017-01-26 11:13:31+01;1319
2017-01-26 12:32:31+01;1349
2017-01-26 13:17:31+01;1319
2017-01-26 14:12:31+01;1319
2017-01-26 23:01:31+01;1409
2017-01-27 05:17:31+01;1409
2017-01-27 06:12:31+01;1409
2017-01-27 06:40:31+01;1399
2017-01-27 07:26:31+01;1319
2017-01-27 08:40:31+01;1319
2017-01-27 12:31:31+01;1349
2017-01-27 13:17:31+01;1319
2017-01-27 14:11:31+01;1319
2017-01-27 23:01:31+01;1409
2017-01-28 05:13:31+01;1409
2017-01-28 07:11:31+01;1399
2017-01-28 07:25:31+01;1319
2017-01-28 08:24:31+01;1319
2017-01-28 12:32:31+01;1339
2017-01-28 13:11:31+01;1339
2017-01-28 13:40:31+01;1339
2017-01-28 23:01:31+01;1429
2017-01-29 05:12:31+01;1419
2017-01-29 07:25:31+01;1399
2017-01-29 09:40:31+01;1369
2017-01-29 10:24:31+01;1349
2017-01-29 11:55:31+01;1349
2017-01-29 12:32:31+01;1369
2017-01-29 13:13:31+01;1349
2017-01-29 14:11:31+01;1349
2017-01-29 23:01:31+01;1439
2017-01-30 05:14:31+01;1419
2017-01-30 06:40:31+01;1399
2017-01-30 07:24:31+01;1329
2017-01-30 08:40:31+01;1329
2017-01-30 12:34:31+01;1349
2017-01-30 13:13:31+01;1329
2017-01-30 14:10:31+01;1329
2017-01-30 23:01:31+01;1419
2017-01-31 05:13:31+01;1419
2017-01-31 06:40:31+01;1399
2017-01-31 07:26:31+01;1329
2017-01-31 08:42:31+01;1329
2017-01-31 11:16:31+01;1319
2017-01-31 12:31:31+01;1339
2017-01-31 13:15:31+01;1319
2017-01-31 14:11:31+01;1319
2017-01-31 23:02:31+01;1409
2017-02-01 05:12:31+01;1409
2017-02-01 06:29:31+01;1409
2017-02-01 06:41:31+01;1399
2017-02-01 07:24:32+01;1319
2017-02-01 08:41:31+01;1319
2017-02-01 11:18:31+01;1319
2017-02-01 12:31:31+01;1339
2017-02-01 13:15:31+01;1319
2017-02-01 14:11:31+01;1319
2017-02-01 23:01:31+01;1409
2017-02-02 06:40:31+01;1399
2017-02-02 07:27:31+01;1319
2017-02-02 08:40:31+01;1319
2017-02-02 12:32:31+01;1349
2017-02-02 13:14:31+01;1319
2017-02-02 14:12:31+01;1319
2017-02-02 23:01:31+01;1409
2017-02-03 06:41:31+01;1399
2017-02-03 07:25:31+01;1319
2017-02-03 08:41:31+01;1319
2017-02-03 12:31:31+01;1349
2017-02-03 13:15:31+01;1329
2017-02-03 14:11:31+01;1329
2017-02-03 23:01:31+01;1419
2017-02-04 05:12:31+01;1419
2017-02-04 07:25:31+01;1349
2017-02-04 08:41:31+01;1349
2017-02-04 11:15:31+01;1339
2017-02-04 12:32:31+01;1359
2017-02-04 13:14:31+01;1339
2017-02-04 14:11:31+01;1339
2017-02-04 23:01:31+01;1429
2017-02-05 05:13:31+01;1419
2017-02-05 07:55:31+01;1399
2017-02-05 09:41:31+01;1389
2017-02-05 11:12:31+01;1389
2017-02-05 12:31:31+01;1409
2017-02-05 13:13:31+01;1389
2017-02-05 18:55:31+01;1369
2017-02-05 23:01:31+01;1459
2017-02-06 05:11:31+01;1419
2017-02-06 06:42:32+01;1399
2017-02-06 07:27:31+01;1339
2017-02-06 08:41:31+01;1339
2017-02-06 10:55:31+01;1319
2017-02-06 12:38:31+01;1339
2017-02-06 13:13:31+01;1319
2017-02-06 14:11:31+01;1319
2017-02-06 23:01:31+01;1409
2017-02-07 06:11:31+01;1409
2017-02-07 06:54:31+01;1399
2017-02-07 07:25:31+01;1319
2017-02-07 08:41:31+01;1319
2017-02-07 12:31:31+01;1339
2017-02-07 13:14:31+01;1319
2017-02-07 14:12:31+01;1319
2017-02-07 23:02:31+01;1409
2017-02-07 23:06:31+01;1319
2017-02-07 23:26:31+01;1409
2017-02-08 06:11:31+01;1409
2017-02-08 06:40:31+01;1399
2017-02-08 07:27:31+01;1319
2017-02-08 08:41:31+01;1319
2017-02-08 11:14:31+01;1319
2017-02-08 12:31:31+01;1339
2017-02-08 13:16:31+01;1319
2017-02-08 14:13:31+01;1319
2017-02-08 23:01:31+01;1409
2017-02-09 06:40:31+01;1399
2017-02-09 07:26:31+01;1309
2017-02-09 08:41:31+01;1309
2017-02-09 12:31:31+01;1329
2017-02-09 13:13:31+01;1319
2017-02-09 13:55:31+01;1319
2017-02-09 23:01:31+01;1409
2017-02-10 06:11:31+01;1409
2017-02-10 06:41:31+01;1399
2017-02-10 07:26:32+01;1319
2017-02-10 08:40:31+01;1319
2017-02-10 12:31:31+01;1349
2017-02-10 13:13:31+01;1319
2017-02-10 14:11:31+01;1319
2017-02-10 23:01:31+01;1409
2017-02-11 07:10:31+01;1409
2017-02-11 07:24:31+01;1329
2017-02-11 08:41:31+01;1329
2017-02-11 12:32:31+01;1359
2017-02-11 13:11:31+01;1349
2017-02-11 14:11:31+01;1349
2017-02-11 23:01:31+01;1439
2017-02-12 05:13:31+01;1419
2017-02-12 07:25:31+01;1399
2017-02-12 09:39:31+01;1379
2017-02-12 09:55:31+01;1349
2017-02-12 11:26:31+01;1349
2017-02-12 12:31:31+01;1379
2017-02-12 13:15:31+01;1349
2017-02-12 14:12:31+01;1349
2017-02-12 23:01:31+01;1449
2017-02-13 05:13:31+01;1419
2017-02-13 06:41:31+01;1399
2017-02-13 07:25:31+01;1349
2017-02-13 08:39:31+01;1349
2017-02-13 12:32:31+01;1369
2017-02-13 13:12:31+01;1349
2017-02-13 14:10:31+01;1349
2017-02-13 23:02:31+01;1439
2017-02-14 05:14:31+01;1419
2017-02-14 06:41:31+01;1399
2017-02-14 07:25:31+01;1349
2017-02-14 08:42:31+01;1349
2017-02-14 11:17:31+01;1339
2017-02-14 12:47:31+01;1359
2017-02-14 13:30:31+01;1339
2017-02-14 14:25:31+01;1339
2017-02-14 23:01:31+01;1429
2017-02-15 05:15:31+01;1419
2017-02-15 06:42:31+01;1419
2017-02-15 07:26:31+01;1339
2017-02-15 08:42:31+01;1339
2017-02-15 10:46:31+01;1319
2017-02-15 12:46:31+01;1339
2017-02-15 13:33:31+01;1329
2017-02-15 23:01:31+01;1419
2017-02-16 06:42:31+01;1419
2017-02-16 07:26:31+01;1329
2017-02-16 12:47:31+01;1359
2017-02-16 13:30:31+01;1329
2017-02-16 23:01:31+01;1419
2017-02-17 06:45:31+01;1419
2017-02-17 07:28:31+01;1329
2017-02-17 12:47:31+01;1349
2017-02-17 13:31:31+01;1329
2017-02-17 23:04:31+01;1419
2017-02-18 07:25:31+01;1329
2017-02-18 11:13:31+01;1319
2017-02-18 12:48:31+01;1339
2017-02-18 13:30:31+01;1319
2017-02-18 23:01:31+01;1419
2017-02-19 08:14:31+01;1419
2017-02-19 09:41:31+01;1379
2017-02-19 10:42:31+01;1369
2017-02-19 12:46:31+01;1389
2017-02-19 13:29:31+01;1369
2017-02-19 23:01:31+01;1459
2017-02-20 09:25:31+01;1329
2017-02-20 09:51:31+01;1439
2017-02-20 10:59:31+01;1349
2017-02-20 11:01:32+01;1329
2017-02-20 12:46:31+01;1349
2017-02-20 13:32:31+01;1329
2017-02-20 23:01:31+01;1419
2017-02-21 05:17:31+01;1419
2017-02-21 06:28:31+01;1369
2017-02-21 07:26:31+01;1329
2017-02-21 09:14:31+01;1319
2017-02-21 12:47:31+01;1339
2017-02-21 13:31:31+01;1319
2017-02-21 23:01:31+01;1419
2017-02-22 06:56:31+01;1369
2017-02-22 07:28:31+01;1329
2017-02-22 12:47:31+01;1359
2017-02-22 13:33:31+01;1329
2017-02-22 14:30:31+01;1329
2017-02-22 23:02:31+01;1419
2017-02-23 06:56:31+01;1409
2017-02-23 07:26:31+01;1319
2017-02-23 09:41:31+01;1319
2017-02-23 12:46:31+01;1339
2017-02-23 13:30:31+01;1319
2017-02-23 23:01:31+01;1409
2017-02-24 06:42:31+01;1409
2017-02-24 06:56:31+01;1409
2017-02-24 07:28:31+01;1329
2017-02-24 08:42:31+01;1329
2017-02-24 11:15:31+01;1319
2017-02-24 12:47:31+01;1349
2017-02-24 13:35:31+01;1319
2017-02-24 14:28:31+01;1319
2017-02-24 23:01:31+01;1409
2017-02-25 07:13:31+01;1409
2017-02-25 07:26:31+01;1319
2017-02-25 08:42:31+01;1319
2017-02-25 10:43:31+01;1309
2017-02-25 12:47:31+01;1329
2017-02-25 13:30:31+01;1309
2017-02-25 14:28:31+01;1309
2017-02-25 23:01:31+01;1409
2017-02-26 08:12:31+01;1409
2017-02-26 09:41:31+01;1379
2017-02-26 10:58:31+01;1369
2017-02-26 11:19:31+01;1369
2017-02-26 12:16:31+01;1369
2017-02-26 12:48:31+01;1389
2017-02-26 14:45:31+01;1379
2017-02-26 15:00:31+01;1369
2017-02-26 15:56:32+01;1369
2017-02-26 16:13:31+01;1369
2017-02-26 16:55:31+01;1349
2017-02-26 18:28:32+01;1349
2017-02-26 23:01:31+01;1439
2017-02-27 05:17:31+01;1419
2017-02-27 06:12:31+01;1419
2017-02-27 07:28:31+01;1319
2017-02-27 09:40:31+01;1319
2017-02-27 12:47:31+01;1349
2017-02-27 13:31:31+01;1319
2017-02-27 14:28:31+01;1319
2017-02-27 23:01:31+01;1409
2017-02-28 06:12:31+01;1409
2017-02-28 07:26:31+01;1319
2017-02-28 08:41:31+01;1319
2017-02-28 09:44:31+01;1319
2017-02-28 12:50:31+01;1349
2017-02-28 13:41:31+01;1319
2017-02-28 14:44:31+01;1319
2017-02-28 23:01:32+01;1409
2017-03-01 06:14:31+01;1409
2017-03-01 07:26:32+01;1319
2017-03-01 08:42:31+01;1319
2017-03-01 12:47:31+01;1349
2017-03-01 13:36:31+01;1319
2017-03-01 14:28:31+01;1319
2017-03-01 23:01:31+01;1409
2017-03-02 06:56:31+01;1409
2017-03-02 07:28:31+01;1319
2017-03-02 08:42:31+01;1319
2017-03-02 09:41:31+01;1319
2017-03-02 12:46:31+01;1349
2017-03-02 13:33:31+01;1319
2017-03-02 14:29:31+01;1319
2017-03-02 23:01:31+01;1409
2017-03-03 06:42:31+01;1409
2017-03-03 07:25:31+01;1319
2017-03-03 12:47:31+01;1349
2017-03-03 13:33:31+01;1319
2017-03-03 14:27:31+01;1319
2017-03-03 16:40:31+01;1309
2017-03-03 18:11:31+01;1309
2017-03-03 23:02:31+01;1409
2017-03-04 07:12:31+01;1409
2017-03-04 07:27:32+01;1319
2017-03-04 08:41:31+01;1319
2017-03-04 12:46:31+01;1349
2017-03-04 13:31:31+01;1319
2017-03-04 14:28:31+01;1319
2017-03-04 23:01:31+01;1409
2017-03-05 08:10:31+01;1409
2017-03-05 09:40:31+01;1369
2017-03-05 11:13:31+01;1369
2017-03-05 11:25:31+01;1369
2017-03-05 12:46:31+01;1399
2017-03-05 13:31:31+01;1369
2017-03-05 14:28:52+01;1369
2017-03-05 23:01:31+01;1459
2017-03-06 05:16:31+01;1419
2017-03-06 06:28:31+01;1419
2017-03-06 07:26:31+01;1319
2017-03-06 09:40:31+01;1319
2017-03-06 12:46:31+01;1349
2017-03-06 13:31:31+01;1309
2017-03-06 14:30:31+01;1309
2017-03-06 23:01:31+01;1399
2017-03-07 05:14:31+01;1399
2017-03-07 06:28:31+01;1399
2017-03-07 07:27:31+01;1319
2017-03-07 08:42:31+01;1319
2017-03-07 12:46:32+01;1349
2017-03-07 13:31:31+01;1319
2017-03-07 14:26:31+01;1319
2017-03-07 23:01:31+01;1409
2017-03-08 05:17:32+01;1409
2017-03-08 06:31:31+01;1399
2017-03-08 07:27:31+01;1309
2017-03-08 08:43:32+01;1309
2017-03-08 09:33:31+01;1309
2017-03-08 12:46:31+01;1339
2017-03-08 13:33:32+01;1309
2017-03-08 14:29:31+01;1309
2017-03-08 23:01:31+01;1399
2017-03-09 05:17:31+01;1399
2017-03-09 06:12:31+01;1399
2017-03-09 07:26:31+01;1309
2017-03-09 09:40:31+01;1309
2017-03-09 12:47:31+01;1339
2017-03-09 13:29:31+01;1309
2017-03-09 14:27:31+01;1309
2017-03-09 23:02:32+01;1399
2017-03-10 05:17:31+01;1399
2017-03-10 06:31:31+01;1399
2017-03-10 07:28:31+01;1309
2017-03-10 08:41:31+01;1309
2017-03-10 09:42:31+01;1309
2017-03-10 11:17:31+01;1299
2017-03-10 12:47:31+01;1329
2017-03-10 13:33:31+01;1309
2017-03-10 14:28:31+01;1309
2017-03-10 23:01:31+01;1399
2017-03-11 07:12:31+01;1399
2017-03-11 07:25:31+01;1309
2017-03-11 08:42:31+01;1309
2017-03-11 12:46:31+01;1339
2017-03-11 13:30:31+01;1309
2017-03-11 14:28:31+01;1309
2017-03-11 15:40:31+01;1299
2017-03-11 23:01:31+01;1389
2017-03-12 05:15:31+01;1389
2017-03-12 08:12:31+01;1379
2017-03-12 09:12:31+01;1379
2017-03-12 09:39:31+01;1359
2017-03-12 10:42:31+01;1349
2017-03-12 10:57:31+01;1349
2017-03-12 12:11:31+01;1349
2017-03-12 12:49:31+01;1379
2017-03-12 13:30:31+01;1349
2017-03-12 14:27:31+01;1349
2017-03-12 18:41:31+01;1329
2017-03-12 20:09:31+01;1329
2017-03-12 23:01:31+01;1419
2017-03-13 05:17:31+01;1419
2017-03-13 07:13:31+01;1399
2017-03-13 07:26:31+01;1309
2017-03-13 09:11:31+01;1299
2017-03-13 10:26:31+01;1299
2017-03-13 12:47:31+01;1329
2017-03-13 13:32:31+01;1299
2017-03-13 14:29:31+01;1299
2017-03-13 23:01:31+01;1389
2017-03-14 05:15:31+01;1389
2017-03-14 06:12:31+01;1389
2017-03-14 07:27:31+01;1309
2017-03-14 08:41:31+01;1309
2017-03-14 09:15:31+01;1299
2017-03-14 09:42:31+01;1299
2017-03-14 10:47:31+01;1299
2017-03-14 12:47:31+01;1329
2017-03-14 13:38:31+01;1299
2017-03-14 14:47:31+01;1299
2017-03-14 23:01:31+01;1389
2017-03-15 05:18:31+01;1389
2017-03-15 06:32:31+01;1299
2017-03-15 07:25:31+01;1299
2017-03-15 07:41:31+01;1299
2017-03-15 11:17:31+01;1289
2017-03-15 12:47:31+01;1319
2017-03-15 13:32:31+01;1289
2017-03-15 14:28:31+01;1289
2017-03-15 22:46:31+01;1379
2017-03-16 05:21:31+01;1379
2017-03-16 07:28:31+01;1299
2017-03-16 08:42:32+01;1299
2017-03-16 09:14:31+01;1289
2017-03-16 10:43:31+01;1289
2017-03-16 12:47:31+01;1319
2017-03-16 13:35:31+01;1289
2017-03-16 14:27:31+01;1289
2017-03-16 23:01:31+01;1379
2017-03-17 05:22:31+01;1379
2017-03-17 07:27:31+01;1299
2017-03-17 08:42:31+01;1299
2017-03-17 09:12:31+01;1289
2017-03-17 10:25:31+01;1289
2017-03-17 11:16:31+01;1279
2017-03-17 12:46:31+01;1309
2017-03-17 13:33:31+01;1279
2017-03-17 14:29:31+01;1279
2017-03-17 23:01:31+01;1369
2017-03-18 05:16:31+01;1369
2017-03-18 07:16:31+01;1369
2017-03-18 07:25:31+01;1299
2017-03-18 08:41:31+01;1299
2017-03-18 10:27:31+01;1279
2017-03-18 11:55:31+01;1279
2017-03-18 12:46:31+01;1309
2017-03-18 13:36:31+01;1279
2017-03-18 14:27:31+01;1279
2017-03-18 23:01:31+01;1369
2017-03-19 05:15:31+01;1369
2017-03-19 07:55:31+01;1359
2017-03-19 08:12:31+01;1349
2017-03-19 09:12:31+01;1349
2017-03-19 11:17:31+01;1319
2017-03-19 12:47:32+01;1349
2017-03-19 13:31:31+01;1319
2017-03-19 14:29:31+01;1319
2017-03-19 17:12:31+01;1309
2017-03-19 18:40:31+01;1309
2017-03-19 19:41:31+01;1309
2017-03-19 23:01:31+01;1399
2017-03-20 06:32:31+01;1389
2017-03-20 07:13:31+01;1379
2017-03-20 07:27:31+01;1299
2017-03-20 08:26:31+01;1299
2017-03-20 11:42:31+01;1289
2017-03-20 12:46:31+01;1319
2017-03-20 13:34:31+01;1299
2017-03-20 14:43:31+01;1289
2017-03-20 16:13:31+01;1289
2017-03-20 23:01:31+01;1379
2017-03-21 05:16:31+01;1379
2017-03-21 07:28:31+01;1289
2017-03-21 08:42:31+01;1289
2017-03-21 12:46:31+01;1319
2017-03-21 13:31:31+01;1289
2017-03-21 14:28:31+01;1289
2017-03-21 23:02:31+01;1379
2017-03-22 05:15:31+01;1379
2017-03-22 06:43:31+01;1289
2017-03-22 07:26:31+01;1279
2017-03-22 07:55:31+01;1279
2017-03-22 09:56:31+01;1279
2017-03-22 12:53:31+01;1309
2017-03-22 13:35:31+01;1279
2017-03-22 14:26:31+01;1279
2017-03-22 23:01:31+01;1369
2017-03-23 05:16:31+01;1369
2017-03-23 06:43:31+01;1369
2017-03-23 07:14:31+01;1359
2017-03-23 07:26:31+01;1279
2017-03-23 08:25:31+01;1279
2017-03-23 09:31:31+01;1279
2017-03-23 12:46:31+01;1309
2017-03-23 13:33:31+01;1279
2017-03-23 14:27:31+01;1279
2017-03-23 23:01:31+01;1369
2017-03-24 05:14:31+01;1369
2017-03-24 06:12:31+01;1369
2017-03-24 06:42:31+01;1289
2017-03-24 07:27:31+01;1279
2017-03-24 07:55:31+01;1279
2017-03-24 08:41:31+01;1279
2017-03-24 12:46:32+01;1309
2017-03-24 13:35:31+01;1279
2017-03-24 14:27:31+01;1279
2017-03-24 23:01:31+01;1369
2017-03-25 05:13:31+01;1369
2017-03-25 07:15:31+01;1369
2017-03-25 07:26:31+01;1279
2017-03-25 08:25:31+01;1279
2017-03-25 12:47:31+01;1309
2017-03-25 13:28:31+01;1279
2017-03-25 14:26:31+01;1279
2017-03-25 23:01:31+01;1379
2017-03-26 05:15:31+02;1379
2017-03-26 08:12:31+02;1379
2017-03-26 09:41:31+02;1339
2017-03-26 12:11:31+02;1339
2017-03-26 12:46:31+02;1369
2017-03-26 13:32:31+02;1339
2017-03-26 18:27:31+02;1329
2017-03-26 23:01:31+02;1429
2017-03-27 05:18:31+02;1389
2017-03-27 06:41:31+02;1389
2017-03-27 07:26:31+02;1279
2017-03-27 10:11:31+02;1279
2017-03-27 12:47:31+02;1309
2017-03-27 13:36:31+02;1279
2017-03-27 14:27:31+02;1279
2017-03-27 23:01:31+02;1369
2017-03-28 05:13:31+02;1369
2017-03-28 06:11:31+02;1299
2017-03-28 07:11:31+02;1299
2017-03-28 07:26:31+02;1279
2017-03-28 08:42:31+02;1279
2017-03-28 12:47:31+02;1309
2017-03-28 13:30:31+02;1279
2017-03-28 14:27:31+02;1279
2017-03-28 23:01:31+02;1369
2017-03-29 05:14:31+02;1369
2017-03-29 06:32:31+02;1369
2017-03-29 07:13:31+02;1329
2017-03-29 07:26:31+02;1289
2017-03-29 08:25:31+02;1289
2017-03-29 12:46:31+02;1319
2017-03-29 13:37:31+02;1289
2017-03-29 14:42:31+02;1289
2017-03-29 23:01:31+02;1389
2017-03-30 05:14:31+02;1389
2017-03-30 07:27:31+02;1289
2017-03-30 08:41:31+02;1289
2017-03-30 12:51:31+02;1319
2017-03-30 13:32:31+02;1299
2017-03-30 14:26:31+02;1299
2017-03-30 23:01:31+02;1399
2017-03-31 07:27:31+02;1299
2017-03-31 08:43:31+02;1299
2017-03-31 10:58:31+02;1289
2017-03-31 12:46:31+02;1319
2017-03-31 13:32:31+02;1299
2017-03-31 13:45:31+02;1299
2017-03-31 14:27:31+02;1299
2017-03-31 23:01:31+02;1389
2017-04-01 05:30:31+02;1389
2017-04-01 07:14:31+02;1389
2017-04-01 07:25:31+02;1299
2017-04-01 08:42:31+02;1299
2017-04-01 12:46:31+02;1329
2017-04-01 13:36:31+02;1309
2017-04-01 14:44:31+02;1309
2017-04-01 23:01:31+02;1399
2017-04-02 06:27:31+02;1329
2017-04-02 07:41:31+02;1309
2017-04-02 08:55:31+02;1309
2017-04-02 12:48:31+02;1339
2017-04-02 13:29:31+02;1309
2017-04-02 14:27:31+02;1309
2017-04-02 23:01:31+02;1409
2017-04-03 05:14:31+02;1409
2017-04-03 06:11:31+02;1409
2017-04-03 07:26:31+02;1309
2017-04-03 08:43:31+02;1309
2017-04-03 09:36:31+02;1299
2017-04-03 10:14:31+02;1299
2017-04-03 10:57:31+02;1299
2017-04-03 12:47:31+02;1329
2017-04-03 13:38:31+02;1299
2017-04-03 14:43:31+02;1299
2017-04-03 23:01:31+02;1399
2017-04-04 06:40:31+02;1329
2017-04-04 07:25:31+02;1309
2017-04-04 08:42:31+02;1309
2017-04-04 12:47:31+02;1339
2017-04-04 13:34:31+02;1309
2017-04-04 14:27:31+02;1309
2017-04-04 23:01:31+02;1409
2017-04-05 06:13:31+02;1409
2017-04-05 07:30:31+02;1309
2017-04-05 08:42:31+02;1309
2017-04-05 09:56:31+02;1309
2017-04-05 12:46:31+02;1339
2017-04-05 13:31:31+02;1309
2017-04-05 14:27:31+02;1309
2017-04-05 23:01:31+02;1399
2017-04-06 05:18:31+02;1399
2017-04-06 06:40:31+02;1399
2017-04-06 07:26:31+02;1319
2017-04-06 08:42:31+02;1319
2017-04-06 09:45:31+02;1319
2017-04-06 12:46:31+02;1349
2017-04-06 13:33:31+02;1319
2017-04-06 14:28:32+02;1319
2017-04-06 23:01:31+02;1409
2017-04-07 06:16:31+02;1409
2017-04-07 06:41:31+02;1409
2017-04-07 07:26:31+02;1309
2017-04-07 09:55:31+02;1309
2017-04-07 12:47:31+02;1339
2017-04-07 13:31:31+02;1329
2017-04-07 13:45:31+02;1329
2017-04-07 14:28:31+02;1329
2017-04-07 23:01:31+02;1419
2017-04-08 07:14:31+02;1419
2017-04-08 07:26:31+02;1329
2017-04-08 08:42:31+02;1329
2017-04-08 10:58:31+02;1319
2017-04-08 12:47:31+02;1349
2017-04-08 13:31:31+02;1319
2017-04-08 14:28:31+02;1319
2017-04-08 23:02:31+02;1419
2017-04-09 08:12:31+02;1419
2017-04-09 09:42:32+02;1419
2017-04-09 09:55:31+02;1369
2017-04-09 11:18:31+02;1369
2017-04-09 12:46:31+02;1399
2017-04-09 13:31:32+02;1369
2017-04-09 14:27:31+02;1369
2017-04-09 23:01:31+02;1459
2017-04-10 05:12:31+02;1439
2017-04-10 06:29:31+02;1419
2017-04-10 07:27:31+02;1329
2017-04-10 08:42:31+02;1329
2017-04-10 10:11:31+02;1329
2017-04-10 12:47:31+02;1359
2017-04-10 13:33:31+02;1329
2017-04-10 14:45:31+02;1329
2017-04-10 23:01:31+02;1419
2017-04-11 06:13:32+02;1419
2017-04-11 07:29:31+02;1339
2017-04-11 09:55:31+02;1339
2017-04-11 12:47:31+02;1369
2017-04-11 13:32:31+02;1339
2017-04-11 14:26:31+02;1339
2017-04-11 23:01:31+02;1439
2017-04-12 05:14:31+02;1439
2017-04-12 07:27:31+02;1339
2017-04-12 10:11:31+02;1339
2017-04-12 12:47:31+02;1369
2017-04-12 13:31:32+02;1339
2017-04-12 14:27:31+02;1339
2017-04-12 23:01:31+02;1429
2017-04-13 06:56:31+02;1429
2017-04-13 08:03:32+02;1339
2017-04-13 12:47:31+02;1369
2017-04-13 13:32:31+02;1339
2017-04-13 23:01:31+02;1429
2017-04-14 07:24:31+02;1339
2017-04-14 11:16:31+02;1329
2017-04-14 12:47:31+02;1359
2017-04-14 13:29:31+02;1329
2017-04-14 23:01:31+02;1419
2017-04-15 07:13:31+02;1419
2017-04-15 07:27:31+02;1339
2017-04-15 12:46:31+02;1369
2017-04-15 13:32:31+02;1339
2017-04-15 23:02:31+02;1429
2017-04-16 08:12:31+02;1429
2017-04-16 09:41:31+02;1389
2017-04-16 09:51:31+02;1419
2017-04-16 10:41:31+02;1379
2017-04-16 12:11:31+02;1379
2017-04-16 12:46:31+02;1409
2017-04-16 13:32:31+02;1379
2017-04-16 14:26:31+02;1379
2017-04-16 16:24:31+02;1369
2017-04-16 17:10:31+02;1369
2017-04-16 17:41:31+02;1369
2017-04-16 23:01:31+02;1459
2017-04-17 05:14:31+02;1439
2017-04-17 07:25:31+02;1339
2017-04-17 12:48:31+02;1369
2017-04-17 13:31:31+02;1339
2017-04-17 23:01:31+02;1429
2017-04-18 06:55:31+02;1429
2017-04-18 07:26:31+02;1339
2017-04-18 09:43:31+02;1339
2017-04-18 12:47:31+02;1369
2017-04-18 13:33:31+02;1339
2017-04-18 14:27:31+02;1339
2017-04-18 23:01:31+02;1429
2017-04-19 06:58:31+02;1429
2017-04-19 07:28:31+02;1339
2017-04-19 09:41:31+02;1339
2017-04-19 12:48:31+02;1369
2017-04-19 13:32:31+02;1339
2017-04-19 14:28:31+02;1339
2017-04-19 23:01:31+02;1429
2017-04-20 06:42:31+02;1339
2017-04-20 10:11:31+02;1339
2017-04-20 12:49:32+02;1369
2017-04-20 13:32:31+02;1339
2017-04-20 14:13:31+02;1339
2017-04-20 19:56:24+02;1339
2017-04-20 23:01:31+02;1429
2017-04-21 06:56:31+02;1429
2017-04-21 07:29:32+02;1339
2017-04-21 08:41:31+02;1339
2017-04-21 12:47:31+02;1369
2017-04-21 13:34:31+02;1339
2017-04-21 14:12:32+02;1339
2017-04-21 15:27:31+02;1329
2017-04-21 16:58:31+02;1329
2017-04-21 23:01:31+02;1419
2017-04-22 05:12:31+02;1419
2017-04-22 07:17:31+02;1419
2017-04-22 07:28:31+02;1329
2017-04-22 08:42:31+02;1329
2017-04-22 12:46:31+02;1359
2017-04-22 13:32:31+02;1329
2017-04-22 14:17:31+02;1329
2017-04-22 23:01:31+02;1419
2017-04-23 05:13:31+02;1419
2017-04-23 08:12:31+02;1419
2017-04-23 09:41:31+02;1379
2017-04-23 10:55:31+02;1359
2017-04-23 12:12:31+02;1359
2017-04-23 12:46:31+02;1389
2017-04-23 13:30:32+02;1359
2017-04-23 14:12:31+02;1359
2017-04-23 18:12:31+02;1349
2017-04-23 18:56:31+02;1349
2017-04-23 23:01:31+02;1439
2017-04-24 05:18:31+02;1439
2017-04-24 06:41:31+02;1419
2017-04-24 07:26:31+02;1329
2017-04-24 10:12:31+02;1329
2017-04-24 12:46:31+02;1359
2017-04-24 13:35:31+02;1329
2017-04-24 14:17:31+02;1329
2017-04-24 23:01:31+02;1419
2017-04-25 05:14:31+02;1419
2017-04-25 07:26:31+02;1329
2017-04-25 09:44:31+02;1329
2017-04-25 12:47:31+02;1359
2017-04-25 13:33:31+02;1329
2017-04-25 14:17:31+02;1329
2017-04-25 19:41:31+02;1309
2017-04-25 23:01:31+02;1399
2017-04-26 05:14:31+02;1399
2017-04-26 06:13:31+02;1399
2017-04-26 07:18:31+02;1349
2017-04-26 07:27:31+02;1319
2017-04-26 09:47:31+02;1319
2017-04-26 12:47:31+02;1349
2017-04-26 13:33:31+02;1319
2017-04-26 14:13:31+02;1319
2017-04-26 14:46:31+02;1309
2017-04-26 17:13:31+02;1329
2017-04-26 17:40:31+02;1309
2017-04-26 17:42:31+02;1299
2017-04-26 23:01:31+02;1389
2017-04-27 07:29:31+02;1319
2017-04-27 10:12:31+02;1319
2017-04-27 12:46:31+02;1349
2017-04-27 13:39:31+02;1319
2017-04-27 14:15:31+02;1319
2017-04-27 15:57:31+02;1309
2017-04-27 17:12:31+02;1329
2017-04-27 17:40:31+02;1309
2017-04-27 18:27:31+02;1309
2017-04-27 23:01:31+02;1399
2017-04-28 05:14:31+02;1399
2017-04-28 06:32:31+02;1399
2017-04-28 07:28:31+02;1319
2017-04-28 08:41:31+02;1319
2017-04-28 09:58:31+02;1319
2017-04-28 12:48:31+02;1349
2017-04-28 13:35:31+02;1319
2017-04-28 14:19:31+02;1319
2017-04-28 17:12:31+02;1339
2017-04-28 17:35:31+02;1319
2017-04-28 18:17:31+02;1319
2017-04-28 23:01:31+02;1409
2017-04-29 05:15:31+02;1399
2017-04-29 07:21:31+02;1399
2017-04-29 07:29:31+02;1319
2017-04-29 08:41:31+02;1319
2017-04-29 09:45:31+02;1309
2017-04-29 11:17:31+02;1309
2017-04-29 12:47:31+02;1339
2017-04-29 13:34:31+02;1309
2017-04-29 14:16:31+02;1309
2017-04-29 17:12:31+02;1329
2017-04-29 17:33:31+02;1309
2017-04-29 18:17:31+02;1309
2017-04-29 23:02:31+02;1399
2017-04-30 05:16:31+02;1399
2017-04-30 08:42:31+02;1389
2017-04-30 09:34:31+02;1379
2017-04-30 09:43:31+02;1329
2017-04-30 11:16:31+02;1329
2017-04-30 12:46:31+02;1359
2017-04-30 13:32:31+02;1329
2017-04-30 14:15:31+02;1329
2017-04-30 17:12:31+02;1349
2017-04-30 17:31:31+02;1329
2017-04-30 18:18:31+02;1329
2017-04-30 23:01:31+02;1419
2017-05-01 05:14:31+02;1399
2017-05-01 07:27:31+02;1319
2017-05-01 08:44:31+02;1309
2017-05-01 08:57:31+02;1309
2017-05-01 09:11:31+02;1279
2017-05-01 12:47:31+02;1309
2017-05-01 13:33:31+02;1279
2017-05-01 17:11:31+02;1299
2017-05-01 17:37:31+02;1279
2017-05-01 23:01:31+02;1369
2017-05-02 05:15:31+02;1369
2017-05-02 06:29:31+02;1369
2017-05-02 07:28:31+02;1319
2017-05-02 08:42:31+02;1319
2017-05-02 09:47:31+02;1319
2017-05-02 12:46:31+02;1349
2017-05-02 13:35:31+02;1319
2017-05-02 14:13:31+02;1319
2017-05-02 17:12:31+02;1339
2017-05-02 17:34:31+02;1319
2017-05-02 18:22:31+02;1319
2017-05-02 20:27:31+02;1309
2017-05-02 23:01:31+02;1399
2017-05-03 05:17:31+02;1379
2017-05-03 06:42:31+02;1379
2017-05-03 07:30:31+02;1309
2017-05-03 09:55:31+02;1309
2017-05-03 12:47:31+02;1339
2017-05-03 13:34:31+02;1309
2017-05-03 14:14:31+02;1309
2017-05-03 16:42:31+02;1289
2017-05-03 17:13:31+02;1309
2017-05-03 17:39:31+02;1309
2017-05-03 18:15:31+02;1309
2017-05-03 19:44:31+02;1299
2017-05-03 23:01:31+02;1389
2017-05-04 05:17:31+02;1389
2017-05-04 06:41:31+02;1389
2017-05-04 07:27:31+02;1309
2017-05-04 09:44:31+02;1309
2017-05-04 12:48:31+02;1339
2017-05-04 13:35:31+02;1309
2017-05-04 14:14:31+02;1309
2017-05-04 17:12:31+02;1329
2017-05-04 17:55:31+02;1309
2017-05-04 18:47:31+02;1309
2017-05-04 23:01:31+02;1399
2017-05-05 05:18:31+02;1389
2017-05-05 06:44:31+02;1389
2017-05-05 07:28:31+02;1299
2017-05-05 10:12:31+02;1299
2017-05-05 12:47:31+02;1329
2017-05-05 13:35:31+02;1299
2017-05-05 14:14:31+02;1299
2017-05-05 17:12:31+02;1319
2017-05-05 17:47:31+02;1299
2017-05-05 18:31:31+02;1299
2017-05-05 23:01:31+02;1389
2017-05-06 05:14:32+02;1379
2017-05-06 07:18:31+02;1379
2017-05-06 07:33:31+02;1299
2017-05-06 08:41:31+02;1299
2017-05-06 12:46:31+02;1329
2017-05-06 13:35:31+02;1299
2017-05-06 14:17:31+02;1299
2017-05-06 17:14:31+02;1319
2017-05-06 17:49:31+02;1299
2017-05-06 18:27:31+02;1299
2017-05-06 23:01:31+02;1389
2017-05-07 05:16:31+02;1379
2017-05-07 08:14:31+02;1379
2017-05-07 09:41:31+02;1339
2017-05-07 10:59:31+02;1309
2017-05-07 11:42:31+02;1299
2017-05-07 12:46:31+02;1329
2017-05-07 13:31:31+02;1299
2017-05-07 14:17:31+02;1299
2017-05-07 17:11:31+02;1319
2017-05-07 17:50:31+02;1309
2017-05-07 18:32:31+02;1309
2017-05-07 18:48:32+02;1309
2017-05-07 23:01:31+02;1399
2017-05-08 05:16:31+02;1379
2017-05-08 06:41:31+02;1379
2017-05-08 07:25:31+02;1299
2017-05-08 10:06:31+02;1299
2017-05-08 10:13:31+02;1299
2017-05-08 12:47:31+02;1329
2017-05-08 13:32:31+02;1299
2017-05-08 14:12:31+02;1299
2017-05-08 17:14:31+02;1319
2017-05-08 17:46:31+02;1299
2017-05-08 18:26:31+02;1299
2017-05-08 23:01:31+02;1389
2017-05-09 05:14:31+02;1379
2017-05-09 06:30:31+02;1379
2017-05-09 07:27:31+02;1289
2017-05-09 09:42:31+02;1289
2017-05-09 12:47:32+02;1319
2017-05-09 13:34:31+02;1289
2017-05-09 14:12:31+02;1289
2017-05-09 17:11:31+02;1309
2017-05-09 17:54:31+02;1289
2017-05-09 18:44:31+02;1289
2017-05-09 23:01:31+02;1379
2017-05-10 05:16:31+02;1379
2017-05-10 07:29:31+02;1289
2017-05-10 09:42:31+02;1289
2017-05-10 12:47:31+02;1319
2017-05-10 13:29:31+02;1289
2017-05-10 14:16:31+02;1289
2017-05-10 17:12:31+02;1309
2017-05-10 17:50:31+02;1289
2017-05-10 18:30:31+02;1289
2017-05-10 23:01:31+02;1379
2017-05-11 05:16:31+02;1379
2017-05-11 06:31:32+02;1379
2017-05-11 07:26:31+02;1289
2017-05-11 12:47:31+02;1319
2017-05-11 13:32:31+02;1289
2017-05-11 17:12:31+02;1309
2017-05-11 17:49:31+02;1289
2017-05-11 23:02:31+02;1379
2017-05-12 05:13:31+02;1379
2017-05-12 06:29:31+02;1379
2017-05-12 07:27:31+02;1289
2017-05-12 12:47:31+02;1319
2017-05-12 13:32:31+02;1289
2017-05-12 17:13:31+02;1309
2017-05-12 17:47:31+02;1289
2017-05-12 23:01:31+02;1379
2017-05-13 05:16:31+02;1379
2017-05-13 07:16:31+02;1379
2017-05-13 07:26:31+02;1289
2017-05-13 12:47:31+02;1319
2017-05-13 13:36:31+02;1289
2017-05-13 17:11:31+02;1309
2017-05-13 17:46:31+02;1289
2017-05-13 23:01:31+02;1379
2017-05-14 06:28:31+02;1379
2017-05-14 08:14:31+02;1379
2017-05-14 09:41:31+02;1339
2017-05-14 10:56:31+02;1339
2017-05-14 12:47:31+02;1369
2017-05-14 13:31:31+02;1339
2017-05-14 14:14:31+02;1339
2017-05-14 17:11:31+02;1359
2017-05-14 17:45:31+02;1349
2017-05-14 18:32:31+02;1349
2017-05-14 20:56:31+02;1329
2017-05-14 23:01:31+02;1419
2017-05-15 05:17:31+02;1409
2017-05-15 06:43:32+02;1409
2017-05-15 07:00:31+02;1389
2017-05-15 07:26:31+02;1299
2017-05-15 09:43:31+02;1299
2017-05-15 12:46:31+02;1329
2017-05-15 13:35:31+02;1299
2017-05-15 17:12:31+02;1319
2017-05-15 17:49:31+02;1309
2017-05-15 17:58:31+02;1299
2017-05-15 23:01:31+02;1389
2017-05-16 05:20:31+02;1309
2017-05-16 07:27:31+02;1299
2017-05-16 09:44:31+02;1299
2017-05-16 12:46:31+02;1329
2017-05-16 13:35:31+02;1299
2017-05-16 17:12:31+02;1319
2017-05-16 17:49:31+02;1309
2017-05-16 23:01:31+02;1399
2017-05-17 06:56:31+02;1399
2017-05-17 07:29:31+02;1289
2017-05-17 12:47:31+02;1319
2017-05-17 13:31:31+02;1289
2017-05-17 17:13:31+02;1309
2017-05-17 17:50:31+02;1289
2017-05-17 23:01:31+02;1379
2017-05-18 06:56:31+02;1379
2017-05-18 07:16:31+02;1289
2017-05-18 09:41:31+02;1289
2017-05-18 09:59:31+02;1289
2017-05-18 10:26:31+02;1279
2017-05-18 12:49:31+02;1309
2017-05-18 13:32:31+02;1279
2017-05-18 17:11:31+02;1299
2017-05-18 17:47:31+02;1289
2017-05-18 23:01:31+02;1379
2017-05-19 07:14:31+02;1379
2017-05-19 07:29:31+02;1299
2017-05-19 09:11:31+02;1299
2017-05-19 12:46:31+02;1329
2017-05-19 13:34:31+02;1299
2017-05-19 14:14:31+02;1299
2017-05-19 17:10:31+02;1319
2017-05-19 17:48:31+02;1299
2017-05-19 18:26:31+02;1299
2017-05-19 23:01:31+02;1389
2017-05-20 07:11:31+02;1389
2017-05-20 07:27:31+02;1299
2017-05-20 12:47:31+02;1329
2017-05-20 13:36:31+02;1299
2017-05-20 17:11:31+02;1319
2017-05-20 17:49:31+02;1299
2017-05-20 23:01:31+02;1389
2017-05-21 07:18:31+02;1299
2017-05-21 12:47:31+02;1329
2017-05-21 13:32:31+02;1299
2017-05-21 17:12:31+02;1319
2017-05-21 17:46:31+02;1309
2017-05-21 18:13:31+02;1299
2017-05-21 23:01:31+02;1389
2017-05-22 05:17:31+02;1389
2017-05-22 06:42:31+02;1389
2017-05-22 07:27:31+02;1299
2017-05-22 12:46:31+02;1329
2017-05-22 13:41:31+02;1299
2017-05-22 17:11:31+02;1319
2017-05-22 17:49:31+02;1299
2017-05-22 23:01:31+02;1389
2017-05-23 07:26:31+02;1299
2017-05-23 12:49:31+02;1329
2017-05-23 13:35:31+02;1299
2017-05-23 17:11:31+02;1319
2017-05-23 17:48:31+02;1299
2017-05-23 23:03:31+02;1389
2017-05-24 07:12:31+02;1389
2017-05-24 07:26:31+02;1309
2017-05-24 12:47:19+02;1339
2017-05-24 13:32:06+02;1309
2017-05-24 17:10:06+02;1329
2017-05-24 17:48:06+02;1309
2017-05-24 23:01:06+02;1399
2017-05-25 07:26:18+02;1309
2017-05-25 12:47:05+02;1339
2017-05-25 13:33:05+02;1309
2017-05-25 17:10:06+02;1329
2017-05-25 17:45:06+02;1309
2017-05-25 23:01:06+02;1399
2017-05-26 07:14:06+02;1399
2017-05-26 07:26:06+02;1309
2017-05-26 12:46:06+02;1339
2017-05-26 13:34:11+02;1309
2017-05-26 17:12:06+02;1329
2017-05-26 17:46:06+02;1309
2017-05-26 23:01:06+02;1399
2017-05-27 07:26:06+02;1309
2017-05-27 12:47:06+02;1339
2017-05-27 13:36:06+02;1309
2017-05-27 17:10:05+02;1329
2017-05-27 17:46:06+02;1309
2017-05-27 23:01:06+02;1399
2017-05-28 05:14:06+02;1399
2017-05-28 08:11:06+02;1399
2017-05-28 09:41:05+02;1359
2017-05-28 10:11:05+02;1349
2017-05-28 11:16:06+02;1349
2017-05-28 12:46:06+02;1379
2017-05-28 13:30:16+02;1349
2017-05-28 14:15:06+02;1349
2017-05-28 16:10:05+02;1339
2017-05-28 17:10:06+02;1359
2017-05-28 17:58:05+02;1359
2017-05-28 20:43:05+02;1339
2017-05-28 23:01:06+02;1429
2017-05-29 05:15:05+02;1419
2017-05-29 06:43:06+02;1419
2017-05-29 06:57:06+02;1399
2017-05-29 07:29:05+02;1309
2017-05-29 12:48:06+02;1339
2017-05-29 13:34:06+02;1309
2017-05-29 16:22:06+02;1309
2017-05-29 17:11:06+02;1329
2017-05-29 17:51:06+02;1309
2017-05-29 23:02:06+02;1399
2017-05-30 05:18:06+02;1399
2017-05-30 06:42:06+02;1399
2017-05-30 07:28:05+02;1299
2017-05-30 12:47:06+02;1329
2017-05-30 13:29:05+02;1299
2017-05-30 17:10:06+02;1319
2017-05-30 17:44:05+02;1299
2017-05-30 23:01:06+02;1389
2017-05-31 05:15:06+02;1389
2017-05-31 06:32:05+02;1389
2017-05-31 07:29:18+02;1299
2017-05-31 12:47:06+02;1329
2017-05-31 13:37:06+02;1299
2017-05-31 17:12:06+02;1319
2017-05-31 17:49:06+02;1299
2017-05-31 23:01:06+02;1389
2017-06-01 05:14:06+02;1379
2017-06-01 06:31:05+02;1379
2017-06-01 07:28:06+02;1299
2017-06-01 12:47:05+02;1329
2017-06-01 13:35:08+02;1299
2017-06-01 17:12:06+02;1319
2017-06-01 17:48:06+02;1299
2017-06-01 23:01:05+02;1389
2017-06-02 05:17:05+02;1379
2017-06-02 06:41:06+02;1379
2017-06-02 07:28:05+02;1299
2017-06-02 12:46:06+02;1329
2017-06-02 13:33:06+02;1299
2017-06-02 17:10:06+02;1319
2017-06-02 17:44:06+02;1299
2017-06-02 23:03:06+02;1389
2017-06-03 05:18:06+02;1369
2017-06-03 07:13:06+02;1369
2017-06-03 07:28:06+02;1299
2017-06-03 09:12:06+02;1289
2017-06-03 12:46:06+02;1319
2017-06-03 13:32:06+02;1289
2017-06-03 17:12:06+02;1309
2017-06-03 17:49:06+02;1299
2017-06-03 23:01:06+02;1389
2017-06-04 05:17:05+02;1369
2017-06-04 08:12:06+02;1369
2017-06-04 09:41:06+02;1359
2017-06-04 10:39:05+02;1329
2017-06-04 12:10:06+02;1329
2017-06-04 12:46:06+02;1359
2017-06-04 13:33:05+02;1329
2017-06-04 14:14:05+02;1329
2017-06-04 17:10:06+02;1349
2017-06-04 17:48:06+02;1339
2017-06-04 18:30:07+02;1339
2017-06-04 20:42:06+02;1329
2017-06-04 23:01:06+02;1419
2017-06-05 05:16:05+02;1399
2017-06-05 07:16:06+02;1339
2017-06-05 07:25:06+02;1299
2017-06-05 12:47:05+02;1329
2017-06-05 13:30:07+02;1299
2017-06-05 17:12:05+02;1319
2017-06-05 17:47:05+02;1299
2017-06-05 23:02:06+02;1389
2017-06-06 05:15:06+02;1369
2017-06-06 06:28:05+02;1369
2017-06-06 07:27:05+02;1299
2017-06-06 12:46:06+02;1329
2017-06-06 13:31:17+02;1299
2017-06-06 17:11:06+02;1319
2017-06-06 17:47:05+02;1299
2017-06-06 23:01:06+02;1389
2017-06-07 05:14:06+02;1369
2017-06-07 06:30:07+02;1369
2017-06-07 06:58:05+02;1319
2017-06-07 07:31:06+02;1299
2017-06-07 09:15:06+02;1299
2017-06-07 12:47:06+02;1329
2017-06-07 13:31:06+02;1299
2017-06-07 14:13:07+02;1299
2017-06-07 17:11:06+02;1319
2017-06-07 17:54:06+02;1299
2017-06-07 18:29:05+02;1299
2017-06-07 23:01:06+02;1389
2017-06-08 05:16:05+02;1379
2017-06-08 06:40:05+02;1379
2017-06-08 07:27:06+02;1299
2017-06-08 10:12:06+02;1299
2017-06-08 11:31:05+02;1299
2017-06-08 12:47:05+02;1329
2017-06-08 13:35:06+02;1299
2017-06-08 14:17:06+02;1299
2017-06-08 17:10:06+02;1319
2017-06-08 17:45:08+02;1299
2017-06-08 18:30:07+02;1299
2017-06-08 20:56:06+02;1289
2017-06-08 23:01:05+02;1379
2017-06-09 05:16:05+02;1379
2017-06-09 06:41:05+02;1379
2017-06-09 07:28:06+02;1289
2017-06-09 09:56:06+02;1289
2017-06-09 12:46:06+02;1319
2017-06-09 13:33:05+02;1289
2017-06-09 14:13:06+02;1289
2017-06-09 17:11:06+02;1309
2017-06-09 17:46:06+02;1289
2017-06-09 18:29:05+02;1289
2017-06-09 20:41:06+02;1279
2017-06-09 23:02:05+02;1369
2017-06-10 05:16:06+02;1369
2017-06-10 07:19:05+02;1369
2017-06-10 07:27:05+02;1289
2017-06-10 12:47:05+02;1319
2017-06-10 13:33:06+02;1289
2017-06-10 17:10:06+02;1309
2017-06-10 17:47:05+02;1289
2017-06-10 23:01:06+02;1379
2017-06-11 05:15:06+02;1379
2017-06-11 08:13:11+02;1379
2017-06-11 08:41:06+02;1369
2017-06-11 09:41:06+02;1349
2017-06-11 09:58:05+02;1329
2017-06-11 10:41:05+02;1319
2017-06-11 11:17:06+02;1319
2017-06-11 11:57:05+02;1319
2017-06-11 12:46:05+02;1349
2017-06-11 13:32:06+02;1319
2017-06-11 14:12:06+02;1319
2017-06-11 15:14:05+02;1299
2017-06-11 16:41:06+02;1299
2017-06-11 17:11:06+02;1319
2017-06-11 17:46:05+02;1309
2017-06-11 18:26:05+02;1309
2017-06-11 20:41:06+02;1299
2017-06-11 23:01:06+02;1389
2017-06-12 05:14:05+02;1309
2017-06-12 08:41:05+02;1289
2017-06-12 08:56:06+02;1289
2017-06-12 10:12:06+02;1289
2017-06-12 11:25:04+02;1289
2017-06-12 12:02:04+02;1289
2017-06-12 12:09:06+02;1289
2017-06-12 12:39:04+02;1289
2017-06-12 12:46:08+02;1319
2017-06-12 13:41:06+02;1289
2017-06-12 14:28:06+02;1289
2017-06-12 14:59:06+02;1289
2017-06-12 17:10:06+02;1309
2017-06-12 17:46:06+02;1289
2017-06-12 18:27:06+02;1289
2017-06-12 18:57:06+02;1289
2017-06-12 23:01:06+02;1379
2017-06-13 05:30:07+02;1379
2017-06-13 07:28:06+02;1289
2017-06-13 09:56:06+02;1289
2017-06-13 12:48:05+02;1319
2017-06-13 13:38:06+02;1289
2017-06-13 14:13:05+02;1289
2017-06-13 17:11:06+02;1309
2017-06-13 17:54:06+02;1289
2017-06-13 18:28:06+02;1289
2017-06-13 20:41:06+02;1279
2017-06-13 23:01:06+02;1369
2017-06-14 05:18:05+02;1369
2017-06-14 06:41:05+02;1369
2017-06-14 07:28:06+02;1289
2017-06-14 09:55:07+02;1289
2017-06-14 12:47:05+02;1319
2017-06-14 13:34:06+02;1289
2017-06-14 14:11:05+02;1289
2017-06-14 17:11:06+02;1309
2017-06-14 17:45:06+02;1289
2017-06-14 18:27:05+02;1289
2017-06-14 23:01:06+02;1379
2017-06-15 05:15:06+02;1379
2017-06-15 07:25:07+02;1289
2017-06-15 12:46:06+02;1319
2017-06-15 13:31:06+02;1289
2017-06-15 17:11:05+02;1309
2017-06-15 17:48:06+02;1289
2017-06-15 23:01:05+02;1379
2017-06-16 05:14:06+02;1329
2017-06-16 06:32:16+02;1329
2017-06-16 07:31:18+02;1289
2017-06-16 12:46:05+02;1319
2017-06-16 13:30:07+02;1289
2017-06-16 16:12:06+02;1279
2017-06-16 17:11:06+02;1299
2017-06-16 17:53:06+02;1289
2017-06-16 18:15:07+02;1279
2017-06-16 23:01:06+02;1369
2017-06-17 05:17:05+02;1369
2017-06-17 06:42:06+02;1279
2017-06-17 07:34:06+02;1279
2017-06-17 12:47:05+02;1309
2017-06-17 13:30:07+02;1279
2017-06-17 17:10:18+02;1299
2017-06-17 17:50:06+02;1279
2017-06-17 23:01:06+02;1369
2017-06-18 05:15:06+02;1369
2017-06-18 06:28:06+02;1329
2017-06-18 06:57:05+02;1309
2017-06-18 08:11:06+02;1299
2017-06-18 12:46:06+02;1329
2017-06-18 13:33:05+02;1299
2017-06-18 14:42:05+02;1299
2017-06-18 17:10:06+02;1319
2017-06-18 17:47:05+02;1309
2017-06-18 20:41:08+02;1299
2017-06-18 23:02:06+02;1389
2017-06-19 05:18:05+02;1379
2017-06-19 06:43:05+02;1379
2017-06-19 07:26:06+02;1279
2017-06-19 12:46:06+02;1309
2017-06-19 13:33:06+02;1279
2017-06-19 17:10:06+02;1299
2017-06-19 17:55:06+02;1279
2017-06-19 23:01:06+02;1369
2017-06-20 05:13:05+02;1369
2017-06-20 06:30:07+02;1369
2017-06-20 07:28:06+02;1279
2017-06-20 09:42:06+02;1279
2017-06-20 12:47:06+02;1309
2017-06-20 13:31:06+02;1279
2017-06-20 14:15:06+02;1279
2017-06-20 17:10:06+02;1299
2017-06-20 17:45:07+02;1279
2017-06-20 18:26:06+02;1279
2017-06-20 23:01:06+02;1369
2017-06-21 05:16:06+02;1369
2017-06-21 06:43:05+02;1369
2017-06-21 07:27:05+02;1279
2017-06-21 09:12:06+02;1279
2017-06-21 12:50:06+02;1309
2017-06-21 13:34:05+02;1279
2017-06-21 14:17:05+02;1279
2017-06-21 17:11:06+02;1299
2017-06-21 17:46:05+02;1279
2017-06-21 18:29:05+02;1279
2017-06-21 23:01:05+02;1369
2017-06-22 05:17:06+02;1369
2017-06-22 07:12:06+02;1359
2017-06-22 07:26:06+02;1279
2017-06-22 09:11:06+02;1279
2017-06-22 12:47:06+02;1309
2017-06-22 13:39:06+02;1279
2017-06-22 14:13:06+02;1279
2017-06-22 17:12:06+02;1299
2017-06-22 17:51:05+02;1279
2017-06-22 18:26:06+02;1279
2017-06-22 21:11:06+02;1269
2017-06-22 23:02:06+02;1359
2017-06-23 05:18:05+02;1359
2017-06-23 06:41:05+02;1359
2017-06-23 07:28:06+02;1279
2017-06-23 10:12:05+02;1279
2017-06-23 12:49:07+02;1309
2017-06-23 13:35:06+02;1279
2017-06-23 14:13:05+02;1279
2017-06-23 17:11:05+02;1299
2017-06-23 17:45:06+02;1279
2017-06-23 18:28:06+02;1279
2017-06-23 23:01:05+02;1369
2017-06-24 05:17:06+02;1369
2017-06-24 07:13:05+02;1369
2017-06-24 07:27:05+02;1279
2017-06-24 12:47:05+02;1309
2017-06-24 13:33:06+02;1279
2017-06-24 17:10:06+02;1299
2017-06-24 17:47:05+02;1279
2017-06-24 23:01:06+02;1369
2017-06-25 05:24:06+02;1369
2017-06-25 08:11:05+02;1369
2017-06-25 09:41:06+02;1329
2017-06-25 10:55:06+02;1309
2017-06-25 12:46:05+02;1339
2017-06-25 13:32:05+02;1309
2017-06-25 14:11:06+02;1309
2017-06-25 16:42:06+02;1299
2017-06-25 17:10:06+02;1319
2017-06-25 17:48:06+02;1319
2017-06-25 20:56:06+02;1299
2017-06-25 23:02:06+02;1389
2017-06-26 05:19:05+02;1379
2017-06-26 06:33:05+02;1379
2017-06-26 06:58:05+02;1359
2017-06-26 07:32:05+02;1269
2017-06-26 12:46:06+02;1299
2017-06-26 13:47:05+02;1269
2017-06-26 17:10:06+02;1289
2017-06-26 18:02:06+02;1269
2017-06-26 23:01:06+02;1359
2017-06-27 05:16:06+02;1359
2017-06-27 06:41:06+02;1359
2017-06-27 07:27:06+02;1269
2017-06-27 12:46:06+02;1299
2017-06-27 13:30:07+02;1269
2017-06-27 17:10:07+02;1289
2017-06-27 17:47:05+02;1269
2017-06-27 23:01:06+02;1359
2017-06-28 05:16:05+02;1359
2017-06-28 07:25:06+02;1269
2017-06-28 12:46:15+02;1299
2017-06-28 13:35:06+02;1269
2017-06-28 17:11:06+02;1289
2017-06-28 17:45:06+02;1269
2017-06-28 23:01:06+02;1359
2017-06-29 05:16:05+02;1359
2017-06-29 06:42:06+02;1289
2017-06-29 07:33:06+02;1269
2017-06-29 12:46:06+02;1299
2017-06-29 13:33:06+02;1269
2017-06-29 17:11:06+02;1289
2017-06-29 17:51:06+02;1269
2017-06-29 23:01:06+02;1359
2017-06-30 07:14:06+02;1359
2017-06-30 07:27:07+02;1269
2017-06-30 12:46:07+02;1299
2017-06-30 13:31:06+02;1269
2017-06-30 17:13:05+02;1289
2017-06-30 17:51:06+02;1269
2017-06-30 23:01:07+02;1359
2017-07-01 07:14:06+02;1359
2017-07-01 07:26:06+02;1269
2017-07-01 12:48:05+02;1299
2017-07-01 13:31:06+02;1269
2017-07-01 17:11:06+02;1289
2017-07-01 17:46:05+02;1269
2017-07-01 23:01:06+02;1359
2017-07-02 08:13:05+02;1359
2017-07-02 09:39:05+02;1329
2017-07-02 11:13:06+02;1329
2017-07-02 12:47:05+02;1359
2017-07-02 13:31:06+02;1329
2017-07-02 14:12:06+02;1329
2017-07-02 15:55:06+02;1309
2017-07-02 17:10:06+02;1329
2017-07-02 17:46:06+02;1329
2017-07-02 18:44:21+02;1309
2017-07-02 20:40:21+02;1289
2017-07-02 23:01:06+02;1379
2017-07-03 06:59:05+02;1369
2017-07-03 07:12:06+02;1369
2017-07-03 07:26:06+02;1269
2017-07-03 12:47:06+02;1299
2017-07-03 13:33:06+02;1269
2017-07-03 17:12:08+02;1289
2017-07-03 17:49:05+02;1269
2017-07-03 23:01:06+02;1359
2017-07-04 05:15:10+02;1269
2017-07-04 12:47:06+02;1299
2017-07-04 13:32:06+02;1269
2017-07-04 17:11:06+02;1289
2017-07-04 17:47:06+02;1269
2017-07-04 23:01:06+02;1369
2017-07-05 05:17:06+02;1369
2017-07-05 06:42:06+02;1369
2017-07-05 07:26:06+02;1269
2017-07-05 12:47:06+02;1299
2017-07-05 13:31:06+02;1269
2017-07-05 17:11:06+02;1289
2017-07-05 17:47:05+02;1269
2017-07-05 23:02:06+02;1359
2017-07-06 05:16:05+02;1359
2017-07-06 06:41:06+02;1359
2017-07-06 06:56:05+02;1349
2017-07-06 07:25:06+02;1269
2017-07-06 12:47:06+02;1299
2017-07-06 13:34:06+02;1269
2017-07-06 17:12:06+02;1289
2017-07-06 17:45:07+02;1269
2017-07-06 23:01:06+02;1359
2017-07-07 05:13:05+02;1359
2017-07-07 06:29:21+02;1359
2017-07-07 07:27:05+02;1269
2017-07-07 12:47:06+02;1299
2017-07-07 13:33:06+02;1269
2017-07-07 17:11:06+02;1289
2017-07-07 17:46:06+02;1269
2017-07-07 23:02:06+02;1359
2017-07-08 07:12:06+02;1359
2017-07-08 07:25:07+02;1269
2017-07-08 12:47:06+02;1299
2017-07-08 13:32:06+02;1269
2017-07-08 17:11:06+02;1289
2017-07-08 17:45:06+02;1269
2017-07-08 23:01:06+02;1359
2017-07-09 08:12:06+02;1359
2017-07-09 09:40:06+02;1359
2017-07-09 09:55:06+02;1329
2017-07-09 11:28:05+02;1329
2017-07-09 12:46:05+02;1359
2017-07-09 13:32:06+02;1329
2017-07-09 14:12:06+02;1329
2017-07-09 17:11:05+02;1349
2017-07-09 17:45:06+02;1339
2017-07-09 18:26:05+02;1339
2017-07-09 20:11:06+02;1329
2017-07-09 20:42:06+02;1319
2017-07-09 23:02:06+02;1399
2017-07-10 05:16:05+02;1389
2017-07-10 06:41:06+02;1389
2017-07-10 06:56:05+02;1369
2017-07-10 07:26:05+02;1269
2017-07-10 12:46:06+02;1299
2017-07-10 13:32:06+02;1269
2017-07-10 17:11:06+02;1289
2017-07-10 17:46:06+02;1269
2017-07-10 23:03:06+02;1359
2017-07-11 06:42:06+02;1359
2017-07-11 07:28:06+02;1269
2017-07-11 12:47:06+02;1299
2017-07-11 13:33:06+02;1269
2017-07-11 17:11:06+02;1289
2017-07-11 17:51:06+02;1269
2017-07-11 23:02:06+02;1359
2017-07-12 05:18:06+02;1359
2017-07-12 06:42:06+02;1359
2017-07-12 07:27:06+02;1269
2017-07-12 12:47:06+02;1299
2017-07-12 13:33:05+02;1269
2017-07-12 17:11:06+02;1289
2017-07-12 17:48:06+02;1269
2017-07-12 23:01:10+02;1359
2017-07-13 05:15:06+02;1359
2017-07-13 06:29:06+02;1359
2017-07-13 07:28:06+02;1269
2017-07-13 12:47:06+02;1299
2017-07-13 13:32:06+02;1269
2017-07-13 17:11:06+02;1289
2017-07-13 17:49:06+02;1269
2017-07-13 23:01:06+02;1359
2017-07-14 05:14:05+02;1359
2017-07-14 06:31:20+02;1359
2017-07-14 07:26:06+02;1269
2017-07-14 09:17:06+02;1259
2017-07-14 12:47:07+02;1289
2017-07-14 13:35:06+02;1259
2017-07-14 17:10:06+02;1279
2017-07-14 17:51:23+02;1269
2017-07-14 23:01:06+02;1359
2017-07-15 05:16:06+02;1359
2017-07-15 07:14:06+02;1359
2017-07-15 07:26:06+02;1269
2017-07-15 12:47:05+02;1299
2017-07-15 13:33:06+02;1269
2017-07-15 17:10:22+02;1289
2017-07-15 17:48:06+02;1269
2017-07-15 23:01:06+02;1359
2017-07-16 05:15:06+02;1359
2017-07-16 08:12:06+02;1359
2017-07-16 09:56:06+02;1319
2017-07-16 12:46:06+02;1349
2017-07-16 13:29:05+02;1319
2017-07-16 14:14:05+02;1319
2017-07-16 17:10:06+02;1339
2017-07-16 17:44:06+02;1329
2017-07-16 18:29:05+02;1329
2017-07-16 20:42:06+02;1319
2017-07-16 23:01:06+02;1399
2017-07-17 05:19:05+02;1389
2017-07-17 06:44:06+02;1389
2017-07-17 06:57:06+02;1359
2017-07-17 07:29:05+02;1269
2017-07-17 12:46:06+02;1299
2017-07-17 14:16:06+02;1269
2017-07-17 17:10:06+02;1289
2017-07-17 17:47:06+02;1269
2017-07-17 23:01:06+02;1359
2017-07-18 05:15:06+02;1359
2017-07-18 06:30:07+02;1359
2017-07-18 07:26:05+02;1269
2017-07-18 12:46:06+02;1299
2017-07-18 13:35:06+02;1269
2017-07-18 17:11:06+02;1289
2017-07-18 17:49:06+02;1269
2017-07-18 23:01:06+02;1359
2017-07-19 05:17:05+02;1359
2017-07-19 06:41:06+02;1359
2017-07-19 07:25:06+02;1269
2017-07-19 12:46:06+02;1299
2017-07-19 13:30:07+02;1269
2017-07-19 17:11:06+02;1289
2017-07-19 17:51:05+02;1269
2017-07-19 23:01:06+02;1359
2017-07-20 05:15:06+02;1359
2017-07-20 06:11:05+02;1309
2017-07-20 07:28:18+02;1269
2017-07-20 09:32:05+02;1249
2017-07-20 12:47:06+02;1279
2017-07-20 13:32:06+02;1249
2017-07-20 17:11:05+02;1269
2017-07-20 17:49:06+02;1269
2017-07-20 23:01:06+02;1359
2017-07-21 07:29:05+02;1269
2017-07-21 09:12:06+02;1259
2017-07-21 10:46:06+02;1259
2017-07-21 12:48:06+02;1289
2017-07-21 13:32:06+02;1259
2017-07-21 17:10:06+02;1279
2017-07-21 17:51:06+02;1269
2017-07-21 23:02:06+02;1359
2017-07-22 02:20:07+02;1359
2017-07-22 07:25:06+02;1269
2017-07-22 08:43:06+02;1259
2017-07-22 12:46:05+02;1289
2017-07-22 13:32:06+02;1259
2017-07-22 17:12:06+02;1279
2017-07-22 17:47:05+02;1269
2017-07-22 23:01:06+02;1359
2017-07-23 09:48:06+02;1319
2017-07-23 11:43:05+02;1309
2017-07-23 12:46:06+02;1339
2017-07-23 13:30:07+02;1309
2017-07-23 17:11:06+02;1329
2017-07-23 17:49:05+02;1319
2017-07-23 20:41:16+02;1319
2017-07-23 23:01:06+02;1409
2017-07-24 05:15:06+02;1379
2017-07-24 06:56:06+02;1369
2017-07-24 07:26:06+02;1269
2017-07-24 09:15:06+02;1259
2017-07-24 12:47:06+02;1289
2017-07-24 13:34:06+02;1259
2017-07-24 17:12:07+02;1279
2017-07-24 17:52:06+02;1269
2017-07-24 23:02:06+02;1359
2017-07-25 07:27:06+02;1269
2017-07-25 08:44:06+02;1259
2017-07-25 12:47:13+02;1289
2017-07-25 13:33:06+02;1259
2017-07-25 17:10:07+02;1279
2017-07-25 17:51:06+02;1269
2017-07-25 23:01:06+02;1359
2017-07-26 07:26:06+02;1269
2017-07-26 12:48:06+02;1299
2017-07-26 13:32:06+02;1269
2017-07-26 17:11:07+02;1289
2017-07-26 17:43:06+02;1269
2017-07-26 23:02:06+02;1359
2017-07-27 06:58:06+02;1289
2017-07-27 07:28:06+02;1269
2017-07-27 12:46:06+02;1299
2017-07-27 13:29:20+02;1269
2017-07-27 17:11:05+02;1289
2017-07-27 17:49:12+02;1269
2017-07-27 23:01:07+02;1359
2017-07-28 07:28:06+02;1269
2017-07-28 11:44:08+02;1269
2017-07-28 12:01:12+02;1269
2017-07-28 12:46:05+02;1299
2017-07-28 13:34:05+02;1289
2017-07-28 14:02:05+02;1269
2017-07-28 17:10:06+02;1289
2017-07-28 17:51:06+02;1269
2017-07-28 23:01:06+02;1359
2017-07-29 07:25:05+02;1269
2017-07-29 12:47:05+02;1299
2017-07-29 13:32:06+02;1269
2017-07-29 17:11:06+02;1289
2017-07-29 17:44:06+02;1269
2017-07-29 23:01:06+02;1359
2017-07-30 09:42:05+02;1319
2017-07-30 12:46:06+02;1349
2017-07-30 13:33:05+02;1319
2017-07-30 17:10:06+02;1339
2017-07-30 17:47:06+02;1319
2017-07-30 23:01:06+02;1409
2017-07-31 05:19:05+02;1379
2017-07-31 07:30:07+02;1269
2017-07-31 10:14:06+02;1259
2017-07-31 12:47:06+02;1289
2017-07-31 13:35:06+02;1259
2017-07-31 15:10:06+02;1259
2017-07-31 17:11:16+02;1279
2017-07-31 17:47:06+02;1269
2017-07-31 19:13:06+02;1259
2017-07-31 23:01:06+02;1349
2017-08-01 05:18:05+02;1349
2017-08-01 07:28:06+02;1289
2017-08-01 12:46:06+02;1319
2017-08-01 13:31:06+02;1289
2017-08-01 17:11:06+02;1309
2017-08-01 17:47:05+02;1289
2017-08-01 23:03:06+02;1379
2017-08-02 05:16:05+02;1369
2017-08-02 06:43:05+02;1369
2017-08-02 07:31:06+02;1289
2017-08-02 12:47:06+02;1319
2017-08-02 13:36:22+02;1289
2017-08-02 17:10:06+02;1309
2017-08-02 17:48:06+02;1289
2017-08-02 23:01:06+02;1379
2017-08-03 05:13:05+02;1369
2017-08-03 07:30:07+02;1289
2017-08-03 08:42:06+02;1279
2017-08-03 12:46:06+02;1309
2017-08-03 13:31:06+02;1279
2017-08-03 17:11:06+02;1299
2017-08-03 17:47:07+02;1289
2017-08-03 18:46:06+02;1279
2017-08-03 23:01:06+02;1369
2017-08-04 05:15:06+02;1369
2017-08-04 07:28:05+02;1279
2017-08-04 09:43:05+02;1269
2017-08-04 12:46:06+02;1299
2017-08-04 13:32:06+02;1269
2017-08-04 17:11:05+02;1289
2017-08-04 17:47:08+02;1279
2017-08-04 23:01:06+02;1369
2017-08-05 07:27:06+02;1279
2017-08-05 09:12:15+02;1269
2017-08-05 12:47:17+02;1299
2017-08-05 13:28:05+02;1269
2017-08-05 17:10:06+02;1289
2017-08-05 17:47:06+02;1279
2017-08-05 23:01:06+02;1369
2017-08-06 09:15:12+02;1339
2017-08-06 09:40:06+02;1329
2017-08-06 12:47:05+02;1359
2017-08-06 13:32:06+02;1329
2017-08-06 17:10:06+02;1349
2017-08-06 17:48:05+02;1339
2017-08-06 20:57:06+02;1329
2017-08-06 23:01:05+02;1419
2017-08-07 05:14:05+02;1389
2017-08-07 06:57:06+02;1379
2017-08-07 07:30:07+02;1279
2017-08-07 12:46:05+02;1309
2017-08-07 13:30:15+02;1279
2017-08-07 15:42:06+02;1269
2017-08-07 17:12:06+02;1289
2017-08-07 17:46:06+02;1279
2017-08-07 23:02:06+02;1369
2017-08-08 05:17:05+02;1369
2017-08-08 07:18:06+02;1279
2017-08-08 12:47:09+02;1309
2017-08-08 13:32:06+02;1279
2017-08-08 17:11:16+02;1299
2017-08-08 17:51:06+02;1279
2017-08-08 23:01:06+02;1369
2017-08-09 05:19:05+02;1369
2017-08-09 07:30:07+02;1279
2017-08-09 12:47:06+02;1309
2017-08-09 13:33:06+02;1279
2017-08-09 17:12:06+02;1299
2017-08-09 17:49:05+02;1279
2017-08-09 23:01:06+02;1369
2017-08-10 07:27:06+02;1279
2017-08-10 09:15:06+02;1269
2017-08-10 12:47:06+02;1299
2017-08-10 13:33:06+02;1269
2017-08-10 17:11:06+02;1289
2017-08-10 17:46:06+02;1279
2017-08-10 23:02:06+02;1369
2017-08-11 07:30:07+02;1279
2017-08-11 10:43:06+02;1269
2017-08-11 12:47:06+02;1299
2017-08-11 13:31:06+02;1269
2017-08-11 17:12:06+02;1289
2017-08-11 17:48:06+02;1279
2017-08-11 23:01:06+02;1369
2017-08-12 06:55:06+02;1369
2017-08-12 07:25:06+02;1279
2017-08-12 12:47:05+02;1309
2017-08-12 13:34:05+02;1279
2017-08-12 17:14:05+02;1299
2017-08-12 17:49:05+02;1279
2017-08-12 23:01:05+02;1369
2017-08-13 12:46:05+02;1399
2017-08-13 13:31:06+02;1349
2017-08-13 17:11:06+02;1369
2017-08-13 17:44:06+02;1359
2017-08-13 20:56:05+02;1339
2017-08-13 23:01:06+02;1419
2017-08-14 05:18:05+02;1389
2017-08-14 06:56:10+02;1379
2017-08-14 07:29:05+02;1279
2017-08-14 12:47:06+02;1309
2017-08-14 13:31:21+02;1279
2017-08-14 17:10:06+02;1299
2017-08-14 17:50:06+02;1279
2017-08-14 23:01:06+02;1369
2017-08-15 07:29:06+02;1279
2017-08-15 12:47:06+02;1309
2017-08-15 13:31:05+02;1279
2017-08-15 17:10:06+02;1299
2017-08-15 17:46:05+02;1279
2017-08-15 23:01:06+02;1369
2017-08-16 07:28:05+02;1279
2017-08-16 12:48:06+02;1309
2017-08-16 13:31:05+02;1279
2017-08-16 17:11:06+02;1299
2017-08-16 17:47:06+02;1279
2017-08-16 23:01:06+02;1369
2017-08-17 07:26:06+02;1279
2017-08-17 12:47:06+02;1309
2017-08-17 13:30:07+02;1279
2017-08-17 17:11:09+02;1299
2017-08-17 17:46:08+02;1279
2017-08-17 23:01:07+02;1369
2017-08-18 07:27:08+02;1279
2017-08-18 12:46:10+02;1309
2017-08-18 13:36:09+02;1279
2017-08-18 17:10:18+02;1299
2017-08-18 17:48:11+02;1279
2017-08-18 23:01:08+02;1369
2017-08-19 06:56:08+02;1369
2017-08-19 07:26:08+02;1279
2017-08-19 12:47:17+02;1309
2017-08-19 13:30:14+02;1279
2017-08-19 17:10:10+02;1299
2017-08-19 17:46:09+02;1279
2017-08-19 23:01:09+02;1369
2017-08-20 06:09:10+02;1349
2017-08-20 08:41:08+02;1339
2017-08-20 09:44:08+02;1309
2017-08-20 12:46:09+02;1339
2017-08-20 13:33:09+02;1309
2017-08-20 17:11:08+02;1329
2017-08-20 17:49:11+02;1319
2017-08-20 18:45:18+02;1309
2017-08-20 23:02:09+02;1399
2017-08-21 05:18:07+02;1279
2017-08-21 12:46:11+02;1309
2017-08-21 13:35:14+02;1279
2017-08-21 17:11:12+02;1299
2017-08-21 17:50:11+02;1279
2017-08-21 23:01:08+02;1369
2017-08-22 07:16:07+02;1369
2017-08-22 07:27:08+02;1279
2017-08-22 12:47:13+02;1309
2017-08-22 13:33:15+02;1279
2017-08-22 17:11:14+02;1299
2017-08-22 17:49:10+02;1279
2017-08-22 23:01:08+02;1369
2017-08-23 07:27:14+02;1279
2017-08-23 12:46:12+02;1309
2017-08-23 13:40:20+02;1279
2017-08-23 17:12:11+02;1299
2017-08-23 17:48:10+02;1279
2017-08-23 23:01:08+02;1369
2017-08-24 03:33:06+02;1369
2017-08-24 07:30:07+02;1279
2017-08-24 12:46:06+02;1309
2017-08-24 13:32:05+02;1279
2017-08-24 17:12:05+02;1299
2017-08-24 17:47:05+02;1279
2017-08-24 23:01:06+02;1369
2017-08-25 07:12:06+02;1369
2017-08-25 07:26:05+02;1279
2017-08-25 12:47:06+02;1309
2017-08-25 13:31:06+02;1279
2017-08-25 17:11:06+02;1299
2017-08-25 17:48:06+02;1279
2017-08-25 23:01:05+02;1369
2017-08-26 05:17:05+02;1329
2017-08-26 07:26:05+02;1279
2017-08-26 12:46:05+02;1309
2017-08-26 13:32:05+02;1279
2017-08-26 17:12:06+02;1299
2017-08-26 17:44:05+02;1289
2017-08-26 23:01:05+02;1379
2017-08-27 08:15:06+02;1379
2017-08-27 08:43:05+02;1379
2017-08-27 09:16:06+02;1379
2017-08-27 10:14:05+02;1379
2017-08-27 10:56:05+02;1369
2017-08-27 11:42:05+02;1319
2017-08-27 12:46:06+02;1349
2017-08-27 13:32:06+02;1319
2017-08-27 17:10:06+02;1339
2017-08-27 17:49:06+02;1329
2017-08-27 18:31:06+02;1329
2017-08-27 23:01:05+02;1419
2017-08-28 05:18:05+02;1389
2017-08-28 07:27:06+02;1279
2017-08-28 12:47:06+02;1309
2017-08-28 13:36:07+02;1279
2017-08-28 17:11:06+02;1299
2017-08-28 17:49:06+02;1289
2017-08-28 23:01:07+02;1379
2017-08-29 07:29:06+02;1299
2017-08-29 12:46:06+02;1329
2017-08-29 13:36:06+02;1299
2017-08-29 17:10:19+02;1319
2017-08-29 17:49:05+02;1299
2017-08-29 23:01:06+02;1389
2017-08-30 07:26:06+02;1289
2017-08-30 12:48:06+02;1319
2017-08-30 13:34:06+02;1289
2017-08-30 17:11:06+02;1309
2017-08-30 17:50:06+02;1289
2017-08-30 23:01:06+02;1379
2017-08-31 07:28:06+02;1299
2017-08-31 12:47:06+02;1329
2017-08-31 13:32:06+02;1309
2017-08-31 17:11:06+02;1329
2017-08-31 17:46:06+02;1309
2017-08-31 23:02:06+02;1399
2017-09-01 05:16:06+02;1389
2017-09-01 07:32:06+02;1309
2017-09-01 12:47:06+02;1339
2017-09-01 13:34:06+02;1309
2017-09-01 17:11:06+02;1329
2017-09-01 17:46:06+02;1309
2017-09-01 23:02:18+02;1399
2017-09-02 05:14:05+02;1399
2017-09-02 07:25:06+02;1319
2017-09-02 12:47:06+02;1349
2017-09-02 13:32:05+02;1329
2017-09-02 17:12:06+02;1349
2017-09-02 17:48:06+02;1329
2017-09-02 23:01:06+02;1419
2017-09-03 05:15:06+02;1409
2017-09-03 08:13:05+02;1399
2017-09-03 08:59:05+02;1389
2017-09-03 09:14:06+02;1389
2017-09-03 09:47:06+02;1349
2017-09-03 12:47:06+02;1379
2017-09-03 13:31:06+02;1349
2017-09-03 17:10:06+02;1369
2017-09-03 17:48:06+02;1359
2017-09-03 18:18:06+02;1359
2017-09-03 18:57:06+02;1329
2017-09-03 23:01:06+02;1419
2017-09-04 05:17:05+02;1409
2017-09-04 07:29:05+02;1329
2017-09-04 12:46:06+02;1359
2017-09-04 13:35:06+02;1329
2017-09-04 17:11:06+02;1349
2017-09-04 17:53:06+02;1329
2017-09-04 23:02:06+02;1419
2017-09-05 05:16:05+02;1409
2017-09-05 07:26:06+02;1329
2017-09-05 12:47:06+02;1359
2017-09-05 13:32:06+02;1329
2017-09-05 17:10:06+02;1349
2017-09-05 17:46:06+02;1329
2017-09-05 23:01:05+02;1419
2017-09-06 07:29:06+02;1319
2017-09-06 12:46:06+02;1349
2017-09-06 13:35:06+02;1319
2017-09-06 17:12:06+02;1339
2017-09-06 17:46:06+02;1319
2017-09-06 23:01:06+02;1409
2017-09-07 07:29:05+02;1319
2017-09-07 12:48:06+02;1349
2017-09-07 13:35:06+02;1319
2017-09-07 17:11:06+02;1339
2017-09-07 17:50:06+02;1319
2017-09-07 23:02:06+02;1409
2017-09-08 07:27:06+02;1319
2017-09-08 12:47:06+02;1349
2017-09-08 13:30:10+02;1319
2017-09-08 17:10:06+02;1339
2017-09-08 17:42:06+02;1319
2017-09-08 23:01:06+02;1409
2017-09-09 06:40:06+02;1359
2017-09-09 07:26:06+02;1319
2017-09-09 12:47:05+02;1349
2017-09-09 13:31:06+02;1319
2017-09-09 17:11:05+02;1339
2017-09-09 17:45:06+02;1319
2017-09-09 23:02:06+02;1409
2017-09-10 09:56:05+02;1369
2017-09-10 12:47:06+02;1399
2017-09-10 13:30:07+02;1369
2017-09-10 16:10:06+02;1359
2017-09-10 17:10:06+02;1379
2017-09-10 18:28:05+02;1369
2017-09-10 20:40:06+02;1359
2017-09-10 23:01:06+02;1449
2017-09-11 05:15:07+02;1429
2017-09-11 06:57:06+02;1419
2017-09-11 07:27:06+02;1319
2017-09-11 12:46:06+02;1349
2017-09-11 13:29:06+02;1319
2017-09-11 17:12:14+02;1339
2017-09-11 17:43:06+02;1319
2017-09-11 23:01:06+02;1409
2017-09-12 07:27:06+02;1319
2017-09-12 12:48:06+02;1349
2017-09-12 13:32:06+02;1319
2017-09-12 17:11:06+02;1339
2017-09-12 17:44:06+02;1319
2017-09-12 23:01:06+02;1409
2017-09-13 07:32:28+02;1309
2017-09-13 12:46:06+02;1339
2017-09-13 13:36:06+02;1309
2017-09-13 17:12:06+02;1329
2017-09-13 17:49:05+02;1309
2017-09-13 23:02:06+02;1399
2017-09-14 07:26:06+02;1309
2017-09-14 12:46:06+02;1339
2017-09-14 13:33:06+02;1309
2017-09-14 17:11:06+02;1329
2017-09-14 17:47:06+02;1309
2017-09-14 23:01:06+02;1399
2017-09-15 07:30:07+02;1309
2017-09-15 12:47:06+02;1339
2017-09-15 13:33:06+02;1309
2017-09-15 17:11:05+02;1329
2017-09-15 17:48:06+02;1319
2017-09-15 23:02:06+02;1409
2017-09-16 09:11:05+02;1399
2017-09-16 09:30:07+02;1389
2017-09-16 09:57:06+02;1359
2017-09-16 12:46:06+02;1389
2017-09-16 13:31:06+02;1359
2017-09-16 15:57:05+02;1309
2017-09-16 17:12:06+02;1329
2017-09-16 17:46:06+02;1319
2017-09-16 23:01:05+02;1409
2017-09-17 09:47:06+02;1359
2017-09-17 12:47:06+02;1389
2017-09-17 13:31:06+02;1359
2017-09-17 17:10:06+02;1379
2017-09-17 17:44:06+02;1369
2017-09-17 18:43:05+02;1359
2017-09-17 19:41:05+02;1359
2017-09-17 23:01:06+02;1449
2017-09-18 05:15:06+02;1419
2017-09-18 07:31:06+02;1309
2017-09-18 12:47:05+02;1339
2017-09-18 13:35:06+02;1309
2017-09-18 17:11:06+02;1329
2017-09-18 17:47:06+02;1309
2017-09-18 23:01:06+02;1399
2017-09-19 07:32:06+02;1309
2017-09-19 12:46:06+02;1339
2017-09-19 13:35:06+02;1309
2017-09-19 17:12:18+02;1329
2017-09-19 19:43:05+02;1319
2017-09-19 23:16:20+02;1409
2017-09-20 05:15:06+02;1309
2017-09-20 12:47:06+02;1339
2017-09-20 13:32:06+02;1309
2017-09-20 17:11:06+02;1329
2017-09-20 17:48:05+02;1309
2017-09-20 23:01:06+02;1399
2017-09-21 07:28:06+02;1309
2017-09-21 12:47:06+02;1339
2017-09-21 13:36:06+02;1309
2017-09-21 17:11:06+02;1329
2017-09-21 17:49:06+02;1309
2017-09-21 23:01:06+02;1399
