2014-06-09 00:02:01+02;1519
2014-06-10 00:22:01+02;1599
2014-06-10 06:22:01+02;1589
2014-06-10 08:22:01+02;1579
2014-06-10 08:54:01+02;1549
2014-06-10 11:10:01+02;1539
2014-06-10 11:54:01+02;1539
2014-06-10 12:22:01+02;1529
2014-06-11 00:22:01+02;1599
2014-06-11 05:22:01+02;1589
2014-06-11 06:58:01+02;1579
2014-06-11 09:54:01+02;1549
2014-06-11 10:30:01+02;1549
2014-06-11 11:58:01+02;1539
2014-06-12 00:22:01+02;1609
2014-06-12 05:30:01+02;1599
2014-06-12 06:58:01+02;1589
2014-06-12 08:22:01+02;1579
2014-06-12 09:22:01+02;1549
2014-06-12 11:06:01+02;1539
2014-06-12 11:54:01+02;1529
2014-06-13 00:34:01+02;1609
2014-06-13 05:10:01+02;1599
2014-06-13 06:54:01+02;1579
2014-06-13 08:38:01+02;1569
2014-06-13 11:22:01+02;1569
2014-06-13 13:06:01+02;1559
2014-06-14 00:26:01+02;1619
2014-06-14 09:54:01+02;1569
2014-06-14 11:22:01+02;1569
2014-06-14 13:06:01+02;1559
2014-06-16 00:22:01+02;1639
2014-06-16 04:22:01+02;1619
2014-06-16 06:22:01+02;1599
2014-06-16 08:06:01+02;1599
2014-06-16 08:58:01+02;1559
2014-06-16 10:54:01+02;1549
2014-06-16 12:14:01+02;1549
2014-06-17 00:22:01+02;1639
2014-06-17 03:38:01+02;1619
2014-06-17 06:14:01+02;1599
2014-06-17 20:30:01+02;1559
2014-06-18 00:22:01+02;1639
2014-06-18 01:06:01+02;1629
2014-06-18 02:58:01+02;1609
2014-06-18 04:22:01+02;1599
2014-06-18 06:38:01+02;1589
2014-06-18 07:10:01+02;1579
2014-06-18 07:58:01+02;1769
2014-06-18 08:02:01+02;1569
2014-06-18 08:14:01+02;1569
2014-06-18 09:18:01+02;1559
2014-06-18 10:06:01+02;1559
2014-06-18 11:38:01+02;1539
2014-06-19 00:54:01+02;1629
2014-06-19 02:58:01+02;1619
2014-06-19 03:22:01+02;1609
2014-06-19 06:06:01+02;1599
2014-06-19 08:14:01+02;1579
2014-06-19 09:06:01+02;1559
2014-06-19 09:54:01+02;1559
2014-06-20 00:30:01+02;1629
2014-06-20 06:38:01+02;1609
2014-06-20 10:50:01+02;1559
2014-06-20 11:38:01+02;1559
2014-06-20 12:54:01+02;1559
2014-06-21 00:22:01+02;1629
2014-06-21 02:54:01+02;1619
2014-06-21 04:38:01+02;1599
2014-06-21 07:42:01+02;1589
2014-06-21 10:54:01+02;1559
2014-06-23 00:22:01+02;1639
2014-06-23 02:22:01+02;1619
2014-06-23 04:22:01+02;1619
2014-06-23 05:54:01+02;1599
2014-06-23 07:38:01+02;1589
2014-06-23 09:38:01+02;1579
2014-06-24 00:22:01+02;1639
2014-06-24 00:54:01+02;1629
2014-06-24 02:54:01+02;1619
2014-06-24 05:58:01+02;1599
2014-06-24 07:22:01+02;1599
2014-06-24 09:58:01+02;1579
2014-06-24 11:38:01+02;1569
2014-06-25 00:30:01+02;1639
2014-06-25 03:38:01+02;1619
2014-06-25 04:22:01+02;1619
2014-06-25 05:58:01+02;1609
2014-06-25 09:54:01+02;1589
2014-06-25 10:22:01+02;1589
2014-06-25 10:38:01+02;1589
2014-06-25 10:42:01+02;1569
2014-06-25 12:54:01+02;1569
2014-06-26 00:18:01+02;1639
2014-06-26 00:54:01+02;1609
2014-06-26 05:54:01+02;1599
2014-06-26 06:42:01+02;1589
2014-06-26 08:22:01+02;1589
2014-06-26 09:10:01+02;1579
2014-06-26 10:14:01+02;1569
2014-06-26 11:30:01+02;1559
2014-06-27 00:30:01+02;1639
2014-06-27 03:30:01+02;1609
2014-06-27 05:58:01+02;1599
2014-06-27 06:22:01+02;1589
2014-06-27 09:14:01+02;1579
2014-06-27 10:34:01+02;1569
2014-06-27 12:22:01+02;1569
2014-06-27 12:38:01+02;1569
2014-06-28 00:30:01+02;1639
2014-06-28 03:10:01+02;1619
2014-06-29 17:26:01+02;1599
2014-06-30 00:38:01+02;1639
2014-06-30 05:58:01+02;1629
2014-06-30 06:22:01+02;1609
2014-06-30 06:54:01+02;1609
2014-06-30 07:54:01+02;1609
2014-06-30 08:58:01+02;1599
2014-06-30 09:22:01+02;1579
2014-06-30 10:22:01+02;1569
2014-06-30 11:42:01+02;1569
2014-06-30 12:26:01+02;1559
2014-07-01 00:22:01+02;1629
2014-07-01 01:22:01+02;1619
2014-07-01 07:22:01+02;1589
2014-07-01 08:22:01+02;1589
2014-07-01 09:38:01+02;1569
2014-07-01 10:22:01+02;1559
2014-07-01 11:22:01+02;1559
2014-07-01 15:46:01+02;1549
2014-07-02 00:26:01+02;1639
2014-07-02 01:54:01+02;1629
2014-07-02 02:54:01+02;1619
2014-07-02 05:42:01+02;1599
2014-07-02 06:22:01+02;1589
2014-07-02 08:30:01+02;1559
2014-07-02 09:54:01+02;1549
2014-07-02 11:54:01+02;1539
2014-07-03 00:22:01+02;1629
2014-07-03 01:54:01+02;1629
2014-07-03 05:46:01+02;1589
2014-07-03 09:34:01+02;1559
2014-07-03 11:30:01+02;1549
2014-07-04 00:22:01+02;1619
2014-07-04 03:58:01+02;1609
2014-07-04 06:58:01+02;1599
2014-07-04 07:14:01+02;1599
2014-07-04 08:10:01+02;1579
2014-07-04 08:54:01+02;1579
2014-07-04 09:54:01+02;1559
2014-07-04 11:38:01+02;1549
2014-07-07 09:34:01+02;1579
2014-07-07 11:06:01+02;1559
2014-07-07 12:06:01+02;1559
2014-07-08 00:34:01+02;1629
2014-07-08 04:42:01+02;1609
2014-07-08 05:42:01+02;1559
2014-07-08 06:18:01+02;1609
2014-07-08 07:14:01+02;1589
2014-07-08 08:10:01+02;1559
2014-07-08 08:42:01+02;1549
2014-07-09 00:18:01+02;1629
2014-07-09 00:42:01+02;1619
2014-07-09 01:18:01+02;1609
2014-07-09 06:22:01+02;1599
2014-07-09 07:42:01+02;1559
2014-07-09 08:50:01+02;1559
2014-07-09 10:10:01+02;1559
2014-07-09 11:14:01+02;1559
2014-07-09 11:34:01+02;1559
2014-07-09 12:34:02+02;1549
2014-07-10 00:18:01+02;1619
2014-07-10 00:42:01+02;1619
2014-07-10 02:54:01+02;1609
2014-07-10 05:06:01+02;1599
2014-07-10 06:34:01+02;1589
2014-07-10 09:14:01+02;1559
2014-07-10 12:54:01+02;1559
2014-07-11 00:22:01+02;1619
2014-07-11 03:38:01+02;1599
2014-07-11 05:18:01+02;1599
2014-07-11 06:14:01+02;1589
2014-07-11 06:38:01+02;1579
2014-07-11 08:06:01+02;1569
2014-07-11 10:18:01+02;1559
2014-07-11 11:46:01+02;1549
2014-07-12 00:22:01+02;1619
2014-07-12 03:10:01+02;1599
2014-07-12 05:42:01+02;1589
2014-07-12 06:22:01+02;1579
2014-07-12 07:42:01+02;1569
2014-07-12 08:42:01+02;1559
2014-07-12 09:50:01+02;1549
2014-07-14 00:18:01+02;1629
2014-07-14 00:42:01+02;1609
2014-07-14 02:18:01+02;1599
2014-07-14 06:46:01+02;1589
2014-07-14 07:38:01+02;1579
2014-07-14 09:38:01+02;1559
2014-07-14 12:26:01+02;1559
2014-07-15 00:18:01+02;1629
2014-07-15 00:30:01+02;1619
2014-07-15 02:10:01+02;1609
2014-07-15 06:34:01+02;1599
2014-07-15 07:14:01+02;1589
2014-07-15 07:54:01+02;1579
2014-07-15 08:22:01+02;1579
2014-07-15 09:14:01+02;1569
2014-07-15 09:58:01+02;1559
2014-07-15 10:50:01+02;1549
2014-07-16 00:18:01+02;1619
2014-07-16 02:34:01+02;1609
2014-07-16 03:50:01+02;1609
2014-07-16 06:22:01+02;1599
2014-07-16 08:54:01+02;1559
2014-07-16 09:22:01+02;1549
2014-07-16 09:38:01+02;1549
2014-07-16 11:02:01+02;1549
2014-07-17 00:22:01+02;1619
2014-07-17 01:38:01+02;1599
2014-07-17 05:10:01+02;1599
2014-07-17 06:18:01+02;1559
2014-07-17 09:50:01+02;1559
2014-07-17 11:46:01+02;1559
2014-07-18 00:18:01+02;1609
2014-07-18 03:50:01+02;1599
2014-07-18 06:18:01+02;1589
2014-07-18 09:10:01+02;1589
2014-07-18 09:38:01+02;1559
2014-07-19 00:06:01+02;1559
2014-07-19 00:22:01+02;1619
2014-07-19 02:42:01+02;1599
2014-07-19 06:46:01+02;1589
2014-07-19 07:42:01+02;1549
2014-07-19 11:42:01+02;1539
2014-07-21 00:18:01+02;1619
2014-07-21 00:50:01+02;1599
2014-07-21 01:30:01+02;1589
2014-07-21 02:18:01+02;1579
2014-07-21 05:42:01+02;1579
2014-07-21 07:14:01+02;1569
2014-07-21 07:42:01+02;1569
2014-07-21 10:22:01+02;1559
2014-07-22 00:14:01+02;1609
2014-07-22 01:18:01+02;1609
2014-07-22 02:50:01+02;1599
2014-07-22 06:14:01+02;1589
2014-07-22 07:54:01+02;1579
2014-07-22 09:14:01+02;1569
2014-07-22 10:50:01+02;1559
2014-07-22 12:14:01+02;1559
2014-07-23 00:18:01+02;1599
2014-07-23 00:42:02+02;1599
2014-07-23 06:18:01+02;1589
2014-07-23 08:14:01+02;1539
2014-07-24 00:02:01+02;1529
2014-07-24 00:34:01+02;1599
2014-07-24 02:22:01+02;1589
2014-07-24 05:58:01+02;1579
2014-07-24 06:18:01+02;1579
2014-07-24 06:42:02+02;1569
2014-07-24 08:18:01+02;1559
2014-07-24 09:42:01+02;1549
2014-07-25 00:02:01+02;1539
2014-07-25 00:18:01+02;1599
2014-07-25 00:38:01+02;1589
2014-07-25 05:14:01+02;1589
2014-07-25 05:50:01+02;1579
2014-07-25 08:10:01+02;1549
2014-07-25 09:50:01+02;1529
2014-07-25 10:14:01+02;1529
2014-07-26 00:22:01+02;1599
2014-07-26 02:42:01+02;1599
2014-07-26 07:50:01+02;1559
2014-07-26 08:18:01+02;1559
2014-07-26 08:22:01+02;1549
2014-07-28 00:02:01+02;1539
2014-07-28 00:22:01+02;1599
2014-07-28 04:50:01+02;1549
2014-07-28 07:10:01+02;1539
2014-07-29 00:18:01+02;1599
2014-07-29 04:46:01+02;1589
2014-07-29 06:14:01+02;1569
2014-07-29 08:18:01+02;1549
2014-07-29 10:42:01+02;1539
2014-07-29 11:50:01+02;1529
2014-07-30 02:06:01+02;1599
2014-07-30 04:22:01+02;1579
2014-07-30 06:50:01+02;1559
2014-07-30 08:38:01+02;1549
2014-07-30 12:50:01+02;1539
2014-07-31 00:18:01+02;1599
2014-07-31 04:22:01+02;1589
2014-07-31 08:42:01+02;1569
2014-07-31 10:14:01+02;1569
2014-07-31 12:14:01+02;1559
2014-07-31 12:54:01+02;1529
2014-08-01 00:18:01+02;1599
2014-08-01 00:42:01+02;1579
2014-08-01 07:02:01+02;1559
2014-08-01 08:46:01+02;1549
2014-08-01 09:42:01+02;1539
2014-08-02 00:14:01+02;1599
2014-08-02 03:18:01+02;1589
2014-08-02 04:42:01+02;1589
2014-08-02 14:46:01+02;1559
2014-08-03 07:50:01+02;1549
2014-08-04 00:42:01+02;1599
2014-08-04 06:42:01+02;1579
2014-08-04 08:58:01+02;1579
2014-08-04 10:26:01+02;1549
2014-08-04 11:50:01+02;1539
2014-08-05 06:14:02+02;1599
2014-08-05 07:14:01+02;1579
2014-08-05 11:42:01+02;1569
2014-08-05 12:42:01+02;1569
2014-08-05 14:18:01+02;1549
2014-08-05 15:42:01+02;1539
2014-08-06 06:18:01+02;1589
2014-08-06 09:18:01+02;1569
2014-08-06 11:50:01+02;1569
2014-08-06 13:54:01+02;1569
2014-08-06 15:50:01+02;1559
2014-08-06 16:50:01+02;1549
2014-08-06 17:50:01+02;1539
2014-08-06 18:50:02+02;1529
2014-08-07 06:22:01+02;1599
2014-08-07 06:42:01+02;1579
2014-08-07 10:14:01+02;1559
2014-08-07 12:30:01+02;1549
2014-08-07 13:18:01+02;1539
2014-08-07 14:18:01+02;1529
2014-08-07 17:42:01+02;1509
2014-08-07 18:10:01+02;1509
2014-08-08 06:22:01+02;1599
2014-08-08 06:50:01+02;1569
2014-08-08 08:02:01+02;1559
2014-08-08 13:34:01+02;1519
2014-08-09 06:18:01+02;1579
2014-08-09 11:58:01+02;1569
2014-08-09 15:06:01+02;1559
2014-08-09 16:54:01+02;1549
2014-08-09 17:54:01+02;1539
2014-08-11 13:26:01+02;1579
2014-08-11 14:58:01+02;1569
2014-08-11 17:38:01+02;1549
2014-08-11 18:50:01+02;1549
2014-08-12 06:22:01+02;1589
2014-08-12 12:54:01+02;1569
2014-08-12 13:42:01+02;1559
2014-08-12 14:42:01+02;1539
2014-08-12 15:58:01+02;1529
2014-08-12 18:14:01+02;1509
2014-08-13 06:22:01+02;1589
2014-08-13 06:34:01+02;1589
2014-08-13 11:02:01+02;1569
2014-08-13 13:18:01+02;1559
2014-08-13 14:58:01+02;1519
2014-08-13 16:42:01+02;1519
2014-08-13 18:42:01+02;1519
2014-08-14 06:30:01+02;1589
2014-08-14 08:22:01+02;1589
2014-08-14 10:22:01+02;1579
2014-08-14 12:34:01+02;1569
2014-08-14 13:30:01+02;1559
2014-08-14 14:18:01+02;1549
2014-08-14 16:54:01+02;1549
2014-08-14 17:42:01+02;1529
2014-08-14 18:54:01+02;1529
2014-08-15 06:30:01+02;1589
2014-08-15 06:54:01+02;1589
2014-08-15 13:54:01+02;1569
2014-08-15 14:54:01+02;1549
2014-08-15 15:54:01+02;1539
2014-08-15 17:50:01+02;1509
2016-04-03 18:15:01+02;1239
2016-04-03 18:27:01+02;1239
2016-04-04 07:57:01+02;1289
2016-04-04 09:32:01+02;1279
2016-04-04 10:27:01+02;1279
2016-04-04 11:22:01+02;1249
2016-04-04 14:27:01+02;1249
2016-04-04 15:37:01+02;1239
2016-04-04 17:27:01+02;1239
2016-04-04 18:22:01+02;1229
2016-04-05 07:37:01+02;1289
2016-04-05 08:32:01+02;1279
2016-04-05 10:57:01+02;1269
2016-04-05 13:02:01+02;1259
2016-04-05 15:12:01+02;1249
2016-04-05 17:02:01+02;1229
2016-04-06 07:42:01+02;1279
2016-04-06 11:57:01+02;1269
2016-04-06 14:27:01+02;1259
2016-04-06 15:27:01+02;1249
2016-04-06 18:17:01+02;1239
2016-04-07 07:42:01+02;1279
2016-04-07 10:12:01+02;1259
2016-04-07 11:22:01+02;1259
2016-04-07 12:17:02+02;1249
2016-04-07 15:32:01+02;1239
2016-04-07 16:17:02+02;1229
2016-04-08 07:42:01+02;1289
2016-04-08 07:52:01+02;1279
2016-04-08 08:57:01+02;1279
2016-04-08 09:52:01+02;1229
2016-04-08 16:47:01+02;1219
2016-04-09 07:42:01+02;1289
2016-04-09 07:47:01+02;1279
2016-04-09 15:42:01+02;1259
2016-04-09 16:22:01+02;1249
2016-04-11 07:47:01+02;1289
2016-04-11 09:47:01+02;1269
2016-04-11 10:47:02+02;1269
2016-04-11 12:17:01+02;1259
2016-04-11 15:27:01+02;1249
2016-04-11 18:02:01+02;1249
2016-04-11 18:57:01+02;1239
2016-04-12 07:47:01+02;1299
2016-04-12 07:52:01+02;1289
2016-04-12 08:22:02+02;1279
2016-04-12 09:17:01+02;1249
2016-04-12 11:17:01+02;1249
2016-04-13 07:47:01+02;1289
2016-04-13 10:17:01+02;1279
2016-04-13 11:22:01+02;1269
2016-04-13 15:22:01+02;1259
2016-04-14 07:42:01+02;1289
2016-04-14 10:47:01+02;1289
2016-04-14 11:42:01+02;1269
2016-04-14 12:17:01+02;1269
2016-04-14 14:17:01+02;1269
2016-04-14 15:17:01+02;1269
2016-04-14 18:17:01+02;1259
2016-04-15 07:37:01+02;1299
2016-04-15 10:17:01+02;1289
2016-04-15 11:17:02+02;1269
2016-04-15 12:22:01+02;1269
2016-04-15 14:57:01+02;1269
2016-04-16 07:37:02+02;1299
2016-04-16 11:07:01+02;1299
2016-04-16 16:42:01+02;1269
2016-04-16 19:12:01+02;1269
2016-04-17 15:32:01+02;1259
2016-04-17 17:57:01+02;1249
2016-04-18 07:42:01+02;1299
2016-04-18 10:22:01+02;1289
2016-04-18 11:17:01+02;1269
2016-04-18 14:27:01+02;1269
2016-04-18 15:27:01+02;1269
2016-04-18 18:17:01+02;1249
2016-04-19 07:42:02+02;1309
2016-04-19 08:32:01+02;1309
2016-04-19 09:47:01+02;1289
2016-04-19 10:27:01+02;1269
2016-04-19 16:17:01+02;1259
2016-04-19 16:47:01+02;1249
2016-04-19 18:32:01+02;1239
2016-04-20 07:37:01+02;1309
2016-04-20 07:52:01+02;1289
2016-04-20 12:32:01+02;1269
2016-04-20 16:12:01+02;1259
2016-04-20 18:02:01+02;1259
2016-04-20 18:17:01+02;1249
2016-04-21 07:37:01+02;1289
2016-04-21 09:37:01+02;1289
2016-04-21 11:27:01+02;1269
2016-04-21 12:52:01+02;1269
2016-04-21 15:17:01+02;1259
2016-04-21 16:42:01+02;1249
2016-04-22 07:42:01+02;1309
2016-04-22 07:52:01+02;1299
2016-04-22 10:32:01+02;1279
2016-04-22 13:02:01+02;1269
2016-04-22 14:22:01+02;1259
2016-04-22 16:02:01+02;1249
2016-04-22 18:12:01+02;1249
2016-04-23 07:42:02+02;1319
2016-04-23 07:52:01+02;1309
2016-04-23 08:52:01+02;1279
2016-04-23 15:57:01+02;1269
2016-04-24 18:32:01+02;1269
2016-04-24 21:46:01+02;1269
2016-04-25 07:42:01+02;1319
2016-04-25 09:17:01+02;1309
2016-04-25 10:27:01+02;1289
2016-04-25 11:17:01+02;1279
2016-04-25 15:22:01+02;1269
2016-04-25 17:17:01+02;1269
2016-04-25 18:32:01+02;1259
2016-04-26 07:42:01+02;1319
2016-04-26 08:57:01+02;1299
2016-04-26 10:02:01+02;1289
2016-04-26 11:32:01+02;1279
2016-04-26 12:47:01+02;1269
2016-04-26 13:27:01+02;1279
2016-04-26 14:17:01+02;1269
2016-04-26 14:47:01+02;1259
2016-04-26 16:22:01+02;1249
2016-04-27 07:22:01+02;1319
2016-04-27 07:42:01+02;1329
2016-04-27 08:02:01+02;1309
2016-04-27 09:57:01+02;1299
2016-04-27 12:22:01+02;1299
2016-04-27 15:27:01+02;1289
2016-04-27 18:32:01+02;1279
2016-04-28 07:37:01+02;1329
2016-04-28 09:57:01+02;1309
2016-04-28 11:32:02+02;1279
2016-04-28 17:07:01+02;1279
2016-04-28 17:52:01+02;1279
2016-04-28 18:17:01+02;1269
2016-04-29 07:37:01+02;1329
2016-04-29 07:57:01+02;1329
2016-04-29 11:22:01+02;1299
2016-04-29 12:47:01+02;1289
2016-04-29 14:52:01+02;1279
2016-04-29 16:57:01+02;1269
2016-04-30 07:37:01+02;1319
2016-04-30 09:17:01+02;1299
2016-04-30 11:22:01+02;1279
2016-04-30 17:07:01+02;1259
2016-05-01 21:26:06+02;1259
2016-05-02 07:45:01+02;1329
2016-05-02 07:57:01+02;1279
2016-05-02 17:29:01+02;1269
2016-05-03 07:42:01+02;1329
2016-05-03 10:02:01+02;1309
2016-05-03 10:57:01+02;1289
2016-05-03 15:22:01+02;1289
2016-05-03 16:57:01+02;1279
2016-05-03 18:32:01+02;1279
2016-05-03 18:47:01+02;1269
2016-05-04 07:42:01+02;1329
2016-05-04 08:47:01+02;1319
2016-05-04 09:27:01+02;1309
2016-05-04 10:17:01+02;1299
2016-05-04 11:17:01+02;1289
2016-05-04 15:27:01+02;1289
2016-05-04 17:57:01+02;1289
2016-05-04 18:22:01+02;1279
2016-05-06 07:42:01+02;1319
2016-05-06 08:52:01+02;1299
2016-05-06 09:47:01+02;1299
2016-05-06 11:57:01+02;1299
2016-05-06 16:52:01+02;1289
2016-05-06 17:57:01+02;1289
2016-05-06 18:32:01+02;1279
2016-05-07 07:42:01+02;1319
2016-05-07 13:07:01+02;1279
2016-05-07 15:17:02+02;1269
2016-05-07 16:47:01+02;1269
2016-05-09 07:47:01+02;1319
2016-05-09 07:57:01+02;1289
2016-05-09 11:02:01+02;1289
2016-05-09 11:47:01+02;1279
2016-05-09 15:27:01+02;1279
2016-05-10 07:37:01+02;1319
2016-05-10 08:02:01+02;1309
2016-05-10 11:22:01+02;1289
2016-05-10 14:57:01+02;1289
2016-05-10 16:52:01+02;1279
2016-05-11 07:42:01+02;1319
2016-05-11 08:32:02+02;1299
2016-05-11 10:57:01+02;1269
2016-05-12 07:42:01+02;1319
2016-05-12 07:57:01+02;1309
2016-05-12 11:27:01+02;1299
2016-05-12 12:47:01+02;1279
2016-05-12 17:57:01+02;1279
2016-05-13 07:42:01+02;1319
2016-05-13 11:32:01+02;1289
2016-05-13 15:47:01+02;1279
2016-05-13 17:27:01+02;1269
2016-05-14 07:42:01+02;1319
2016-05-14 11:22:01+02;1309
2016-05-14 12:22:01+02;1289
2016-05-14 16:42:01+02;1279
2016-05-16 17:47:01+02;1269
2016-05-17 07:42:01+02;1319
2016-05-17 08:57:01+02;1309
2016-05-17 10:17:01+02;1309
2016-05-17 10:37:01+02;1299
2016-05-17 11:57:01+02;1289
2016-05-17 12:17:01+02;1289
2016-05-17 14:52:01+02;1289
2016-05-18 07:37:01+02;1329
2016-05-18 10:22:01+02;1329
2016-05-18 11:22:01+02;1309
2016-05-18 11:57:01+02;1299
2016-05-18 14:52:01+02;1299
2016-05-18 15:57:01+02;1289
2016-05-19 07:42:01+02;1339
2016-05-19 11:02:01+02;1319
2016-05-19 14:22:01+02;1309
2016-05-19 16:47:01+02;1289
2016-05-20 07:42:01+02;1329
2016-05-20 10:52:01+02;1299
2016-05-20 11:47:01+02;1289
2016-05-21 07:42:01+02;1349
2016-05-21 08:57:01+02;1349
2016-05-21 11:32:01+02;1319
2016-05-21 14:52:01+02;1299
2016-05-21 15:52:01+02;1299
2016-05-21 18:17:02+02;1289
2016-05-23 07:42:01+02;1349
2016-05-23 10:27:01+02;1319
2016-05-23 16:42:01+02;1309
2016-05-23 18:22:01+02;1299
2016-05-24 07:42:01+02;1349
2016-05-24 11:17:01+02;1329
2016-05-24 11:57:01+02;1319
2016-05-24 17:47:01+02;1309
2016-05-25 07:37:01+02;1349
2016-05-25 10:22:01+02;1329
2016-05-25 11:22:01+02;1299
2016-05-25 18:17:01+02;1299
2016-05-26 07:37:01+02;1349
2016-05-26 08:17:01+02;1349
2016-05-26 12:27:01+02;1329
2016-05-26 16:22:01+02;1319
2016-05-26 18:22:01+02;1309
2016-05-27 07:37:01+02;1349
2016-05-27 09:52:01+02;1339
2016-05-27 10:22:02+02;1339
2016-05-27 13:52:01+02;1329
2016-05-27 17:47:01+02;1329
2016-05-28 07:37:01+02;1349
2016-05-28 12:02:02+02;1349
2016-05-28 12:47:01+02;1329
2016-05-28 15:22:01+02;1309
2016-05-30 07:42:01+02;1349
2016-05-30 10:27:01+02;1339
2016-05-30 16:47:01+02;1309
2016-05-31 07:37:01+02;1349
2016-05-31 08:32:01+02;1329
2016-05-31 11:17:01+02;1319
2016-05-31 17:52:01+02;1319
2016-05-31 18:22:01+02;1309
2016-06-01 07:42:01+02;1359
2016-06-01 11:22:01+02;1339
2016-06-01 12:22:01+02;1329
2016-06-01 12:47:01+02;1329
2016-06-01 15:02:01+02;1319
2016-06-01 16:42:01+02;1319
2016-06-01 16:57:01+02;1309
2016-06-02 07:47:01+02;1359
2016-06-02 09:57:01+02;1349
2016-06-02 10:27:01+02;1339
2016-06-02 14:57:01+02;1329
2016-06-02 17:02:01+02;1319
2016-06-03 07:37:01+02;1369
2016-06-03 10:17:01+02;1339
2016-06-03 15:57:01+02;1329
2016-06-03 16:57:01+02;1309
2016-06-04 07:42:01+02;1369
2016-06-04 14:42:01+02;1349
2016-06-04 15:47:01+02;1319
2016-06-05 17:52:01+02;1299
2016-06-06 07:42:01+02;1369
2016-06-06 07:47:01+02;1359
2016-06-06 09:27:01+02;1339
2016-06-06 11:07:01+02;1329
2016-06-06 15:22:01+02;1319
2016-06-06 15:57:01+02;1309
2016-06-07 07:37:01+02;1369
2016-06-07 07:57:01+02;1359
2016-06-07 11:22:01+02;1359
2016-06-07 12:02:01+02;1349
2016-06-07 14:57:01+02;1339
2016-06-07 15:27:01+02;1329
2016-06-07 16:22:01+02;1319
2016-06-08 07:37:01+02;1369
2016-06-08 08:27:01+02;1359
2016-06-08 09:57:01+02;1349
2016-06-08 11:47:01+02;1329
2016-06-08 12:27:01+02;1309
2016-06-08 18:22:01+02;1299
2016-06-09 07:39:02+02;1349
2016-06-09 08:42:01+02;1339
2016-06-09 11:22:01+02;1329
2016-06-09 12:17:01+02;1319
2016-06-09 16:52:01+02;1309
2016-06-09 18:22:01+02;1309
2016-06-10 07:37:01+02;1349
2016-06-10 07:52:01+02;1339
2016-06-10 09:02:01+02;1329
2016-06-10 12:02:01+02;1319
2016-06-10 15:02:01+02;1319
2016-06-10 18:22:01+02;1309
2016-06-13 08:47:01+02;1329
2016-06-13 10:22:01+02;1329
2016-06-13 11:47:01+02;1319
2016-06-13 18:22:01+02;1309
2016-06-14 07:42:01+02;1349
2016-06-14 09:02:01+02;1339
2016-06-14 11:12:01+02;1329
2016-06-14 12:02:01+02;1319
2016-06-15 07:42:01+02;1349
2016-06-15 09:17:01+02;1339
2016-06-15 10:17:01+02;1329
2016-06-15 12:02:01+02;1319
2016-06-16 07:42:01+02;1349
2016-06-16 07:47:01+02;1349
2016-06-16 10:27:01+02;1339
2016-06-16 11:32:01+02;1329
2016-06-16 12:07:01+02;1319
2016-06-16 14:22:01+02;1319
2016-06-16 18:57:01+02;1299
2016-06-17 07:47:01+02;1339
2016-06-17 12:17:01+02;1329
2016-06-17 14:57:01+02;1319
2016-06-17 15:57:01+02;1309
2016-06-17 16:47:01+02;1299
2016-06-18 07:42:01+02;1339
2016-06-18 10:37:01+02;1319
2016-06-18 12:27:01+02;1309
2016-06-18 16:02:01+02;1289
2016-06-19 15:52:01+02;1279
2016-06-20 07:42:01+02;1339
2016-06-20 07:52:01+02;1339
2016-06-20 09:27:01+02;1329
2016-06-20 11:22:01+02;1319
2016-06-20 11:57:01+02;1319
2016-06-20 17:07:01+02;1309
2016-06-20 17:57:01+02;1299
2016-06-21 07:42:01+02;1339
2016-06-21 08:57:01+02;1329
2016-06-21 10:47:01+02;1329
2016-06-21 12:22:01+02;1319
2016-06-21 16:52:01+02;1319
2016-06-21 18:27:01+02;1309
2016-06-22 07:47:01+02;1349
2016-06-22 10:57:01+02;1339
2016-06-22 11:37:01+02;1329
2016-06-22 14:57:01+02;1319
2016-06-22 16:37:01+02;1299
2016-06-23 07:42:01+02;1349
2016-06-23 08:52:01+02;1339
2016-06-23 11:32:01+02;1329
2016-06-23 16:47:01+02;1319
2016-06-23 18:02:01+02;1309
2016-06-24 07:42:01+02;1349
2016-06-24 10:57:01+02;1349
2016-06-24 17:22:01+02;1319
2016-06-24 18:32:01+02;1299
2016-06-25 07:42:01+02;1349
2016-06-25 11:02:01+02;1349
2016-06-25 12:52:01+02;1299
2016-06-25 15:22:01+02;1289
2016-06-27 07:42:01+02;1349
2016-06-27 11:27:01+02;1349
2016-06-27 12:57:01+02;1339
2016-06-27 16:27:01+02;1329
2016-06-28 07:47:01+02;1349
2016-06-28 11:17:01+02;1339
2016-06-28 14:47:01+02;1319
2016-06-28 17:02:01+02;1309
2016-06-29 07:12:01+02;1349
2016-06-29 07:47:01+02;1349
2016-06-29 07:57:01+02;1349
2016-06-29 11:57:01+02;1339
2016-06-29 12:22:01+02;1329
2016-06-29 16:47:01+02;1329
2016-06-29 18:27:01+02;1319
2016-06-30 07:42:01+02;1349
2016-06-30 07:52:01+02;1349
2016-06-30 11:27:01+02;1329
2016-06-30 14:52:01+02;1319
2016-06-30 16:52:01+02;1309
2016-06-30 17:27:01+02;1299
2016-06-30 17:57:01+02;1289
2016-07-01 07:42:01+02;1349
2016-07-01 10:47:01+02;1339
2016-07-01 12:17:01+02;1329
2016-07-01 15:52:01+02;1319
2016-07-01 16:47:01+02;1309
2016-07-01 17:37:01+02;1309
2016-07-01 18:07:01+02;1289
2016-07-02 07:42:01+02;1349
2016-07-02 09:57:01+02;1319
2016-07-02 17:02:01+02;1289
2016-07-03 17:02:01+02;1279
2016-07-04 07:47:01+02;1349
2016-07-04 07:57:01+02;1349
2016-07-04 10:32:01+02;1339
2016-07-04 11:27:01+02;1329
2016-07-04 11:47:02+02;1319
2016-07-04 15:47:01+02;1309
2016-07-04 16:32:01+02;1309
2016-07-05 07:47:01+02;1349
2016-07-05 10:37:01+02;1329
2016-07-05 11:22:01+02;1319
2016-07-05 11:47:01+02;1299
2016-07-05 16:47:01+02;1289
2016-07-06 07:37:01+02;1349
2016-07-06 09:07:01+02;1339
2016-07-06 11:12:01+02;1319
2016-07-06 11:57:01+02;1309
2016-07-06 15:37:02+02;1299
2016-07-07 07:42:01+02;1339
2016-07-07 08:47:01+02;1299
2016-07-07 10:17:01+02;1269
2016-07-07 11:42:01+02;1259
2016-07-08 07:42:01+02;1329
2016-07-08 09:02:01+02;1319
2016-07-08 11:07:01+02;1309
2016-07-08 11:42:01+02;1279
2016-07-08 14:52:01+02;1279
2016-07-08 18:32:01+02;1269
2016-07-09 07:42:01+02;1319
2016-07-09 09:47:01+02;1309
2016-07-09 12:57:01+02;1289
2016-07-09 15:57:01+02;1249
2016-07-11 07:42:01+02;1319
2016-07-11 07:52:01+02;1319
2016-07-11 08:27:01+02;1309
2016-07-11 12:22:01+02;1309
2016-07-11 15:57:01+02;1299
2016-07-11 17:17:01+02;1259
2016-07-12 07:57:01+02;1319
2016-07-12 08:47:01+02;1319
2016-07-12 11:52:01+02;1299
2016-07-12 12:21:01+02;1279
2016-07-13 07:42:01+02;1319
2016-07-13 07:52:01+02;1269
2016-07-13 15:42:01+02;1259
2016-07-14 07:42:01+02;1319
2016-07-14 09:57:01+02;1309
2016-07-14 10:57:01+02;1309
2016-07-14 11:57:01+02;1299
2016-07-14 12:32:01+02;1279
2016-07-15 07:42:01+02;1319
2016-07-15 09:27:01+02;1289
2016-07-15 09:52:01+02;1279
2016-07-15 14:22:01+02;1279
2016-07-15 16:52:01+02;1269
2016-07-15 17:52:01+02;1259
2016-07-16 07:42:01+02;1319
2016-07-16 11:22:01+02;1279
2016-07-16 12:52:01+02;1249
2016-07-16 14:57:01+02;1239
2016-07-18 07:47:01+02;1319
2016-07-18 07:52:01+02;1319
2016-07-18 08:27:01+02;1309
2016-07-18 09:47:01+02;1309
2016-07-18 09:52:02+02;1279
2016-07-18 14:22:01+02;1279
2016-07-18 16:17:01+02;1269
2016-07-19 07:37:01+02;1319
2016-07-19 09:22:01+02;1289
2016-07-19 16:02:01+02;1269
2016-07-19 18:02:01+02;1259
2016-07-20 07:37:01+02;1319
2016-07-20 08:22:01+02;1309
2016-07-20 10:12:01+02;1309
2016-07-20 10:32:01+02;1289
2016-07-20 14:57:01+02;1279
2016-07-20 16:12:01+02;1269
2016-07-21 07:52:01+02;1319
2016-07-21 08:47:01+02;1319
2016-07-21 09:57:01+02;1259
2016-07-21 11:47:01+02;1259
2016-07-22 07:47:01+02;1319
2016-07-22 10:37:01+02;1259
2016-07-22 12:32:01+02;1259
2016-07-22 17:32:01+02;1249
2016-07-23 07:42:01+02;1309
2016-07-23 11:32:01+02;1289
2016-07-23 12:12:01+02;1259
2016-07-23 14:52:01+02;1249
2016-07-25 07:42:01+02;1309
2016-07-25 10:02:01+02;1289
2016-07-25 10:42:01+02;1279
2016-07-25 12:22:01+02;1279
2016-07-25 14:47:01+02;1269
2016-07-25 16:02:02+02;1250
2016-07-25 16:17:01+02;1259
2016-07-25 16:57:01+02;1249
2016-07-26 07:42:01+02;1309
2016-07-26 09:47:01+02;1289
2016-07-26 10:57:01+02;1269
2016-07-26 16:47:01+02;1259
2016-07-26 17:27:01+02;1249
2016-07-26 18:12:01+02;1249
2016-07-27 07:57:01+02;1309
2016-07-27 09:12:01+02;1249
2016-07-27 17:32:01+02;1239
2016-07-28 07:47:01+02;1309
2016-07-28 07:57:01+02;1289
2016-07-28 08:12:01+02;1249
2016-07-28 10:32:01+02;1239
2016-07-28 12:47:01+02;1249
2016-07-28 14:42:01+02;1239
2016-07-28 17:17:01+02;1229
2016-07-29 07:42:01+02;1309
2016-07-29 07:59:02+02;1289
2016-07-29 09:59:01+02;1269
2016-07-29 11:59:01+02;1259
2016-07-29 16:28:02+02;1249
2016-07-29 18:28:01+02;1239
2016-07-30 07:49:01+02;1309
2016-07-30 09:02:01+02;1259
2016-07-30 10:02:01+02;1249
2016-07-30 12:32:01+02;1229
2016-07-30 15:57:01+02;1209
2016-08-01 07:52:01+02;1309
2016-08-01 07:57:01+02;1289
2016-08-01 10:07:01+02;1269
2016-08-01 13:07:01+02;1249
2016-08-02 07:42:01+02;1299
2016-08-02 07:57:01+02;1289
2016-08-02 10:12:01+02;1279
2016-08-02 12:23:01+02;1259
2016-08-02 16:37:01+02;1259
2016-08-02 18:32:01+02;1249
2016-08-03 07:42:01+02;1299
2016-08-03 08:37:01+02;1279
2016-08-03 09:47:01+02;1269
2016-08-03 11:42:01+02;1249
2016-08-03 18:07:01+02;1249
2016-08-04 07:42:01+02;1299
2016-08-04 09:27:01+02;1229
2016-08-04 10:32:01+02;1229
2016-08-04 12:02:01+02;1229
2016-08-05 07:42:01+02;1299
2016-08-05 08:23:01+02;1269
2016-08-05 10:07:01+02;1269
2016-08-05 12:02:01+02;1259
2016-08-05 12:23:01+02;1249
2016-08-05 17:37:01+02;1239
2016-08-06 07:47:01+02;1299
2016-08-06 09:37:01+02;1269
2016-08-06 16:23:01+02;1249
2016-08-06 18:27:01+02;1249
2016-08-07 19:02:01+02;1249
2016-08-08 07:47:01+02;1299
2016-08-08 07:52:01+02;1289
2016-08-08 10:27:01+02;1279
2016-08-08 12:27:01+02;1279
2016-08-08 14:52:01+02;1249
2016-08-08 18:12:01+02;1249
2016-08-08 18:23:01+02;1239
2016-08-09 07:52:01+02;1309
2016-08-09 08:57:01+02;1299
2016-08-09 11:17:01+02;1279
2016-08-09 12:02:01+02;1259
2016-08-09 16:47:01+02;1249
2016-08-09 18:17:01+02;1239
2016-08-10 07:47:01+02;1309
2016-08-10 08:47:01+02;1289
2016-08-10 10:23:01+02;1269
2016-08-10 16:02:01+02;1239
2016-08-11 07:42:01+02;1309
2016-08-11 10:07:01+02;1299
2016-08-11 11:07:01+02;1289
2016-08-11 11:47:01+02;1269
2016-08-11 14:47:01+02;1259
2016-08-11 15:17:01+02;1249
2016-08-11 17:12:01+02;1239
2016-08-12 07:42:01+02;1309
2016-08-12 08:47:01+02;1299
2016-08-12 09:52:01+02;1259
2016-08-12 10:42:01+02;1259
2016-08-12 11:17:02+02;1229
2016-08-12 15:42:01+02;1229
2016-08-13 07:37:01+02;1309
2016-08-13 09:17:01+02;1269
2016-08-13 10:23:01+02;1259
2016-08-13 13:12:01+02;1239
2016-08-14 08:27:01+02;1299
2016-08-14 13:23:01+02;1239
2016-08-15 07:42:01+02;1299
2016-08-15 08:52:01+02;1279
2016-08-15 23:23:01+02;1309
2016-08-16 09:07:01+02;1309
2016-08-16 09:12:02+02;1259
2016-08-16 09:47:01+02;1269
2016-08-16 09:57:01+02;1309
2016-08-16 10:27:02+02;1259
2016-08-16 17:02:01+02;1249
2016-08-17 07:42:01+02;1309
2016-08-17 09:57:01+02;1289
2016-08-17 12:02:01+02;1269
2016-08-17 12:57:01+02;1269
2016-08-17 14:52:01+02;1269
2016-08-17 18:27:01+02;1259
2016-08-18 07:37:01+02;1309
2016-08-18 09:07:01+02;1279
2016-08-18 10:52:01+02;1269
2016-08-18 11:17:01+02;1259
2016-08-18 15:02:01+02;1259
2016-08-19 07:42:01+02;1309
2016-08-19 08:32:01+02;1299
2016-08-19 10:17:01+02;1289
2016-08-19 11:32:01+02;1269
2016-08-19 12:02:01+02;1269
2016-08-19 12:47:01+02;1269
2016-08-19 17:27:02+02;1259
2016-08-19 18:32:01+02;1249
2016-08-20 07:42:01+02;1309
2016-08-20 11:57:01+02;1299
2016-08-20 15:42:01+02;1279
2016-08-20 16:57:01+02;1269
2016-08-22 07:47:01+02;1309
2016-08-22 10:32:01+02;1279
2016-08-22 17:47:01+02;1269
2016-08-23 07:37:01+02;1319
2016-08-23 10:57:01+02;1309
2016-08-23 12:27:01+02;1299
2016-08-23 14:47:01+02;1279
2016-08-23 15:42:01+02;1269
2016-08-23 17:02:01+02;1259
2016-08-24 07:37:01+02;1319
2016-08-24 08:47:01+02;1289
2016-08-24 10:17:01+02;1279
2016-08-24 12:12:01+02;1269
2016-08-24 17:52:01+02;1269
2016-08-24 18:12:01+02;1259
2016-08-25 07:37:01+02;1319
2016-08-25 10:57:01+02;1299
2016-08-25 11:37:01+02;1279
2016-08-25 16:23:01+02;1279
2016-08-25 16:52:01+02;1269
2016-08-25 17:47:01+02;1259
2016-08-26 07:37:01+02;1319
2016-08-26 10:17:01+02;1309
2016-08-26 11:23:01+02;1279
2016-08-26 12:07:01+02;1279
2016-08-26 16:27:01+02;1269
2016-08-26 18:07:01+02;1259
2016-08-27 07:37:01+02;1299
2016-08-27 09:57:01+02;1279
2016-08-27 11:42:01+02;1259
2016-08-27 14:52:01+02;1249
2016-08-29 07:37:01+02;1309
2016-08-29 11:27:01+02;1289
2016-08-29 13:02:01+02;1289
2016-08-29 16:12:01+02;1269
2016-08-30 07:42:01+02;1309
2016-08-30 12:27:01+02;1279
2016-08-30 14:32:01+02;1269
2016-08-31 07:42:01+02;1319
2016-08-31 10:07:01+02;1309
2016-08-31 11:02:01+02;1269
2016-08-31 18:02:01+02;1269
2016-09-01 07:37:01+02;1319
2016-09-01 09:37:01+02;1309
2016-09-01 09:57:01+02;1289
2016-09-01 11:32:01+02;1289
2016-09-01 12:57:01+02;1279
2016-09-01 16:42:01+02;1279
2016-09-02 07:42:01+02;1319
2016-09-02 08:57:01+02;1309
2016-09-02 11:27:01+02;1289
2016-09-02 16:42:01+02;1269
2016-09-03 07:37:01+02;1319
2016-09-03 11:22:01+02;1299
2016-09-03 13:02:01+02;1289
2016-09-03 15:57:01+02;1269
2016-09-03 17:27:01+02;1259
2016-09-04 16:27:01+02;1259
2016-09-05 07:37:01+02;1319
2016-09-05 10:02:01+02;1319
2016-09-05 10:57:01+02;1289
2016-09-05 11:42:01+02;1279
2016-09-05 17:22:01+02;1269
2016-09-06 07:37:01+02;1319
2016-09-06 08:17:01+02;1309
2016-09-06 10:22:01+02;1299
2016-09-06 11:32:01+02;1279
2016-09-07 07:41:31+02;1319
2016-09-07 09:01:32+02;1319
2016-09-07 09:51:31+02;1309
2016-09-07 11:11:31+02;1299
2016-09-07 15:46:31+02;1299
2016-09-07 16:41:31+02;1269
2016-09-07 18:21:31+02;1269
2016-09-08 07:41:31+02;1319
2016-09-08 11:36:31+02;1269
2016-09-09 07:41:31+02;1319
2016-09-09 07:46:31+02;1319
2016-09-09 09:41:31+02;1299
2016-09-09 11:16:31+02;1279
2016-09-09 18:21:31+02;1269
2016-09-10 07:41:31+02;1319
2016-09-10 13:01:31+02;1299
2016-09-10 15:51:31+02;1279
2016-09-10 16:46:31+02;1279
2016-09-12 07:41:31+02;1319
2016-09-12 10:21:31+02;1319
2016-09-12 10:51:31+02;1299
2016-09-12 11:16:31+02;1299
2016-09-12 12:16:31+02;1289
2016-09-12 18:31:31+02;1269
2016-09-13 07:51:31+02;1319
2016-09-13 11:11:31+02;1319
2016-09-13 13:51:31+02;1299
2016-09-13 14:51:31+02;1289
2016-09-13 15:21:31+02;1289
2016-09-13 17:36:31+02;1289
2016-09-14 07:51:31+02;1319
2016-09-14 09:06:31+02;1319
2016-09-14 09:51:31+02;1269
2016-09-14 17:57:32+02;1269
2016-09-15 07:41:31+02;1319
2016-09-15 07:51:31+02;1319
2016-09-15 11:31:31+02;1319
2016-09-15 12:21:31+02;1259
2016-09-15 13:48:31+02;1259
2016-09-15 15:17:31+02;1259
2016-09-15 16:35:31+02;1259
2016-09-15 17:50:31+02;1259
2016-09-15 19:05:31+02;1259
2016-09-15 19:45:31+02;1259
2016-09-16 07:46:31+02;1319
2016-09-16 09:26:31+02;1319
2016-09-16 10:45:31+02;1319
2016-09-16 10:46:31+02;1299
2016-09-16 11:56:31+02;1289
2016-09-16 15:51:31+02;1279
2016-09-16 17:46:31+02;1259
2016-09-16 18:31:32+02;1259
2016-09-17 07:41:31+02;1319
2016-09-17 09:36:31+02;1319
2016-09-17 09:41:31+02;1309
2016-09-17 15:41:31+02;1269
2016-09-17 17:26:31+02;1269
2016-09-17 18:56:31+02;1259
2016-09-18 14:54:31+02;1259
2016-09-18 16:15:31+02;1259
2016-09-18 17:32:31+02;1259
2016-09-18 18:44:31+02;1259
2016-09-18 19:30:31+02;1259
2016-09-19 07:41:31+02;1319
2016-09-19 07:51:31+02;1319
2016-09-19 12:46:31+02;1299
2016-09-19 14:56:31+02;1289
2016-09-19 16:36:31+02;1279
2016-09-19 17:01:32+02;1279
2016-09-19 18:16:31+02;1269
2016-09-20 07:41:31+02;1329
2016-09-20 09:26:31+02;1329
2016-09-20 10:06:31+02;1309
2016-09-20 12:01:31+02;1299
2016-09-20 16:06:31+02;1289
2016-09-20 17:41:31+02;1279
2016-09-21 07:41:32+02;1329
2016-09-21 09:26:31+02;1309
2016-09-21 09:51:31+02;1289
2016-09-21 10:51:31+02;1289
2016-09-21 12:21:31+02;1259
2016-09-21 18:36:31+02;1259
2016-09-22 07:41:31+02;1329
2016-09-22 08:06:31+02;1319
2016-09-22 11:21:31+02;1309
2016-09-22 11:51:32+02;1299
2016-09-22 15:01:31+02;1289
2016-09-22 15:41:31+02;1279
2016-09-22 17:31:31+02;1269
2016-09-23 07:41:31+02;1329
2016-09-23 09:21:31+02;1329
2016-09-23 10:36:32+02;1299
2016-09-23 11:21:31+02;1289
2016-09-23 14:06:31+02;1279
2016-09-23 15:01:31+02;1269
2016-09-23 17:41:31+02;1269
2016-09-23 18:21:31+02;1259
2016-09-24 07:46:32+02;1319
2016-09-24 09:46:32+02;1299
2016-09-24 12:26:31+02;1279
2016-09-24 17:41:31+02;1259
2016-09-26 07:41:32+02;1319
2016-09-26 12:21:31+02;1309
2016-09-26 12:31:31+02;1289
2016-09-26 17:51:31+02;1279
2016-09-26 18:36:31+02;1279
2016-09-27 07:41:31+02;1319
2016-09-27 10:56:31+02;1299
2016-09-27 11:56:31+02;1289
2016-09-27 14:46:31+02;1269
2016-09-27 17:21:31+02;1259
2016-09-27 18:01:31+02;1259
2016-09-28 07:41:31+02;1319
2016-09-28 08:36:31+02;1309
2016-09-28 09:41:31+02;1299
2016-09-28 10:56:31+02;1289
2016-09-28 17:01:31+02;1269
2016-09-29 07:51:31+02;1309
2016-09-29 11:36:31+02;1289
2016-09-29 12:21:31+02;1269
2016-09-30 07:41:31+02;1319
2016-09-30 08:46:32+02;1309
2016-09-30 09:46:31+02;1299
2016-09-30 10:26:31+02;1299
2016-09-30 10:31:32+02;1289
2016-09-30 11:51:31+02;1269
2016-09-30 12:56:31+02;1249
2016-10-01 07:36:31+02;1319
2016-10-01 09:06:31+02;1309
2016-10-01 11:06:31+02;1289
2016-10-01 16:31:31+02;1269
2016-10-04 07:36:31+02;1319
2016-10-04 09:56:31+02;1309
2016-10-04 12:51:31+02;1289
2016-10-04 14:11:31+02;1279
2016-10-04 16:56:31+02;1279
2016-10-05 07:36:31+02;1319
2016-10-05 12:16:31+02;1319
2016-10-05 15:56:31+02;1279
2016-10-06 07:36:32+02;1339
2016-10-06 10:26:31+02;1339
2016-10-06 11:51:31+02;1319
2016-10-06 12:21:31+02;1289
2016-10-06 18:06:31+02;1279
2016-10-07 07:41:31+02;1339
2016-10-07 10:06:31+02;1309
2016-10-07 10:41:31+02;1299
2016-10-07 15:26:31+02;1279
2016-10-07 18:21:31+02;1279
2016-10-08 07:46:31+02;1329
2016-10-08 10:31:31+02;1289
2016-10-08 12:26:31+02;1279
2016-10-10 07:41:31+02;1329
2016-10-10 08:21:31+02;1329
2016-10-10 10:46:31+02;1329
2016-10-10 10:51:31+02;1319
2016-10-10 11:56:31+02;1289
2016-10-10 18:21:31+02;1289
2016-10-11 07:46:31+02;1329
2016-10-11 08:06:31+02;1309
2016-10-11 12:21:31+02;1289
2016-10-12 07:41:31+02;1329
2016-10-12 12:01:31+02;1319
2016-10-12 13:01:31+02;1309
2016-10-12 17:26:31+02;1299
2016-10-12 18:26:31+02;1299
2016-10-13 07:41:31+02;1339
2016-10-13 09:31:31+02;1329
2016-10-13 10:51:31+02;1309
2016-10-13 18:31:31+02;1299
2016-10-14 07:46:31+02;1339
2016-10-14 10:46:31+02;1319
2016-10-14 11:51:31+02;1309
2016-10-14 15:51:31+02;1299
2016-10-14 17:56:31+02;1299
2016-10-15 15:50:07+02;1319
2016-10-15 18:34:31+02;1299
2016-10-16 16:16:31+02;1289
2016-10-16 17:56:31+02;1279
2016-10-17 07:41:31+02;1349
2016-10-17 12:51:31+02;1309
2016-10-17 18:41:31+02;1299
2016-10-18 08:01:31+02;1349
2016-10-18 11:57:31+02;1329
2016-10-18 12:21:31+02;1289
2016-10-19 07:41:31+02;1349
2016-10-19 08:56:31+02;1339
2016-10-19 11:16:31+02;1319
2016-10-19 12:16:31+02;1309
2016-10-19 16:01:31+02;1309
2016-10-20 07:41:31+02;1359
2016-10-20 10:26:31+02;1339
2016-10-20 11:51:31+02;1319
2016-10-20 17:51:31+02;1309
2016-10-21 07:46:31+02;1359
2016-10-21 10:21:31+02;1339
2016-10-21 11:16:31+02;1339
2016-10-21 12:56:31+02;1329
2016-10-21 15:51:31+02;1319
2016-10-21 19:36:31+02;1309
2016-10-22 07:41:31+02;1359
2016-10-22 10:01:31+02;1349
2016-10-22 12:56:31+02;1319
2016-10-22 15:26:31+02;1309
2016-10-22 16:26:31+02;1299
2016-10-22 17:26:31+02;1289
2016-10-24 07:41:32+02;1359
2016-10-24 08:51:31+02;1339
2016-10-24 10:11:31+02;1329
2016-10-24 12:01:31+02;1319
2016-10-24 12:46:31+02;1309
2016-10-24 17:51:31+02;1309
2016-10-24 18:36:31+02;1299
2016-10-25 07:41:31+02;1359
2016-10-25 09:56:31+02;1329
2016-10-25 12:11:31+02;1309
2016-10-25 18:31:31+02;1299
2016-10-26 07:51:31+02;1359
2016-10-26 09:21:31+02;1349
2016-10-26 11:01:31+02;1329
2016-10-26 11:26:31+02;1309
2016-10-27 07:41:32+02;1359
2016-10-27 10:46:31+02;1339
2016-10-27 12:26:31+02;1329
2016-10-27 15:56:31+02;1319
2016-10-27 16:42:31+02;1309
2016-10-27 17:51:31+02;1299
2016-10-28 07:41:31+02;1349
2016-10-28 09:16:31+02;1339
2016-10-28 10:36:31+02;1329
2016-10-28 11:16:31+02;1309
2016-10-29 07:46:31+02;1349
2016-10-29 09:26:31+02;1329
2016-10-29 12:26:31+02;1299
2016-10-29 13:46:31+02;1289
2016-10-30 17:41:31+01;1279
2016-10-31 07:41:31+01;1349
2016-10-31 10:36:31+01;1319
2016-10-31 12:36:31+01;1309
2016-11-01 12:26:31+01;1309
2016-11-01 15:51:31+01;1299
2016-11-01 16:26:31+01;1289
2016-11-02 07:46:31+01;1349
2016-11-02 09:51:32+01;1309
2016-11-02 15:21:32+01;1299
2016-11-02 17:01:31+01;1289
2016-11-02 17:36:31+01;1279
2016-11-03 07:36:31+01;1339
2016-11-03 09:56:31+01;1319
2016-11-03 11:41:32+01;1309
2016-11-03 12:01:31+01;1279
2016-11-03 16:51:31+01;1269
2016-11-03 18:01:31+01;1269
2016-11-04 07:42:31+01;1339
2016-11-04 08:46:31+01;1329
2016-11-04 10:06:31+01;1309
2016-11-04 10:56:31+01;1309
2016-11-04 11:26:31+01;1279
2016-11-05 07:41:31+01;1339
2016-11-05 09:51:31+01;1329
2016-11-05 11:31:31+01;1289
2016-11-05 15:26:31+01;1289
2016-11-06 18:36:31+01;1289
2016-11-07 07:36:31+01;1339
2016-11-07 10:26:31+01;1339
2016-11-07 11:06:31+01;1339
2016-11-07 11:26:31+01;1329
2016-11-07 11:51:31+01;1279
2016-11-07 16:51:31+01;1279
2016-11-07 18:06:31+01;1279
2016-11-08 07:41:31+01;1339
2016-11-08 07:51:31+01;1339
2016-11-08 08:51:31+01;1329
2016-11-08 10:51:31+01;1319
2016-11-08 11:36:31+01;1299
2016-11-08 13:01:31+01;1289
2016-11-08 18:21:31+01;1279
2016-11-09 07:46:31+01;1339
2016-11-09 10:21:31+01;1289
2016-11-09 12:31:31+01;1279
2016-11-09 17:26:31+01;1269
2016-11-09 18:06:31+01;1259
2016-11-10 07:41:31+01;1329
2016-11-10 08:01:31+01;1319
2016-11-10 10:06:31+01;1309
2016-11-10 11:26:31+01;1289
2016-11-10 18:21:31+01;1279
2016-11-11 07:36:31+01;1329
2016-11-11 08:36:31+01;1309
2016-11-11 11:31:31+01;1299
2016-11-11 12:06:31+01;1279
2016-11-11 15:56:31+01;1279
2016-11-12 07:51:31+01;1329
2016-11-12 10:46:31+01;1289
2016-11-12 16:01:31+01;1269
2016-11-12 18:57:31+01;1259
2016-11-14 07:36:31+01;1329
2016-11-14 07:51:31+01;1319
2016-11-14 08:56:31+01;1309
2016-11-14 10:06:31+01;1289
2016-11-14 12:21:31+01;1279
2016-11-14 18:31:31+01;1269
2016-11-15 07:41:31+01;1329
2016-11-15 10:26:31+01;1299
2016-11-15 11:36:31+01;1289
2016-11-15 11:56:31+01;1279
2016-11-15 15:36:31+01;1269
2016-11-15 17:31:31+01;1259
2016-11-16 07:41:31+01;1329
2016-11-16 10:41:31+01;1289
2016-11-16 11:36:31+01;1279
2016-11-16 14:56:31+01;1269
2016-11-16 16:56:31+01;1259
2016-11-16 18:56:31+01;1249
2016-11-17 07:51:31+01;1319
2016-11-17 08:01:31+01;1309
2016-11-17 08:31:31+01;1299
2016-11-17 09:01:31+01;1279
2016-11-17 17:01:31+01;1279
2016-11-17 17:06:31+01;1269
2016-11-18 07:51:31+01;1319
2016-11-18 11:26:31+01;1279
2016-11-18 17:01:31+01;1259
2016-11-19 07:46:31+01;1319
2016-11-19 11:31:31+01;1309
2016-11-19 15:21:31+01;1279
2016-11-19 17:41:31+01;1269
2016-11-21 07:51:31+01;1319
2016-11-21 08:51:31+01;1309
2016-11-21 09:36:31+01;1299
2016-11-21 11:01:31+01;1279
2016-11-22 07:46:31+01;1319
2016-11-22 09:01:31+01;1299
2016-11-22 11:31:31+01;1279
2016-11-22 12:26:31+01;1279
2016-11-22 14:56:31+01;1269
2016-11-22 17:26:31+01;1259
2016-11-23 07:46:31+01;1319
2016-11-23 09:51:31+01;1299
2016-11-23 12:01:31+01;1299
2016-11-23 12:51:31+01;1279
2016-11-23 15:01:31+01;1279
2016-11-24 07:41:31+01;1329
2016-11-24 08:11:31+01;1319
2016-11-24 11:46:31+01;1289
2016-11-24 16:56:31+01;1279
2016-11-24 18:31:31+01;1279
2016-11-25 07:41:31+01;1329
2016-11-25 09:26:31+01;1329
2016-11-25 11:26:32+01;1289
2016-11-25 17:01:31+01;1279
2016-11-26 07:41:31+01;1329
2016-11-26 11:26:31+01;1319
2016-11-26 15:16:31+01;1309
2016-11-26 18:11:31+01;1289
2016-11-28 07:56:31+01;1329
2016-11-28 11:06:31+01;1289
2016-11-28 18:01:31+01;1279
2016-11-29 07:46:31+01;1329
2016-11-29 09:51:31+01;1319
2016-11-29 11:06:31+01;1309
2016-11-29 15:51:31+01;1299
2016-11-29 16:36:31+01;1289
2016-11-29 18:06:31+01;1279
2016-11-29 18:26:31+01;1267
2016-11-30 07:41:31+01;1319
2016-11-30 09:56:31+01;1299
2016-11-30 15:01:31+01;1299
2016-11-30 15:56:31+01;1289
2016-11-30 16:51:31+01;1279
2016-12-01 07:46:31+01;1349
2016-12-01 14:16:31+01;1299
2016-12-01 18:16:31+01;1279
2016-12-02 07:41:31+01;1339
2016-12-02 10:26:31+01;1319
2016-12-02 12:01:31+01;1289
2016-12-02 16:16:31+01;1279
2016-12-03 07:51:31+01;1339
2016-12-03 10:51:31+01;1299
2016-12-03 11:36:31+01;1279
2016-12-05 07:46:31+01;1339
2016-12-05 10:31:31+01;1329
2016-12-05 11:36:31+01;1329
2016-12-05 15:31:31+01;1329
2016-12-05 15:51:31+01;1309
2016-12-06 07:41:31+01;1339
2016-12-06 11:46:31+01;1319
2016-12-06 14:51:31+01;1309
2016-12-06 16:51:31+01;1299
2016-12-07 07:41:31+01;1349
2016-12-07 13:36:31+01;1339
2016-12-07 15:01:31+01;1319
2016-12-07 16:46:31+01;1309
2016-12-07 17:56:31+01;1299
2016-12-08 07:46:32+01;1349
2016-12-08 08:31:31+01;1339
2016-12-08 11:31:31+01;1319
2016-12-08 17:26:31+01;1309
2016-12-09 07:46:31+01;1349
2016-12-09 14:26:31+01;1329
2016-12-09 15:41:31+01;1329
2016-12-09 17:21:31+01;1309
2016-12-10 07:46:31+01;1349
2016-12-10 11:26:31+01;1319
2016-12-10 15:11:31+01;1299
2016-12-10 16:21:31+01;1299
2016-12-12 07:41:31+01;1349
2016-12-12 11:36:31+01;1329
2016-12-12 16:21:31+01;1309
2016-12-13 07:46:31+01;1349
2016-12-13 10:51:31+01;1339
2016-12-13 11:56:31+01;1339
2016-12-13 15:11:31+01;1329
2016-12-13 16:56:31+01;1289
2016-12-13 17:51:31+01;1279
2016-12-14 07:46:31+01;1369
2016-12-14 08:56:31+01;1349
2016-12-14 09:36:31+01;1349
2016-12-14 11:41:31+01;1339
2016-12-14 17:06:31+01;1329
2016-12-14 18:21:31+01;1329
2016-12-15 07:41:31+01;1369
2016-12-15 11:26:31+01;1329
2016-12-15 11:56:31+01;1309
2016-12-16 07:46:31+01;1369
2016-12-16 08:41:31+01;1339
2016-12-16 11:42:31+01;1329
2016-12-16 15:56:31+01;1269
2016-12-17 07:46:31+01;1369
2016-12-17 12:06:31+01;1339
2016-12-17 13:01:31+01;1329
2016-12-17 17:51:31+01;1329
2016-12-18 14:19:31+01;1329
2016-12-19 07:46:31+01;1369
2016-12-19 10:11:31+01;1369
2016-12-19 11:01:31+01;1339
2016-12-19 15:01:31+01;1339
2016-12-19 15:51:31+01;1329
2016-12-20 07:46:31+01;1369
2016-12-20 08:31:31+01;1359
2016-12-20 10:21:31+01;1339
2016-12-20 12:06:31+01;1329
2016-12-20 14:51:31+01;1329
2016-12-20 16:56:31+01;1329
2016-12-21 07:46:31+01;1369
2016-12-21 10:56:31+01;1329
2016-12-21 12:41:31+01;1339
2016-12-21 15:46:31+01;1319
2016-12-21 18:16:31+01;1309
2016-12-22 07:51:31+01;1389
2016-12-22 09:36:31+01;1379
2016-12-22 10:26:31+01;1369
2016-12-22 11:06:32+01;1309
2016-12-22 12:51:31+01;1329
2016-12-22 15:11:31+01;1329
2016-12-22 15:51:31+01;1319
2016-12-22 16:51:31+01;1309
2016-12-23 07:46:31+01;1379
2016-12-23 10:11:31+01;1359
2016-12-23 10:46:31+01;1339
2016-12-23 16:11:31+01;1309
2016-12-24 07:46:31+01;1379
2016-12-24 10:01:31+01;1349
2016-12-24 13:31:31+01;1319
2016-12-27 07:46:31+01;1379
2016-12-27 10:26:31+01;1369
2016-12-27 11:51:31+01;1339
2016-12-27 12:56:31+01;1329
2016-12-27 14:51:31+01;1329
2016-12-27 17:06:31+01;1319
2016-12-27 18:21:31+01;1319
2016-12-28 07:41:31+01;1389
2016-12-28 09:31:31+01;1379
2016-12-28 10:01:31+01;1369
2016-12-28 11:01:31+01;1339
2016-12-28 12:16:31+01;1339
2016-12-28 16:31:31+01;1319
2016-12-29 07:46:31+01;1379
2016-12-29 09:56:31+01;1359
2016-12-29 10:26:31+01;1359
2016-12-29 11:06:31+01;1329
2016-12-29 17:56:31+01;1329
2016-12-30 07:46:31+01;1379
2016-12-30 09:21:31+01;1349
2016-12-30 10:51:31+01;1329
2016-12-30 16:06:31+01;1329
2016-12-31 07:41:31+01;1389
2016-12-31 10:26:31+01;1379
2016-12-31 11:36:31+01;1369
2016-12-31 12:51:31+01;1339
2016-12-31 15:21:31+01;1329
2017-01-01 18:31:31+01;1329
2017-01-02 07:51:31+01;1389
2017-01-02 08:21:31+01;1349
2017-01-02 11:06:31+01;1349
2017-01-02 11:51:31+01;1329
2017-01-03 07:41:31+01;1389
2017-01-03 09:46:31+01;1379
2017-01-03 12:16:31+01;1349
2017-01-03 15:26:31+01;1339
2017-01-03 16:36:31+01;1329
2017-01-03 18:41:31+01;1329
2017-01-04 07:41:31+01;1399
2017-01-04 07:51:31+01;1389
2017-01-04 09:36:31+01;1359
2017-01-04 11:16:31+01;1359
2017-01-04 11:56:31+01;1339
2017-01-04 12:46:31+01;1339
2017-01-04 16:21:31+01;1339
2017-01-04 17:31:31+01;1329
2017-01-05 07:51:31+01;1389
2017-01-05 10:11:31+01;1379
2017-01-05 12:31:32+01;1349
2017-01-05 16:21:31+01;1339
2017-01-05 17:01:31+01;1329
2017-01-05 18:26:31+01;1329
2017-01-06 08:01:31+01;1399
2017-01-06 08:26:31+01;1389
2017-01-06 10:21:31+01;1379
2017-01-06 10:46:31+01;1349
2017-01-06 11:21:31+01;1329
2017-01-06 11:51:31+01;1319
2017-01-06 16:56:31+01;1309
2017-01-07 07:46:31+01;1399
2017-01-07 09:16:31+01;1389
2017-01-07 10:56:31+01;1389
2017-01-07 12:11:31+01;1349
2017-01-07 15:56:31+01;1339
2017-01-07 19:01:31+01;1339
2017-01-09 07:41:31+01;1399
2017-01-09 09:56:31+01;1389
2017-01-09 10:51:31+01;1359
2017-01-09 12:46:31+01;1349
2017-01-09 14:56:31+01;1339
2017-01-09 17:36:31+01;1339
2017-01-10 07:41:31+01;1399
2017-01-10 10:41:31+01;1389
2017-01-10 11:11:31+01;1379
2017-01-10 12:01:31+01;1369
2017-01-10 18:21:31+01;1329
2017-01-11 08:36:31+01;1389
2017-01-11 08:56:31+01;1359
2017-01-11 11:21:31+01;1349
2017-01-11 12:51:31+01;1329
2017-01-11 13:36:31+01;1349
2017-01-11 13:56:31+01;1329
2017-01-11 15:21:31+01;1319
2017-01-11 17:31:31+01;1309
2017-01-12 07:41:31+01;1389
2017-01-12 11:26:31+01;1379
2017-01-12 12:21:31+01;1359
2017-01-12 14:06:31+01;1329
2017-01-12 15:21:31+01;1329
2017-01-12 16:36:31+01;1289
2017-01-12 16:56:31+01;1279
2017-01-12 18:21:31+01;1279
2017-01-13 07:41:31+01;1389
2017-01-13 07:56:31+01;1379
2017-01-13 10:36:31+01;1379
2017-01-13 10:51:31+01;1369
2017-01-13 12:26:31+01;1359
2017-01-13 14:56:31+01;1349
2017-01-13 15:51:31+01;1329
2017-01-14 07:41:31+01;1389
2017-01-14 09:51:31+01;1369
2017-01-14 10:31:31+01;1359
2017-01-14 14:51:31+01;1339
2017-01-14 18:21:31+01;1329
2017-01-16 07:41:31+01;1389
2017-01-16 09:56:31+01;1379
2017-01-16 11:31:31+01;1359
2017-01-16 15:21:31+01;1339
2017-01-16 18:21:31+01;1329
2017-01-17 07:41:31+01;1389
2017-01-17 10:16:31+01;1359
2017-01-17 12:01:31+01;1349
2017-01-17 17:41:31+01;1339
2017-01-18 07:41:31+01;1389
2017-01-18 09:36:31+01;1389
2017-01-18 10:26:31+01;1359
2017-01-18 15:51:31+01;1339
2017-01-19 07:51:31+01;1389
2017-01-19 10:56:31+01;1379
2017-01-19 12:16:31+01;1359
2017-01-19 15:46:31+01;1349
2017-01-19 16:51:31+01;1349
2017-01-19 17:26:31+01;1289
2017-01-19 18:21:31+01;1289
2017-01-20 07:46:31+01;1399
2017-01-20 09:51:31+01;1389
2017-01-20 11:41:31+01;1339
2017-01-21 12:16:31+01;1339
2017-01-21 12:26:31+01;1339
2017-01-21 15:51:31+01;1339
2017-01-21 18:31:31+01;1329
2017-01-23 07:41:32+01;1399
2017-01-23 07:51:31+01;1399
2017-01-23 09:56:31+01;1369
2017-01-23 11:06:31+01;1359
2017-01-23 11:26:31+01;1349
2017-01-23 14:51:31+01;1339
2017-01-23 18:31:31+01;1329
2017-01-24 07:41:31+01;1399
2017-01-24 09:36:31+01;1389
2017-01-24 12:21:31+01;1359
2017-01-24 14:51:31+01;1339
2017-01-24 16:46:31+01;1339
2017-01-25 07:46:31+01;1399
2017-01-25 09:51:31+01;1399
2017-01-25 11:16:31+01;1359
2017-01-25 15:11:31+01;1349
2017-01-25 18:06:31+01;1349
2017-01-26 07:41:31+01;1399
2017-01-26 08:46:31+01;1349
2017-01-26 15:56:31+01;1339
2017-01-26 18:01:31+01;1329
2017-01-27 07:46:31+01;1389
2017-01-27 11:16:31+01;1359
2017-01-27 12:01:31+01;1339
2017-01-27 12:46:31+01;1349
2017-01-27 14:06:31+01;1349
2017-01-27 16:06:31+01;1339
2017-01-27 16:46:31+01;1299
2017-01-27 17:46:31+01;1289
2017-01-28 07:41:31+01;1399
2017-01-28 08:21:31+01;1389
2017-01-28 09:21:31+01;1359
2017-01-28 14:51:31+01;1359
2017-01-28 16:31:31+01;1329
2017-01-28 17:31:31+01;1329
2017-01-30 07:41:31+01;1399
2017-01-30 08:01:31+01;1389
2017-01-30 11:01:31+01;1349
2017-01-30 15:16:31+01;1349
2017-01-30 17:21:31+01;1339
2017-01-30 17:46:31+01;1339
2017-01-31 07:46:31+01;1399
2017-01-31 11:21:31+01;1389
2017-01-31 14:51:31+01;1379
2017-01-31 15:46:31+01;1369
2017-01-31 16:46:31+01;1369
2017-01-31 17:31:31+01;1309
2017-01-31 17:56:31+01;1309
2017-02-01 07:41:31+01;1399
2017-02-01 07:51:31+01;1389
2017-02-01 09:46:31+01;1369
2017-02-01 16:06:31+01;1359
2017-02-01 16:26:31+01;1349
2017-02-01 17:21:31+01;1349
2017-02-01 18:16:32+01;1339
2017-02-02 07:46:31+01;1399
2017-02-02 11:46:31+01;1389
2017-02-02 14:26:31+01;1379
2017-02-02 16:06:31+01;1359
2017-02-02 16:16:31+01;1359
2017-02-02 17:16:31+01;1339
2017-02-03 07:51:31+01;1399
2017-02-03 10:11:31+01;1369
2017-02-03 10:56:31+01;1359
2017-02-03 12:21:31+01;1359
2017-02-03 14:46:31+01;1359
2017-02-03 15:46:31+01;1349
2017-02-04 07:46:31+01;1399
2017-02-04 11:26:31+01;1389
2017-02-04 13:01:31+01;1369
2017-02-04 17:21:31+01;1369
2017-02-05 18:36:31+01;1359
2017-02-06 07:41:31+01;1399
2017-02-06 09:11:31+01;1389
2017-02-06 10:21:31+01;1369
2017-02-06 11:26:31+01;1369
2017-02-06 17:16:31+01;1359
2017-02-07 07:41:31+01;1399
2017-02-07 09:11:31+01;1399
2017-02-07 10:21:31+01;1379
2017-02-07 16:51:31+01;1379
2017-02-07 18:31:31+01;1369
2017-02-08 07:41:31+01;1399
2017-02-08 10:21:31+01;1379
2017-02-08 11:51:31+01;1379
2017-02-08 14:51:31+01;1369
2017-02-08 15:41:31+01;1359
2017-02-09 07:46:31+01;1399
2017-02-09 11:36:31+01;1379
2017-02-09 16:26:31+01;1359
2017-02-09 16:51:31+01;1319
2017-02-09 17:26:31+01;1309
2017-02-09 17:51:31+01;1299
2017-02-09 18:31:31+01;1289
2017-02-10 07:41:31+01;1399
2017-02-10 09:46:31+01;1399
2017-02-10 10:36:32+01;1369
2017-02-10 15:56:31+01;1369
2017-02-10 17:26:31+01;1359
2017-02-10 17:56:31+01;1349
2017-02-11 07:41:31+01;1399
2017-02-11 09:56:31+01;1369
2017-02-11 11:26:31+01;1349
2017-02-13 07:41:31+01;1399
2017-02-13 09:01:31+01;1389
2017-02-13 11:26:31+01;1379
2017-02-13 12:26:31+01;1369
2017-02-13 15:51:31+01;1369
2017-02-14 07:41:31+01;1399
2017-02-14 11:16:31+01;1369
2017-02-14 13:41:31+01;1369
2017-02-14 15:41:31+01;1359
2017-02-14 17:36:31+01;1349
2017-02-15 07:41:31+01;1399
2017-02-15 09:41:31+01;1389
2017-02-15 11:36:31+01;1389
2017-02-15 11:46:31+01;1369
2017-02-15 16:26:31+01;1369
2017-02-16 07:41:31+01;1399
2017-02-16 08:21:31+01;1369
2017-02-17 07:41:31+01;1399
2017-02-17 10:31:31+01;1389
2017-02-17 15:01:31+01;1379
2017-02-17 15:36:31+01;1369
2017-02-18 07:46:31+01;1399
2017-02-18 09:36:31+01;1379
2017-02-18 16:21:31+01;1349
2017-02-18 19:06:31+01;1339
2017-02-20 07:41:31+01;1399
2017-02-20 10:46:31+01;1399
2017-02-20 11:51:31+01;1369
2017-02-20 12:36:31+01;1379
2017-02-20 15:56:31+01;1349
2017-02-21 07:46:31+01;1409
2017-02-21 09:26:31+01;1379
2017-02-21 15:06:31+01;1359
2017-02-21 18:06:31+01;1359
2017-02-21 18:41:31+01;1349
2017-02-22 07:41:31+01;1409
2017-02-22 10:06:31+01;1389
2017-02-22 11:01:31+01;1379
2017-02-22 14:46:31+01;1379
2017-02-23 07:46:31+01;1409
2017-02-23 10:46:31+01;1399
2017-02-23 12:51:31+01;1389
2017-02-23 15:21:31+01;1369
2017-02-23 16:56:31+01;1359
2017-02-23 18:01:31+01;1349
2017-02-23 18:31:31+01;1349
2017-02-24 07:46:31+01;1409
2017-02-24 09:26:31+01;1409
2017-02-24 10:31:31+01;1399
2017-02-24 12:31:31+01;1389
2017-02-24 12:51:31+01;1379
2017-02-24 16:21:31+01;1319
2017-02-24 17:40:31+01;1319
2017-02-25 07:46:31+01;1409
2017-02-25 09:01:31+01;1399
2017-02-25 10:06:31+01;1369
2017-02-25 12:51:32+01;1359
2017-02-25 16:56:31+01;1339
2017-02-27 07:41:31+01;1399
2017-02-27 11:06:31+01;1379
2017-02-27 16:51:31+01;1369
2017-02-28 07:46:31+01;1399
2017-02-28 11:06:31+01;1379
2017-02-28 12:56:31+01;1369
2017-02-28 15:26:31+01;1359
2017-02-28 16:01:31+01;1339
2017-02-28 16:41:31+01;1339
2017-02-28 17:51:31+01;1319
2017-03-01 07:46:31+01;1399
2017-03-01 08:46:31+01;1359
2017-03-01 09:36:31+01;1339
2017-03-02 07:51:31+01;1409
2017-03-02 08:46:31+01;1399
2017-03-02 10:41:31+01;1379
2017-03-02 16:36:31+01;1369
2017-03-02 17:16:31+01;1369
2017-03-02 17:56:31+01;1359
2017-03-03 07:46:31+01;1409
2017-03-03 10:21:31+01;1379
2017-03-03 14:56:31+01;1379
2017-03-03 15:26:31+01;1359
2017-03-03 18:41:31+01;1349
2017-03-04 07:51:31+01;1409
2017-03-04 10:11:31+01;1399
2017-03-04 11:41:31+01;1399
2017-03-04 12:56:31+01;1359
2017-03-04 16:21:31+01;1359
2017-03-04 18:41:31+01;1339
2017-03-05 18:41:31+01;1329
2017-03-06 07:46:31+01;1409
2017-03-06 08:16:31+01;1399
2017-03-06 11:01:31+01;1389
2017-03-06 12:51:31+01;1369
2017-03-06 15:56:31+01;1339
2017-03-06 16:56:31+01;1329
2017-03-07 07:46:31+01;1409
2017-03-07 08:46:31+01;1399
2017-03-08 07:51:31+01;1399
2017-03-08 08:56:31+01;1379
2017-03-08 11:01:31+01;1369
2017-03-08 16:06:31+01;1359
2017-03-08 18:01:31+01;1329
2017-03-09 07:46:31+01;1399
2017-03-09 07:51:31+01;1389
2017-03-09 09:56:31+01;1379
2017-03-09 11:01:31+01;1379
2017-03-09 11:41:31+01;1359
2017-03-09 15:36:31+01;1349
2017-03-09 18:11:31+01;1339
2017-03-10 07:51:31+01;1389
2017-03-10 10:21:31+01;1379
2017-03-10 15:21:31+01;1369
2017-03-10 16:06:31+01;1349
2017-03-10 18:01:31+01;1329
2017-03-10 18:31:31+01;1319
2017-03-11 07:51:31+01;1389
2017-03-11 08:51:31+01;1369
2017-03-11 11:11:31+01;1329
2017-03-13 07:41:31+01;1389
2017-03-13 12:16:31+01;1379
2017-03-13 12:26:31+01;1359
2017-03-14 07:51:31+01;1389
2017-03-14 11:26:31+01;1369
2017-03-14 16:16:31+01;1349
2017-03-14 17:21:31+01;1329
2017-03-14 18:26:31+01;1299
2017-03-15 07:41:31+01;1389
2017-03-15 07:51:31+01;1389
2017-03-15 08:51:31+01;1369
2017-03-15 10:16:31+01;1349
2017-03-15 14:46:31+01;1339
2017-03-15 15:21:31+01;1339
2017-03-15 15:51:31+01;1339
2017-03-15 17:46:31+01;1339
2017-03-15 18:26:31+01;1299
2017-03-16 07:41:31+01;1389
2017-03-16 07:56:31+01;1389
2017-03-16 08:01:31+01;1369
2017-03-16 09:21:31+01;1359
2017-03-16 10:21:31+01;1329
2017-03-16 11:21:31+01;1319
2017-03-16 15:21:31+01;1309
2017-03-16 18:21:31+01;1299
2017-03-17 08:01:31+01;1379
2017-03-17 08:26:31+01;1369
2017-03-17 10:16:31+01;1359
2017-03-17 11:41:31+01;1349
2017-03-17 15:31:31+01;1339
2017-03-17 16:21:31+01;1329
2017-03-17 18:06:31+01;1299
2017-03-18 07:46:31+01;1379
2017-03-18 10:01:31+01;1359
2017-03-18 12:06:31+01;1329
2017-03-18 16:06:31+01;1299
2017-03-20 07:46:31+01;1379
2017-03-20 09:21:31+01;1359
2017-03-20 11:26:31+01;1349
2017-03-20 14:21:31+01;1349
2017-03-20 14:51:31+01;1329
2017-03-20 15:21:31+01;1329
2017-03-20 17:56:32+01;1309
2017-03-20 18:16:31+01;1309
2017-03-21 07:46:31+01;1369
2017-03-21 11:31:31+01;1359
2017-03-21 12:11:31+01;1349
2017-03-21 14:56:31+01;1339
2017-03-21 15:46:31+01;1329
2017-03-21 18:21:31+01;1319
2017-03-22 07:41:31+01;1369
2017-03-22 12:21:31+01;1349
2017-03-22 15:26:31+01;1349
2017-03-22 17:51:31+01;1329
2017-03-22 18:21:31+01;1329
2017-03-23 07:41:31+01;1369
2017-03-23 10:56:31+01;1359
2017-03-23 11:31:31+01;1349
2017-03-23 16:21:31+01;1279
2017-03-23 16:51:31+01;1279
2017-03-23 17:26:31+01;1279
2017-03-24 07:41:31+01;1369
2017-03-24 07:56:31+01;1359
2017-03-24 09:26:31+01;1359
2017-03-24 10:51:31+01;1349
2017-03-24 11:56:31+01;1349
2017-03-24 14:56:31+01;1349
2017-03-24 15:56:31+01;1349
2017-03-24 17:11:31+01;1339
2017-03-24 17:21:31+01;1329
2017-03-24 18:41:31+01;1299
2017-03-25 07:46:31+01;1369
2017-03-25 08:41:31+01;1339
2017-03-25 10:46:31+01;1329
2017-03-25 12:56:31+01;1319
2017-03-25 16:46:31+01;1309
2017-03-25 18:06:31+01;1299
2017-03-27 07:46:31+02;1369
2017-03-27 09:56:31+02;1349
2017-03-27 14:41:31+02;1349
2017-03-27 15:26:31+02;1339
2017-03-27 15:51:31+02;1339
2017-03-27 16:57:31+02;1339
2017-03-27 18:21:31+02;1329
2017-03-28 07:41:31+02;1369
2017-03-28 10:36:32+02;1359
2017-03-28 12:21:31+02;1359
2017-03-28 15:26:31+02;1349
2017-03-28 15:51:31+02;1339
2017-03-28 17:31:31+02;1339
2017-03-28 18:41:31+02;1329
2017-03-29 07:41:31+02;1369
2017-03-29 09:51:31+02;1359
2017-03-29 11:31:31+02;1349
2017-03-29 15:26:31+02;1339
2017-03-29 18:26:31+02;1339
2017-03-30 07:46:31+02;1369
2017-03-30 08:31:31+02;1359
2017-03-30 11:41:31+02;1359
2017-03-30 15:21:31+02;1349
2017-03-30 16:31:31+02;1339
2017-03-30 16:51:31+02;1329
2017-03-30 18:21:31+02;1309
2017-03-31 07:46:31+02;1379
2017-03-31 10:36:31+02;1359
2017-03-31 14:55:31+02;1339
2017-03-31 15:56:31+02;1339
2017-03-31 16:51:31+02;1319
2017-03-31 18:21:31+02;1309
2017-04-01 05:30:31+02;1309
2017-04-01 07:41:31+02;1379
2017-04-01 09:46:31+02;1379
2017-04-01 10:11:31+02;1369
2017-04-01 10:26:31+02;1359
2017-04-01 11:26:31+02;1329
2017-04-01 19:06:31+02;1319
2017-04-02 08:51:31+02;1329
2017-04-03 06:26:32+02;1379
2017-04-03 10:26:31+02;1369
2017-04-03 11:36:32+02;1359
2017-04-03 15:21:31+02;1339
2017-04-03 16:56:31+02;1329
2017-04-04 06:36:31+02;1379
2017-04-04 11:00:31+02;1359
2017-04-04 12:26:31+02;1359
2017-04-04 18:06:31+02;1329
2017-04-05 07:46:31+02;1379
2017-04-05 09:46:31+02;1369
2017-04-05 12:01:31+02;1369
2017-04-05 14:51:31+02;1339
2017-04-05 17:51:31+02;1339
2017-04-06 07:41:31+02;1379
2017-04-06 10:21:31+02;1369
2017-04-06 15:21:31+02;1339
2017-04-06 16:06:31+02;1329
2017-04-07 07:56:31+02;1389
2017-04-07 09:36:31+02;1389
2017-04-07 13:51:31+02;1359
2017-04-07 16:06:31+02;1329
2017-04-08 07:41:31+02;1389
2017-04-08 09:21:31+02;1369
2017-04-08 12:46:31+02;1349
2017-04-08 15:46:31+02;1339
2017-04-09 20:21:31+02;1319
2017-04-10 07:41:31+02;1389
2017-04-10 10:26:31+02;1369
2017-04-10 17:31:31+02;1369
2017-04-10 18:31:31+02;1359
2017-04-11 07:51:31+02;1399
2017-04-11 08:31:31+02;1399
2017-04-11 09:56:31+02;1379
2017-04-11 10:11:31+02;1369
2017-04-11 13:15:31+02;1359
2017-04-11 15:26:31+02;1349
2017-04-11 18:40:31+02;1349
2017-04-12 07:41:31+02;1399
2017-04-12 10:36:32+02;1369
2017-04-13 07:46:31+02;1409
2017-04-13 09:56:31+02;1399
2017-04-13 10:21:31+02;1389
2017-04-13 11:01:31+02;1379
2017-04-13 11:31:31+02;1369
2017-04-14 15:56:31+02;1369
2017-04-14 17:21:31+02;1369
2017-04-15 07:41:31+02;1409
2017-04-15 08:56:31+02;1409
2017-04-15 10:16:31+02;1399
2017-04-15 11:41:31+02;1379
2017-04-15 13:41:32+02;1369
2017-04-15 17:31:31+02;1359
2017-04-17 18:51:31+02;1359
2017-04-18 07:41:31+02;1409
2017-04-18 10:01:31+02;1379
2017-04-18 12:06:31+02;1369
2017-04-18 17:11:31+02;1359
2017-04-19 07:41:31+02;1409
2017-04-19 09:26:31+02;1399
2017-04-19 10:26:31+02;1379
2017-04-19 12:26:31+02;1369
2017-04-19 17:31:31+02;1359
2017-04-20 07:56:31+02;1409
2017-04-20 08:26:31+02;1379
2017-04-20 09:31:31+02;1379
2017-04-20 15:11:31+02;1349
2017-04-20 18:41:31+02;1339
2017-04-20 19:56:24+02;1339
2017-04-21 07:41:31+02;1409
2017-04-21 10:26:31+02;1379
2017-04-21 15:06:31+02;1369
2017-04-21 18:26:31+02;1359
2017-04-22 07:41:31+02;1409
2017-04-22 10:01:31+02;1369
2017-04-22 19:26:32+02;1369
2017-04-23 07:41:31+02;1409
2017-04-23 08:06:31+02;1329
2017-04-24 07:41:31+02;1409
2017-04-24 07:51:31+02;1409
2017-04-24 12:21:31+02;1369
2017-04-24 15:26:31+02;1359
2017-04-24 18:26:31+02;1349
2017-04-25 07:41:31+02;1409
2017-04-25 10:11:31+02;1399
2017-04-25 10:36:31+02;1389
2017-04-25 12:06:31+02;1379
2017-04-25 12:41:31+02;1369
2017-04-25 16:56:31+02;1369
2017-04-25 17:56:31+02;1369
2017-04-25 18:21:31+02;1369
2017-04-26 07:41:31+02;1409
2017-04-26 07:56:31+02;1399
2017-04-26 09:06:31+02;1379
2017-04-26 09:56:31+02;1369
2017-04-26 11:26:32+02;1359
2017-04-26 12:01:31+02;1359
2017-04-26 12:16:31+02;1359
2017-04-26 14:26:31+02;1359
2017-04-26 16:06:31+02;1359
2017-04-26 17:56:31+02;1349
2017-04-27 07:41:31+02;1409
2017-04-27 07:56:31+02;1409
2017-04-27 09:01:31+02;1399
2017-04-27 12:11:31+02;1379
2017-04-27 15:11:31+02;1369
2017-04-27 18:01:31+02;1369
2017-04-27 18:36:31+02;1349
2017-04-28 07:16:31+02;1409
2017-04-28 07:56:31+02;1409
2017-04-28 08:06:31+02;1409
2017-04-28 10:26:31+02;1369
2017-04-28 14:36:31+02;1359
2017-04-28 14:56:31+02;1349
2017-04-29 07:41:31+02;1409
2017-04-29 10:36:31+02;1369
2017-04-29 14:21:31+02;1319
2017-05-02 07:46:31+02;1389
2017-05-02 07:51:31+02;1389
2017-05-02 12:21:31+02;1349
2017-05-02 15:56:31+02;1339
2017-05-02 16:56:32+02;1329
2017-05-03 07:41:31+02;1389
2017-05-03 10:31:31+02;1379
2017-05-03 14:26:31+02;1359
2017-05-03 14:51:31+02;1339
2017-05-03 16:56:31+02;1329
2017-05-04 07:41:31+02;1389
2017-05-04 10:36:31+02;1379
2017-05-04 12:31:31+02;1359
2017-05-04 16:56:31+02;1329
2017-05-05 07:46:31+02;1389
2017-05-05 08:01:31+02;1359
2017-05-05 09:01:31+02;1329
2017-05-05 16:31:31+02;1329
2017-05-05 18:46:31+02;1329
2017-05-06 07:51:31+02;1379
2017-05-06 12:56:31+02;1379
2017-05-06 15:51:31+02;1369
2017-05-06 17:11:32+02;1359
2017-05-07 15:26:31+02;1339
2017-05-08 07:41:31+02;1379
2017-05-08 10:06:31+02;1379
2017-05-08 10:41:31+02;1349
2017-05-08 15:56:31+02;1329
2017-05-08 17:36:31+02;1319
2017-05-09 07:36:31+02;1379
2017-05-09 10:31:31+02;1359
2017-05-09 11:26:31+02;1349
2017-05-09 15:51:31+02;1339
2017-05-10 07:51:31+02;1379
2017-05-10 11:56:31+02;1359
2017-05-10 14:56:31+02;1339
2017-05-11 14:51:31+02;1339
2017-05-11 16:16:31+02;1299
2017-05-12 07:41:31+02;1379
2017-05-12 09:21:31+02;1369
2017-05-12 10:26:31+02;1349
2017-05-12 12:01:31+02;1349
2017-05-12 14:51:31+02;1339
2017-05-12 20:31:31+02;1329
2017-05-13 07:41:31+02;1379
2017-05-13 11:51:31+02;1349
2017-05-13 16:36:31+02;1339
2017-05-13 18:56:32+02;1319
2017-05-15 07:46:32+02;1379
2017-05-15 10:31:31+02;1339
2017-05-15 17:11:31+02;1329
2017-05-16 07:41:31+02;1389
2017-05-16 10:36:31+02;1379
2017-05-16 12:01:31+02;1359
2017-05-16 15:26:31+02;1339
2017-05-17 07:46:31+02;1389
2017-05-17 10:31:31+02;1359
2017-05-17 12:11:31+02;1349
2017-05-17 16:21:31+02;1349
2017-05-18 09:56:31+02;1349
2017-05-18 11:02:31+02;1339
2017-05-18 18:26:31+02;1319
2017-05-19 07:41:31+02;1389
2017-05-19 09:06:31+02;1369
2017-05-19 10:21:31+02;1349
2017-05-19 14:56:31+02;1329
2017-05-19 17:01:31+02;1319
2017-05-19 18:11:31+02;1319
2017-05-20 07:41:31+02;1389
2017-05-20 09:31:31+02;1359
2017-05-20 10:51:31+02;1349
2017-05-20 15:51:31+02;1299
2017-05-22 07:41:31+02;1389
2017-05-22 08:21:31+02;1379
2017-05-22 10:31:31+02;1329
2017-05-22 12:21:31+02;1299
2017-05-22 12:41:31+02;1319
2017-05-22 15:06:31+02;1309
2017-05-22 15:56:31+02;1289
2017-05-23 07:41:31+02;1389
2017-05-23 08:11:31+02;1379
2017-05-23 11:01:31+02;1379
2017-05-23 11:21:31+02;1369
2017-05-23 11:51:31+02;1369
2017-05-23 12:11:31+02;1359
2017-05-23 15:01:31+02;1349
2017-05-23 15:41:31+02;1329
2017-05-24 07:46:31+02;1389
2017-05-24 08:41:31+02;1379
2017-05-24 10:11:31+02;1369
2017-05-24 11:26:06+02;1339
2017-05-24 16:26:06+02;1329
2017-05-26 07:46:06+02;1389
2017-05-26 07:51:06+02;1389
2017-05-26 08:31:06+02;1379
2017-05-26 09:26:06+02;1359
2017-05-26 15:06:06+02;1349
2017-05-26 15:56:06+02;1339
2017-05-26 16:26:06+02;1329
2017-05-27 07:46:06+02;1389
2017-05-27 09:56:06+02;1369
2017-05-27 13:06:06+02;1369
2017-05-27 16:01:06+02;1349
2017-05-27 16:56:06+02;1339
2017-05-27 18:31:05+02;1339
2017-05-29 07:41:06+02;1389
2017-05-29 10:46:06+02;1379
2017-05-29 12:06:06+02;1359
2017-05-29 12:16:06+02;1339
2017-05-29 16:22:06+02;1339
2017-05-29 18:26:06+02;1329
2017-05-30 07:41:06+02;1389
2017-05-30 07:51:05+02;1379
2017-05-30 10:21:05+02;1359
2017-05-30 11:56:06+02;1349
2017-05-30 14:21:11+02;1339
2017-05-30 16:41:06+02;1339
2017-05-30 17:36:06+02;1329
2017-05-30 18:41:06+02;1309
2017-05-31 07:46:05+02;1389
2017-05-31 08:31:06+02;1379
2017-05-31 10:51:06+02;1359
2017-05-31 12:06:06+02;1349
2017-05-31 15:41:06+02;1339
2017-05-31 18:21:06+02;1319
2017-06-01 07:41:06+02;1389
2017-06-01 09:26:06+02;1379
2017-06-01 10:06:06+02;1369
2017-06-01 11:11:06+02;1349
2017-06-01 11:31:07+02;1339
2017-06-02 07:41:06+02;1389
2017-06-02 07:51:06+02;1379
2017-06-02 09:51:06+02;1359
2017-06-02 11:21:06+02;1349
2017-06-02 14:56:06+02;1339
2017-06-03 07:36:05+02;1389
2017-06-03 07:56:05+02;1379
2017-06-03 08:56:06+02;1369
2017-06-03 11:25:14+02;1369
2017-06-03 12:51:06+02;1369
2017-06-03 16:36:06+02;1349
2017-06-03 18:06:06+02;1339
2017-06-06 07:46:05+02;1389
2017-06-06 07:51:06+02;1369
2017-06-06 09:51:06+02;1369
2017-06-06 10:31:05+02;1359
2017-06-06 12:26:06+02;1359
2017-06-06 16:26:06+02;1339
2017-06-07 07:41:06+02;1379
2017-06-07 07:56:11+02;1379
2017-06-07 11:26:07+02;1349
2017-06-07 15:06:06+02;1349
2017-06-07 16:41:06+02;1319
2017-06-07 18:56:06+02;1309
2017-06-08 07:51:06+02;1369
2017-06-08 10:16:06+02;1359
2017-06-08 11:31:05+02;1359
2017-06-08 12:11:06+02;1339
2017-06-08 14:51:06+02;1319
2017-06-08 16:51:06+02;1309
2017-06-09 07:41:05+02;1369
2017-06-09 12:06:06+02;1329
2017-06-09 14:21:06+02;1299
2017-06-10 07:41:06+02;1369
2017-06-10 09:26:06+02;1349
2017-06-10 11:21:05+02;1339
2017-06-10 13:21:06+02;1319
2017-06-10 17:21:05+02;1309
2017-06-12 07:41:06+02;1369
2017-06-12 08:11:06+02;1359
2017-06-12 08:56:06+02;1359
2017-06-12 11:25:04+02;1359
2017-06-12 11:26:06+02;1359
2017-06-12 12:02:04+02;1359
2017-06-12 12:39:04+02;1359
2017-06-12 13:41:06+02;1359
2017-06-12 15:01:05+02;1329
2017-06-12 16:21:06+02;1309
2017-06-12 18:21:06+02;1299
2017-06-13 07:41:05+02;1369
2017-06-13 08:56:06+02;1369
2017-06-13 10:36:06+02;1359
2017-06-13 12:26:06+02;1339
2017-06-13 15:01:06+02;1329
2017-06-13 16:01:06+02;1319
2017-06-13 17:56:06+02;1309
2017-06-14 07:41:06+02;1359
2017-06-14 10:51:06+02;1359
2017-06-14 12:06:06+02;1329
2017-06-14 12:31:06+02;1329
2017-06-14 13:16:06+02;1319
2017-06-14 16:41:06+02;1309
2017-06-15 07:41:07+02;1359
2017-06-15 08:51:06+02;1359
2017-06-15 09:46:05+02;1339
2017-06-15 10:36:06+02;1319
2017-06-15 12:21:06+02;1309
2017-06-15 15:21:05+02;1299
2017-06-16 07:36:13+02;1359
2017-06-16 10:26:06+02;1309
2017-06-16 15:11:06+02;1289
2017-06-17 07:41:06+02;1359
2017-06-17 10:21:06+02;1299
2017-06-18 10:31:06+02;1299
2017-06-18 16:26:06+02;1279
2017-06-19 07:41:06+02;1349
2017-06-19 08:56:06+02;1349
2017-06-19 09:56:06+02;1339
2017-06-19 12:11:05+02;1329
2017-06-19 15:21:06+02;1309
2017-06-20 07:41:06+02;1349
2017-06-20 07:46:06+02;1339
2017-06-20 08:31:06+02;1329
2017-06-20 15:56:06+02;1299
2017-06-21 07:41:05+02;1349
2017-06-21 11:26:07+02;1329
2017-06-21 12:31:06+02;1329
2017-06-21 13:56:06+02;1309
2017-06-22 07:41:07+02;1349
2017-06-22 10:36:06+02;1339
2017-06-22 11:36:06+02;1329
2017-06-22 11:56:06+02;1309
2017-06-22 16:46:06+02;1289
2017-06-23 07:51:06+02;1349
2017-06-23 08:56:06+02;1339
2017-06-23 10:56:06+02;1319
2017-06-23 11:56:06+02;1299
2017-06-24 07:41:06+02;1339
2017-06-24 12:01:06+02;1319
2017-06-24 15:31:06+02;1309
2017-06-26 07:41:06+02;1339
2017-06-26 08:26:06+02;1319
2017-06-26 11:06:06+02;1309
2017-06-26 15:16:07+02;1309
2017-06-26 16:26:06+02;1289
2017-06-27 07:41:06+02;1339
2017-06-27 09:56:06+02;1319
2017-06-27 12:02:07+02;1319
2017-06-27 16:01:06+02;1309
2017-06-27 16:51:06+02;1299
2017-06-27 17:51:06+02;1289
2017-06-28 07:46:06+02;1339
2017-06-28 10:01:06+02;1339
2017-06-28 16:16:07+02;1309
2017-06-29 07:41:06+02;1339
2017-06-29 11:01:06+02;1329
2017-06-29 11:56:06+02;1319
2017-06-29 15:06:06+02;1309
2017-06-29 15:51:06+02;1299
2017-06-30 07:41:06+02;1339
2017-06-30 09:46:06+02;1339
2017-06-30 10:41:09+02;1329
2017-06-30 12:21:08+02;1299
2017-06-30 15:31:06+02;1289
2017-07-01 07:41:07+02;1339
2017-07-01 07:56:06+02;1339
2017-07-01 14:51:06+02;1309
2017-07-02 15:26:06+02;1279
2017-07-03 07:41:06+02;1339
2017-07-03 10:36:07+02;1339
2017-07-03 12:06:06+02;1319
2017-07-03 14:21:07+02;1309
2017-07-03 14:51:06+02;1299
2017-07-04 07:46:05+02;1339
2017-07-04 08:31:06+02;1339
2017-07-04 10:17:06+02;1329
2017-07-04 12:26:06+02;1299
2017-07-05 07:41:07+02;1339
2017-07-05 10:01:06+02;1339
2017-07-05 11:01:06+02;1319
2017-07-05 15:26:06+02;1299
2017-07-05 17:21:06+02;1299
2017-07-05 17:46:06+02;1289
2017-07-06 07:46:06+02;1349
2017-07-06 08:21:05+02;1329
2017-07-06 09:56:06+02;1319
2017-07-06 11:26:07+02;1309
2017-07-06 12:26:06+02;1299
2017-07-07 07:36:06+02;1349
2017-07-07 10:51:06+02;1319
2017-07-07 15:21:06+02;1299
2017-07-08 07:41:06+02;1349
2017-07-08 11:31:06+02;1319
2017-07-08 17:51:06+02;1299
2017-07-10 07:46:05+02;1349
2017-07-10 10:36:06+02;1309
2017-07-10 16:26:06+02;1299
2017-07-11 07:41:06+02;1349
2017-07-11 08:31:06+02;1299
2017-07-11 15:01:05+02;1279
2017-07-12 07:36:06+02;1349
2017-07-12 11:36:06+02;1319
2017-07-12 16:51:05+02;1299
2017-07-13 07:41:06+02;1349
2017-07-13 10:26:06+02;1329
2017-07-13 14:56:06+02;1319
2017-07-13 15:25:17+02;1309
2017-07-13 15:56:12+02;1299
2017-07-13 16:21:06+02;1289
2017-07-14 07:41:06+02;1349
2017-07-14 10:21:06+02;1339
2017-07-14 14:06:06+02;1309
2017-07-14 15:26:06+02;1299
2017-07-14 18:26:06+02;1289
2017-07-15 07:41:06+02;1349
2017-07-15 11:26:06+02;1309
2017-07-17 07:41:06+02;1349
2017-07-17 10:01:06+02;1329
2017-07-17 12:01:05+02;1319
2017-07-17 12:21:06+02;1309
2017-07-17 15:31:05+02;1299
2017-07-18 07:36:06+02;1349
2017-07-18 10:36:09+02;1339
2017-07-18 10:46:06+02;1319
2017-07-18 15:26:07+02;1289
2017-07-19 07:41:06+02;1349
2017-07-19 09:56:06+02;1349
2017-07-19 11:06:06+02;1309
2017-07-19 12:01:06+02;1299
2017-07-19 12:51:06+02;1309
2017-07-19 14:31:06+02;1289
2017-07-19 16:31:06+02;1289
2017-07-20 07:41:06+02;1349
2017-07-20 08:46:06+02;1319
2017-07-20 11:16:06+02;1309
2017-07-20 15:26:06+02;1299
2017-07-20 15:56:06+02;1289
2017-07-20 18:16:06+02;1279
2017-07-21 08:36:06+02;1349
2017-07-21 13:16:06+02;1319
2017-07-21 13:36:06+02;1319
2017-07-21 13:51:06+02;1319
2017-07-21 18:26:06+02;1309
2017-07-22 02:20:07+02;1309
2017-07-22 07:36:06+02;1349
2017-07-22 09:36:06+02;1309
2017-07-22 13:21:05+02;1299
2017-07-24 07:36:06+02;1349
2017-07-24 11:11:06+02;1319
2017-07-24 14:31:06+02;1309
2017-07-24 15:31:06+02;1299
2017-07-24 17:11:05+02;1279
2017-07-25 07:36:06+02;1349
2017-07-25 10:31:06+02;1329
2017-07-25 11:16:06+02;1319
2017-07-25 14:56:06+02;1299
2017-07-26 07:46:05+02;1349
2017-07-26 09:56:06+02;1329
2017-07-26 11:31:06+02;1319
2017-07-26 12:31:06+02;1309
2017-07-26 15:06:07+02;1299
2017-07-26 15:26:11+02;1289
2017-07-26 16:18:06+02;1289
2017-07-27 07:36:06+02;1349
2017-07-27 08:51:05+02;1349
2017-07-27 10:36:07+02;1349
2017-07-27 11:01:06+02;1329
2017-07-27 12:51:06+02;1319
2017-07-27 14:36:06+02;1289
2017-07-27 15:26:06+02;1289
2017-07-27 17:05:17+02;1289
2017-07-27 18:26:06+02;1279
2017-07-28 07:36:06+02;1349
2017-07-28 10:31:07+02;1329
2017-07-28 11:44:08+02;1329
2017-07-28 12:01:12+02;1329
2017-07-28 12:06:08+02;1329
2017-07-28 12:31:07+02;1319
2017-07-28 14:31:06+02;1309
2017-07-28 14:51:05+02;1309
2017-07-28 15:41:05+02;1289
2017-07-29 07:36:06+02;1349
2017-07-29 10:51:05+02;1329
2017-07-29 15:26:06+02;1319
2017-07-31 07:36:06+02;1349
2017-07-31 10:16:06+02;1329
2017-07-31 14:51:05+02;1319
2017-07-31 15:10:06+02;1319
2017-07-31 15:36:06+02;1309
2017-07-31 16:51:06+02;1299
2017-08-01 07:36:06+02;1349
2017-08-01 11:31:06+02;1339
2017-08-01 12:51:05+02;1319
2017-08-01 14:56:06+02;1289
2017-08-02 07:41:05+02;1349
2017-08-02 09:36:06+02;1339
2017-08-02 11:11:05+02;1329
2017-08-02 15:36:06+02;1319
2017-08-02 16:21:07+02;1299
2017-08-03 07:36:06+02;1349
2017-08-03 07:46:06+02;1339
2017-08-03 10:51:06+02;1329
2017-08-03 12:36:06+02;1329
2017-08-03 16:06:06+02;1299
2017-08-03 18:11:06+02;1299
2017-08-04 07:46:06+02;1349
2017-08-04 08:26:05+02;1349
2017-08-04 10:31:06+02;1329
2017-08-04 15:01:06+02;1319
2017-08-05 07:46:06+02;1349
2017-08-05 09:16:16+02;1329
2017-08-05 13:31:05+02;1309
2017-08-06 09:31:06+02;1299
2017-08-07 07:36:06+02;1359
2017-08-07 11:16:05+02;1339
2017-08-07 14:26:09+02;1319
2017-08-07 15:36:06+02;1309
2017-08-08 07:41:05+02;1359
2017-08-08 11:46:06+02;1329
2017-08-08 15:11:06+02;1309
2017-08-08 17:01:08+02;1299
2017-08-09 07:41:05+02;1349
2017-08-09 10:46:06+02;1329
2017-08-09 11:31:06+02;1319
2017-08-09 14:36:06+02;1319
2017-08-10 07:36:06+02;1349
2017-08-10 09:56:06+02;1319
2017-08-10 12:51:05+02;1309
2017-08-11 07:41:05+02;1349
2017-08-11 09:06:06+02;1339
2017-08-11 10:31:06+02;1319
2017-08-11 11:26:06+02;1319
2017-08-11 15:31:06+02;1289
2017-08-12 07:36:05+02;1349
2017-08-12 07:46:06+02;1339
2017-08-12 10:21:06+02;1309
2017-08-14 07:36:06+02;1349
2017-08-14 08:56:05+02;1339
2017-08-14 12:26:06+02;1299
2017-08-15 07:36:06+02;1359
2017-08-15 09:46:06+02;1339
2017-08-15 10:26:05+02;1319
2017-08-15 12:16:06+02;1319
2017-08-15 18:21:06+02;1309
2017-08-16 07:41:05+02;1359
2017-08-16 09:36:07+02;1349
2017-08-16 11:26:05+02;1339
2017-08-16 12:26:06+02;1329
2017-08-16 15:51:05+02;1319
2017-08-16 17:06:06+02;1309
2017-08-16 18:26:06+02;1299
2017-08-17 07:46:05+02;1359
2017-08-17 09:01:06+02;1299
2017-08-17 12:26:06+02;1289
2017-08-17 15:06:10+02;1289
2017-08-17 18:31:09+02;1279
2017-08-18 07:36:07+02;1359
2017-08-18 08:56:09+02;1339
2017-08-18 10:36:11+02;1319
2017-08-18 16:56:09+02;1289
2017-08-19 07:41:10+02;1359
2017-08-19 10:26:08+02;1309
2017-08-19 17:01:07+02;1309
2017-08-20 03:32:08+02;1309
2017-08-20 05:04:08+02;1309
2017-08-21 03:37:07+02;1309
2017-08-21 05:27:08+02;1309
2017-08-21 07:36:12+02;1289
2017-08-21 07:45:13+02;1359
2017-08-21 07:56:07+02;1339
2017-08-21 09:11:21+02;1319
2017-08-21 10:21:13+02;1309
2017-08-21 10:40:24+02;1289
2017-08-21 11:56:09+02;1289
2017-08-21 12:56:11+02;1299
2017-08-21 15:30:23+02;1289
2017-08-22 07:16:07+02;1359
2017-08-22 10:06:11+02;1349
2017-08-22 11:06:09+02;1319
2017-08-22 13:01:12+02;1299
2017-08-22 17:01:10+02;1289
2017-08-23 07:46:08+02;1359
2017-08-23 10:16:09+02;1339
2017-08-23 11:55:12+02;1329
2017-08-23 14:50:21+02;1319
2017-08-23 15:36:14+02;1319
2017-08-23 18:11:09+02;1299
2017-08-24 03:33:06+02;1299
2017-08-24 07:41:06+02;1359
2017-08-24 10:06:06+02;1319
2017-08-24 16:06:06+02;1309
2017-08-24 18:26:06+02;1299
2017-08-25 07:46:05+02;1359
2017-08-25 09:06:06+02;1359
2017-08-25 10:01:06+02;1319
2017-08-25 10:26:06+02;1319
2017-08-25 14:26:05+02;1309
2017-08-25 18:31:06+02;1299
2017-08-26 07:41:12+02;1359
2017-08-26 10:41:05+02;1329
2017-08-26 11:36:06+02;1319
2017-08-26 16:31:05+02;1299
2017-08-27 16:36:06+02;1289
2017-08-28 07:51:06+02;1359
2017-08-28 08:46:06+02;1339
2017-08-28 10:21:06+02;1319
2017-08-28 12:06:06+02;1319
2017-08-28 12:26:06+02;1309
2017-08-29 07:51:06+02;1359
2017-08-29 11:01:06+02;1339
2017-08-29 12:31:06+02;1329
2017-08-29 12:56:06+02;1319
2017-08-29 16:36:06+02;1309
2017-08-30 07:46:05+02;1369
2017-08-30 09:06:06+02;1359
2017-08-30 10:11:06+02;1349
2017-08-30 11:36:06+02;1349
2017-08-30 12:56:06+02;1339
2017-08-30 17:26:06+02;1319
2017-08-31 07:56:11+02;1359
2017-08-31 10:31:07+02;1319
2017-08-31 15:16:06+02;1299
2017-09-01 06:50:19+02;1369
2017-09-01 09:36:06+02;1359
2017-09-01 14:51:07+02;1349
2017-09-01 16:01:06+02;1339
2017-09-01 16:51:06+02;1329
2017-09-02 13:11:06+02;1329
2017-09-04 06:51:06+02;1369
2017-09-04 07:51:06+02;1369
2017-09-04 10:11:06+02;1369
2017-09-04 11:51:07+02;1359
2017-09-04 13:01:06+02;1369
2017-09-04 18:16:06+02;1349
2017-09-05 06:56:06+02;1389
2017-09-05 07:46:05+02;1389
2017-09-05 10:41:06+02;1379
2017-09-05 12:21:06+02;1369
2017-09-05 14:26:06+02;1369
2017-09-05 15:21:06+02;1359
2017-09-06 06:21:05+02;1399
2017-09-06 07:46:05+02;1399
2017-09-06 08:26:06+02;1399
2017-09-06 09:26:09+02;1349
2017-09-06 14:26:05+02;1339
2017-09-07 07:46:06+02;1399
2017-09-07 10:56:06+02;1369
2017-09-07 14:36:06+02;1349
2017-09-07 16:36:06+02;1339
2017-09-08 07:46:06+02;1399
2017-09-08 10:46:06+02;1369
2017-09-08 15:11:06+02;1349
2017-09-08 17:36:06+02;1339
2017-09-09 07:46:06+02;1399
2017-09-09 09:56:05+02;1379
2017-09-09 12:06:06+02;1359
2017-09-09 17:41:05+02;1339
2017-09-11 07:51:06+02;1399
2017-09-11 08:36:05+02;1389
2017-09-11 09:56:06+02;1379
2017-09-11 11:56:06+02;1349
2017-09-11 12:46:06+02;1359
2017-09-11 16:26:06+02;1359
2017-09-11 17:22:18+02;1349
2017-09-12 07:46:06+02;1399
2017-09-12 10:36:06+02;1359
2017-09-12 11:01:06+02;1349
2017-09-12 12:46:08+02;1359
2017-09-12 17:26:05+02;1349
2017-09-13 07:41:18+02;1399
2017-09-13 10:11:06+02;1389
2017-09-13 10:16:06+02;1369
2017-09-13 11:31:06+02;1349
2017-09-13 17:16:06+02;1329
2017-09-14 07:46:05+02;1399
2017-09-14 10:31:06+02;1349
2017-09-14 11:56:06+02;1339
2017-09-14 15:06:06+02;1339
2017-09-14 15:26:06+02;1329
2017-09-14 16:51:06+02;1319
2017-09-15 07:41:06+02;1399
2017-09-15 09:36:07+02;1339
2017-09-15 12:01:05+02;1329
2017-09-15 13:56:05+02;1299
2017-09-16 07:46:06+02;1399
2017-09-16 08:11:05+02;1399
2017-09-16 09:36:06+02;1359
2017-09-16 17:01:06+02;1339
2017-09-17 17:11:06+02;1329
2017-09-18 07:51:06+02;1399
2017-09-18 08:46:05+02;1389
2017-09-18 09:36:06+02;1359
2017-09-18 10:06:06+02;1339
2017-09-18 12:41:06+02;1329
2017-09-18 16:21:06+02;1329
2017-09-18 18:21:05+02;1329
2017-09-19 07:41:06+02;1399
2017-09-19 08:06:06+02;1379
2017-09-19 10:31:06+02;1359
2017-09-19 12:26:06+02;1349
2017-09-19 14:41:06+02;1339
2017-09-19 16:01:07+02;1329
2017-09-19 23:16:20+02;1329
2017-09-20 07:16:05+02;1389
2017-09-20 08:36:05+02;1389
2017-09-20 09:56:06+02;1359
2017-09-20 11:16:06+02;1339
2017-09-20 12:01:06+02;1329
2017-09-20 15:21:05+02;1319
2017-09-20 16:01:06+02;1309
2017-09-21 07:41:07+02;1389
2017-09-21 10:21:06+02;1349
2017-09-21 15:56:06+02;1329
2017-09-21 16:51:06+02;1329
2017-09-21 18:31:07+02;1319
