2014-06-08 09:50:01+02;1519
2014-06-09 00:02:01+02;1609
2014-06-09 02:30:01+02;1599
2014-06-09 08:10:01+02;1529
2014-06-09 08:18:01+02;1519
2014-06-09 15:58:01+02;1609
2014-06-10 00:18:01+02;1599
2014-06-10 01:30:01+02;1589
2014-06-10 05:14:01+02;1569
2014-06-10 05:38:01+02;1529
2014-06-10 10:58:01+02;1519
2014-06-10 11:34:01+02;1519
2014-06-10 15:30:01+02;1639
2014-06-11 00:18:01+02;1599
2014-06-11 02:18:01+02;1589
2014-06-11 03:34:01+02;1579
2014-06-11 04:38:01+02;1559
2014-06-11 06:22:01+02;1549
2014-06-11 08:50:01+02;1529
2014-06-11 09:10:01+02;1529
2014-06-11 10:42:01+02;1529
2014-06-11 11:58:01+02;1519
2014-06-11 14:42:01+02;1519
2014-06-11 15:30:01+02;1639
2014-06-12 00:30:01+02;1599
2014-06-12 01:22:01+02;1599
2014-06-12 03:14:01+02;1589
2014-06-12 03:58:01+02;1539
2014-06-12 06:10:01+02;1529
2014-06-12 07:30:01+02;1519
2014-06-12 15:30:01+02;1649
2014-06-13 00:18:01+02;1609
2014-06-13 02:58:01+02;1599
2014-06-13 05:10:01+02;1529
2014-06-13 08:02:01+02;1519
2014-06-13 15:30:01+02;1649
2014-06-14 01:14:01+02;1639
2014-06-14 01:30:01+02;1619
2014-06-14 03:18:01+02;1589
2014-06-14 06:10:01+02;1569
2014-06-14 06:38:01+02;1529
2014-06-14 11:10:01+02;1529
2014-06-14 15:58:01+02;1619
2014-06-15 02:50:01+02;1529
2014-06-15 04:18:01+02;1529
2014-06-15 05:10:01+02;1529
2014-06-15 15:58:01+02;1619
2014-06-16 03:10:01+02;1619
2014-06-16 03:22:01+02;1599
2014-06-16 08:38:01+02;1579
2014-06-16 10:10:01+02;1579
2014-06-16 11:38:01+02;1559
2014-06-16 14:30:01+02;1539
2014-06-16 15:30:01+02;1669
2014-06-17 00:18:01+02;1619
2014-06-17 02:58:01+02;1599
2014-06-17 05:54:01+02;1579
2014-06-17 09:18:01+02;1559
2014-06-17 15:30:01+02;1689
2014-06-18 00:18:01+02;1619
2014-06-18 03:38:01+02;1599
2014-06-18 07:58:01+02;1579
2014-06-18 10:10:01+02;1569
2014-06-18 11:30:01+02;1559
2014-06-18 12:30:01+02;1559
2014-06-18 15:30:01+02;1689
2014-06-19 02:18:01+02;1619
2014-06-19 04:10:01+02;1609
2014-06-19 05:10:01+02;1599
2014-06-19 08:54:01+02;1569
2014-06-19 11:50:01+02;1549
2014-06-19 15:30:01+02;1679
2014-06-20 00:18:01+02;1629
2014-06-20 02:54:01+02;1619
2014-06-20 04:14:01+02;1579
2014-06-20 05:30:01+02;1569
2014-06-20 05:58:01+02;1569
2014-06-20 09:22:01+02;1559
2014-06-20 11:30:01+02;1549
2014-06-20 13:10:01+02;1539
2014-06-20 15:30:01+02;1669
2014-06-21 00:50:01+02;1639
2014-06-21 01:22:01+02;1629
2014-06-21 04:30:01+02;1609
2014-06-21 08:10:01+02;1579
2014-06-21 10:54:01+02;1544
2014-06-21 15:58:01+02;1634
2014-06-22 02:18:01+02;1629
2014-06-22 03:38:01+02;1549
2014-06-22 04:10:01+02;1544
2014-06-22 15:58:01+02;1634
2014-06-23 00:22:01+02;1629
2014-06-23 02:54:01+02;1619
2014-06-23 03:50:01+02;1579
2014-06-23 06:30:01+02;1569
2014-06-23 07:30:01+02;1559
2014-06-23 10:18:01+02;1549
2014-06-23 10:50:01+02;1539
2014-06-23 15:30:01+02;1659
2014-06-24 00:18:01+02;1629
2014-06-24 02:54:01+02;1619
2014-06-24 08:30:01+02;1589
2014-06-24 10:50:01+02;1579
2014-06-24 11:22:01+02;1569
2014-06-24 12:50:01+02;1539
2014-06-24 15:30:01+02;1659
2014-06-25 00:18:01+02;1629
2014-06-25 01:14:01+02;1629
2014-06-25 05:50:01+02;1599
2014-06-25 07:30:01+02;1599
2014-06-25 08:38:01+02;1579
2014-06-25 11:34:01+02;1559
2014-06-25 14:38:01+02;1559
2014-06-25 15:30:01+02;1679
2014-06-26 00:18:01+02;1629
2014-06-26 03:10:01+02;1629
2014-06-26 03:58:01+02;1609
2014-06-26 08:54:01+02;1589
2014-06-26 10:34:01+02;1569
2014-06-26 11:10:01+02;1559
2014-06-26 13:18:01+02;1544
2014-06-26 15:30:01+02;1664
2014-06-27 00:18:01+02;1629
2014-06-27 03:34:01+02;1619
2014-06-27 04:54:01+02;1609
2014-06-27 05:58:01+02;1569
2014-06-27 09:58:01+02;1559
2014-06-27 12:30:01+02;1549
2014-06-27 13:50:01+02;1539
2014-06-27 15:30:01+02;1669
2014-06-28 01:30:01+02;1629
2014-06-28 02:50:01+02;1539
2014-06-28 16:02:01+02;1629
2014-06-29 02:30:01+02;1629
2014-06-29 03:58:01+02;1619
2014-06-29 05:18:01+02;1539
2014-06-29 15:58:01+02;1629
2014-06-30 00:30:01+02;1629
2014-06-30 04:50:01+02;1609
2014-06-30 05:50:01+02;1589
2014-06-30 08:30:01+02;1569
2014-06-30 11:30:01+02;1549
2014-06-30 13:26:01+02;1539
2014-06-30 15:30:01+02;1669
2014-07-01 00:18:01+02;1629
2014-07-01 04:06:01+02;1619
2014-07-01 04:34:01+02;1599
2014-07-01 05:18:01+02;1569
2014-07-01 09:30:01+02;1559
2014-07-01 12:50:01+02;1539
2014-07-01 15:30:01+02;1669
2014-07-02 00:18:01+02;1629
2014-07-02 04:38:01+02;1579
2014-07-02 05:06:01+02;1569
2014-07-02 06:30:01+02;1569
2014-07-02 08:50:01+02;1549
2014-07-02 10:18:01+02;1539
2014-07-02 12:50:01+02;1534
2014-07-02 15:30:01+02;1664
2014-07-03 00:18:01+02;1629
2014-07-03 01:50:01+02;1579
2014-07-03 05:18:01+02;1569
2014-07-03 08:34:01+02;1559
2014-07-03 08:54:01+02;1559
2014-07-03 11:30:01+02;1539
2014-07-03 15:30:01+02;1669
2014-07-04 00:18:01+02;1619
2014-07-04 01:58:01+02;1599
2014-07-04 06:34:01+02;1569
2014-07-04 09:30:01+02;1559
2014-07-04 11:22:01+02;1559
2014-07-04 12:38:01+02;1539
2014-07-04 15:30:01+02;1659
2014-07-05 01:18:01+02;1619
2014-07-05 02:30:01+02;1599
2014-07-05 04:10:01+02;1599
2014-07-05 06:30:01+02;1579
2014-07-05 06:58:01+02;1559
2014-07-05 08:14:01+02;1559
2014-07-05 11:10:01+02;1539
2014-07-05 11:58:01+02;1529
2014-07-05 15:58:01+02;1619
2014-07-06 02:18:01+02;1619
2014-07-06 03:30:01+02;1609
2014-07-06 04:10:01+02;1589
2014-07-06 05:14:01+02;1534
2014-07-06 09:18:01+02;1534
2014-07-06 15:58:01+02;1624
2014-07-07 00:30:01+02;1619
2014-07-07 03:18:01+02;1569
2014-07-07 07:10:01+02;1549
2014-07-07 10:10:01+02;1549
2014-07-07 12:18:01+02;1539
2014-07-07 13:18:01+02;1529
2014-07-07 15:30:01+02;1659
2014-07-08 00:18:01+02;1619
2014-07-08 02:34:01+02;1609
2014-07-08 03:50:01+02;1609
2014-07-08 05:18:01+02;1599
2014-07-08 07:26:01+02;1579
2014-07-08 08:46:01+02;1569
2014-07-08 10:58:01+02;1559
2014-07-08 12:18:01+02;1549
2014-07-08 13:38:01+02;1539
2014-07-08 15:30:01+02;1669
2014-07-09 00:18:01+02;1629
2014-07-09 01:42:01+02;1619
2014-07-09 04:50:01+02;1609
2014-07-09 06:58:01+02;1579
2014-07-09 08:50:01+02;1579
2014-07-09 11:18:01+02;1559
2014-07-09 12:10:01+02;1539
2014-07-09 15:30:01+02;1669
2014-07-10 00:18:01+02;1629
2014-07-10 01:26:01+02;1619
2014-07-10 03:38:01+02;1609
2014-07-10 09:10:01+02;1569
2014-07-10 15:30:01+02;1689
2014-07-11 01:54:01+02;1619
2014-07-11 07:34:01+02;1589
2014-07-11 10:30:01+02;1569
2014-07-11 15:30:01+02;1689
2014-07-12 05:18:01+02;1589
2014-07-12 07:50:01+02;1569
2014-07-12 10:18:01+02;1539
2014-07-12 16:02:01+02;1629
2014-07-13 02:10:01+02;1559
2014-07-13 03:58:01+02;1539
2014-07-13 07:46:01+02;1539
2014-07-13 15:58:01+02;1629
2014-07-14 00:30:01+02;1619
2014-07-14 01:18:01+02;1609
2014-07-14 03:30:01+02;1609
2014-07-14 05:38:01+02;1599
2014-07-14 06:10:01+02;1569
2014-07-14 09:10:01+02;1559
2014-07-14 11:30:01+02;1539
2014-07-14 15:30:01+02;1669
2014-07-15 00:18:01+02;1609
2014-07-15 02:58:01+02;1599
2014-07-15 04:50:01+02;1589
2014-07-15 05:46:01+02;1559
2014-07-15 11:10:01+02;1559
2014-07-15 13:38:01+02;1539
2014-07-15 15:30:01+02;1659
2014-07-16 00:18:01+02;1629
2014-07-16 01:58:01+02;1619
2014-07-16 02:50:01+02;1599
2014-07-16 04:18:02+02;1559
2014-07-16 06:46:01+02;1549
2014-07-16 08:30:01+02;1549
2014-07-16 15:30:01+02;1679
2014-07-17 00:18:01+02;1629
2014-07-17 01:58:01+02;1609
2014-07-17 03:18:01+02;1599
2014-07-17 04:58:01+02;1589
2014-07-17 08:30:01+02;1539
2014-07-17 09:50:01+02;1539
2014-07-17 10:58:01+02;1539
2014-07-17 12:38:01+02;1519
2014-07-17 13:18:01+02;1519
2014-07-17 15:30:01+02;1649
2014-07-18 00:54:01+02;1599
2014-07-18 01:38:01+02;1599
2014-07-18 04:38:01+02;1579
2014-07-18 06:06:01+02;1569
2014-07-18 07:10:01+02;1549
2014-07-18 08:10:01+02;1539
2014-07-18 09:10:01+02;1529
2014-07-18 10:50:01+02;1509
2014-07-18 12:58:01+02;1509
2014-07-18 15:30:01+02;1639
2014-07-19 01:26:01+02;1599
2014-07-19 02:58:01+02;1579
2014-07-19 05:38:01+02;1569
2014-07-19 07:30:01+02;1549
2014-07-19 08:10:01+02;1529
2014-07-19 08:30:01+02;1519
2014-07-19 15:58:01+02;1609
2014-07-20 02:10:01+02;1519
2014-07-20 15:58:01+02;1609
2014-07-21 00:30:01+02;1599
2014-07-21 01:06:01+02;1589
2014-07-21 03:18:01+02;1579
2014-07-21 04:30:01+02;1569
2014-07-21 07:14:01+02;1529
2014-07-21 08:50:01+02;1529
2014-07-21 11:38:01+02;1519
2014-07-21 11:50:01+02;1509
2014-07-21 15:30:01+02;1639
2014-07-22 00:18:01+02;1599
2014-07-22 03:10:01+02;1579
2014-07-22 03:38:01+02;1569
2014-07-22 04:50:01+02;1549
2014-07-22 09:06:01+02;1529
2014-07-22 13:14:01+02;1519
2014-07-22 13:34:01+02;1509
2014-07-22 15:30:01+02;1649
2014-07-23 00:18:01+02;1609
2014-07-23 01:06:01+02;1599
2014-07-23 02:30:01+02;1589
2014-07-23 04:38:01+02;1569
2014-07-23 06:10:01+02;1549
2014-07-23 10:58:01+02;1529
2014-07-23 14:10:01+02;1519
2014-07-24 00:02:01+02;1659
2014-07-24 00:18:01+02;1599
2014-07-24 02:18:01+02;1589
2014-07-24 06:14:01+02;1559
2014-07-24 06:38:01+02;1539
2014-07-24 08:18:01+02;1529
2014-07-24 11:10:01+02;1529
2014-07-24 13:10:01+02;1519
2014-07-24 15:30:01+02;1659
2014-07-25 00:18:01+02;1599
2014-07-25 03:38:01+02;1589
2014-07-25 04:58:01+02;1579
2014-07-25 05:38:01+02;1539
2014-07-25 07:30:01+02;1529
2014-07-25 09:10:01+02;1519
2014-07-25 12:18:01+02;1519
2014-07-25 15:30:01+02;1659
2014-07-26 01:18:01+02;1599
2014-07-26 02:54:01+02;1589
2014-07-26 05:18:01+02;1569
2014-07-26 06:34:01+02;1559
2014-07-26 06:50:01+02;1529
2014-07-26 10:10:01+02;1519
2014-07-26 15:58:01+02;1609
2014-07-27 02:18:01+02;1599
2014-07-27 03:30:01+02;1599
2014-07-27 03:50:01+02;1519
2014-07-28 00:02:01+02;1609
2014-07-28 00:26:01+02;1599
2014-07-28 05:18:01+02;1579
2014-07-28 06:26:01+02;1529
2014-07-28 08:14:01+02;1529
2014-07-28 09:38:01+02;1529
2014-07-28 11:30:01+02;1519
2014-07-28 13:30:01+02;1519
2014-07-28 15:30:01+02;1649
2014-07-29 00:18:01+02;1599
2014-07-29 04:10:01+02;1589
2014-07-29 05:42:01+02;1539
2014-07-29 10:10:01+02;1539
2014-07-29 11:18:01+02;1519
2014-07-29 12:38:01+02;1519
2014-07-29 15:30:01+02;1649
2014-07-30 00:18:01+02;1599
2014-07-30 02:50:01+02;1559
2014-07-30 05:18:01+02;1539
2014-07-30 12:10:01+02;1519
2014-07-30 15:30:01+02;1649
2014-07-31 00:38:01+02;1599
2014-07-31 02:58:01+02;1599
2014-07-31 04:38:01+02;1539
2014-07-31 07:18:01+02;1529
2014-07-31 11:18:01+02;1509
2014-07-31 15:30:01+02;1639
2014-07-31 23:58:01+02;1599
2014-08-01 00:30:01+02;1599
2014-08-01 02:50:01+02;1589
2014-08-01 03:38:01+02;1539
2014-08-01 08:10:01+02;1529
2014-08-01 10:14:01+02;1519
2014-08-01 13:50:01+02;1509
2014-08-01 15:30:01+02;1639
2014-08-02 01:18:01+02;1589
2014-08-02 02:18:01+02;1589
2014-08-02 03:18:01+02;1589
2014-08-02 05:50:01+02;1579
2014-08-02 06:18:01+02;1579
2014-08-02 07:18:01+02;1549
2014-08-02 08:18:01+02;1539
2014-08-02 08:58:01+02;1519
2014-08-02 11:58:01+02;1509
2014-08-02 15:58:01+02;1599
2014-08-03 03:50:01+02;1549
2014-08-03 07:30:01+02;1519
2014-08-03 12:14:01+02;1509
2014-08-03 15:58:01+02;1599
2014-08-04 01:58:01+02;1589
2014-08-04 02:38:01+02;1549
2014-08-04 04:38:01+02;1539
2014-08-04 05:38:01+02;1529
2014-08-04 07:10:01+02;1519
2014-08-04 10:22:01+02;1519
2014-08-04 11:38:01+02;1499
2014-08-04 15:30:01+02;1629
2014-08-05 05:58:01+02;1589
2014-08-05 07:06:01+02;1589
2014-08-05 08:30:01+02;1519
2014-08-05 12:10:01+02;1519
2014-08-05 13:30:01+02;1509
2014-08-05 17:50:01+02;1489
2014-08-05 21:30:01+02;1619
2014-08-06 05:58:01+02;1579
2014-08-06 06:18:01+02;1579
2014-08-06 07:34:01+02;1569
2014-08-06 10:46:01+02;1529
2014-08-06 13:10:01+02;1519
2014-08-06 15:10:01+02;1509
2014-08-06 17:38:01+02;1499
2014-08-06 21:30:01+02;1629
2014-08-07 06:18:01+02;1579
2014-08-07 07:18:01+02;1569
2014-08-07 08:30:01+02;1569
2014-08-07 09:30:01+02;1519
2014-08-07 14:46:01+02;1509
2014-08-07 16:50:01+02;1489
2014-08-07 21:30:01+02;1629
2014-08-08 05:50:01+02;1579
2014-08-08 06:26:01+02;1569
2014-08-08 08:38:01+02;1569
2014-08-08 09:58:01+02;1529
2014-08-08 10:50:01+02;1519
2014-08-08 14:10:01+02;1509
2014-08-08 16:38:01+02;1489
2014-08-08 21:34:01+02;1629
2014-08-09 07:30:01+02;1579
2014-08-09 08:58:01+02;1559
2014-08-09 13:50:01+02;1519
2014-08-09 14:10:01+02;1519
2014-08-09 16:58:01+02;1509
2014-08-09 18:38:01+02;1499
2014-08-09 21:58:01+02;1589
2014-08-10 08:30:01+02;1579
2014-08-10 10:34:01+02;1569
2014-08-10 10:38:01+02;1559
2014-08-10 16:10:01+02;1539
2014-08-10 18:18:01+02;1519
2014-08-10 21:58:01+02;1609
2014-08-11 06:30:01+02;1579
2014-08-11 08:46:01+02;1579
2014-08-11 11:10:01+02;1519
2014-08-11 11:30:01+02;1519
2014-08-11 14:18:01+02;1519
2014-08-11 17:18:01+02;1499
2014-08-11 18:58:01+02;1499
2014-08-11 21:30:01+02;1639
2014-08-12 06:10:01+02;1579
2014-08-12 07:34:01+02;1559
2014-08-12 12:38:01+02;1519
2014-08-12 15:58:01+02;1509
2014-08-12 16:30:01+02;1509
2014-08-12 18:18:01+02;1489
2014-08-12 21:30:01+02;1629
2014-08-13 06:26:01+02;1589
2014-08-13 08:50:01+02;1589
2014-08-13 09:02:01+02;1529
2014-08-13 11:38:01+02;1519
2014-08-13 13:18:01+02;1509
2014-08-13 17:10:01+02;1489
2014-08-13 21:30:01+02;1629
2014-08-14 06:10:01+02;1589
2014-08-14 07:30:01+02;1579
2014-08-14 08:54:01+02;1569
2014-08-14 11:30:01+02;1559
2014-08-14 12:10:01+02;1519
2014-08-14 16:30:01+02;1509
2014-08-14 17:18:01+02;1499
2014-08-14 18:38:01+02;1499
2014-08-14 21:30:01+02;1629
2014-08-15 06:34:01+02;1579
2014-08-15 08:50:01+02;1559
2014-08-15 10:30:01+02;1549
2014-08-15 12:10:01+02;1519
2014-08-15 16:30:01+02;1509
2014-08-15 17:10:01+02;1499
2014-08-15 18:54:01+02;1499
2014-08-15 20:30:01+02;1499
2014-08-15 21:30:01+02;1629
2014-08-16 07:18:01+02;1579
2014-08-16 08:30:01+02;1559
2014-08-16 10:50:01+02;1559
2014-08-16 11:18:01+02;1549
2014-08-16 11:30:01+02;1549
2014-08-16 13:30:01+02;1539
2014-08-16 16:30:01+02;1499
2014-08-16 21:58:01+02;1589
2014-08-17 08:18:01+02;1579
2014-08-17 09:50:01+02;1509
2014-08-17 10:58:01+02;1499
2014-08-17 13:58:01+02;1489
2014-08-17 21:58:01+02;1579
2014-08-18 08:46:01+02;1579
2014-08-18 11:10:01+02;1569
2014-08-18 12:30:01+02;1509
2014-08-18 15:10:01+02;1509
2014-08-18 16:38:01+02;1499
2014-08-18 17:18:01+02;1489
2014-08-18 18:30:01+02;1479
2014-08-18 21:30:01+02;1609
2014-08-19 06:26:01+02;1589
2014-08-19 06:54:01+02;1579
2014-08-19 08:38:01+02;1579
2014-08-19 09:38:01+02;1549
2014-08-19 12:18:01+02;1549
2014-08-19 12:30:01+02;1519
2014-08-19 14:06:01+02;1509
2014-08-19 16:30:01+02;1499
2014-08-19 16:34:02+02;1489
2014-08-19 20:30:01+02;1489
2014-08-19 21:30:01+02;1619
2014-08-20 06:26:01+02;1579
2014-08-20 06:58:01+02;1569
2014-08-20 10:50:01+02;1529
2014-08-20 11:30:01+02;1509
2014-08-20 14:58:01+02;1509
2014-08-20 16:30:01+02;1489
2014-08-20 19:30:01+02;1489
2014-08-20 21:30:01+02;1629
2014-08-21 06:10:01+02;1599
2014-08-21 06:30:01+02;1579
2014-08-21 08:38:01+02;1579
2014-08-21 09:10:01+02;1519
2014-08-21 11:58:01+02;1519
2014-08-21 13:10:01+02;1509
2014-08-21 14:26:01+02;1499
2014-08-21 16:30:01+02;1499
2014-08-21 21:30:01+02;1639
2014-08-22 06:10:01+02;1589
2014-08-22 09:06:01+02;1579
2014-08-22 09:42:01+02;1569
2014-08-22 11:58:01+02;1539
2014-08-22 13:10:01+02;1529
2014-08-22 16:38:01+02;1509
2014-08-22 18:38:01+02;1499
2014-08-22 21:34:01+02;1629
2014-08-23 07:18:01+02;1589
2014-08-23 09:18:01+02;1579
2014-08-23 11:10:01+02;1499
2014-08-23 21:58:01+02;1589
2014-08-24 10:30:02+02;1559
2014-08-24 12:06:01+02;1549
2014-08-24 12:38:01+02;1509
2014-08-24 14:18:01+02;1499
2014-08-24 16:34:01+02;1489
2014-08-24 17:30:01+02;1489
2014-08-24 21:58:01+02;1579
2014-08-25 11:38:01+02;1559
2014-08-25 12:50:01+02;1549
2014-08-25 15:10:01+02;1529
2014-08-25 16:18:01+02;1519
2014-08-25 17:10:01+02;1499
2014-08-25 19:50:01+02;1499
2014-08-25 21:30:01+02;1629
2014-08-26 05:58:01+02;1599
2014-08-26 06:34:01+02;1589
2014-08-26 08:38:01+02;1579
2014-08-26 09:10:01+02;1499
2014-08-26 09:14:01+02;1499
2014-08-26 13:34:01+02;1499
2014-08-26 14:10:01+02;1499
2014-08-26 15:30:01+02;1499
2014-08-26 16:30:01+02;1489
2014-08-26 21:30:01+02;1619
2014-08-27 06:18:01+02;1599
2014-08-27 10:30:01+02;1529
2014-08-27 11:50:01+02;1529
2014-08-27 12:38:01+02;1519
2014-08-27 13:30:01+02;1519
2014-08-27 16:14:01+02;1519
2014-08-27 16:30:01+02;1499
2014-08-27 20:10:01+02;1499
2014-08-27 21:30:01+02;1629
2014-08-28 06:10:01+02;1609
2014-08-28 06:26:01+02;1599
2014-08-28 08:30:01+02;1579
2014-08-28 10:50:01+02;1529
2014-08-28 12:10:01+02;1529
2014-08-28 12:30:01+02;1529
2014-08-28 13:30:01+02;1519
2014-08-28 15:38:01+02;1519
2014-08-28 16:50:01+02;1509
2014-08-28 19:50:01+02;1499
2014-08-28 21:30:01+02;1629
2014-08-29 05:58:01+02;1609
2014-08-29 06:38:01+02;1599
2014-08-29 08:10:01+02;1579
2014-08-29 10:18:01+02;1529
2014-08-29 11:58:01+02;1519
2014-08-29 16:34:01+02;1499
2014-08-29 21:30:01+02;1629
2014-08-30 07:10:01+02;1609
2014-08-30 07:18:01+02;1599
2014-08-30 09:18:01+02;1579
2014-08-30 11:38:01+02;1499
2014-08-30 21:58:01+02;1589
2014-08-31 11:34:01+02;1499
2014-08-31 17:50:01+02;1499
2014-08-31 21:58:01+02;1589
2014-09-01 08:38:01+02;1579
2014-09-01 12:18:01+02;1499
2014-09-01 21:30:01+02;1629
2014-09-02 05:58:01+02;1599
2014-09-02 09:18:01+02;1579
2014-09-02 12:54:01+02;1539
2014-09-02 16:50:01+02;1519
2014-09-02 18:58:01+02;1509
2014-09-02 21:30:01+02;1639
2014-09-03 05:58:01+02;1629
2014-09-03 06:22:01+02;1599
2014-09-03 06:58:01+02;1589
2014-09-03 08:58:01+02;1579
2014-09-03 10:38:01+02;1539
2014-09-03 14:38:01+02;1529
2014-09-03 16:30:01+02;1509
2014-09-03 19:18:01+02;1499
2014-09-03 21:30:01+02;1629
2014-09-04 06:26:01+02;1589
2014-09-04 08:18:01+02;1579
2014-09-04 08:58:01+02;1579
2014-09-04 10:14:01+02;1539
2014-09-04 13:18:01+02;1529
2014-09-04 15:18:01+02;1519
2014-09-04 16:58:01+02;1499
2014-09-04 21:54:01+02;1629
2014-09-05 05:58:01+02;1609
2014-09-05 06:26:01+02;1589
2014-09-05 09:46:01+02;1589
2014-09-05 10:10:01+02;1559
2014-09-05 11:58:01+02;1549
2014-09-05 15:14:01+02;1519
2014-09-05 16:10:01+02;1509
2014-09-05 17:38:01+02;1499
2014-09-05 21:30:01+02;1629
2014-09-06 07:14:01+02;1619
2014-09-06 07:18:01+02;1599
2014-09-06 09:18:01+02;1579
2014-09-06 13:26:01+02;1569
2014-09-06 14:18:01+02;1499
2014-09-06 21:58:01+02;1589
2014-09-07 10:18:01+02;1579
2014-09-07 10:50:01+02;1559
2014-09-07 12:38:01+02;1549
2014-09-07 13:18:01+02;1539
2014-09-07 15:50:01+02;1499
2014-09-07 21:58:01+02;1589
2014-09-08 10:30:01+02;1579
2014-09-08 11:38:01+02;1549
2014-09-08 13:10:01+02;1529
2014-09-08 15:30:01+02;1519
2014-09-08 16:18:01+02;1509
2014-09-08 18:30:01+02;1499
2014-09-08 21:30:01+02;1619
2014-09-09 05:50:01+02;1619
2014-09-09 06:18:01+02;1609
2014-09-09 07:10:01+02;1599
2014-09-09 08:50:01+02;1579
2014-09-09 09:30:01+02;1549
2014-09-09 15:26:01+02;1539
2014-09-09 16:50:01+02;1529
2014-09-09 17:18:01+02;1519
2014-09-09 19:18:01+02;1509
2014-09-09 21:30:01+02;1629
2014-09-10 05:58:01+02;1629
2014-09-10 06:26:01+02;1609
2014-09-10 07:18:01+02;1599
2014-09-10 08:50:01+02;1579
2014-09-10 12:10:01+02;1549
2014-09-10 12:14:01+02;1549
2014-09-10 15:18:01+02;1539
2014-09-10 16:38:01+02;1519
2014-09-10 20:18:01+02;1499
2014-09-10 21:30:01+02;1619
2014-09-11 06:10:01+02;1619
2014-09-11 06:34:01+02;1599
2014-09-11 08:30:01+02;1579
2014-09-11 14:10:01+02;1549
2014-09-11 15:26:01+02;1549
2014-09-11 15:50:01+02;1529
2014-09-11 17:50:01+02;1509
2014-09-11 21:30:01+02;1629
2014-09-12 06:10:01+02;1629
2014-09-12 06:26:01+02;1599
2014-09-12 08:18:01+02;1589
2014-09-12 09:58:01+02;1549
2014-09-12 14:10:01+02;1539
2014-09-12 15:30:01+02;1529
2014-09-12 17:14:01+02;1509
2014-09-12 21:30:01+02;1629
2014-09-13 07:10:01+02;1629
2014-09-13 07:30:01+02;1599
2014-09-13 09:58:01+02;1579
2014-09-13 12:14:01+02;1549
2014-09-13 13:18:01+02;1519
2014-09-13 14:22:01+02;1509
2014-09-13 14:50:01+02;1499
2014-09-14 01:30:01+02;1589
2014-09-14 11:18:01+02;1539
2014-09-14 11:38:01+02;1499
2014-09-14 21:58:01+02;1589
2014-09-15 08:30:01+02;1579
2014-09-15 10:30:01+02;1559
2014-09-15 12:18:01+02;1559
2014-09-15 12:30:01+02;1529
2014-09-15 13:38:01+02;1509
2014-09-15 14:50:01+02;1499
2014-09-15 15:38:01+02;1499
2014-09-15 16:42:01+02;1499
2014-09-15 21:30:01+02;1609
2014-09-16 06:26:01+02;1599
2014-09-16 08:38:01+02;1579
2014-09-16 09:54:01+02;1539
2014-09-16 14:18:01+02;1539
2014-09-16 15:10:02+02;1519
2014-09-16 16:38:01+02;1499
2014-09-16 18:58:01+02;1499
2014-09-16 21:30:01+02;1609
2014-09-17 06:18:01+02;1599
2014-09-17 09:10:01+02;1579
2014-09-17 10:50:01+02;1539
2014-09-17 13:10:01+02;1539
2014-09-17 14:10:01+02;1539
2014-09-17 16:06:01+02;1529
2014-09-17 16:18:01+02;1519
2014-09-17 16:26:01+02;1519
2014-09-17 17:18:01+02;1499
2014-09-17 19:58:01+02;1499
2014-09-17 21:30:01+02;1609
2014-09-18 06:10:01+02;1609
2014-09-18 06:18:01+02;1599
2014-09-18 07:50:01+02;1589
2014-09-18 08:30:01+02;1579
2014-09-18 10:30:01+02;1549
2014-09-18 11:58:01+02;1539
2014-09-18 13:18:01+02;1529
2014-09-18 15:50:01+02;1519
2014-09-18 16:58:01+02;1499
2014-09-18 21:30:01+02;1609
2014-09-19 06:10:01+02;1539
2014-09-19 06:18:01+02;1539
2014-09-19 07:50:01+02;1539
2014-09-19 08:18:01+02;1539
2014-09-19 10:58:01+02;1529
2014-09-19 12:38:01+02;1519
2014-09-19 16:50:01+02;1509
2014-09-19 19:10:01+02;1499
2014-09-19 21:30:01+02;1619
2014-09-20 07:18:01+02;1589
2014-09-20 09:38:01+02;1579
2014-09-20 10:50:01+02;1529
2014-09-20 16:30:01+02;1499
2014-09-20 21:58:01+02;1589
2014-09-21 08:26:01+02;1529
2014-09-21 17:50:01+02;1499
2014-09-21 21:58:01+02;1589
2014-09-22 07:30:01+02;1579
2014-09-22 09:54:01+02;1529
2014-09-22 12:38:01+02;1519
2014-09-22 17:22:01+02;1509
2014-09-22 18:10:01+02;1499
2014-09-22 18:46:01+02;1499
2014-09-22 21:30:01+02;1609
2014-09-23 06:18:01+02;1589
2014-09-23 07:10:01+02;1589
2014-09-23 09:14:01+02;1579
2014-09-23 10:10:01+02;1529
2014-09-23 13:10:01+02;1519
2014-09-23 13:50:01+02;1509
2014-09-23 16:18:01+02;1499
2014-09-23 18:26:01+02;1489
2014-09-23 21:30:01+02;1609
2014-09-24 05:58:01+02;1599
2014-09-24 06:18:02+02;1589
2014-09-24 10:14:01+02;1529
2014-09-24 13:18:01+02;1519
2014-09-24 15:18:01+02;1509
2014-09-24 15:38:01+02;1499
2014-09-24 18:14:01+02;1489
2014-09-24 21:30:01+02;1609
2014-09-25 06:10:01+02;1609
2014-09-25 06:18:01+02;1589
2014-09-25 07:18:01+02;1579
2014-09-25 10:14:01+02;1529
2014-09-25 13:38:01+02;1509
2014-09-25 14:18:02+02;1499
2014-09-25 15:50:01+02;1489
2014-09-25 21:30:01+02;1609
2014-09-26 05:58:01+02;1599
2014-09-26 06:18:01+02;1589
2014-09-26 07:38:01+02;1579
2014-09-26 10:46:01+02;1529
2014-09-26 13:58:01+02;1519
2014-09-26 14:10:01+02;1509
2014-09-26 18:10:01+02;1489
2014-09-26 21:30:01+02;1599
2014-09-27 06:58:01+02;1599
2014-09-27 07:26:01+02;1579
2014-09-27 10:10:01+02;1549
2014-09-27 10:50:01+02;1499
2014-09-27 12:26:01+02;1499
2014-09-27 13:50:01+02;1499
2014-09-27 13:54:01+02;1499
2014-09-27 17:18:01+02;1489
2014-09-27 21:58:01+02;1579
2014-09-28 09:50:01+02;1499
2014-09-28 10:58:01+02;1489
2014-09-28 12:30:01+02;1489
2014-09-28 21:58:01+02;1579
2014-09-29 09:18:01+02;1539
2014-09-29 10:38:01+02;1499
2014-09-29 14:58:01+02;1499
2014-09-29 21:30:01+02;1609
2014-09-30 05:58:01+02;1589
2014-09-30 08:54:01+02;1579
2014-09-30 10:18:01+02;1539
2014-09-30 10:58:01+02;1529
2014-09-30 14:14:01+02;1499
2014-09-30 16:10:01+02;1489
2014-09-30 16:58:01+02;1489
2014-09-30 21:30:01+02;1599
2014-10-01 06:34:01+02;1589
2014-10-01 09:54:01+02;1529
2014-10-01 15:18:01+02;1499
2014-10-01 21:34:01+02;1609
2014-10-02 06:10:01+02;1579
2014-10-02 09:50:01+02;1579
2014-10-02 11:10:01+02;1569
2014-10-02 11:58:01+02;1549
2014-10-02 13:14:01+02;1539
2014-10-02 14:30:01+02;1529
2014-10-02 16:38:01+02;1529
2014-10-02 17:30:01+02;1519
2014-10-02 19:10:01+02;1509
2014-10-02 21:30:01+02;1619
2014-10-03 07:58:01+02;1589
2014-10-03 09:58:01+02;1559
2014-10-03 12:38:01+02;1519
2014-10-03 14:26:01+02;1499
2014-10-03 14:54:01+02;1489
2014-10-03 17:30:01+02;1479
2014-10-03 21:30:01+02;1569
2014-10-04 09:18:01+02;1539
2014-10-04 13:34:01+02;1539
2014-10-04 14:26:01+02;1499
2014-10-04 17:38:01+02;1489
2014-10-04 21:30:01+02;1579
2014-10-05 07:58:01+02;1579
2014-10-05 09:58:01+02;1559
2014-10-05 10:38:01+02;1539
2014-10-05 11:46:01+02;1539
2014-10-05 15:18:01+02;1529
2014-10-05 15:26:01+02;1529
2014-10-05 16:26:01+02;1479
2014-10-05 21:30:01+02;1569
2014-10-06 06:54:01+02;1569
2014-10-06 07:10:01+02;1569
2014-10-06 11:14:01+02;1499
2014-10-06 16:50:01+02;1479
2014-10-06 21:30:01+02;1599
2014-10-07 06:18:01+02;1599
2014-10-07 06:30:01+02;1589
2014-10-07 10:30:01+02;1509
2014-10-07 11:30:01+02;1509
2014-10-07 13:58:01+02;1499
2014-10-07 15:38:01+02;1489
2014-10-07 16:18:01+02;1489
2014-10-07 19:38:01+02;1489
2014-10-07 21:30:01+02;1599
2014-10-08 06:30:01+02;1589
2014-10-08 07:58:01+02;1519
2014-10-08 09:58:01+02;1509
2014-10-08 10:30:01+02;1489
2014-10-08 21:30:01+02;1599
2014-10-09 06:10:01+02;1589
2014-10-09 06:18:01+02;1579
2014-10-09 10:10:01+02;1579
2014-10-09 10:38:01+02;1539
2014-10-09 13:58:01+02;1539
2014-10-09 15:26:01+02;1529
2014-10-09 16:50:01+02;1509
2014-10-09 18:30:01+02;1509
2014-10-09 19:50:01+02;1489
2014-10-09 21:30:01+02;1599
2014-10-10 06:18:01+02;1589
2014-10-10 07:18:01+02;1569
2014-10-10 10:50:01+02;1519
2014-10-10 12:38:01+02;1509
2014-10-10 13:06:01+02;1499
2014-10-10 16:18:01+02;1489
2014-10-10 17:06:01+02;1479
2014-10-10 17:50:01+02;1479
2014-10-10 21:58:01+02;1589
2014-10-11 07:26:01+02;1569
2014-10-11 08:10:01+02;1489
2014-10-11 09:30:01+02;1489
2014-10-11 09:38:01+02;1489
2014-10-11 11:58:01+02;1489
2014-10-11 14:18:01+02;1479
2014-10-11 15:18:01+02;1479
2014-10-11 16:06:01+02;1479
2014-10-11 17:18:01+02;1469
2014-10-11 21:58:01+02;1559
2014-10-12 09:50:01+02;1539
2014-10-12 10:38:01+02;1489
2014-10-12 11:50:01+02;1479
2014-10-12 13:58:01+02;1469
2014-10-12 21:58:01+02;1559
2014-10-13 10:50:01+02;1519
2014-10-13 11:22:01+02;1509
2014-10-13 14:38:01+02;1479
2014-10-13 16:50:01+02;1459
2014-10-13 21:30:01+02;1559
2014-10-14 06:18:01+02;1559
2014-10-14 09:02:01+02;1549
2014-10-14 11:10:01+02;1489
2014-10-14 15:18:01+02;1469
2014-10-14 19:30:01+02;1469
2014-10-14 21:30:01+02;1559
2014-10-15 06:18:01+02;1559
2014-10-15 07:58:01+02;1549
2014-10-15 08:14:01+02;1539
2014-10-15 11:38:01+02;1489
2014-10-15 15:18:01+02;1479
2014-10-15 16:10:01+02;1469
2014-10-15 21:30:01+02;1559
2014-10-16 06:18:01+02;1539
2014-10-16 07:10:01+02;1529
2014-10-16 08:50:01+02;1519
2014-10-16 09:18:01+02;1509
2014-10-16 10:58:01+02;1449
2014-10-16 14:58:01+02;1429
2014-10-16 21:30:01+02;1529
2014-10-17 06:18:01+02;1509
2014-10-17 06:50:01+02;1509
2014-10-17 07:38:01+02;1459
2014-10-17 11:34:01+02;1449
2014-10-17 21:34:01+02;1569
2014-10-18 07:18:01+02;1549
2014-10-18 07:30:01+02;1509
2014-10-18 10:30:01+02;1479
2014-10-18 11:22:01+02;1469
2014-10-18 12:54:01+02;1469
2014-10-18 13:38:01+02;1459
2014-10-18 13:58:01+02;1449
2014-10-18 15:10:01+02;1439
2014-10-18 15:50:01+02;1429
2014-10-18 21:58:01+02;1519
2014-10-19 08:18:01+02;1509
2014-10-19 09:30:01+02;1489
2014-10-19 10:18:01+02;1489
2014-10-19 10:38:01+02;1479
2014-10-19 14:14:01+02;1469
2014-10-19 15:14:01+02;1459
2014-10-19 17:10:01+02;1449
2014-10-19 19:50:01+02;1439
2014-10-19 21:58:01+02;1529
2014-10-20 06:30:01+02;1509
2014-10-20 08:50:01+02;1489
2014-10-20 12:10:01+02;1429
2014-10-20 20:34:01+02;1419
2014-10-20 21:58:01+02;1539
2014-10-21 06:18:01+02;1509
2014-10-21 07:30:01+02;1489
2014-10-21 09:18:01+02;1479
2014-10-21 10:58:01+02;1459
2014-10-21 14:38:01+02;1449
2014-10-21 16:10:01+02;1419
2014-10-21 21:58:01+02;1539
2014-10-22 06:30:02+02;1479
2014-10-22 10:18:01+02;1459
2014-10-22 15:18:01+02;1419
2014-10-22 17:18:01+02;1419
2014-10-22 21:58:01+02;1539
2014-10-23 06:18:01+02;1489
2014-10-23 09:10:01+02;1469
2014-10-23 15:58:01+02;1439
2014-10-23 21:58:01+02;1559
2014-10-24 06:18:01+02;1499
2014-10-24 09:10:01+02;1499
2014-10-24 12:38:01+02;1449
2014-10-24 15:18:01+02;1439
2014-10-24 21:58:01+02;1569
2014-10-25 07:18:01+02;1499
2014-10-25 09:38:01+02;1489
2014-10-25 11:10:01+02;1469
2014-10-25 11:38:01+02;1469
2014-10-25 12:18:01+02;1469
2014-10-25 12:38:01+02;1449
2014-10-25 13:58:01+02;1429
2014-10-25 14:06:01+02;1429
2014-10-25 19:10:01+02;1419
2014-10-25 19:50:01+02;1419
2014-10-25 21:58:01+02;1509
2014-10-26 08:30:01+01;1499
2014-10-26 09:30:01+01;1499
2014-10-26 10:50:01+01;1489
2014-10-26 12:50:01+01;1449
2014-10-26 14:38:02+01;1449
2014-10-26 15:10:01+01;1439
2014-10-26 16:06:01+01;1439
2014-10-26 21:58:01+01;1529
2014-10-27 06:30:01+01;1499
2014-10-27 07:10:01+01;1499
2014-10-27 09:38:01+01;1499
2014-10-27 10:10:01+01;1449
2014-10-27 18:50:01+01;1419
2014-10-27 21:58:01+01;1539
2014-10-28 06:18:01+01;1499
2014-10-28 11:30:01+01;1449
2014-10-28 21:58:01+01;1569
2014-10-29 06:18:01+01;1509
2014-10-29 11:10:01+01;1449
2014-10-29 18:18:01+01;1419
2014-10-29 21:58:01+01;1539
2014-10-30 06:18:01+01;1499
2014-10-30 12:02:01+01;1449
2014-10-30 16:14:01+01;1429
2014-10-30 21:58:01+01;1549
2014-10-31 06:18:01+01;1499
2014-10-31 07:38:01+01;1489
2014-10-31 10:58:01+01;1459
2014-10-31 15:30:01+01;1439
2014-10-31 16:58:01+01;1419
2014-10-31 21:58:01+01;1539
2014-11-01 08:54:01+01;1509
2014-11-01 09:58:01+01;1429
2014-11-01 21:58:01+01;1519
2014-11-02 07:22:01+01;1429
2014-11-02 09:58:01+01;1419
2014-11-02 20:58:01+01;1509
2014-11-03 10:50:01+01;1489
2014-11-03 13:10:01+01;1449
2014-11-03 20:58:01+01;1559
2014-11-03 21:17:00+01;1449
2014-11-03 21:57:00+01;1559
2014-11-04 06:17:00+01;1509
2014-11-04 07:21:00+01;1499
2014-11-04 08:09:00+01;1499
2014-11-04 11:29:00+01;1479
2014-11-04 16:09:00+01;1459
2014-11-04 17:17:00+01;1449
2014-11-04 21:57:00+01;1559
2014-11-05 06:17:00+01;1509
2014-11-05 07:09:00+01;1499
2014-11-05 10:17:00+01;1459
2014-11-05 13:09:00+01;1449
2014-11-05 14:57:00+01;1429
2014-11-05 16:53:00+01;1429
2014-11-05 21:57:00+01;1529
2014-11-06 06:29:00+01;1519
2014-11-06 07:37:00+01;1509
2014-11-06 08:33:00+01;1499
2014-11-06 09:21:00+01;1459
2014-11-06 10:57:00+01;1459
2014-11-06 11:49:00+01;1459
2014-11-06 16:29:00+01;1439
2014-11-06 16:33:00+01;1439
2014-11-06 20:09:00+01;1439
2014-11-06 21:57:00+01;1539
2014-11-07 06:17:00+01;1509
2014-11-07 07:09:00+01;1489
2014-11-07 09:41:00+01;1469
2014-11-07 11:49:00+01;1459
2014-11-07 15:49:00+01;1439
2014-11-07 17:29:00+01;1439
2014-11-07 21:57:00+01;1559
2014-11-08 07:29:00+01;1499
2014-11-08 08:57:00+01;1449
2014-11-08 09:13:00+01;1439
2014-11-08 16:01:00+01;1419
2014-11-08 18:13:00+01;1409
2014-11-08 21:57:00+01;1499
2014-11-09 10:09:00+01;1429
2014-11-09 13:09:00+01;1419
2014-11-09 15:09:00+01;1409
2014-11-09 18:13:00+01;1399
2014-11-09 21:57:00+01;1489
2014-11-10 07:53:00+01;1479
2014-11-10 09:29:00+01;1439
2014-11-10 16:57:00+01;1419
2014-11-10 20:09:00+01;1419
2014-11-10 21:57:00+01;1529
2014-11-11 06:17:00+01;1509
2014-11-11 10:17:00+01;1449
2014-11-11 16:29:00+01;1429
2014-11-11 21:57:00+01;1539
2014-11-12 06:25:00+01;1519
2014-11-12 07:09:00+01;1509
2014-11-12 07:21:00+01;1509
2014-11-12 08:29:00+01;1459
2014-11-12 10:17:00+01;1449
2014-11-12 13:49:00+01;1449
2014-11-12 16:37:00+01;1429
2014-11-12 21:57:00+01;1539
2014-11-13 06:17:00+01;1509
2014-11-13 09:49:00+01;1449
2014-11-13 17:37:00+01;1429
2014-11-13 21:57:00+01;1529
2014-11-14 06:17:00+01;1509
2014-11-14 07:17:00+01;1499
2014-11-14 11:37:00+01;1449
2014-11-14 13:17:00+01;1449
2014-11-14 14:25:00+01;1449
2014-11-14 15:49:00+01;1429
2014-11-14 21:57:00+01;1529
2014-11-15 07:09:00+01;1519
2014-11-15 07:17:00+01;1509
2014-11-15 11:09:00+01;1429
2014-11-16 00:57:00+01;1509
2014-11-16 08:29:00+01;1489
2014-11-16 11:17:00+01;1419
2014-11-16 11:29:00+01;1419
2014-11-16 12:01:00+01;1419
2014-11-16 14:13:00+01;1409
2014-11-16 17:57:00+01;1409
2014-11-16 21:57:00+01;1499
2014-11-17 06:17:00+01;1479
2014-11-17 10:29:00+01;1439
2014-11-17 15:57:00+01;1429
2014-11-17 16:13:00+01;1429
2014-11-17 21:57:00+01;1539
2014-11-18 06:17:00+01;1509
2014-11-18 10:17:00+01;1429
2014-11-18 13:29:00+01;1429
2014-11-18 16:17:00+01;1419
2014-11-18 21:57:00+01;1519
2014-11-19 06:21:00+01;1509
2014-11-19 07:29:00+01;1499
2014-11-19 13:09:00+01;1429
2014-11-19 13:37:00+01;1429
2014-11-19 15:49:00+01;1419
2014-11-19 16:29:00+01;1399
2014-11-19 21:57:00+01;1499
2014-11-20 06:25:00+01;1429
2014-11-20 13:45:00+01;1429
2014-11-20 21:57:00+01;1529
2014-11-21 06:17:00+01;1499
2014-11-21 11:09:00+01;1429
2014-11-21 11:49:00+01;1429
2014-11-21 15:29:00+01;1429
2014-11-21 16:09:00+01;1429
2014-11-21 16:29:00+01;1429
2014-11-21 18:29:00+01;1419
2014-11-21 21:57:00+01;1529
2014-11-22 07:09:00+01;1519
2014-11-22 07:29:00+01;1499
2014-11-22 11:17:00+01;1419
2014-11-22 16:49:00+01;1419
2014-11-22 21:57:00+01;1509
2014-11-23 08:17:00+01;1499
2014-11-23 09:57:00+01;1479
2014-11-23 10:49:00+01;1419
2014-11-23 13:45:00+01;1409
2014-11-23 16:09:00+01;1399
2014-11-23 21:57:00+01;1489
2014-11-24 06:17:00+01;1489
2014-11-24 08:49:00+01;1429
2014-11-24 13:33:00+01;1409
2014-11-24 15:49:00+01;1409
2014-11-24 21:57:00+01;1509
2014-11-25 08:17:00+01;1489
2014-11-25 12:29:00+01;1429
2014-11-25 14:57:00+01;1429
2014-11-25 15:49:00+01;1419
2014-11-25 21:57:00+01;1529
2014-11-26 06:17:00+01;1499
2014-11-26 09:33:00+01;1429
2014-11-26 15:57:00+01;1419
2014-11-26 16:09:00+01;1419
2014-11-26 21:57:00+01;1529
2014-11-27 06:17:00+01;1489
2014-11-27 10:37:00+01;1429
2014-11-27 13:37:00+01;1429
2014-11-27 22:13:01+01;1519
2014-11-28 06:17:00+01;1489
2014-11-28 07:09:00+01;1479
2014-11-28 08:17:00+01;1479
2014-11-28 09:05:00+01;1429
2014-11-28 13:29:00+01;1429
2014-11-28 15:37:00+01;1419
2014-11-28 16:57:00+01;1399
2014-11-28 21:57:00+01;1489
2014-11-29 07:20:00+01;1479
2014-11-29 09:17:00+01;1469
2014-11-29 11:09:00+01;1459
2014-11-29 11:57:00+01;1399
2014-11-29 13:37:00+01;1399
2014-11-29 14:17:00+01;1399
2014-11-29 21:57:00+01;1489
2014-11-30 08:09:00+01;1479
2014-11-30 08:17:00+01;1459
2014-11-30 10:37:00+01;1449
2014-11-30 13:17:00+01;1439
2014-11-30 14:37:00+01;1389
2014-11-30 16:37:00+01;1389
2014-11-30 17:29:00+01;1379
2014-11-30 19:29:00+01;1379
2014-11-30 21:57:00+01;1469
2014-12-01 06:17:00+01;1449
2014-12-01 13:57:00+01;1429
2014-12-01 15:30:00+01;1419
2014-12-01 16:20:00+01;1409
2014-12-01 21:57:00+01;1489
2014-12-02 06:17:00+01;1459
2014-12-02 13:37:00+01;1399
2014-12-02 18:37:00+01;1389
2014-12-02 22:01:00+01;1479
2014-12-03 06:17:00+01;1449
2014-12-03 07:57:00+01;1439
2014-12-03 11:49:00+01;1419
2014-12-03 14:29:00+01;1399
2014-12-03 15:45:00+01;1389
2014-12-03 16:41:00+01;1369
2014-12-03 21:57:00+01;1459
2014-12-04 06:17:00+01;1429
2014-12-04 11:17:00+01;1419
2014-12-04 12:29:00+01;1389
2014-12-04 13:49:00+01;1379
2014-12-04 16:49:00+01;1379
2014-12-04 21:57:00+01;1469
2014-12-05 06:17:00+01;1459
2014-12-05 06:29:00+01;1439
2014-12-05 08:57:00+01;1419
2014-12-05 11:09:00+01;1389
2014-12-05 15:37:00+01;1369
2014-12-05 17:57:00+01;1359
2014-12-05 22:01:00+01;1449
2014-12-06 07:13:00+01;1449
2014-12-06 07:21:00+01;1419
2014-12-06 08:57:00+01;1409
2014-12-06 10:29:00+01;1369
2014-12-06 11:13:00+01;1369
2014-12-06 15:29:00+01;1349
2014-12-06 21:57:00+01;1439
2014-12-07 08:17:00+01;1409
2014-12-07 09:57:00+01;1369
2014-12-07 10:21:00+01;1359
2014-12-07 21:57:00+01;1449
2014-12-08 06:17:00+01;1419
2014-12-08 08:53:00+01;1409
2014-12-08 09:49:00+01;1369
2014-12-08 12:49:00+01;1369
2014-12-08 17:09:00+01;1349
2014-12-08 22:01:00+01;1439
2014-12-09 06:17:00+01;1409
2014-12-09 13:37:00+01;1379
2014-12-09 15:17:00+01;1369
2014-12-09 16:49:00+01;1349
2014-12-09 17:49:00+01;1339
2014-12-09 21:57:00+01;1429
2014-12-10 06:17:00+01;1409
2014-12-10 07:17:00+01;1409
2014-12-10 07:53:00+01;1399
2014-12-10 12:29:00+01;1389
2014-12-10 13:49:00+01;1379
2014-12-10 14:17:00+01;1359
2014-12-10 14:29:00+01;1359
2014-12-10 15:25:00+01;1349
2014-12-10 15:33:00+01;1349
2014-12-10 16:37:00+01;1349
2014-12-10 18:17:00+01;1339
2014-12-10 19:17:00+01;1329
2014-12-10 21:57:00+01;1419
2014-12-11 06:29:00+01;1399
2014-12-11 07:17:00+01;1399
2014-12-11 11:41:00+01;1369
2014-12-11 14:05:00+01;1369
2014-12-11 14:49:00+01;1349
2014-12-11 16:17:00+01;1339
2014-12-11 19:57:00+01;1329
2014-12-11 21:57:00+01;1419
2014-12-12 06:09:00+01;1399
2014-12-12 06:37:00+01;1399
2014-12-12 07:49:00+01;1389
2014-12-12 10:29:00+01;1349
2014-12-12 12:37:00+01;1339
2014-12-12 17:29:00+01;1329
2014-12-12 21:57:00+01;1409
2014-12-13 07:21:00+01;1379
2014-12-13 08:49:00+01;1379
2014-12-13 11:37:00+01;1349
2014-12-13 11:49:00+01;1319
2014-12-13 14:49:00+01;1319
2014-12-13 19:09:00+01;1309
2014-12-13 21:57:00+01;1399
2014-12-14 08:17:00+01;1369
2014-12-14 15:09:00+01;1359
2014-12-14 15:50:01+01;1339
2014-12-14 16:30:01+01;1339
2014-12-14 21:58:01+01;1419
2014-12-15 06:18:01+01;1389
2014-12-15 07:06:01+01;1389
2014-12-15 08:10:01+01;1379
2014-12-15 10:58:01+01;1319
2014-12-15 12:14:01+01;1319
2014-12-15 14:10:01+01;1319
2014-12-15 19:46:01+01;1309
2014-12-15 21:58:01+01;1399
2014-12-16 06:18:01+01;1369
2014-12-16 07:46:01+01;1359
2014-12-16 10:30:01+01;1349
2014-12-16 10:58:01+01;1319
2014-12-16 19:14:02+01;1299
2014-12-16 20:18:01+01;1299
2014-12-16 21:58:01+01;1389
2014-12-17 06:18:01+01;1359
2014-12-17 08:50:01+01;1359
2014-12-17 11:18:01+01;1349
2014-12-17 12:50:01+01;1339
2014-12-17 14:18:01+01;1329
2014-12-17 14:38:01+01;1319
2014-12-17 15:10:01+01;1309
2014-12-17 16:10:01+01;1299
2014-12-17 17:14:01+01;1289
2014-12-17 21:58:01+01;1389
2014-12-18 06:18:01+01;1359
2014-12-18 07:50:01+01;1349
2014-12-18 09:06:01+01;1309
2014-12-18 15:10:01+01;1309
2014-12-18 16:30:02+01;1289
2014-12-18 21:58:01+01;1399
2014-12-19 06:18:01+01;1339
2014-12-19 10:54:01+01;1329
2014-12-19 11:30:01+01;1319
2014-12-19 12:10:01+01;1309
2014-12-19 14:26:01+01;1299
2014-12-19 16:30:01+01;1279
2014-12-19 17:38:01+01;1279
2014-12-19 21:58:01+01;1389
2014-12-20 07:10:01+01;1339
2014-12-20 12:18:01+01;1329
2014-12-20 12:30:01+01;1289
2014-12-20 14:10:01+01;1289
2014-12-20 15:10:01+01;1279
2014-12-20 17:30:01+01;1279
2014-12-20 21:58:01+01;1369
2014-12-21 08:10:01+01;1359
2014-12-21 08:18:01+01;1339
2014-12-21 10:14:01+01;1279
2014-12-21 21:58:01+01;1369
2014-12-22 06:18:01+01;1339
2014-12-22 12:30:01+01;1289
2014-12-22 18:46:01+01;1289
2014-12-22 21:58:01+01;1399
2014-12-23 06:18:01+01;1379
2014-12-23 06:38:01+01;1359
2014-12-23 07:50:01+01;1349
2014-12-23 08:38:01+01;1339
2014-12-23 09:58:01+01;1299
2014-12-23 17:38:01+01;1299
2014-12-23 17:50:01+01;1299
2014-12-23 21:58:01+01;1399
2014-12-24 06:10:01+01;1359
2014-12-24 09:18:01+01;1349
2014-12-24 10:10:01+01;1349
2014-12-24 12:18:01+01;1299
2014-12-24 13:50:01+01;1299
2014-12-24 21:58:01+01;1389
2014-12-25 08:10:01+01;1359
2014-12-25 11:50:01+01;1309
2014-12-25 17:10:01+01;1299
2014-12-25 18:06:01+01;1269
2014-12-25 21:58:01+01;1359
2014-12-26 09:30:01+01;1299
2014-12-26 21:58:01+01;1389
2014-12-27 07:26:01+01;1359
2014-12-27 09:38:01+01;1299
2014-12-27 14:30:01+01;1299
2014-12-27 15:50:01+01;1279
2014-12-27 21:58:01+01;1369
2014-12-28 08:30:01+01;1339
2014-12-28 09:50:01+01;1319
2014-12-28 10:10:01+01;1299
2014-12-28 12:18:01+01;1299
2014-12-28 21:58:01+01;1389
2014-12-29 06:18:01+01;1359
2014-12-29 08:18:01+01;1349
2014-12-29 09:58:01+01;1299
2014-12-29 13:38:01+01;1299
2014-12-29 15:58:01+01;1289
2014-12-29 20:10:01+01;1279
2014-12-29 21:58:01+01;1389
2014-12-30 06:18:01+01;1339
2014-12-30 11:18:01+01;1339
2014-12-30 12:34:01+01;1329
2014-12-30 13:26:01+01;1309
2014-12-30 15:30:01+01;1309
2014-12-30 17:58:01+01;1289
2014-12-30 20:30:01+01;1289
2014-12-30 21:58:01+01;1389
2014-12-31 06:10:01+01;1349
2014-12-31 07:58:01+01;1299
2014-12-31 14:10:01+01;1299
2014-12-31 16:06:01+01;1289
2014-12-31 21:58:01+01;1379
2015-01-01 08:10:01+01;1349
2015-01-01 11:38:01+01;1299
2015-01-01 13:38:01+01;1289
2015-01-01 20:18:01+01;1279
2015-01-01 21:58:01+01;1369
2015-01-02 06:18:01+01;1349
2015-01-02 08:30:01+01;1339
2015-01-02 11:30:01+01;1289
2015-01-02 17:38:01+01;1279
2015-01-02 21:58:01+01;1379
2015-01-03 06:58:01+01;1339
2015-01-03 07:58:01+01;1339
2015-01-03 09:38:01+01;1329
2015-01-03 10:38:01+01;1289
2015-01-03 13:38:01+01;1289
2015-01-03 18:30:01+01;1279
2015-01-03 21:58:01+01;1369
2015-01-04 07:58:01+01;1359
2015-01-04 08:10:01+01;1339
2015-01-04 15:38:01+01;1289
2015-01-04 18:58:01+01;1279
2015-01-04 21:58:01+01;1369
2015-01-05 06:18:01+01;1339
2015-01-05 08:58:01+01;1329
2015-01-05 12:18:01+01;1299
2015-01-05 14:50:01+01;1279
2015-01-05 16:30:01+01;1269
2015-01-05 21:58:01+01;1359
2015-01-06 05:58:01+01;1329
2015-01-06 11:10:01+01;1289
2015-01-06 11:38:01+01;1289
2015-01-06 12:58:01+01;1279
2015-01-06 18:58:01+01;1269
2015-01-06 21:58:01+01;1359
2015-01-07 06:18:01+01;1329
2015-01-07 08:30:01+01;1289
2015-01-07 11:54:01+01;1289
2015-01-07 12:50:01+01;1289
2015-01-07 17:18:01+01;1269
2015-01-07 21:58:01+01;1349
2015-01-08 06:10:01+01;1319
2015-01-08 11:38:01+01;1269
2015-01-08 14:58:01+01;1259
2015-01-08 18:50:01+01;1249
2015-01-08 21:58:01+01;1339
2015-01-09 06:18:01+01;1319
2015-01-09 12:18:01+01;1309
2015-01-09 13:58:01+01;1289
2015-01-09 16:10:01+01;1269
2015-01-09 17:10:01+01;1249
2015-01-09 21:58:01+01;1339
2015-01-10 07:30:01+01;1319
2015-01-10 11:10:01+01;1269
2015-01-10 11:58:01+01;1269
2015-01-10 12:58:01+01;1269
2015-01-10 15:50:01+01;1269
2015-01-10 16:18:01+01;1269
2015-01-10 21:58:01+01;1339
2015-01-11 08:18:01+01;1329
2015-01-11 10:38:01+01;1269
2015-01-11 17:10:01+01;1269
2015-01-11 19:18:01+01;1259
2015-01-11 21:58:01+01;1339
2015-01-12 06:18:01+01;1319
2015-01-12 08:30:01+01;1279
2015-01-12 12:10:01+01;1279
2015-01-12 16:18:01+01;1269
2015-01-12 16:38:01+01;1249
2015-01-12 21:58:01+01;1339
2015-01-13 06:10:01+01;1319
2015-01-13 07:10:01+01;1319
2015-01-13 11:18:01+01;1289
2015-01-13 12:58:01+01;1259
2015-01-13 14:38:01+01;1259
2015-01-13 19:38:01+01;1259
2015-01-13 21:58:01+01;1339
2015-01-14 06:10:01+01;1329
2015-01-14 06:18:01+01;1319
2015-01-14 08:18:01+01;1309
2015-01-14 09:18:01+01;1259
2015-01-14 15:38:01+01;1249
2015-01-14 16:50:01+01;1229
2015-01-14 21:58:01+01;1319
2015-01-15 06:10:01+01;1309
2015-01-15 06:50:01+01;1309
2015-01-15 07:38:01+01;1299
2015-01-15 08:30:01+01;1249
2015-01-15 14:50:01+01;1239
2015-01-15 15:30:01+01;1239
2015-01-15 16:10:01+01;1229
2015-01-15 21:58:01+01;1339
2015-01-16 06:10:01+01;1299
2015-01-16 09:26:01+01;1249
2015-01-16 09:50:01+01;1239
2015-01-16 17:50:01+01;1229
2015-01-16 17:58:01+01;1229
2015-01-16 21:58:01+01;1329
2015-01-17 07:18:01+01;1319
2015-01-17 07:30:01+01;1299
2015-01-17 08:30:01+01;1299
2015-01-17 11:30:01+01;1249
2015-01-17 12:30:01+01;1239
2015-01-17 13:14:01+01;1239
2015-01-17 13:18:01+01;1239
2015-01-17 21:58:01+01;1329
2015-01-18 08:10:01+01;1319
2015-01-18 08:30:01+01;1299
2015-01-18 10:38:01+01;1249
2015-01-18 11:38:01+01;1239
2015-01-18 21:58:01+01;1329
2015-01-19 06:10:02+01;1309
2015-01-19 09:38:01+01;1249
2015-01-19 10:30:01+01;1239
2015-01-19 21:58:01+01;1339
2015-01-20 06:10:01+01;1309
2015-01-20 07:50:01+01;1299
2015-01-20 09:38:01+01;1259
2015-01-20 09:54:01+01;1249
2015-01-20 12:30:01+01;1239
2015-01-20 13:58:01+01;1229
2015-01-20 19:50:01+01;1219
2015-01-20 21:58:01+01;1319
2015-01-21 06:10:01+01;1319
2015-01-21 07:10:01+01;1309
2015-01-21 08:30:01+01;1269
2015-01-21 09:30:01+01;1239
2015-01-21 13:10:01+01;1239
2015-01-21 16:58:01+01;1229
2015-01-21 17:58:01+01;1219
2015-01-21 21:58:01+01;1319
2015-01-22 06:10:01+01;1269
2015-01-22 06:58:01+01;1259
2015-01-22 09:58:01+01;1259
2015-01-22 10:18:01+01;1259
2015-01-22 12:14:01+01;1239
2015-01-22 19:50:01+01;1229
2015-01-22 21:58:01+01;1339
2015-01-23 06:10:01+01;1319
2015-01-23 08:10:01+01;1289
2015-01-23 09:10:01+01;1269
2015-01-23 10:30:01+01;1249
2015-01-23 11:50:01+01;1239
2015-01-23 14:10:01+01;1239
2015-01-23 21:58:01+01;1349
2015-01-24 07:30:01+01;1319
2015-01-24 08:54:01+01;1309
2015-01-24 10:10:01+01;1239
2015-01-24 14:14:01+01;1239
2015-01-24 15:38:01+01;1229
2015-01-24 16:38:01+01;1229
2015-01-24 21:58:01+01;1319
2015-01-25 11:18:01+01;1239
2015-01-25 12:58:01+01;1239
2015-01-25 21:58:01+01;1329
2015-01-26 06:10:01+01;1319
2015-01-26 12:10:01+01;1309
2015-01-26 12:58:01+01;1259
2015-01-26 14:18:01+01;1239
2015-01-26 15:10:01+01;1229
2015-01-26 21:58:01+01;1319
2015-01-27 06:10:01+01;1319
2015-01-27 08:58:01+01;1269
2015-01-27 10:14:01+01;1269
2015-01-27 11:30:01+01;1259
2015-01-27 16:50:01+01;1239
2015-01-27 18:58:01+01;1229
2015-01-27 21:58:01+01;1319
2015-01-28 06:10:01+01;1319
2015-01-28 07:30:01+01;1309
2015-01-28 08:58:01+01;1289
2015-01-28 13:18:01+01;1249
2015-01-28 15:38:01+01;1249
2015-01-28 21:58:01+01;1349
2015-01-29 05:58:01+01;1319
2015-01-29 07:46:01+01;1309
2015-01-29 08:30:01+01;1269
2015-01-29 11:38:01+01;1259
2015-01-29 15:30:01+01;1249
2015-01-29 16:30:01+01;1229
2015-01-29 21:58:01+01;1339
2015-01-30 05:58:01+01;1319
2015-01-30 06:58:01+01;1319
2015-01-30 10:26:01+01;1309
2015-01-30 11:30:01+01;1259
2015-01-30 11:58:01+01;1239
2015-01-30 21:58:01+01;1349
2015-01-31 07:18:01+01;1329
2015-01-31 07:30:01+01;1329
2015-01-31 08:30:01+01;1319
2015-01-31 09:50:01+01;1249
2015-01-31 10:30:01+01;1249
2015-01-31 12:30:01+01;1249
2015-01-31 13:58:01+01;1249
2015-01-31 14:58:01+01;1249
2015-01-31 21:58:01+01;1339
2015-02-01 08:30:01+01;1319
2015-02-01 10:50:01+01;1249
2015-02-01 21:58:01+01;1339
2015-02-02 06:10:01+01;1319
2015-02-02 07:30:01+01;1309
2015-02-02 09:10:01+01;1279
2015-02-02 11:50:01+01;1269
2015-02-02 21:58:01+01;1369
2015-02-03 06:10:01+01;1329
2015-02-03 06:18:01+01;1279
2015-02-03 07:38:01+01;1269
2015-02-03 13:50:01+01;1269
2015-02-03 22:02:01+01;1389
2015-02-04 06:10:01+01;1339
2015-02-04 11:10:01+01;1299
2015-02-04 19:30:02+01;1289
2015-02-04 22:34:01+01;1399
2015-02-05 05:58:01+01;1379
2015-02-05 06:50:01+01;1369
2015-02-05 08:58:01+01;1319
2015-02-05 10:30:01+01;1319
2015-02-05 13:10:01+01;1299
2015-02-05 14:58:01+01;1299
2015-02-05 16:30:01+01;1279
2015-02-05 21:58:01+01;1409
2015-02-06 06:10:01+01;1369
2015-02-06 08:18:01+01;1319
2015-02-06 13:14:02+01;1289
2015-02-06 15:38:01+01;1269
2015-02-06 21:58:01+01;1389
2015-02-07 07:10:01+01;1379
2015-02-07 07:38:01+01;1369
2015-02-07 09:30:01+01;1359
2015-02-07 11:10:01+01;1339
2015-02-07 11:50:01+01;1289
2015-02-07 12:34:01+01;1279
2015-02-07 13:58:01+01;1279
2015-02-07 21:58:01+01;1369
2015-02-08 08:18:01+01;1369
2015-02-08 11:10:01+01;1349
2015-02-08 11:50:01+01;1339
2015-02-08 12:30:01+01;1289
2015-02-08 17:38:01+01;1289
2015-02-08 19:10:01+01;1289
2015-02-08 21:58:01+01;1379
2015-02-09 07:58:01+01;1379
2015-02-09 10:10:01+01;1299
2015-02-09 11:38:01+01;1299
2015-02-09 11:58:01+01;1299
2015-02-09 14:10:01+01;1299
2015-02-09 18:18:01+01;1289
2015-02-09 21:58:01+01;1419
2015-02-10 06:30:01+01;1389
2015-02-10 08:38:01+01;1319
2015-02-10 12:18:01+01;1319
2015-02-10 13:10:01+01;1309
2015-02-10 15:38:01+01;1309
2015-02-11 00:10:01+01;1429
2015-02-11 06:18:01+01;1389
2015-02-11 08:18:01+01;1359
2015-02-11 09:02:01+01;1329
2015-02-11 13:10:01+01;1319
2015-02-11 21:58:01+01;1429
2015-02-12 06:30:01+01;1399
2015-02-12 07:50:01+01;1399
2015-02-12 10:38:01+01;1329
2015-02-12 13:10:01+01;1319
2015-02-12 19:30:01+01;1299
2015-02-12 21:58:01+01;1419
2015-02-13 06:18:01+01;1399
2015-02-13 09:10:01+01;1379
2015-02-13 11:18:01+01;1339
2015-02-13 13:50:01+01;1289
2015-02-13 21:58:01+01;1419
2015-02-14 07:18:01+01;1379
2015-02-14 10:54:01+01;1369
2015-02-14 12:10:01+01;1339
2015-02-14 12:30:01+01;1319
2015-02-14 21:58:01+01;1409
2015-02-15 08:18:01+01;1399
2015-02-15 10:10:01+01;1319
2015-02-15 20:10:01+01;1309
2015-02-15 21:58:01+01;1399
2015-02-16 09:30:01+01;1399
2015-02-16 10:10:01+01;1319
2015-02-16 11:02:01+01;1319
2015-02-16 13:18:01+01;1319
2015-02-16 15:38:01+01;1319
2015-02-16 21:58:01+01;1439
2015-02-17 06:18:02+01;1409
2015-02-17 06:50:01+01;1399
2015-02-17 08:18:01+01;1339
2015-02-17 13:50:01+01;1339
2015-02-17 14:30:01+01;1329
2015-02-17 14:54:01+01;1319
2015-02-17 21:58:01+01;1439
2015-02-18 05:58:01+01;1409
2015-02-18 06:50:01+01;1399
2015-02-18 09:50:01+01;1339
2015-02-18 10:30:01+01;1339
2015-02-18 13:18:02+01;1339
2015-02-18 14:54:01+01;1339
2015-02-18 21:58:01+01;1439
2015-02-19 06:10:01+01;1409
2015-02-19 06:50:01+01;1409
2015-02-19 08:30:01+01;1369
2015-02-19 09:38:01+01;1349
2015-02-19 11:30:01+01;1349
2015-02-19 15:38:01+01;1339
2015-02-19 21:58:01+01;1439
2015-02-20 05:58:01+01;1409
2015-02-20 08:06:01+01;1399
2015-02-20 09:30:01+01;1349
2015-02-20 10:18:01+01;1339
2015-02-20 14:30:02+01;1329
2015-02-20 18:38:01+01;1329
2015-02-20 21:58:01+01;1449
2015-02-21 07:10:01+01;1429
2015-02-21 07:30:01+01;1409
2015-02-21 08:30:01+01;1329
2015-02-21 15:50:01+01;1329
2015-02-21 20:30:01+01;1319
2015-02-21 21:58:01+01;1419
2015-02-22 11:14:01+01;1389
2015-02-22 12:42:01+01;1389
2015-02-22 14:50:01+01;1319
2015-02-22 21:58:01+01;1429
2015-02-23 06:10:01+01;1409
2015-02-23 07:38:01+01;1409
2015-02-23 07:46:01+01;1399
2015-02-23 08:58:01+01;1329
2015-02-23 21:58:01+01;1439
2015-02-24 06:10:01+01;1419
2015-02-24 06:58:01+01;1409
2015-02-24 08:42:01+01;1339
2015-02-24 11:58:01+01;1339
2015-02-24 12:38:02+01;1339
2015-02-24 19:46:01+01;1329
2015-02-24 21:58:01+01;1439
2015-02-25 01:26:01+01;1439
2015-02-25 06:30:01+01;1409
2015-02-25 07:10:01+01;1409
2015-02-25 10:30:01+01;1349
2015-02-25 11:38:01+01;1349
2015-02-25 12:50:01+01;1349
2015-02-25 14:38:01+01;1329
2015-02-25 21:58:01+01;1439
2015-02-26 06:10:01+01;1409
2015-02-26 07:30:01+01;1399
2015-02-26 09:50:01+01;1389
2015-02-26 11:38:01+01;1379
2015-02-26 12:38:01+01;1369
2015-02-26 16:10:01+01;1329
2015-02-26 18:38:01+01;1309
2015-02-26 21:58:01+01;1429
2015-02-27 05:58:01+01;1419
2015-02-27 06:30:01+01;1419
2015-02-27 07:50:01+01;1409
2015-02-27 08:30:01+01;1389
2015-02-27 08:58:01+01;1379
2015-02-27 10:38:01+01;1339
2015-02-27 11:38:01+01;1339
2015-02-27 14:18:01+01;1339
2015-02-27 14:50:01+01;1329
2015-02-27 19:06:01+01;1329
2015-02-27 21:58:01+01;1459
2015-02-28 07:18:01+01;1409
2015-02-28 10:38:02+01;1389
2015-02-28 11:38:01+01;1349
2015-02-28 12:30:01+01;1349
2015-02-28 14:38:01+01;1339
2015-02-28 15:30:01+01;1339
2015-02-28 21:58:01+01;1429
2015-03-01 07:58:01+01;1419
2015-03-01 08:58:01+01;1409
2015-03-01 09:50:01+01;1349
2015-03-01 18:38:01+01;1339
2015-03-01 21:58:01+01;1449
2015-03-02 06:10:01+01;1429
2015-03-02 07:58:01+01;1349
2015-03-02 09:10:01+01;1349
2015-03-02 10:18:01+01;1349
2015-03-02 16:30:01+01;1349
2015-03-02 17:50:01+01;1349
2015-03-02 21:58:01+01;1459
2015-03-03 06:18:01+01;1439
2015-03-03 07:58:01+01;1429
2015-03-03 09:50:01+01;1369
2015-03-03 11:18:01+01;1369
2015-03-03 15:30:01+01;1339
2015-03-03 21:58:01+01;1459
2015-03-04 06:18:01+01;1429
2015-03-04 08:30:01+01;1419
2015-03-04 10:30:01+01;1369
2015-03-04 14:18:01+01;1369
2015-03-04 18:50:01+01;1369
2015-03-04 21:58:01+01;1469
2015-03-05 06:10:01+01;1449
2015-03-05 07:10:01+01;1439
2015-03-05 07:38:01+01;1439
2015-03-05 08:38:01+01;1369
2015-03-05 10:50:01+01;1369
2015-03-05 13:10:01+01;1369
2015-03-05 16:10:01+01;1369
2015-03-05 18:58:01+01;1359
2015-03-05 21:58:01+01;1479
2015-03-06 05:58:01+01;1449
2015-03-06 07:30:01+01;1449
2015-03-06 08:18:01+01;1369
2015-03-06 15:38:01+01;1369
2015-03-06 21:58:01+01;1479
2015-03-07 07:10:01+01;1449
2015-03-07 08:58:01+01;1379
2015-03-07 13:10:01+01;1369
2015-03-07 15:34:01+01;1359
2015-03-07 16:58:01+01;1349
2015-03-07 21:58:01+01;1439
2015-03-08 08:18:01+01;1439
2015-03-08 10:26:01+01;1359
2015-03-08 15:38:01+01;1349
2015-03-08 21:58:01+01;1459
2015-03-09 06:30:01+01;1449
2015-03-09 07:38:01+01;1439
2015-03-09 09:10:01+01;1379
2015-03-09 13:58:01+01;1369
2015-03-09 18:30:01+01;1359
2015-03-09 20:18:01+01;1349
2015-03-09 21:58:01+01;1469
2015-03-10 06:18:01+01;1459
2015-03-10 07:54:01+01;1439
2015-03-10 10:30:01+01;1379
2015-03-10 11:10:01+01;1379
2015-03-10 13:30:01+01;1379
2015-03-10 14:22:01+01;1379
2015-03-10 15:30:01+01;1369
2015-03-10 21:58:01+01;1479
2015-03-11 06:10:01+01;1459
2015-03-11 07:18:01+01;1449
2015-03-11 08:58:01+01;1389
2015-03-11 12:38:01+01;1389
2015-03-11 15:30:01+01;1359
2015-03-11 21:58:01+01;1469
2015-03-12 06:10:01+01;1449
2015-03-12 06:30:01+01;1449
2015-03-12 07:10:01+01;1439
2015-03-12 07:58:01+01;1399
2015-03-12 14:38:01+01;1379
2015-03-12 19:38:01+01;1369
2015-03-12 21:58:01+01;1479
2015-03-13 06:10:01+01;1459
2015-03-13 06:50:01+01;1449
2015-03-13 07:58:01+01;1389
2015-03-13 17:50:01+01;1379
2015-03-13 21:58:01+01;1489
2015-03-14 06:58:01+01;1459
2015-03-14 09:18:01+01;1459
2015-03-14 10:38:01+01;1399
2015-03-14 13:30:01+01;1399
2015-03-14 15:10:01+01;1379
2015-03-14 21:58:01+01;1469
2015-03-15 07:58:01+01;1459
2015-03-15 10:30:02+01;1399
2015-03-15 10:50:01+01;1379
2015-03-15 19:38:01+01;1359
2015-03-15 21:58:01+01;1469
2015-03-16 06:30:01+01;1459
2015-03-16 07:38:01+01;1459
2015-03-16 08:38:01+01;1399
2015-03-16 15:58:01+01;1379
2015-03-16 21:58:01+01;1489
2015-03-17 06:18:01+01;1469
2015-03-17 07:18:01+01;1449
2015-03-17 09:38:01+01;1429
2015-03-17 10:58:01+01;1399
2015-03-17 14:50:01+01;1379
2015-03-17 17:38:01+01;1369
2015-03-17 18:10:01+01;1359
2015-03-17 22:02:01+01;1479
2015-03-18 06:22:01+01;1449
2015-03-18 07:38:01+01;1439
2015-03-18 08:38:01+01;1359
2015-03-18 17:02:01+01;1359
2015-03-18 18:10:01+01;1349
2015-03-18 21:58:01+01;1469
2015-03-19 06:10:01+01;1439
2015-03-19 08:30:01+01;1379
2015-03-19 13:18:01+01;1379
2015-03-19 16:30:01+01;1339
2015-03-19 21:58:01+01;1459
2015-03-20 05:58:01+01;1449
2015-03-20 06:50:01+01;1429
2015-03-20 11:06:01+01;1379
2015-03-20 11:58:01+01;1379
2015-03-20 14:18:01+01;1379
2015-03-20 15:06:01+01;1359
2015-03-20 19:10:01+01;1349
2015-03-20 21:58:01+01;1459
2015-03-21 07:10:01+01;1459
2015-03-21 07:30:01+01;1439
2015-03-21 10:38:01+01;1439
2015-03-21 10:50:01+01;1429
2015-03-21 12:06:01+01;1379
2015-03-21 13:58:01+01;1379
2015-03-21 15:14:01+01;1369
2015-03-21 16:58:01+01;1359
2015-03-21 18:10:02+01;1349
2015-03-21 21:58:01+01;1439
2015-03-22 07:58:01+01;1429
2015-03-22 10:22:01+01;1369
2015-03-22 18:50:01+01;1359
2015-03-22 21:58:01+01;1469
2015-03-23 06:14:01+01;1449
2015-03-23 07:10:01+01;1439
2015-03-23 09:22:01+01;1379
2015-03-23 11:30:01+01;1379
2015-03-23 13:30:01+01;1379
2015-03-23 14:10:01+01;1379
2015-03-23 15:18:01+01;1349
2015-03-23 21:58:01+01;1459
2015-03-24 06:18:01+01;1439
2015-03-24 06:50:01+01;1439
2015-03-24 09:30:01+01;1439
2015-03-24 09:58:01+01;1429
2015-03-24 10:50:01+01;1389
2015-03-24 13:50:01+01;1379
2015-03-24 15:50:01+01;1359
2015-03-24 17:30:01+01;1349
2015-03-24 21:58:01+01;1459
2015-03-25 06:02:01+01;1449
2015-03-25 06:50:01+01;1449
2015-03-25 07:30:01+01;1439
2015-03-25 09:50:01+01;1379
2015-03-25 12:18:01+01;1379
2015-03-25 13:14:01+01;1379
2015-03-25 13:38:01+01;1379
2015-03-25 14:58:01+01;1379
2015-03-25 16:38:01+01;1359
2015-03-25 21:58:01+01;1469
2015-03-26 06:10:01+01;1449
2015-03-26 06:50:01+01;1449
2015-03-26 09:50:01+01;1429
2015-03-26 09:58:01+01;1389
2015-03-26 10:30:01+01;1389
2015-03-26 13:30:01+01;1389
2015-03-26 13:38:01+01;1389
2015-03-26 14:58:01+01;1389
2015-03-26 16:58:01+01;1359
2015-03-26 21:58:01+01;1479
2015-03-27 05:58:01+01;1459
2015-03-27 06:38:01+01;1449
2015-03-27 08:50:01+01;1389
2015-03-27 12:30:01+01;1389
2015-03-27 16:38:01+01;1369
2015-03-27 21:58:01+01;1489
2015-03-28 07:18:01+01;1459
2015-03-28 07:30:01+01;1459
2015-03-28 07:58:01+01;1449
2015-03-28 10:18:01+01;1399
2015-03-28 16:10:01+01;1389
2015-03-28 18:18:01+01;1379
2015-03-28 21:58:01+01;1469
2015-03-29 08:30:01+02;1429
2015-03-29 10:10:01+02;1399
2015-03-29 11:50:01+02;1389
2015-03-29 12:22:01+02;1369
2015-03-29 21:58:01+02;1479
2015-03-30 06:18:01+02;1459
2015-03-30 07:10:01+02;1409
2015-03-30 08:30:01+02;1399
2015-03-30 08:50:01+02;1389
2015-03-30 09:58:01+02;1379
2015-03-30 10:54:01+02;1369
2015-03-30 21:58:01+02;1489
2015-03-31 06:14:01+02;1479
2015-03-31 06:34:01+02;1459
2015-03-31 08:50:01+02;1439
2015-03-31 09:50:01+02;1409
2015-03-31 12:30:01+02;1409
2015-03-31 13:38:01+02;1409
2015-03-31 13:50:01+02;1409
2015-03-31 15:58:01+02;1379
2015-03-31 18:50:01+02;1369
2015-03-31 21:58:01+02;1489
2015-04-01 05:58:01+02;1479
2015-04-01 07:30:01+02;1459
2015-04-01 08:58:01+02;1399
2015-04-01 14:38:01+02;1399
2015-04-01 15:58:01+02;1369
2015-04-01 21:58:01+02;1499
2015-04-02 06:10:01+02;1459
2015-04-02 06:38:01+02;1459
2015-04-02 09:18:01+02;1399
2015-04-02 12:30:01+02;1399
2015-04-02 15:10:01+02;1399
2015-04-02 18:10:01+02;1389
2015-04-02 21:58:01+02;1499
2015-04-03 07:58:01+02;1469
2015-04-03 09:34:01+02;1469
2015-04-03 09:42:01+02;1459
2015-04-03 09:58:01+02;1399
2015-04-03 14:54:01+02;1389
2015-04-03 18:38:01+02;1369
2015-04-03 21:58:01+02;1459
2015-04-04 08:18:01+02;1399
2015-04-04 09:58:01+02;1389
2015-04-04 10:30:01+02;1389
2015-04-04 10:58:01+02;1389
2015-04-04 12:18:01+02;1379
2015-04-04 15:18:01+02;1359
2015-04-04 21:58:01+02;1449
2015-04-05 10:30:01+02;1389
2015-04-05 11:10:01+02;1359
2015-04-05 21:58:01+02;1449
2015-04-06 08:54:01+02;1429
2015-04-06 09:30:01+02;1379
2015-04-06 10:18:01+02;1359
2015-04-06 21:58:01+02;1469
2015-04-07 06:58:01+02;1399
2015-04-07 07:50:02+02;1389
2015-04-07 10:18:01+02;1379
2015-04-07 15:42:01+02;1379
2015-04-07 18:30:01+02;1369
2015-04-07 21:58:01+02;1489
2015-04-08 06:10:01+02;1489
2015-04-08 06:18:01+02;1469
2015-04-08 09:50:01+02;1449
2015-04-08 10:54:01+02;1399
2015-04-08 12:30:01+02;1389
2015-04-08 12:38:01+02;1389
2015-04-08 16:18:01+02;1379
2015-04-08 19:22:01+02;1379
2015-04-08 21:58:01+02;1499
2015-04-09 05:58:01+02;1469
2015-04-09 08:30:01+02;1459
2015-04-09 09:02:01+02;1399
2015-04-09 14:02:01+02;1379
2015-04-09 17:50:01+02;1369
2015-04-09 21:58:01+02;1479
2015-04-10 05:58:01+02;1469
2015-04-10 07:30:01+02;1459
2015-04-10 08:54:01+02;1439
2015-04-10 09:10:01+02;1409
2015-04-10 14:34:01+02;1399
2015-04-10 15:50:01+02;1369
2015-04-10 21:58:01+02;1499
2015-04-11 07:10:01+02;1459
2015-04-11 11:18:01+02;1439
2015-04-11 11:30:01+02;1439
2015-04-11 12:18:01+02;1429
2015-04-11 12:50:01+02;1409
2015-04-11 13:30:01+02;1399
2015-04-11 13:58:01+02;1389
2015-04-11 14:18:01+02;1379
2015-04-11 16:50:01+02;1369
2015-04-11 19:30:01+02;1369
2015-04-11 21:58:01+02;1459
2015-04-12 09:58:01+02;1449
2015-04-12 10:58:01+02;1409
2015-04-12 14:50:01+02;1369
2015-04-12 21:58:01+02;1479
2015-04-13 06:18:01+02;1459
2015-04-13 07:18:01+02;1459
2015-04-13 09:10:01+02;1399
2015-04-13 14:58:01+02;1389
2015-04-13 15:50:01+02;1389
2015-04-13 18:30:01+02;1379
2015-04-13 20:18:01+02;1369
2015-04-13 21:58:01+02;1489
2015-04-14 06:10:01+02;1479
2015-04-14 09:10:01+02;1459
2015-04-14 12:38:01+02;1399
2015-04-14 13:38:01+02;1399
2015-04-14 15:58:01+02;1379
2015-04-14 21:58:01+02;1509
2015-04-15 06:14:01+02;1469
2015-04-15 10:58:01+02;1419
2015-04-15 11:30:01+02;1409
2015-04-15 16:50:01+02;1389
2015-04-15 21:58:01+02;1519
2015-04-16 06:02:01+02;1489
2015-04-16 07:18:01+02;1479
2015-04-16 08:02:01+02;1469
2015-04-16 09:50:01+02;1469
2015-04-16 13:18:01+02;1439
2015-04-16 13:50:01+02;1429
2015-04-16 14:50:01+02;1419
2015-04-16 15:38:01+02;1399
2015-04-16 21:58:01+02;1529
2015-04-17 05:58:01+02;1519
2015-04-17 06:10:01+02;1499
2015-04-17 08:02:01+02;1489
2015-04-17 09:18:01+02;1479
2015-04-17 09:42:01+02;1469
2015-04-17 10:58:01+02;1459
2015-04-17 12:10:01+02;1429
2015-04-17 13:30:01+02;1419
2015-04-17 14:50:01+02;1409
2015-04-17 17:18:01+02;1399
2015-04-17 21:58:01+02;1529
2015-04-18 07:10:01+02;1499
2015-04-18 08:38:01+02;1489
2015-04-18 09:18:01+02;1429
2015-04-18 13:10:01+02;1429
2015-04-18 14:18:01+02;1419
2015-04-18 15:30:01+02;1409
2015-04-18 21:58:01+02;1499
2015-04-19 08:18:01+02;1499
2015-04-19 09:30:01+02;1489
2015-04-19 09:58:01+02;1409
2015-04-19 21:58:01+02;1519
2015-04-20 06:18:01+02;1499
2015-04-20 07:18:01+02;1429
2015-04-20 07:38:01+02;1429
2015-04-20 08:50:01+02;1429
2015-04-20 13:18:01+02;1419
2015-04-20 14:50:01+02;1419
2015-04-20 15:18:02+02;1409
2015-04-20 21:58:01+02;1539
2015-04-21 06:10:01+02;1499
2015-04-21 08:18:01+02;1439
2015-04-21 15:58:01+02;1439
2015-04-21 16:18:01+02;1419
2015-04-21 21:58:01+02;1549
2015-04-22 06:10:01+02;1509
2015-04-22 07:50:01+02;1509
2015-04-22 08:38:01+02;1449
2015-04-22 16:18:01+02;1419
2015-04-22 21:58:01+02;1549
2015-04-23 05:58:01+02;1509
2015-04-23 08:30:01+02;1449
2015-04-23 15:10:01+02;1429
2015-04-23 18:42:01+02;1419
2015-04-23 21:58:01+02;1559
2015-04-24 06:02:01+02;1509
2015-04-24 08:18:01+02;1499
2015-04-24 08:50:01+02;1499
2015-04-24 09:50:01+02;1489
2015-04-24 14:18:01+02;1439
2015-04-24 17:14:01+02;1429
2015-04-24 19:10:01+02;1419
2015-04-24 21:58:01+02;1549
2015-04-25 07:18:01+02;1499
2015-04-25 08:58:01+02;1439
2015-04-25 17:50:01+02;1419
2015-04-25 21:58:01+02;1509
2015-04-26 11:18:01+02;1459
2015-04-26 11:50:01+02;1439
2015-04-26 15:02:01+02;1419
2015-04-26 21:58:01+02;1529
2015-04-27 05:58:01+02;1509
2015-04-27 09:50:01+02;1499
2015-04-27 09:58:01+02;1439
2015-04-27 16:30:01+02;1419
2015-04-27 21:58:01+02;1549
2015-04-28 05:58:01+02;1519
2015-04-28 07:58:01+02;1459
2015-04-28 16:10:01+02;1449
2015-04-28 19:10:01+02;1429
2015-04-28 21:58:01+02;1559
2015-04-29 06:10:01+02;1529
2015-04-29 07:10:01+02;1519
2015-04-29 08:38:01+02;1479
2015-04-29 09:30:01+02;1459
2015-04-29 09:50:02+02;1459
2015-04-29 15:18:01+02;1459
2015-04-29 15:38:01+02;1439
2015-04-29 17:18:01+02;1429
2015-04-29 19:50:01+02;1419
2015-04-29 21:58:02+02;1549
2015-04-30 06:14:01+02;1529
2015-04-30 07:30:01+02;1509
2015-04-30 10:10:01+02;1499
2015-04-30 12:30:01+02;1489
2015-04-30 15:22:01+02;1429
2015-04-30 16:50:01+02;1419
2015-04-30 21:58:01+02;1559
2015-05-01 08:10:01+02;1519
2015-05-01 09:10:01+02;1509
2015-05-01 10:10:01+02;1429
2015-05-01 18:50:01+02;1419
2015-05-01 21:58:01+02;1509
2015-05-02 09:50:01+02;1479
2015-05-02 11:38:01+02;1479
2015-05-02 13:10:01+02;1449
2015-05-02 15:50:01+02;1439
2015-05-02 19:18:01+02;1419
2015-05-02 21:58:01+02;1509
2015-05-03 12:22:01+02;1489
2015-05-03 14:18:01+02;1469
2015-05-03 14:58:01+02;1429
2015-05-03 20:18:01+02;1429
2015-05-03 21:58:01+02;1539
2015-05-04 06:14:01+02;1509
2015-05-04 07:58:01+02;1459
2015-05-04 10:10:01+02;1449
2015-05-04 10:50:01+02;1449
2015-05-04 12:38:01+02;1449
2015-05-04 15:06:01+02;1429
2015-05-04 16:58:01+02;1409
2015-05-04 21:58:01+02;1559
2015-05-05 06:10:01+02;1509
2015-05-05 07:30:01+02;1509
2015-05-05 09:58:01+02;1489
2015-05-05 10:50:01+02;1479
2015-05-05 14:50:01+02;1449
2015-05-05 16:10:01+02;1419
2015-05-05 21:58:01+02;1569
2015-05-06 05:58:01+02;1519
2015-05-06 09:58:01+02;1489
2015-05-06 10:50:01+02;1479
2015-05-06 11:38:01+02;1479
2015-05-06 14:18:01+02;1459
2015-05-06 14:50:01+02;1419
2015-05-06 21:58:01+02;1559
2015-05-07 05:58:01+02;1549
2015-05-07 06:10:01+02;1529
2015-05-07 10:10:01+02;1489
2015-05-07 10:50:01+02;1479
2015-05-07 13:18:01+02;1459
2015-05-07 15:10:01+02;1449
2015-05-07 16:50:01+02;1439
2015-05-07 17:38:01+02;1429
2015-05-07 21:58:01+02;1569
2015-05-08 05:58:01+02;1529
2015-05-08 07:30:01+02;1519
2015-05-08 09:58:01+02;1509
2015-05-08 11:50:02+02;1479
2015-05-08 12:30:01+02;1459
2015-05-08 14:18:01+02;1439
2015-05-08 16:18:01+02;1419
2015-05-08 21:58:01+02;1559
2015-05-09 07:14:01+02;1529
2015-05-09 07:30:01+02;1519
2015-05-09 08:18:01+02;1499
2015-05-09 09:14:01+02;1439
2015-05-09 11:14:01+02;1439
2015-05-09 14:30:01+02;1439
2015-05-09 17:18:01+02;1419
2015-05-09 21:58:01+02;1509
2015-05-10 08:18:01+02;1499
2015-05-10 10:38:01+02;1439
2015-05-10 11:38:01+02;1439
2015-05-10 12:38:01+02;1439
2015-05-10 16:18:01+02;1439
2015-05-10 21:58:01+02;1549
2015-05-11 06:02:01+02;1499
2015-05-11 07:30:01+02;1499
2015-05-11 08:30:01+02;1479
2015-05-11 09:30:01+02;1439
2015-05-11 12:50:01+02;1429
2015-05-11 13:18:01+02;1429
2015-05-11 15:18:01+02;1419
2015-05-11 19:50:01+02;1409
2015-05-11 21:58:01+02;1549
2015-05-12 06:10:01+02;1499
2015-05-12 09:50:01+02;1499
2015-05-12 11:50:01+02;1479
2015-05-12 14:18:01+02;1439
2015-05-12 15:18:01+02;1429
2015-05-12 15:38:01+02;1419
2015-05-12 16:50:01+02;1399
2015-05-12 21:58:01+02;1539
2015-05-13 05:58:01+02;1499
2015-05-13 07:18:01+02;1499
2015-05-13 10:10:01+02;1469
2015-05-13 12:38:01+02;1469
2015-05-13 13:14:01+02;1429
2015-05-13 15:10:01+02;1419
2015-05-13 16:18:01+02;1409
2015-05-13 18:30:01+02;1399
2015-05-13 21:58:01+02;1549
2015-05-14 08:10:01+02;1499
2015-05-14 10:10:01+02;1419
2015-05-14 15:38:01+02;1409
2015-05-14 21:58:01+02;1519
2015-05-15 05:58:01+02;1509
2015-05-15 07:18:01+02;1509
2015-05-15 10:18:01+02;1439
2015-05-15 10:38:01+02;1429
2015-05-15 15:58:01+02;1419
2015-05-15 21:58:01+02;1559
2015-05-16 07:10:01+02;1509
2015-05-16 08:10:01+02;1499
2015-05-16 10:18:01+02;1489
2015-05-16 12:30:01+02;1479
2015-05-16 13:18:01+02;1459
2015-05-16 13:58:01+02;1449
2015-05-16 15:50:01+02;1439
2015-05-16 16:30:01+02;1419
2015-05-16 17:58:01+02;1409
2015-05-17 00:42:01+02;1499
2015-05-17 10:10:01+02;1479
2015-05-17 12:18:01+02;1479
2015-05-17 13:38:01+02;1449
2015-05-17 14:42:01+02;1449
2015-05-17 17:18:01+02;1449
2015-05-17 19:38:01+02;1439
2015-05-17 20:30:01+02;1429
2015-05-17 21:58:01+02;1549
2015-05-18 05:58:01+02;1509
2015-05-18 07:30:01+02;1509
2015-05-18 08:10:01+02;1479
2015-05-18 08:18:01+02;1449
2015-05-18 15:58:01+02;1429
2015-05-18 16:10:01+02;1419
2015-05-18 16:18:01+02;1419
2015-05-18 17:18:01+02;1409
2015-05-18 21:58:01+02;1549
2015-05-19 05:58:01+02;1519
2015-05-19 06:10:01+02;1509
2015-05-19 07:18:01+02;1509
2015-05-19 09:58:01+02;1499
2015-05-19 13:58:01+02;1499
2015-05-19 14:18:01+02;1489
2015-05-19 15:22:01+02;1439
2015-05-19 16:18:01+02;1429
2015-05-19 17:18:01+02;1419
2015-05-19 17:38:01+02;1409
2015-05-19 21:58:01+02;1559
2015-05-20 06:10:01+02;1509
2015-05-20 07:50:01+02;1499
2015-05-20 09:58:01+02;1489
2015-05-20 13:38:01+02;1459
2015-05-20 14:50:01+02;1449
2015-05-20 16:30:01+02;1429
2015-05-20 16:38:01+02;1419
2015-05-20 21:58:01+02;1569
2015-05-21 05:58:01+02;1509
2015-05-21 07:10:01+02;1499
2015-05-21 09:50:01+02;1499
2015-05-21 13:30:01+02;1489
2015-05-21 14:38:01+02;1439
2015-05-21 15:30:01+02;1439
2015-05-21 16:14:01+02;1409
2015-05-21 21:58:01+02;1559
2015-05-22 05:58:01+02;1509
2015-05-22 12:10:01+02;1459
2015-05-22 13:58:01+02;1459
2015-05-22 15:50:01+02;1449
2015-05-22 16:50:02+02;1439
2015-05-22 17:18:01+02;1429
2015-05-22 17:58:01+02;1419
2015-05-22 19:10:01+02;1409
2015-05-22 21:58:02+02;1559
2015-05-23 07:30:01+02;1519
2015-05-23 09:38:01+02;1439
2015-05-23 11:50:01+02;1439
2015-05-23 12:50:02+02;1439
2015-05-23 13:50:01+02;1429
2015-05-23 15:10:01+02;1419
2015-05-23 16:42:01+02;1419
2015-05-23 21:58:01+02;1509
2015-05-24 11:50:01+02;1439
2015-05-24 16:38:01+02;1419
2015-05-24 21:58:01+02;1509
2015-05-25 09:18:01+02;1509
2015-05-25 10:10:01+02;1489
2015-05-25 11:38:01+02;1469
2015-05-25 12:50:01+02;1449
2015-05-25 17:30:01+02;1429
2015-05-25 19:30:01+02;1419
2015-05-25 21:58:01+02;1529
2015-05-26 06:10:01+02;1519
2015-05-26 08:10:01+02;1519
2015-05-26 08:50:01+02;1519
2015-05-26 10:10:01+02;1519
2015-05-26 10:30:01+02;1509
2015-05-26 11:10:01+02;1489
2015-05-26 16:10:01+02;1469
2015-05-26 16:14:01+02;1429
2015-05-26 21:58:01+02;1569
2015-05-27 06:10:01+02;1479
2015-05-27 08:38:01+02;1459
2015-05-27 15:18:01+02;1459
2015-05-27 19:30:01+02;1419
2015-05-27 21:58:01+02;1559
2015-05-28 05:58:01+02;1469
2015-05-28 07:42:01+02;1449
2015-05-28 14:58:01+02;1449
2015-05-28 16:30:01+02;1439
2015-05-28 21:58:01+02;1579
2015-05-29 05:58:01+02;1469
2015-05-29 08:30:01+02;1449
2015-05-29 14:42:01+02;1449
2015-05-29 15:30:01+02;1449
2015-05-29 16:18:01+02;1439
2015-05-29 17:30:01+02;1409
2015-05-29 21:58:01+02;1559
2015-05-30 07:10:01+02;1479
2015-05-30 09:18:02+02;1449
2015-05-30 13:14:01+02;1449
2015-05-30 15:30:01+02;1449
2015-05-30 17:18:01+02;1429
2015-05-30 19:30:01+02;1429
2015-05-30 21:58:01+02;1519
2015-05-31 07:58:01+02;1479
2015-05-31 13:38:01+02;1469
2015-05-31 14:38:01+02;1459
2015-05-31 17:30:01+02;1439
2015-05-31 17:58:01+02;1439
2015-05-31 18:50:01+02;1429
2015-05-31 21:58:01+02;1539
2015-06-01 05:58:01+02;1479
2015-06-01 12:50:01+02;1469
2015-06-01 13:58:01+02;1459
2015-06-01 14:18:01+02;1449
2015-06-01 16:58:01+02;1439
2015-06-01 18:30:01+02;1429
2015-06-01 19:38:01+02;1419
2015-06-01 21:58:01+02;1569
2015-06-02 05:58:01+02;1499
2015-06-02 13:50:01+02;1459
2015-06-02 15:30:01+02;1429
2015-06-02 21:58:01+02;1579
2015-06-03 06:10:01+02;1499
2015-06-03 14:50:01+02;1469
2015-06-03 15:18:01+02;1459
2015-06-03 17:10:01+02;1449
2015-06-03 20:38:01+02;1439
2015-06-03 21:58:01+02;1579
2015-06-04 08:10:01+02;1499
2015-06-04 10:10:01+02;1459
2015-06-04 13:50:01+02;1439
2015-06-04 14:18:01+02;1429
2015-06-04 21:58:01+02;1569
2015-06-05 06:18:01+02;1489
2015-06-05 10:22:01+02;1479
2015-06-05 14:18:01+02;1449
2015-06-05 15:38:01+02;1429
2015-06-05 18:50:01+02;1429
2015-06-05 21:58:01+02;1579
2015-06-06 07:18:01+02;1499
2015-06-06 11:10:01+02;1459
2015-06-06 11:54:01+02;1439
2015-06-06 12:50:01+02;1429
2015-06-06 21:58:01+02;1519
2015-06-07 08:10:01+02;1499
2015-06-07 10:38:01+02;1429
2015-06-07 21:58:01+02;1539
2015-06-08 05:58:01+02;1499
2015-06-08 10:58:01+02;1489
2015-06-08 12:50:01+02;1469
2015-06-08 15:10:01+02;1449
2015-06-08 16:18:01+02;1439
2015-06-08 21:58:01+02;1589
2015-06-09 05:58:01+02;1479
2015-06-09 14:18:01+02;1459
2015-06-09 15:58:01+02;1449
2015-06-09 17:50:01+02;1429
2015-06-09 21:58:01+02;1579
2015-06-10 05:58:01+02;1479
2015-06-10 07:50:01+02;1449
2015-06-10 14:18:01+02;1449
2015-06-10 15:18:01+02;1429
2015-06-10 21:58:01+02;1579
2015-06-11 06:14:01+02;1479
2015-06-11 13:10:01+02;1449
2015-06-11 13:58:01+02;1449
2015-06-11 14:38:01+02;1449
2015-06-11 18:18:01+02;1419
2015-06-11 21:58:01+02;1569
2015-06-12 08:58:01+02;1519
2015-06-12 09:34:01+02;1519
2015-06-12 12:10:01+02;1479
2015-06-12 13:18:01+02;1459
2015-06-12 15:18:01+02;1459
2015-06-12 17:50:01+02;1429
2015-06-12 21:58:01+02;1579
2015-06-13 06:58:01+02;1479
2015-06-13 10:34:01+02;1429
2015-06-14 01:54:01+02;1519
2015-06-14 07:58:01+02;1489
2015-06-14 12:58:01+02;1469
2015-06-14 13:58:01+02;1429
2015-06-14 21:58:01+02;1549
2015-06-15 05:58:01+02;1489
2015-06-15 11:34:01+02;1459
2015-06-15 13:30:01+02;1449
2015-06-15 17:42:01+02;1439
2015-06-15 21:58:01+02;1579
2015-06-16 06:10:01+02;1499
2015-06-16 10:18:01+02;1439
2015-06-16 15:14:01+02;1439
2015-06-16 21:58:01+02;1589
2015-06-17 06:10:01+02;1489
2015-06-17 13:58:01+02;1469
2015-06-17 14:50:01+02;1459
2015-06-17 15:30:01+02;1459
2015-06-17 16:54:01+02;1449
2015-06-17 21:58:01+02;1599
2015-06-18 05:58:01+02;1509
2015-06-18 09:50:01+02;1509
2015-06-18 09:58:01+02;1499
2015-06-18 14:18:01+02;1489
2015-06-18 15:10:01+02;1469
2015-06-18 19:34:01+02;1459
2015-06-18 21:58:01+02;1599
2015-06-19 05:58:01+02;1529
2015-06-19 08:18:01+02;1509
2015-06-19 10:18:01+02;1509
2015-06-19 12:10:01+02;1509
2015-06-19 13:18:01+02;1469
2015-06-19 13:58:01+02;1449
2015-06-19 14:30:01+02;1449
2015-06-19 18:18:01+02;1429
2015-06-19 21:58:01+02;1579
2015-06-20 09:14:01+02;1539
2015-06-20 09:30:01+02;1539
2015-06-20 12:30:01+02;1519
2015-06-20 13:38:01+02;1449
2015-06-20 15:18:01+02;1439
2015-06-20 21:58:01+02;1529
2015-06-21 07:58:01+02;1519
2015-06-21 10:50:01+02;1449
2015-06-21 15:30:01+02;1439
2015-06-21 17:54:01+02;1429
2015-06-21 21:58:01+02;1549
2015-06-22 06:10:01+02;1519
2015-06-22 12:30:01+02;1509
2015-06-22 13:38:01+02;1489
2015-06-22 14:50:01+02;1459
2015-06-22 15:50:01+02;1449
2015-06-22 20:18:01+02;1449
2015-06-22 21:58:01+02;1599
2015-06-23 09:50:01+02;1519
2015-06-23 10:18:01+02;1519
2015-06-23 11:50:01+02;1509
2015-06-23 13:18:01+02;1509
2015-06-23 14:50:01+02;1449
2015-06-23 15:42:01+02;1439
2015-06-23 21:58:01+02;1589
2015-06-24 07:58:01+02;1509
2015-06-24 10:38:01+02;1509
2015-06-24 11:38:01+02;1499
2015-06-24 12:18:01+02;1499
2015-06-24 14:30:01+02;1479
2015-06-24 14:34:01+02;1479
2015-06-24 17:50:01+02;1469
2015-06-24 19:38:01+02;1469
2015-06-24 21:58:01+02;1599
2015-06-25 07:58:01+02;1519
2015-06-25 09:50:01+02;1519
2015-06-25 10:38:01+02;1509
2015-06-25 12:30:01+02;1499
2015-06-25 15:34:01+02;1469
2015-06-25 16:50:01+02;1459
2015-06-25 17:50:01+02;1429
2015-06-25 21:58:01+02;1579
2015-06-26 08:30:01+02;1519
2015-06-26 08:34:01+02;1519
2015-06-26 10:50:01+02;1489
2015-06-26 12:02:01+02;1479
2015-06-26 12:50:01+02;1449
2015-06-26 17:18:01+02;1429
2015-06-26 21:58:01+02;1579
2015-06-27 08:10:01+02;1519
2015-06-27 11:18:01+02;1469
2015-06-27 12:18:01+02;1469
2015-06-27 13:30:01+02;1459
2015-06-27 16:30:01+02;1449
2015-06-27 18:18:01+02;1429
2015-06-27 21:58:01+02;1519
2015-06-28 10:02:01+02;1449
2015-06-28 12:38:01+02;1439
2015-06-28 14:10:01+02;1439
2015-06-28 18:38:01+02;1419
2015-06-28 21:58:01+02;1539
2015-06-29 10:34:01+02;1509
2015-06-29 10:42:01+02;1469
2015-06-29 13:38:01+02;1449
2015-06-29 15:38:01+02;1439
2015-06-29 19:18:01+02;1429
2015-06-29 21:58:01+02;1579
2015-06-30 05:58:01+02;1579
2015-06-30 07:50:01+02;1519
2015-06-30 09:38:01+02;1519
2015-06-30 10:50:01+02;1519
2015-06-30 11:38:01+02;1509
2015-06-30 12:30:01+02;1539
2015-06-30 12:58:01+02;1479
2015-06-30 15:10:01+02;1449
2015-06-30 19:50:01+02;1449
2015-06-30 20:50:01+02;1439
2015-06-30 21:58:01+02;1589
2015-07-01 07:30:01+02;1589
2015-07-01 08:42:01+02;1499
2015-07-01 11:50:01+02;1499
2015-07-01 12:30:01+02;1529
2015-07-01 15:18:01+02;1459
2015-07-01 17:30:01+02;1449
2015-07-01 19:38:01+02;1439
2015-07-01 21:58:01+02;1589
2015-07-02 08:58:01+02;1469
2015-07-02 09:10:01+02;1439
2015-07-02 09:18:01+02;1439
2015-07-02 12:30:01+02;1469
2015-07-02 12:58:01+02;1469
2015-07-02 15:18:01+02;1439
2015-07-02 16:18:01+02;1439
2015-07-02 18:18:01+02;1439
2015-07-02 19:30:01+02;1439
2015-07-02 21:58:01+02;1589
2015-07-03 07:50:01+02;1519
2015-07-03 08:38:01+02;1519
2015-07-03 10:10:01+02;1509
2015-07-03 12:30:01+02;1539
2015-07-03 14:18:01+02;1489
2015-07-03 15:30:01+02;1449
2015-07-03 18:58:01+02;1439
2015-07-03 21:58:01+02;1589
2015-07-04 10:34:01+02;1529
2015-07-04 12:10:01+02;1509
2015-07-04 12:18:01+02;1489
2015-07-04 12:30:01+02;1519
2015-07-04 13:18:01+02;1479
2015-07-04 15:38:01+02;1439
2015-07-04 19:38:01+02;1429
2015-07-04 21:58:01+02;1519
2015-07-05 08:50:01+02;1499
2015-07-05 09:50:01+02;1469
2015-07-05 13:10:01+02;1449
2015-07-05 15:10:01+02;1439
2015-07-05 21:58:01+02;1559
2015-07-06 06:10:01+02;1559
2015-07-06 07:30:01+02;1559
2015-07-06 09:54:01+02;1479
2015-07-06 12:18:01+02;1459
2015-07-06 12:30:01+02;1489
2015-07-06 12:50:01+02;1449
2015-07-06 18:18:01+02;1439
2015-07-06 21:58:01+02;1579
2015-07-07 05:58:01+02;1529
2015-07-07 08:30:01+02;1529
2015-07-07 08:42:01+02;1509
2015-07-07 08:50:01+02;1469
2015-07-07 10:58:01+02;1449
2015-07-07 12:30:01+02;1479
2015-07-07 16:10:02+02;1479
2015-07-07 16:14:01+02;1449
2015-07-07 18:30:01+02;1429
2015-07-07 21:58:01+02;1569
2015-07-08 05:58:01+02;1529
2015-07-08 07:38:01+02;1529
2015-07-08 11:58:01+02;1459
2015-07-08 12:30:01+02;1489
2015-07-08 15:22:01+02;1489
2015-07-08 15:30:01+02;1449
2015-07-08 18:30:01+02;1449
2015-07-08 19:18:01+02;1449
2015-07-08 21:58:01+02;1589
2015-07-09 07:50:01+02;1589
2015-07-09 08:58:01+02;1549
2015-07-09 10:38:01+02;1509
2015-07-09 11:58:01+02;1539
2015-07-09 15:18:01+02;1489
2015-07-09 17:30:01+02;1489
2015-07-09 17:50:01+02;1479
2015-07-09 19:58:01+02;1469
2015-07-09 21:58:01+02;1599
2015-07-10 07:58:01+02;1519
2015-07-10 09:50:01+02;1519
2015-07-10 12:30:01+02;1549
2015-07-10 14:38:01+02;1499
2015-07-10 16:50:01+02;1499
2015-07-10 17:38:01+02;1479
2015-07-10 20:18:01+02;1469
2015-07-10 21:58:01+02;1599
2015-07-11 07:30:01+02;1529
2015-07-11 08:10:01+02;1519
2015-07-11 11:18:01+02;1509
2015-07-11 12:14:01+02;1499
2015-07-11 12:18:01+02;1499
2015-07-11 12:30:01+02;1529
2015-07-11 14:10:01+02;1499
2015-07-11 15:30:01+02;1489
2015-07-11 17:38:01+02;1479
2015-07-11 19:18:01+02;1469
2015-07-11 21:58:01+02;1559
2015-07-12 08:30:01+02;1529
2015-07-12 08:42:01+02;1519
2015-07-12 09:58:01+02;1489
2015-07-12 12:30:01+02;1519
2015-07-12 13:50:01+02;1489
2015-07-12 18:38:01+02;1469
2015-07-12 21:58:01+02;1589
2015-07-13 06:10:01+02;1529
2015-07-13 06:58:01+02;1529
2015-07-13 07:38:01+02;1519
2015-07-13 10:14:01+02;1489
2015-07-13 12:30:01+02;1519
2015-07-13 16:10:01+02;1509
2015-07-13 16:38:01+02;1499
2015-07-13 17:18:01+02;1479
2015-07-13 19:50:01+02;1469
2015-07-13 21:58:01+02;1599
2015-07-14 07:18:01+02;1519
2015-07-14 07:38:01+02;1489
2015-07-14 10:58:01+02;1479
2015-07-14 11:42:01+02;1459
2015-07-14 12:30:01+02;1489
2015-07-14 13:58:01+02;1489
2015-07-14 14:38:01+02;1459
2015-07-14 17:30:01+02;1449
2015-07-14 18:38:01+02;1439
2015-07-14 20:38:01+02;1439
2015-07-14 21:58:01+02;1569
2015-07-15 06:50:01+02;1569
2015-07-15 07:30:01+02;1509
2015-07-15 10:58:01+02;1479
2015-07-15 11:30:01+02;1459
2015-07-15 12:30:01+02;1489
2015-07-15 14:18:01+02;1479
2015-07-15 15:58:01+02;1449
2015-07-15 16:50:01+02;1449
2015-07-15 16:58:01+02;1429
2015-07-15 17:18:01+02;1429
2015-07-15 19:38:01+02;1429
2015-07-15 21:58:01+02;1549
2015-07-16 07:18:01+02;1489
2015-07-16 07:38:01+02;1479
2015-07-16 09:10:01+02;1469
2015-07-16 10:38:01+02;1459
2015-07-16 12:30:01+02;1489
2015-07-16 14:10:01+02;1459
2015-07-16 16:18:01+02;1459
2015-07-16 17:58:01+02;1449
2015-07-16 19:38:01+02;1429
2015-07-16 21:58:01+02;1549
2015-07-17 09:30:01+02;1489
2015-07-17 12:10:01+02;1449
2015-07-17 12:18:01+02;1439
2015-07-17 12:30:01+02;1469
2015-07-17 14:18:01+02;1459
2015-07-17 14:30:01+02;1429
2015-07-17 17:10:01+02;1409
2015-07-17 20:10:01+02;1409
2015-07-17 21:58:01+02;1529
2015-07-18 07:38:01+02;1489
2015-07-18 09:10:01+02;1479
2015-07-18 09:50:02+02;1469
2015-07-18 10:18:01+02;1439
2015-07-18 12:30:01+02;1469
2015-07-18 16:50:01+02;1439
2015-07-18 21:58:01+02;1529
2015-07-19 07:58:01+02;1489
2015-07-19 12:10:01+02;1479
2015-07-19 12:30:01+02;1509
2015-07-19 14:58:01+02;1439
2015-07-19 21:58:01+02;1529
2015-07-20 06:50:01+02;1479
2015-07-20 09:22:01+02;1439
2015-07-20 12:30:01+02;1469
2015-07-20 15:30:01+02;1469
2015-07-20 16:38:02+02;1459
2015-07-20 17:18:01+02;1439
2015-07-20 19:18:01+02;1429
2015-07-20 21:58:01+02;1559
2015-07-21 06:58:01+02;1479
2015-07-21 08:10:01+02;1449
2015-07-21 12:30:01+02;1479
2015-07-21 14:10:01+02;1449
2015-07-21 16:58:01+02;1439
2015-07-21 18:58:01+02;1429
2015-07-21 21:58:01+02;1559
2015-07-22 07:58:01+02;1479
2015-07-22 08:18:01+02;1479
2015-07-22 08:22:01+02;1449
2015-07-22 12:30:01+02;1479
2015-07-22 14:10:01+02;1479
2015-07-22 15:02:01+02;1449
2015-07-22 17:18:01+02;1439
2015-07-22 19:10:01+02;1429
2015-07-22 21:58:01+02;1549
2015-07-23 08:18:01+02;1459
2015-07-23 12:30:01+02;1489
2015-07-23 15:30:01+02;1459
2015-07-23 16:30:01+02;1449
2015-07-23 21:58:01+02;1569
2015-07-24 07:34:01+02;1479
2015-07-24 08:02:01+02;1459
2015-07-24 08:14:01+02;1449
2015-07-24 12:30:01+02;1479
2015-07-24 14:10:01+02;1449
2015-07-24 14:30:01+02;1429
2015-07-24 20:38:01+02;1429
2015-07-24 21:58:01+02;1549
2015-07-25 09:30:01+02;1479
2015-07-25 11:18:01+02;1429
2015-07-25 12:30:01+02;1459
2015-07-25 14:14:01+02;1429
2015-07-25 19:10:01+02;1429
2015-07-25 21:58:01+02;1519
2015-07-26 09:10:01+02;1429
2015-07-26 10:58:01+02;1419
2015-07-26 12:30:01+02;1449
2015-07-26 14:14:01+02;1419
2015-07-26 16:18:01+02;1419
2015-07-26 21:58:01+02;1509
2015-07-27 07:30:01+02;1509
2015-07-27 07:58:01+02;1449
2015-07-27 08:18:01+02;1439
2015-07-27 12:30:01+02;1469
2015-07-27 13:58:01+02;1439
2015-07-27 16:18:01+02;1429
2015-07-27 18:58:01+02;1419
2015-07-27 21:58:01+02;1549
2015-07-28 07:38:01+02;1469
2015-07-28 08:18:01+02;1439
2015-07-28 10:10:01+02;1429
2015-07-28 12:30:01+02;1459
2015-07-28 14:02:01+02;1439
2015-07-28 14:18:01+02;1419
2015-07-28 18:30:01+02;1409
2015-07-28 20:18:01+02;1409
2015-07-28 21:58:01+02;1539
2015-07-29 07:30:01+02;1539
2015-07-29 07:42:01+02;1459
2015-07-29 07:54:01+02;1439
2015-07-29 08:10:01+02;1429
2015-07-29 11:18:01+02;1429
2015-07-29 12:30:01+02;1459
2015-07-29 14:26:01+02;1429
2015-07-29 17:18:01+02;1429
2015-07-29 17:38:01+02;1429
2015-07-29 19:30:01+02;1399
2015-07-29 21:58:01+02;1529
2015-07-30 08:34:01+02;1459
2015-07-30 10:10:01+02;1429
2015-07-30 12:30:01+02;1459
2015-07-30 14:10:01+02;1429
2015-07-30 17:50:01+02;1419
2015-07-30 19:38:01+02;1409
2015-07-30 21:58:01+02;1539
2015-07-31 07:30:01+02;1459
2015-07-31 07:50:01+02;1459
2015-07-31 07:58:01+02;1429
2015-07-31 08:58:01+02;1419
2015-07-31 12:30:01+02;1449
2015-07-31 15:30:01+02;1419
2015-07-31 21:58:01+02;1559
2015-08-01 05:38:01+02;1479
2015-08-01 08:58:01+02;1459
2015-08-01 10:18:01+02;1429
2015-08-01 12:30:01+02;1459
2015-08-01 14:10:01+02;1429
2015-08-01 18:54:02+02;1429
2015-08-01 21:58:01+02;1519
2015-08-02 08:58:01+02;1479
2015-08-02 09:38:01+02;1479
2015-08-02 10:18:01+02;1429
2015-08-02 12:30:01+02;1459
2015-08-02 16:18:01+02;1429
2015-08-02 16:50:01+02;1419
2015-08-02 21:58:01+02;1509
2015-08-03 07:50:01+02;1479
2015-08-03 08:30:01+02;1429
2015-08-03 12:30:01+02;1459
2015-08-03 13:38:01+02;1459
2015-08-03 16:38:01+02;1439
2015-08-03 17:50:02+02;1429
2015-08-03 20:30:01+02;1419
2015-08-03 21:58:01+02;1549
2015-08-04 07:58:01+02;1439
2015-08-04 09:42:01+02;1429
2015-08-04 10:38:01+02;1419
2015-08-04 12:18:01+02;1419
2015-08-04 12:30:01+02;1449
2015-08-04 13:50:01+02;1419
2015-08-04 14:14:01+02;1419
2015-08-04 21:58:01+02;1549
2015-08-05 07:50:02+02;1439
2015-08-05 09:38:01+02;1429
2015-08-05 10:30:01+02;1419
2015-08-05 12:30:01+02;1449
2015-08-05 14:38:01+02;1419
2015-08-05 14:50:01+02;1419
2015-08-05 21:58:01+02;1549
2015-08-06 07:38:01+02;1469
2015-08-06 08:18:01+02;1449
2015-08-06 08:50:01+02;1429
2015-08-06 09:58:01+02;1419
2015-08-06 11:46:01+02;1419
2015-08-06 12:30:01+02;1449
2015-08-06 16:38:01+02;1429
2015-08-06 17:30:01+02;1419
2015-08-06 18:50:02+02;1409
2015-08-06 21:58:01+02;1549
2015-08-07 07:38:01+02;1469
2015-08-07 08:10:01+02;1429
2015-08-07 11:14:01+02;1419
2015-08-07 12:30:01+02;1449
2015-08-07 14:10:01+02;1419
2015-08-07 17:50:01+02;1409
2015-08-07 19:30:01+02;1399
2015-08-07 21:58:01+02;1529
2015-08-08 07:30:01+02;1529
2015-08-08 08:10:01+02;1459
2015-08-08 08:58:01+02;1459
2015-08-08 10:50:01+02;1419
2015-08-08 12:30:01+02;1449
2015-08-08 14:18:01+02;1419
2015-08-08 17:38:01+02;1419
2015-08-08 19:10:01+02;1409
2015-08-08 19:50:01+02;1399
2015-08-08 21:58:01+02;1489
2015-08-09 09:50:01+02;1419
2015-08-09 12:30:01+02;1449
2015-08-09 14:10:01+02;1419
2015-08-09 21:58:01+02;1539
2015-08-10 06:30:01+02;1459
2015-08-10 07:38:01+02;1439
2015-08-10 08:10:01+02;1409
2015-08-10 10:18:01+02;1409
2015-08-10 12:30:01+02;1439
2015-08-10 14:10:01+02;1409
2015-08-10 18:30:01+02;1399
2015-08-10 21:58:01+02;1529
2015-08-11 07:58:01+02;1419
2015-08-11 11:46:01+02;1419
2015-08-11 12:30:01+02;1449
2015-08-11 13:50:01+02;1419
2015-08-11 14:10:01+02;1419
2015-08-11 16:38:01+02;1409
2015-08-11 17:30:02+02;1399
2015-08-11 19:46:01+02;1379
2015-08-11 21:58:01+02;1509
2015-08-12 07:38:01+02;1409
2015-08-12 12:30:01+02;1439
2015-08-12 13:46:01+02;1409
2015-08-12 17:30:01+02;1379
2015-08-12 21:58:01+02;1519
2015-08-13 07:50:01+02;1409
2015-08-13 11:18:01+02;1409
2015-08-13 11:58:01+02;1409
2015-08-13 12:30:01+02;1439
2015-08-13 16:30:01+02;1409
2015-08-13 18:38:01+02;1409
2015-08-13 18:58:01+02;1389
2015-08-13 19:58:01+02;1389
2015-08-13 21:58:01+02;1519
2015-08-14 06:18:01+02;1439
2015-08-14 07:30:01+02;1429
2015-08-14 07:50:01+02;1399
2015-08-14 08:18:01+02;1389
2015-08-14 09:18:01+02;1389
2015-08-14 09:38:01+02;1389
2015-08-14 12:30:01+02;1419
2015-08-14 13:46:01+02;1399
2015-08-14 14:38:01+02;1389
2015-08-14 17:10:01+02;1389
2015-08-14 17:50:01+02;1379
2015-08-14 18:30:01+02;1369
2015-08-14 19:10:01+02;1359
2015-08-14 21:58:01+02;1489
2015-08-15 07:18:01+02;1419
2015-08-15 07:58:01+02;1409
2015-08-15 10:30:01+02;1399
2015-08-15 12:30:01+02;1429
2015-08-15 13:38:01+02;1399
2015-08-15 14:18:01+02;1399
2015-08-15 17:50:01+02;1369
2015-08-15 21:58:01+02;1459
2015-08-16 08:30:01+02;1429
2015-08-16 09:38:01+02;1419
2015-08-16 09:50:01+02;1379
2015-08-16 10:38:01+02;1379
2015-08-16 12:30:01+02;1409
2015-08-16 14:38:01+02;1379
2015-08-16 15:10:01+02;1379
2015-08-16 17:26:01+02;1359
2015-08-16 21:58:01+02;1469
2015-08-17 06:18:01+02;1429
2015-08-17 06:50:01+02;1419
2015-08-17 07:18:01+02;1419
2015-08-17 07:50:01+02;1399
2015-08-17 09:50:01+02;1399
2015-08-17 10:50:01+02;1399
2015-08-17 12:30:01+02;1429
2015-08-17 13:38:01+02;1399
2015-08-17 16:30:01+02;1379
2015-08-17 17:58:01+02;1379
2015-08-17 19:18:01+02;1369
2015-08-17 21:58:01+02;1509
2015-08-18 07:50:01+02;1449
2015-08-18 07:58:01+02;1389
2015-08-18 10:10:01+02;1389
2015-08-18 12:30:01+02;1419
2015-08-18 14:18:01+02;1389
2015-08-18 14:50:01+02;1389
2015-08-18 15:38:01+02;1379
2015-08-18 16:38:01+02;1379
2015-08-18 17:50:01+02;1369
2015-08-18 19:50:01+02;1359
2015-08-18 21:58:02+02;1499
2015-08-19 06:18:01+02;1499
2015-08-19 06:50:01+02;1409
2015-08-19 07:58:01+02;1399
2015-08-19 08:06:01+02;1389
2015-08-19 12:30:01+02;1419
2015-08-19 13:38:01+02;1389
2015-08-19 15:10:01+02;1379
2015-08-19 19:58:01+02;1369
2015-08-19 21:18:01+02;1359
2015-08-19 21:58:01+02;1509
2015-08-20 06:18:01+02;1419
2015-08-20 07:50:01+02;1389
2015-08-20 10:58:01+02;1389
2015-08-20 12:30:01+02;1419
2015-08-20 14:10:01+02;1389
2015-08-20 15:50:01+02;1389
2015-08-20 16:50:01+02;1369
2015-08-20 18:46:01+02;1369
2015-08-20 20:14:01+02;1359
2015-08-20 20:18:01+02;1349
2015-08-20 20:46:01+02;1349
2015-08-20 21:58:01+02;1489
2015-08-21 07:50:01+02;1379
2015-08-21 11:58:01+02;1379
2015-08-21 12:30:01+02;1409
2015-08-21 14:10:01+02;1399
2015-08-21 14:50:01+02;1379
2015-08-21 18:18:01+02;1359
2015-08-21 19:38:01+02;1349
2015-08-21 21:58:01+02;1479
2015-08-22 07:38:01+02;1479
2015-08-22 07:46:01+02;1399
2015-08-22 08:38:01+02;1369
2015-08-22 10:26:01+02;1359
2015-08-22 12:30:01+02;1389
2015-08-22 14:10:01+02;1359
2015-08-22 16:50:01+02;1339
2015-08-22 17:30:01+02;1339
2015-08-22 21:58:01+02;1429
2015-08-23 08:26:01+02;1359
2015-08-23 12:30:01+02;1389
2015-08-23 13:38:01+02;1359
2015-08-23 16:30:01+02;1349
2015-08-23 21:58:01+02;1459
2015-08-24 06:18:01+02;1459
2015-08-24 06:58:01+02;1459
2015-08-24 07:14:01+02;1389
2015-08-24 08:30:01+02;1359
2015-08-24 12:30:01+02;1389
2015-08-24 13:30:01+02;1359
2015-08-24 18:18:01+02;1349
2015-08-24 19:18:01+02;1349
2015-08-24 20:18:01+02;1339
2015-08-24 21:58:01+02;1459
2015-08-25 06:38:01+02;1379
2015-08-25 08:14:01+02;1349
2015-08-25 12:30:01+02;1379
2015-08-25 14:30:01+02;1349
2015-08-25 16:18:01+02;1349
2015-08-25 18:50:01+02;1339
2015-08-25 19:34:01+02;1329
2015-08-25 21:58:01+02;1449
2015-08-26 00:26:01+02;1449
2015-08-26 00:42:01+02;1449
2015-08-26 07:50:01+02;1369
2015-08-26 08:38:01+02;1369
2015-08-26 09:18:01+02;1349
2015-08-26 10:18:01+02;1329
2015-08-26 12:30:01+02;1359
2015-08-26 14:10:01+02;1329
2015-08-26 19:54:01+02;1309
2015-08-26 21:58:01+02;1439
2015-08-27 06:50:01+02;1359
2015-08-27 07:10:01+02;1349
2015-08-27 09:58:01+02;1319
2015-08-27 12:30:01+02;1349
2015-08-27 15:10:01+02;1319
2015-08-27 19:10:02+02;1319
2015-08-27 19:58:01+02;1309
2015-08-27 21:58:01+02;1439
2015-08-28 06:50:01+02;1349
2015-08-28 07:58:01+02;1329
2015-08-28 12:30:01+02;1359
2015-08-28 14:50:01+02;1329
2015-08-28 16:58:01+02;1319
2015-08-28 17:38:01+02;1319
2015-08-28 21:58:01+02;1459
2015-08-29 07:18:01+02;1349
2015-08-29 07:58:01+02;1339
2015-08-29 09:38:01+02;1319
2015-08-29 12:30:01+02;1349
2015-08-29 16:46:01+02;1339
2015-08-29 17:10:01+02;1309
2015-08-29 17:38:01+02;1299
2015-08-29 21:58:01+02;1389
2015-08-30 08:18:01+02;1349
2015-08-30 09:50:01+02;1349
2015-08-30 11:10:01+02;1319
2015-08-30 12:30:01+02;1349
2015-08-30 13:46:01+02;1319
2015-08-30 17:54:01+02;1309
2015-08-30 18:58:01+02;1299
2015-08-30 21:58:01+02;1409
2015-08-31 06:50:01+02;1409
2015-08-31 07:30:02+02;1409
2015-08-31 07:50:01+02;1359
2015-08-31 08:18:01+02;1329
2015-08-31 12:30:01+02;1359
2015-08-31 14:10:01+02;1329
2015-08-31 19:18:01+02;1319
2015-08-31 20:30:01+02;1309
2015-08-31 21:58:01+02;1449
2015-09-01 07:38:01+02;1449
2015-09-01 07:46:01+02;1359
2015-09-01 12:30:01+02;1389
2015-09-01 21:58:01+02;1479
2015-09-02 07:38:01+02;1329
2015-09-02 12:30:02+02;1359
2015-09-02 16:46:01+02;1329
2015-09-02 20:18:01+02;1299
2015-09-02 21:58:01+02;1439
2015-09-03 07:38:01+02;1349
2015-09-03 12:30:01+02;1379
2015-09-03 16:10:01+02;1379
2015-09-03 16:50:01+02;1329
2015-09-03 21:58:01+02;1469
2015-09-04 07:54:01+02;1329
2015-09-04 12:30:01+02;1359
2015-09-04 16:14:01+02;1329
2015-09-04 19:50:01+02;1319
2015-09-04 21:58:01+02;1459
2015-09-05 12:50:01+02;1459
2015-09-05 13:06:02+02;1489
2015-09-05 14:10:01+02;1319
2015-09-05 21:58:01+02;1409
2015-09-06 12:30:01+02;1439
2015-09-06 21:58:01+02;1489
2015-09-07 07:38:01+02;1359
2015-09-07 12:30:01+02;1389
2015-09-07 14:14:01+02;1359
2015-09-07 17:06:01+02;1329
2015-09-07 17:50:01+02;1329
2015-09-07 17:54:01+02;1319
2015-09-07 21:58:01+02;1459
2015-09-08 08:06:01+02;1359
2015-09-08 12:30:01+02;1389
2015-09-08 21:58:01+02;1479
2015-09-10 09:06:01+02;1489
2015-09-10 09:18:01+02;1339
2015-09-10 12:30:01+02;1369
2015-09-10 14:50:01+02;1299
2015-09-10 21:58:01+02;1439
2015-09-11 06:38:01+02;1439
2015-09-11 07:30:01+02;1359
2015-09-11 12:30:01+02;1389
2015-09-11 15:38:01+02;1339
2015-09-11 21:58:01+02;1469
2015-09-12 08:10:02+02;1469
2015-09-12 08:14:01+02;1359
2015-09-12 12:30:01+02;1389
2015-09-12 14:38:01+02;1319
2015-09-12 18:58:01+02;1289
2015-09-12 21:58:01+02;1379
2015-09-13 10:38:01+02;1319
2015-09-13 12:30:01+02;1349
2015-09-13 21:58:01+02;1459
2015-09-14 06:34:01+02;1459
2015-09-14 07:30:01+02;1359
2015-09-14 11:58:01+02;1329
2015-09-14 12:30:01+02;1359
2015-09-14 15:10:01+02;1359
2015-09-14 15:14:01+02;1329
2015-09-14 21:58:01+02;1469
2015-09-15 06:50:01+02;1359
2015-09-15 09:58:01+02;1329
2015-09-15 12:30:01+02;1359
2015-09-15 15:38:01+02;1359
2015-09-15 15:50:01+02;1329
2015-09-15 16:58:01+02;1329
2015-09-15 17:10:01+02;1319
2015-09-15 21:58:01+02;1459
2015-09-16 06:38:01+02;1359
2015-09-16 09:18:01+02;1329
2015-09-16 12:30:01+02;1359
2015-09-16 14:38:01+02;1329
2015-09-16 22:02:01+02;1459
2015-09-17 08:50:01+02;1319
2015-09-17 12:30:01+02;1349
2015-09-17 15:30:01+02;1319
2015-09-17 21:58:01+02;1459
2015-09-18 06:58:01+02;1349
2015-09-18 11:18:01+02;1349
2015-09-18 11:30:01+02;1309
2015-09-18 12:30:01+02;1339
2015-09-18 15:30:01+02;1309
2015-09-18 15:34:01+02;1309
2015-09-18 21:58:01+02;1449
2015-09-19 07:34:01+02;1449
2015-09-19 08:18:01+02;1349
2015-09-19 12:06:01+02;1309
2015-09-19 12:30:01+02;1339
2015-09-19 14:18:01+02;1339
2015-09-19 19:14:01+02;1339
2015-09-19 21:58:01+02;1429
2015-09-20 09:58:01+02;1329
2015-09-20 12:30:01+02;1359
2015-09-20 14:50:01+02;1359
2015-09-20 15:54:01+02;1309
2015-09-20 21:58:01+02;1419
2015-09-21 06:54:01+02;1419
2015-09-21 07:34:01+02;1339
2015-09-21 09:30:01+02;1329
2015-09-21 12:34:01+02;1359
2015-09-21 14:50:01+02;1339
2015-09-21 16:06:01+02;1319
2015-09-21 21:58:01+02;1459
2015-09-22 06:50:01+02;1459
2015-09-22 07:26:01+02;1349
2015-09-22 10:58:01+02;1319
2015-09-22 12:30:01+02;1349
2015-09-22 14:58:01+02;1309
2015-09-22 21:58:01+02;1449
2015-09-23 06:58:01+02;1319
2015-09-23 12:30:01+02;1349
2015-09-23 15:18:01+02;1349
2015-09-23 15:26:01+02;1319
2015-09-23 17:26:01+02;1289
2015-09-23 21:58:01+02;1429
2015-09-24 06:50:01+02;1349
2015-09-24 12:18:01+02;1289
2015-09-24 12:30:01+02;1319
2015-09-24 16:30:01+02;1289
2015-09-24 21:58:01+02;1429
2015-09-25 07:14:01+02;1329
2015-09-25 09:38:01+02;1299
2015-09-25 12:30:01+02;1329
2015-09-25 16:18:01+02;1299
2015-09-25 21:58:01+02;1439
2015-09-26 09:26:01+02;1329
2015-09-26 12:30:01+02;1359
2015-09-26 21:58:01+02;1449
2015-09-27 16:38:01+02;1309
2015-09-27 18:30:01+02;1299
2015-09-27 21:58:01+02;1409
2015-09-28 07:18:01+02;1349
2015-09-28 10:50:01+02;1329
2015-09-28 10:58:01+02;1309
2015-09-28 12:30:01+02;1339
2015-09-28 16:10:01+02;1309
2015-09-28 21:58:01+02;1449
2015-09-29 08:38:01+02;1349
2015-09-29 10:38:01+02;1349
2015-09-29 10:46:01+02;1339
2015-09-29 12:30:01+02;1369
2015-09-29 14:58:01+02;1309
2015-09-29 16:50:01+02;1299
2015-09-29 21:58:01+02;1439
2015-09-30 07:38:01+02;1349
2015-09-30 10:26:01+02;1319
2015-09-30 10:34:01+02;1309
2015-09-30 12:30:01+02;1339
2015-09-30 15:30:01+02;1289
2015-09-30 21:58:01+02;1429
2015-10-01 08:18:01+02;1299
2015-10-01 12:30:01+02;1329
2015-10-01 14:30:01+02;1289
2015-10-01 21:58:01+02;1429
2015-10-02 10:18:01+02;1319
2015-10-02 12:30:01+02;1349
2015-10-02 14:54:01+02;1299
2015-10-02 21:58:01+02;1439
2015-10-03 07:50:01+02;1339
2015-10-03 08:18:01+02;1289
2015-10-03 12:30:01+02;1319
2015-10-03 15:10:01+02;1289
2015-10-03 15:58:01+02;1279
2015-10-03 21:58:01+02;1389
2015-10-04 07:30:02+02;1339
2015-10-04 10:50:01+02;1299
2015-10-04 12:30:01+02;1329
2015-10-04 14:18:01+02;1289
2015-10-04 16:38:01+02;1279
2015-10-04 18:14:01+02;1279
2015-10-04 21:58:01+02;1389
2015-10-05 08:18:01+02;1329
2015-10-05 10:38:01+02;1299
2015-10-05 11:58:01+02;1299
2015-10-05 12:06:01+02;1279
2015-10-05 12:30:01+02;1309
2015-10-05 16:18:01+02;1279
2015-10-05 21:58:01+02;1419
2015-10-06 07:50:01+02;1319
2015-10-06 09:58:01+02;1299
2015-10-06 12:30:01+02;1329
2015-10-06 15:10:01+02;1299
2015-10-06 21:58:01+02;1449
2015-10-07 07:38:01+02;1349
2015-10-07 08:10:01+02;1299
2015-10-07 12:30:01+02;1329
2015-10-07 14:58:01+02;1299
2015-10-07 21:58:01+02;1439
2015-10-08 07:30:01+02;1339
2015-10-08 09:46:01+02;1309
2015-10-08 12:30:01+02;1339
2015-10-08 14:38:01+02;1289
2015-10-08 21:58:01+02;1429
2015-10-09 07:30:01+02;1429
2015-10-09 07:34:01+02;1349
2015-10-09 12:30:01+02;1379
2015-10-09 15:18:01+02;1299
2015-10-09 21:58:01+02;1439
2015-10-10 06:18:01+02;1349
2015-10-10 10:06:01+02;1309
2015-10-10 12:30:01+02;1339
2015-10-10 14:30:01+02;1309
2015-10-10 19:30:01+02;1299
2015-10-10 21:58:01+02;1389
2015-10-11 07:58:01+02;1359
2015-10-11 09:10:01+02;1309
2015-10-11 10:06:01+02;1309
2015-10-11 12:30:01+02;1339
2015-10-11 14:18:01+02;1339
2015-10-11 15:18:01+02;1309
2015-10-11 16:50:01+02;1289
2015-10-11 21:58:01+02;1399
2015-10-12 07:30:01+02;1349
2015-10-12 11:18:01+02;1289
2015-10-12 12:30:01+02;1319
2015-10-12 16:26:01+02;1289
2015-10-12 21:58:01+02;1429
2015-10-13 07:38:01+02;1349
2015-10-13 09:58:01+02;1329
2015-10-13 12:30:01+02;1359
2015-10-13 14:38:01+02;1329
2015-10-13 15:10:01+02;1299
2015-10-13 21:58:01+02;1439
2015-10-14 07:38:01+02;1349
2015-10-14 08:50:01+02;1319
2015-10-14 11:54:01+02;1319
2015-10-14 12:30:01+02;1349
2015-10-14 16:30:01+02;1299
2015-10-14 21:58:01+02;1439
2015-10-15 07:50:01+02;1349
2015-10-15 10:58:01+02;1299
2015-10-15 12:30:01+02;1329
2015-10-15 14:30:01+02;1299
2015-10-15 21:58:01+02;1429
2015-10-16 06:58:01+02;1339
2015-10-16 09:26:01+02;1299
2015-10-16 12:30:01+02;1329
2015-10-16 14:54:01+02;1299
2015-10-16 21:58:01+02;1429
2015-10-17 05:30:01+02;1349
2015-10-17 06:18:01+02;1329
2015-10-17 12:30:01+02;1359
2015-10-17 14:10:01+02;1329
2015-10-17 16:10:01+02;1319
2015-10-17 16:50:01+02;1299
2015-10-17 21:58:01+02;1389
2015-10-18 07:18:01+02;1349
2015-10-18 07:50:01+02;1339
2015-10-18 09:10:01+02;1289
2015-10-18 10:06:01+02;1289
2015-10-18 12:30:01+02;1319
2015-10-18 14:30:01+02;1279
2015-10-18 16:50:01+02;1279
2015-10-18 21:58:01+02;1389
2015-10-19 07:46:01+02;1329
2015-10-19 07:50:01+02;1289
2015-10-19 12:30:01+02;1319
2015-10-19 15:30:01+02;1289
2015-10-19 21:58:01+02;1429
2015-10-20 07:38:01+02;1319
2015-10-20 10:10:01+02;1319
2015-10-20 10:26:01+02;1299
2015-10-20 12:30:01+02;1329
2015-10-20 14:18:01+02;1289
2015-10-20 16:30:01+02;1279
2015-10-20 21:58:01+02;1419
2015-10-21 07:50:01+02;1289
2015-10-21 12:30:01+02;1319
2015-10-21 16:10:01+02;1319
2015-10-21 16:14:01+02;1279
2015-10-21 21:58:01+02;1419
2015-10-22 08:10:01+02;1289
2015-10-22 12:30:01+02;1319
2015-10-22 13:58:01+02;1279
2015-10-22 21:58:01+02;1419
2015-10-23 07:50:01+02;1319
2015-10-23 09:10:01+02;1279
2015-10-23 12:30:01+02;1309
2015-10-23 15:30:01+02;1279
2015-10-23 19:38:01+02;1279
2015-10-23 21:58:01+02;1419
2015-10-24 05:58:01+02;1339
2015-10-24 06:50:01+02;1339
2015-10-24 07:30:01+02;1329
2015-10-24 11:10:01+02;1269
2015-10-24 12:30:01+02;1299
2015-10-24 14:10:01+02;1279
2015-10-24 15:58:01+02;1269
2015-10-24 21:58:01+02;1359
2015-10-25 07:58:01+01;1329
2015-10-25 08:10:01+01;1329
2015-10-25 09:14:01+01;1279
2015-10-25 11:46:01+01;1269
2015-10-25 12:30:01+01;1299
2015-10-25 13:50:01+01;1269
2015-10-25 19:30:01+01;1249
2015-10-25 21:58:01+01;1359
2015-10-26 07:38:01+01;1279
2015-10-26 12:30:01+01;1309
2015-10-26 15:30:01+01;1309
2015-10-26 15:34:01+01;1249
2015-10-26 19:10:01+01;1249
2015-10-26 21:58:01+01;1389
2015-10-27 07:58:01+01;1299
2015-10-27 12:14:01+01;1269
2015-10-27 12:30:01+01;1299
2015-10-27 15:30:01+01;1259
2015-10-27 16:50:01+01;1249
2015-10-27 21:58:01+01;1389
2015-10-28 07:58:01+01;1289
2015-10-28 12:30:02+01;1319
2015-10-28 14:50:01+01;1289
2015-10-28 21:58:01+01;1439
2015-10-29 07:54:01+01;1299
2015-10-29 10:18:01+01;1279
2015-10-29 12:30:01+01;1309
2015-10-29 14:30:01+01;1279
2015-10-29 16:38:01+01;1249
2015-10-29 21:58:01+01;1399
2015-10-30 07:38:01+01;1249
2015-10-30 12:30:01+01;1279
2015-10-30 15:18:01+01;1279
2015-10-30 21:58:01+01;1429
2015-10-31 06:10:01+01;1339
2015-10-31 06:30:01+01;1329
2015-10-31 10:46:01+01;1319
2015-10-31 12:34:01+01;1349
2015-10-31 14:10:01+01;1309
2015-10-31 17:18:01+01;1289
2015-10-31 21:58:01+01;1379
2015-11-01 07:58:01+01;1339
2015-11-01 08:38:01+01;1329
2015-11-01 09:58:02+01;1319
2015-11-01 12:30:01+01;1349
2015-11-01 13:50:01+01;1319
2015-11-01 15:58:01+01;1299
2015-11-01 16:30:01+01;1269
2015-11-01 16:50:01+01;1259
2015-11-01 21:58:01+01;1369
2015-11-02 08:02:01+01;1289
2015-11-02 12:30:01+01;1319
2015-11-02 15:30:01+01;1269
2015-11-02 21:58:01+01;1419
2015-11-03 07:54:01+01;1299
2015-11-03 12:30:01+01;1329
2015-11-03 16:18:01+01;1289
2015-11-03 21:58:01+01;1439
2015-11-04 07:38:01+01;1339
2015-11-04 10:10:01+01;1309
2015-11-04 12:30:01+01;1339
2015-11-04 15:14:01+01;1309
2015-11-04 16:30:01+01;1289
2015-11-04 21:58:01+01;1439
2015-11-05 07:38:01+01;1309
2015-11-05 12:30:01+01;1339
2015-11-05 14:58:01+01;1309
2015-11-05 17:30:01+01;1279
2015-11-05 21:58:01+01;1429
2015-11-06 07:46:01+01;1359
2015-11-06 09:38:01+01;1279
2015-11-06 12:30:01+01;1309
2015-11-06 14:58:01+01;1279
2015-11-06 21:58:01+01;1429
2015-11-07 05:58:01+01;1369
2015-11-07 06:18:01+01;1359
2015-11-07 11:18:01+01;1329
2015-11-07 11:58:01+01;1299
2015-11-07 12:30:01+01;1329
2015-11-07 14:18:01+01;1299
2015-11-07 21:58:01+01;1389
2015-11-08 08:38:01+01;1359
2015-11-08 10:18:01+01;1319
2015-11-08 12:30:01+01;1349
2015-11-08 13:38:01+01;1329
2015-11-08 13:50:01+01;1309
2015-11-08 15:18:01+01;1299
2015-11-08 21:58:01+01;1409
2015-11-09 07:30:01+01;1359
2015-11-09 10:38:01+01;1309
2015-11-09 12:30:01+01;1339
2015-11-09 16:26:01+01;1309
2015-11-09 21:58:01+01;1459
2015-11-10 08:10:01+01;1329
2015-11-10 12:30:01+01;1359
2015-11-10 14:18:01+01;1309
2015-11-10 21:58:01+01;1459
2015-11-11 07:38:01+01;1339
2015-11-11 12:30:01+01;1369
2015-11-11 14:50:01+01;1329
2015-11-11 15:50:01+01;1309
2015-11-11 15:54:01+01;1309
2015-11-11 17:50:01+01;1309
2015-11-11 18:06:01+01;1289
2015-11-11 21:58:01+01;1439
2015-11-12 07:38:01+01;1289
2015-11-12 12:30:02+01;1319
2015-11-12 15:46:01+01;1309
2015-11-12 16:50:01+01;1299
2015-11-12 21:58:01+01;1449
2015-11-13 07:50:01+01;1369
2015-11-13 09:38:01+01;1309
2015-11-13 12:30:01+01;1339
2015-11-13 15:30:01+01;1309
2015-11-13 21:58:01+01;1459
2015-11-14 06:38:01+01;1369
2015-11-14 11:30:01+01;1299
2015-11-14 12:30:01+01;1329
2015-11-14 14:58:01+01;1299
2015-11-14 15:50:01+01;1299
2015-11-14 18:18:01+01;1279
2015-11-14 21:58:01+01;1369
2015-11-15 07:38:01+01;1339
2015-11-15 12:30:01+01;1369
2015-11-15 13:50:01+01;1329
2015-11-15 19:26:01+01;1309
2015-11-15 21:58:01+01;1419
2015-11-16 07:50:01+01;1309
2015-11-16 12:30:01+01;1339
2015-11-16 14:10:01+01;1309
2015-11-16 14:30:01+01;1309
2015-11-16 18:38:01+01;1289
2015-11-16 21:58:01+01;1429
2015-11-17 07:18:01+01;1339
2015-11-17 08:50:01+01;1289
2015-11-17 12:30:01+01;1319
2015-11-17 15:18:01+01;1289
2015-11-17 19:18:01+01;1279
2015-11-17 21:58:01+01;1429
2015-11-18 07:30:01+01;1319
2015-11-18 09:10:01+01;1309
2015-11-18 12:30:02+01;1339
2015-11-18 15:30:01+01;1339
2015-11-18 15:38:02+01;1299
2015-11-18 18:38:01+01;1279
2015-11-18 21:58:01+01;1429
2015-11-19 07:50:01+01;1309
2015-11-19 12:30:01+01;1339
2015-11-19 16:50:01+01;1339
2015-11-19 17:06:01+01;1289
2015-11-19 21:58:01+01;1439
2015-11-20 07:30:01+01;1339
2015-11-20 12:30:01+01;1369
2015-11-20 14:30:01+01;1319
2015-11-20 16:14:01+01;1289
2015-11-20 21:58:01+01;1439
2015-11-21 05:58:01+01;1329
2015-11-21 08:58:01+01;1329
2015-11-21 11:30:01+01;1289
2015-11-21 13:26:01+01;1319
2015-11-21 14:30:01+01;1289
2015-11-21 21:58:01+01;1379
2015-11-22 08:06:01+01;1339
2015-11-22 10:10:01+01;1329
2015-11-22 12:30:01+01;1359
2015-11-22 13:58:01+01;1289
2015-11-22 14:38:01+01;1279
2015-11-22 21:58:01+01;1389
2015-11-23 07:50:01+01;1339
2015-11-23 09:50:02+01;1299
2015-11-23 12:34:01+01;1329
2015-11-23 14:30:01+01;1289
2015-11-23 18:38:01+01;1279
2015-11-23 21:58:01+01;1429
2015-11-24 08:10:01+01;1339
2015-11-24 08:58:01+01;1279
2015-11-24 12:30:01+01;1309
2015-11-24 14:10:01+01;1279
2015-11-24 21:58:01+01;1429
2015-11-25 07:50:01+01;1339
2015-11-25 09:10:01+01;1299
2015-11-25 12:30:01+01;1329
2015-11-25 14:50:01+01;1299
2015-11-25 18:18:01+01;1289
2015-11-25 21:58:01+01;1439
2015-11-26 07:50:01+01;1319
2015-11-26 08:30:01+01;1299
2015-11-26 12:30:01+01;1329
2015-11-26 14:46:01+01;1299
2015-11-26 21:58:01+01;1449
2015-11-27 07:38:01+01;1359
2015-11-27 09:58:01+01;1309
2015-11-27 10:10:01+01;1309
2015-11-27 12:30:01+01;1339
2015-11-27 14:58:01+01;1309
2015-11-27 18:30:01+01;1289
2015-11-27 21:58:01+01;1439
2015-11-28 06:18:01+01;1359
2015-11-28 07:10:01+01;1349
2015-11-28 10:10:01+01;1299
2015-11-28 12:30:01+01;1329
2015-11-28 13:46:01+01;1319
2015-11-28 14:30:01+01;1299
2015-11-28 16:14:01+01;1289
2015-11-28 18:18:01+01;1289
2015-11-28 21:58:01+01;1379
2015-11-29 08:18:01+01;1349
2015-11-29 09:10:01+01;1339
2015-11-29 11:18:01+01;1299
2015-11-29 12:30:01+01;1329
2015-11-29 14:18:01+01;1319
2015-11-29 14:38:01+01;1299
2015-11-29 16:38:01+01;1299
2015-11-29 19:18:02+01;1289
2015-11-29 21:58:01+01;1399
2015-11-30 07:38:01+01;1309
2015-11-30 12:30:01+01;1339
2015-11-30 13:58:01+01;1309
2015-12-01 00:42:01+01;1459
2015-12-01 07:54:01+01;1329
2015-12-01 10:26:01+01;1309
2015-12-01 12:30:01+01;1339
2015-12-01 14:58:01+01;1289
2015-12-01 18:38:01+01;1289
2015-12-01 18:46:01+01;1279
2015-12-01 21:58:01+01;1429
2015-12-02 07:30:01+01;1339
2015-12-02 11:30:01+01;1299
2015-12-02 12:30:01+01;1329
2015-12-02 15:30:01+01;1299
2015-12-02 21:58:01+01;1449
2015-12-03 07:30:01+01;1329
2015-12-03 09:50:01+01;1279
2015-12-03 12:30:01+01;1309
2015-12-03 15:50:01+01;1279
2015-12-03 21:58:01+01;1429
2015-12-04 07:38:01+01;1339
2015-12-04 09:30:01+01;1319
2015-12-04 12:30:01+01;1349
2015-12-04 14:18:01+01;1319
2015-12-04 21:58:02+01;1449
2015-12-05 06:38:01+01;1339
2015-12-05 10:30:01+01;1329
2015-12-05 11:50:01+01;1269
2015-12-05 12:30:01+01;1299
2015-12-05 13:50:01+01;1289
2015-12-05 14:58:01+01;1259
2015-12-05 22:06:01+01;1349
2015-12-06 08:50:01+01;1319
2015-12-06 11:10:01+01;1269
2015-12-06 12:30:01+01;1299
2015-12-06 14:38:01+01;1269
2015-12-06 19:18:01+01;1249
2015-12-06 21:58:01+01;1359
2015-12-07 07:38:01+01;1319
2015-12-07 10:58:01+01;1289
2015-12-07 12:30:01+01;1319
2015-12-07 17:06:01+01;1289
2015-12-07 21:58:01+01;1439
2015-12-08 07:50:01+01;1299
2015-12-08 10:50:01+01;1269
2015-12-08 12:30:01+01;1299
2015-12-08 14:38:01+01;1269
2015-12-08 16:10:01+01;1259
2015-12-08 21:58:01+01;1409
2015-12-09 07:58:01+01;1289
2015-12-09 08:58:01+01;1289
2015-12-09 09:30:01+01;1269
2015-12-09 12:30:01+01;1299
2015-12-09 15:18:01+01;1269
2015-12-09 15:30:01+01;1259
2015-12-09 18:38:01+01;1249
2015-12-09 21:58:01+01;1399
2015-12-10 09:18:01+01;1259
2015-12-10 12:18:01+01;1239
2015-12-10 12:30:01+01;1269
2015-12-10 16:38:01+01;1269
2015-12-10 16:46:01+01;1239
2015-12-10 21:58:01+01;1389
2015-12-11 09:10:01+01;1279
2015-12-11 09:46:01+01;1269
2015-12-11 11:58:01+01;1239
2015-12-11 12:30:01+01;1269
2015-12-11 14:18:01+01;1239
2015-12-11 21:58:01+01;1389
2015-12-12 06:50:01+01;1289
2015-12-12 09:58:01+01;1259
2015-12-12 12:30:01+01;1289
2015-12-12 14:10:01+01;1259
2015-12-12 15:58:01+01;1249
2015-12-12 16:50:01+01;1229
2015-12-12 18:18:01+01;1229
2015-12-12 21:58:01+01;1319
2015-12-13 07:38:01+01;1289
2015-12-13 10:18:01+01;1289
2015-12-13 12:18:01+01;1239
2015-12-13 12:30:01+01;1269
2015-12-13 14:18:01+01;1269
2015-12-13 15:18:01+01;1239
2015-12-13 18:30:01+01;1229
2015-12-13 21:58:01+01;1339
2015-12-14 07:38:01+01;1259
2015-12-14 12:30:01+01;1289
2015-12-14 14:30:01+01;1289
2015-12-14 14:34:01+01;1249
2015-12-14 21:58:01+01;1399
2015-12-15 07:50:01+01;1259
2015-12-15 12:30:01+01;1289
2015-12-15 14:38:01+01;1259
2015-12-15 16:30:01+01;1249
2015-12-15 21:58:01+01;1399
2015-12-16 07:38:01+01;1269
2015-12-16 12:30:01+01;1299
2015-12-16 14:18:01+01;1299
2015-12-16 14:38:01+01;1269
2015-12-16 21:58:01+01;1399
2015-12-17 07:38:01+01;1299
2015-12-17 08:38:01+01;1239
2015-12-17 12:30:01+01;1269
2015-12-17 14:58:01+01;1249
2015-12-17 21:58:01+01;1399
2015-12-18 07:50:01+01;1299
2015-12-18 11:38:01+01;1259
2015-12-18 12:30:02+01;1289
2015-12-18 14:58:02+01;1259
2015-12-18 21:58:01+01;1399
2015-12-19 06:18:01+01;1299
2015-12-19 12:10:01+01;1239
2015-12-19 12:30:01+01;1269
2015-12-19 14:30:01+01;1239
2015-12-19 16:58:01+01;1229
2015-12-19 21:58:01+01;1319
2015-12-20 07:50:01+01;1289
2015-12-20 08:58:01+01;1259
2015-12-20 10:30:01+01;1239
2015-12-20 12:30:01+01;1269
2015-12-20 14:38:01+01;1239
2015-12-20 16:46:01+01;1229
2015-12-20 21:58:01+01;1339
2015-12-21 07:38:01+01;1289
2015-12-21 08:38:01+01;1259
2015-12-21 12:30:01+01;1289
2015-12-21 15:10:01+01;1259
2015-12-21 18:10:01+01;1239
2015-12-21 21:58:01+01;1389
2015-12-22 07:50:01+01;1299
2015-12-22 11:10:01+01;1269
2015-12-22 12:30:01+01;1299
2015-12-22 16:10:01+01;1249
2015-12-22 21:58:01+01;1399
2015-12-23 07:50:01+01;1299
2015-12-23 09:50:01+01;1249
2015-12-23 12:30:01+01;1279
2015-12-23 15:18:01+01;1249
2015-12-23 16:38:01+01;1229
2015-12-23 21:58:01+01;1379
2015-12-24 07:10:01+01;1379
2015-12-24 08:06:01+01;1279
2015-12-24 09:38:01+01;1249
2015-12-24 12:30:01+01;1279
2015-12-24 13:58:01+01;1249
2015-12-24 21:58:01+01;1339
2015-12-25 07:38:01+01;1289
2015-12-25 07:50:01+01;1289
2015-12-25 10:30:01+01;1249
2015-12-25 12:30:01+01;1279
2015-12-25 14:26:01+01;1279
2015-12-25 14:38:01+01;1229
2015-12-25 21:58:01+01;1319
2015-12-26 07:58:01+01;1279
2015-12-26 08:58:01+01;1239
2015-12-26 10:50:01+01;1229
2015-12-26 12:30:01+01;1259
2015-12-26 14:30:01+01;1239
2015-12-26 17:58:01+01;1229
2015-12-26 20:22:01+01;1229
2015-12-26 21:58:01+01;1319
2015-12-27 08:10:01+01;1289
2015-12-27 09:10:01+01;1289
2015-12-27 09:58:01+01;1239
2015-12-27 12:30:01+01;1269
2015-12-27 14:18:01+01;1249
2015-12-27 18:30:01+01;1249
2015-12-27 21:58:01+01;1359
2015-12-28 07:50:02+01;1249
2015-12-28 12:30:01+01;1279
2015-12-28 14:38:01+01;1279
2015-12-28 17:38:01+01;1249
2015-12-28 18:50:01+01;1239
2015-12-28 21:58:01+01;1389
2015-12-29 07:30:01+01;1279
2015-12-29 09:38:01+01;1229
2015-12-29 12:30:01+01;1259
2015-12-29 15:18:01+01;1229
2015-12-29 21:58:01+01;1379
2015-12-30 06:50:02+01;1279
2015-12-30 06:58:01+01;1279
2015-12-30 08:18:01+01;1249
2015-12-30 12:30:01+01;1279
2015-12-30 14:58:01+01;1249
2015-12-30 21:58:01+01;1399
2015-12-31 08:10:01+01;1289
2015-12-31 10:10:01+01;1249
2015-12-31 12:30:01+01;1279
2015-12-31 15:10:01+01;1249
2015-12-31 21:58:01+01;1339
2016-01-01 09:30:01+01;1289
2016-01-01 10:30:01+01;1249
2016-01-01 11:38:01+01;1239
2016-01-01 12:30:01+01;1269
2016-01-01 14:10:01+01;1249
2016-01-01 15:30:01+01;1239
2016-01-01 21:58:01+01;1329
2016-01-02 05:58:01+01;1289
2016-01-02 08:38:01+01;1289
2016-01-02 09:30:01+01;1269
2016-01-02 12:30:01+01;1299
2016-01-02 14:30:01+01;1269
2016-01-02 14:34:01+01;1259
2016-01-02 16:30:01+01;1249
2016-01-02 21:58:01+01;1339
2016-01-03 07:58:01+01;1279
2016-01-03 09:50:01+01;1259
2016-01-03 12:30:01+01;1289
2016-01-03 15:10:01+01;1269
2016-01-03 17:34:01+01;1219
2016-01-03 21:58:01+01;1329
2016-01-04 07:50:01+01;1279
2016-01-04 10:10:01+01;1249
2016-01-04 12:30:01+01;1279
2016-01-04 14:50:01+01;1249
2016-01-04 17:58:01+01;1209
2016-01-04 21:58:01+01;1359
2016-01-05 07:30:01+01;1359
2016-01-05 07:34:01+01;1279
2016-01-05 08:38:01+01;1259
2016-01-05 12:30:01+01;1289
2016-01-05 15:30:01+01;1259
2016-01-05 15:34:01+01;1259
2016-01-05 19:26:01+01;1239
2016-01-05 21:58:01+01;1389
2016-01-06 07:30:01+01;1299
2016-01-06 10:30:01+01;1269
2016-01-06 12:10:01+01;1249
2016-01-06 12:30:01+01;1279
2016-01-06 14:38:01+01;1249
2016-01-06 17:18:01+01;1229
2016-01-06 21:58:01+01;1379
2016-01-07 07:18:01+01;1299
2016-01-07 09:38:01+01;1269
2016-01-07 12:30:01+01;1299
2016-01-07 16:14:01+01;1259
2016-01-07 17:22:01+01;1259
2016-01-07 17:26:01+01;1219
2016-01-07 21:58:01+01;1369
2016-01-08 07:14:01+01;1279
2016-01-08 08:58:01+01;1279
2016-01-08 12:30:01+01;1309
2016-01-08 16:18:01+01;1269
2016-01-08 21:58:01+01;1399
2016-01-09 06:18:01+01;1289
2016-01-09 08:30:02+01;1289
2016-01-09 09:18:01+01;1279
2016-01-09 10:30:02+01;1249
2016-01-09 12:30:01+01;1279
2016-01-09 14:18:01+01;1239
2016-01-09 21:58:01+01;1329
2016-01-10 08:38:01+01;1289
2016-01-10 09:58:01+01;1279
2016-01-10 11:50:02+01;1249
2016-01-10 13:34:01+01;1279
2016-01-10 13:58:01+01;1249
2016-01-10 16:18:01+01;1229
2016-01-10 21:58:01+01;1339
2016-01-11 07:18:01+01;1289
2016-01-11 08:38:01+01;1289
2016-01-11 09:58:01+01;1249
2016-01-11 12:30:01+01;1279
2016-01-11 15:38:01+01;1229
2016-01-11 18:30:01+01;1219
2016-01-11 21:58:01+01;1369
2016-01-12 07:58:01+01;1279
2016-01-12 08:58:01+01;1219
2016-01-12 12:30:03+01;1249
2016-01-12 15:38:01+01;1219
2016-01-12 21:58:01+01;1369
2016-01-13 07:18:01+01;1269
2016-01-13 10:46:02+01;1239
2016-01-13 12:30:02+01;1269
2016-01-13 15:50:01+01;1239
2016-01-13 16:38:01+01;1169
2016-01-13 18:14:02+01;1169
2016-01-13 21:58:01+01;1319
2016-01-14 07:30:01+01;1269
2016-01-14 09:38:01+01;1229
2016-01-14 12:30:01+01;1259
2016-01-14 15:30:02+01;1229
2016-01-14 18:38:01+01;1189
2016-01-14 21:58:01+01;1339
2016-01-15 07:18:01+01;1259
2016-01-15 07:30:01+01;1239
2016-01-15 09:18:01+01;1229
2016-01-15 12:30:02+01;1259
2016-01-15 15:50:02+01;1229
2016-01-15 18:30:01+01;1209
2016-01-15 19:30:01+01;1199
2016-01-15 21:58:01+01;1349
2016-01-16 05:58:01+01;1259
2016-01-16 10:10:02+01;1249
2016-01-16 12:30:02+01;1279
2016-01-16 13:34:01+01;1249
2016-01-16 14:50:02+01;1219
2016-01-16 16:50:01+01;1199
2016-01-16 21:58:01+01;1289
2016-01-17 09:18:01+01;1219
2016-01-17 12:30:01+01;1249
2016-01-17 13:50:02+01;1219
2016-01-17 14:50:02+01;1209
2016-01-17 16:38:01+01;1199
2016-01-17 19:30:02+01;1189
2016-01-17 21:58:01+01;1299
2016-01-18 07:30:02+01;1259
2016-01-18 08:30:02+01;1199
2016-01-18 12:30:02+01;1229
2016-01-18 14:50:02+01;1179
2016-01-18 21:58:01+01;1329
2016-01-19 07:38:01+01;1219
2016-01-19 12:30:02+01;1249
2016-01-19 13:30:02+01;1219
2016-01-19 16:50:01+01;1209
2016-01-19 20:38:01+01;1189
2016-01-19 21:58:01+01;1339
2016-01-20 07:38:01+01;1209
2016-01-20 12:30:02+01;1239
2016-01-20 15:50:02+01;1209
2016-01-20 17:50:02+01;1169
2016-01-20 21:58:01+01;1319
2016-01-21 07:50:02+01;1209
2016-01-21 12:30:01+01;1239
2016-01-21 14:30:01+01;1179
2016-01-21 21:58:01+01;1329
2016-01-22 07:30:01+01;1239
2016-01-22 07:34:01+01;1239
2016-01-22 09:30:01+01;1239
2016-01-22 09:34:01+01;1219
2016-01-22 12:30:01+01;1249
2016-01-22 15:18:01+01;1199
2016-01-22 21:58:01+01;1349
2016-01-23 06:18:01+01;1239
2016-01-23 07:50:02+01;1209
2016-01-23 12:30:01+01;1239
2016-01-23 14:18:01+01;1209
2016-01-23 16:30:01+01;1189
2016-01-23 21:58:01+01;1279
2016-01-24 07:58:01+01;1279
2016-01-24 09:30:02+01;1249
2016-01-24 10:38:01+01;1199
2016-01-24 12:30:02+01;1229
2016-01-24 14:18:01+01;1199
2016-01-24 15:58:01+01;1189
2016-01-24 21:58:01+01;1299
2016-01-25 07:30:01+01;1259
2016-01-25 07:46:01+01;1199
2016-01-25 12:30:01+01;1229
2016-01-25 15:30:01+01;1199
2016-01-25 21:58:01+01;1349
2016-01-26 07:30:01+01;1349
2016-01-26 07:38:01+01;1259
2016-01-26 09:30:01+01;1229
2016-01-26 16:58:01+01;1219
2016-01-26 20:38:01+01;1179
2016-01-26 21:58:01+01;1329
2016-01-27 07:30:01+01;1249
2016-01-27 09:46:01+01;1229
2016-01-27 12:30:01+01;1259
2016-01-27 14:50:01+01;1229
2016-01-27 18:18:01+01;1199
2016-01-27 21:58:01+01;1349
2016-01-28 07:30:01+01;1259
2016-01-28 08:38:01+01;1219
2016-01-28 12:30:01+01;1249
2016-01-28 14:30:01+01;1229
2016-01-28 21:58:01+01;1369
2016-01-29 07:38:01+01;1239
2016-01-29 07:54:01+01;1239
2016-01-29 09:50:01+01;1209
2016-01-29 12:30:01+01;1239
2016-01-29 15:18:01+01;1209
2016-01-29 21:58:01+01;1359
2016-01-30 06:26:01+01;1269
2016-01-30 09:30:01+01;1249
2016-01-30 09:58:01+01;1219
2016-01-30 12:30:01+01;1249
2016-01-30 15:18:01+01;1209
2016-01-30 18:14:01+01;1199
2016-01-30 21:58:01+01;1319
2016-01-31 08:10:01+01;1259
2016-01-31 08:50:01+01;1219
2016-01-31 10:38:01+01;1209
2016-01-31 12:30:01+01;1239
2016-01-31 13:38:01+01;1229
2016-01-31 14:10:01+01;1209
2016-01-31 21:58:01+01;1329
2016-02-01 07:50:01+01;1259
2016-02-01 12:30:01+01;1289
2016-02-01 15:10:01+01;1239
2016-02-01 15:14:01+01;1239
2016-02-01 17:58:01+01;1189
2016-02-01 21:58:02+01;1339
2016-02-02 07:38:01+01;1279
2016-02-02 10:30:02+01;1229
2016-02-02 12:30:01+01;1259
2016-02-02 15:10:01+01;1189
2016-02-02 21:58:01+01;1339
2016-02-03 07:34:01+01;1259
2016-02-03 09:18:01+01;1239
2016-02-03 12:30:01+01;1269
2016-02-03 14:18:01+01;1239
2016-02-03 15:50:01+01;1239
2016-02-03 15:58:01+01;1229
2016-02-03 17:30:01+01;1219
2016-02-03 18:58:01+01;1199
2016-02-03 21:58:01+01;1349
2016-02-04 07:18:01+01;1249
2016-02-04 11:18:01+01;1219
2016-02-04 12:30:01+01;1249
2016-02-04 14:38:01+01;1219
2016-02-04 16:30:01+01;1199
2016-02-04 21:58:01+01;1349
2016-02-05 07:50:01+01;1249
2016-02-05 12:10:02+01;1199
2016-02-05 12:30:01+01;1229
2016-02-05 15:14:01+01;1229
2016-02-05 18:38:01+01;1209
2016-02-05 21:58:01+01;1359
2016-02-06 06:30:01+01;1249
2016-02-06 09:10:01+01;1209
2016-02-06 12:30:01+01;1239
2016-02-06 13:50:01+01;1219
2016-02-06 15:18:01+01;1179
2016-02-06 21:58:01+01;1299
2016-02-07 07:30:01+01;1239
2016-02-07 07:58:01+01;1219
2016-02-07 12:30:01+01;1249
2016-02-07 13:38:01+01;1229
2016-02-07 14:18:01+01;1219
2016-02-07 14:38:01+01;1199
2016-02-07 16:30:01+01;1169
2016-02-07 21:58:01+01;1289
2016-02-08 09:58:01+01;1199
2016-02-08 11:38:01+01;1189
2016-02-08 12:30:01+01;1219
2016-02-08 16:18:01+01;1189
2016-02-08 21:58:01+01;1339
2016-02-09 07:50:01+01;1229
2016-02-09 12:30:01+01;1259
2016-02-09 14:38:01+01;1229
2016-02-09 16:10:01+01;1209
2016-02-09 21:58:01+01;1349
2016-02-10 07:30:01+01;1229
2016-02-10 09:18:01+01;1189
2016-02-10 12:30:01+01;1219
2016-02-10 14:50:01+01;1189
2016-02-10 21:58:01+01;1339
2016-02-11 07:38:01+01;1219
2016-02-11 08:18:01+01;1189
2016-02-11 11:10:01+01;1189
2016-02-11 12:30:01+01;1219
2016-02-11 14:46:01+01;1189
2016-02-11 17:50:01+01;1179
2016-02-11 17:54:01+01;1179
2016-02-11 21:58:01+01;1329
2016-02-12 07:54:01+01;1209
2016-02-12 08:38:01+01;1169
2016-02-12 12:30:01+01;1199
2016-02-12 14:58:01+01;1119
2016-02-12 15:26:01+01;1119
2016-02-12 21:58:01+01;1269
2016-02-13 06:34:01+01;1199
2016-02-13 09:30:01+01;1199
2016-02-13 09:58:01+01;1149
2016-02-13 12:30:01+01;1179
2016-02-13 14:50:01+01;1169
2016-02-13 15:38:01+01;1139
2016-02-13 16:38:01+01;1139
2016-02-13 21:58:01+01;1259
2016-02-14 08:18:01+01;1169
2016-02-14 10:18:01+01;1149
2016-02-14 12:30:01+01;1179
2016-02-14 14:18:01+01;1159
2016-02-14 21:58:01+01;1249
2016-02-15 07:18:01+01;1209
2016-02-15 09:18:01+01;1169
2016-02-15 12:30:01+01;1199
2016-02-15 14:58:01+01;1169
2016-02-15 17:10:01+01;1149
2016-02-15 17:26:01+01;1149
2016-02-15 21:58:01+01;1299
2016-02-16 07:30:01+01;1209
2016-02-16 09:38:01+01;1149
2016-02-16 12:30:01+01;1179
2016-02-16 14:58:01+01;1149
2016-02-16 21:58:01+01;1299
2016-02-17 07:30:01+01;1219
2016-02-17 09:10:01+01;1149
2016-02-17 12:30:01+01;1179
2016-02-17 15:18:01+01;1149
2016-02-17 21:58:01+01;1299
2016-02-18 07:38:01+01;1219
2016-02-18 09:38:01+01;1149
2016-02-18 12:30:01+01;1179
2016-02-18 14:58:01+01;1149
2016-02-18 21:58:01+01;1299
2016-02-19 07:50:01+01;1209
2016-02-19 11:26:01+01;1169
2016-02-19 12:30:01+01;1199
2016-02-19 14:30:01+01;1169
2016-02-19 21:58:01+01;1319
2016-02-20 06:30:01+01;1209
2016-02-20 09:18:01+01;1179
2016-02-20 11:38:01+01;1179
2016-02-20 12:30:01+01;1209
2016-02-20 17:54:01+01;1149
2016-02-20 21:58:01+01;1269
2016-02-21 07:38:01+01;1209
2016-02-21 08:50:01+01;1189
2016-02-21 10:18:01+01;1179
2016-02-21 12:30:01+01;1209
2016-02-21 13:58:01+01;1209
2016-02-21 14:30:01+01;1179
2016-02-21 16:18:01+01;1149
2016-02-21 21:58:01+01;1269
2016-02-22 07:50:02+01;1209
2016-02-22 09:58:01+01;1179
2016-02-22 12:30:01+01;1209
2016-02-22 14:38:01+01;1179
2016-02-22 17:50:01+01;1119
2016-02-22 21:58:01+01;1269
2016-02-23 07:38:01+01;1179
2016-02-23 09:58:01+01;1159
2016-02-23 12:30:01+01;1189
2016-02-23 14:50:01+01;1159
2016-02-23 21:58:01+01;1309
2016-02-24 07:38:01+01;1179
2016-02-24 12:30:01+01;1209
2016-02-24 15:06:01+01;1169
2016-02-24 15:14:01+01;1169
2016-02-24 19:38:01+01;1149
2016-02-24 21:58:01+01;1299
2016-02-25 07:38:01+01;1209
2016-02-25 08:10:01+01;1179
2016-02-25 12:30:01+01;1209
2016-02-25 15:38:01+01;1149
2016-02-25 21:58:01+01;1299
2016-02-26 07:30:01+01;1219
2016-02-26 10:30:01+01;1189
2016-02-26 12:30:01+01;1219
2016-02-26 14:18:01+01;1179
2016-02-26 17:18:01+01;1159
2016-02-26 21:58:01+01;1309
2016-02-27 06:18:01+01;1219
2016-02-27 09:50:01+01;1159
2016-02-27 12:28:01+01;1189
2016-02-27 13:38:01+01;1179
2016-02-27 14:33:02+01;1159
2016-02-27 21:58:01+01;1279
2016-02-28 07:58:01+01;1219
2016-02-28 10:18:01+01;1159
2016-02-28 12:28:01+01;1189
2016-02-28 13:28:01+01;1179
2016-02-28 13:48:01+01;1159
2016-02-28 21:58:01+01;1279
2016-02-29 07:28:01+01;1219
2016-02-29 10:48:01+01;1159
2016-02-29 12:28:01+01;1189
2016-02-29 14:58:02+01;1159
2016-02-29 21:58:01+01;1309
2016-03-01 07:28:01+01;1199
2016-03-01 09:18:01+01;1159
2016-03-01 09:23:01+01;1159
2016-03-01 12:28:01+01;1189
2016-03-01 14:38:01+01;1189
2016-03-01 14:58:01+01;1154
2016-03-01 21:58:01+01;1304
2016-03-02 07:48:01+01;1219
2016-03-02 12:28:01+01;1249
2016-03-02 13:48:01+01;1249
2016-03-02 13:53:01+01;1219
2016-03-02 15:38:01+01;1169
2016-03-02 15:43:01+01;1169
2016-03-02 17:38:02+01;1159
2016-03-02 21:58:01+01;1309
2016-03-03 07:58:01+01;1219
2016-03-03 12:28:01+01;1249
2016-03-03 15:08:01+01;1189
2016-03-03 15:13:01+01;1149
2016-03-03 21:58:01+01;1299
2016-03-04 07:48:01+01;1299
2016-03-04 08:03:01+01;1219
2016-03-04 12:28:01+01;1249
2016-03-04 14:48:01+01;1189
2016-03-04 17:38:01+01;1179
2016-03-04 18:58:01+01;1159
2016-03-04 21:58:01+01;1309
2016-03-05 05:48:01+01;1219
2016-03-05 09:18:01+01;1189
2016-03-05 12:28:01+01;1219
2016-03-05 14:38:01+01;1169
2016-03-05 21:58:02+01;1289
2016-03-06 07:58:01+01;1229
2016-03-06 10:48:01+01;1219
2016-03-06 10:58:01+01;1189
2016-03-06 11:08:01+01;1179
2016-03-06 12:28:01+01;1209
2016-03-06 13:38:01+01;1189
2016-03-06 14:28:01+01;1179
2016-03-06 16:18:01+01;1169
2016-03-06 17:33:01+01;1169
2016-03-06 22:03:01+01;1289
2016-03-07 08:38:01+01;1189
2016-03-07 12:28:01+01;1219
2016-03-07 14:08:01+01;1219
2016-03-07 14:13:01+01;1179
2016-03-07 15:28:01+01;1159
2016-03-07 18:58:01+01;1149
2016-03-07 21:58:01+01;1299
2016-03-08 07:53:01+01;1209
2016-03-08 12:28:01+01;1239
2016-03-08 14:28:01+01;1189
2016-03-08 21:58:01+01;1339
2016-03-09 08:03:01+01;1199
2016-03-09 12:28:01+01;1229
2016-03-09 15:03:01+01;1179
2016-03-09 15:13:01+01;1169
2016-03-09 21:58:01+01;1319
2016-03-10 07:48:01+01;1239
2016-03-10 07:53:01+01;1239
2016-03-10 11:13:01+01;1169
2016-03-10 12:28:01+01;1199
2016-03-10 15:38:01+01;1169
2016-03-10 21:58:01+01;1319
2016-03-11 07:58:01+01;1249
2016-03-11 09:28:01+01;1179
2016-03-11 12:28:01+01;1209
2016-03-11 14:38:01+01;1189
2016-03-11 16:18:01+01;1174
2016-03-11 17:23:01+01;1169
2016-03-11 21:58:01+01;1319
2016-03-12 06:18:01+01;1249
2016-03-12 10:48:01+01;1239
2016-03-12 12:28:01+01;1269
2016-03-12 13:48:02+01;1259
2016-03-12 14:08:01+01;1239
2016-03-12 16:48:01+01;1189
2016-03-12 21:58:01+01;1309
2016-03-13 07:58:01+01;1249
2016-03-13 08:38:01+01;1239
2016-03-13 11:53:01+01;1199
2016-03-13 12:28:01+01;1229
2016-03-13 13:38:01+01;1219
2016-03-13 21:58:01+01;1339
2016-03-14 07:48:01+01;1229
2016-03-14 12:28:01+01;1259
2016-03-14 15:18:01+01;1199
2016-03-14 15:23:01+01;1199
2016-03-14 17:48:01+01;1179
2016-03-14 21:58:01+01;1329
2016-03-15 07:28:01+01;1239
2016-03-15 09:48:01+01;1189
2016-03-15 11:18:01+01;1189
2016-03-15 12:28:02+01;1219
2016-03-15 15:38:01+01;1219
2016-03-15 15:43:01+01;1189
2016-03-15 19:18:01+01;1169
2016-03-15 21:58:01+01;1319
2016-03-16 07:48:01+01;1209
2016-03-16 12:28:01+01;1239
2016-03-16 15:18:01+01;1199
2016-03-16 15:58:01+01;1179
2016-03-16 21:58:01+01;1329
2016-03-17 08:08:01+01;1199
2016-03-17 12:28:01+01;1229
2016-03-17 15:18:01+01;1199
2016-03-17 16:48:01+01;1179
2016-03-17 16:53:01+01;1179
2016-03-17 21:58:02+01;1329
2016-03-18 07:48:01+01;1239
2016-03-18 08:18:01+01;1209
2016-03-18 12:28:01+01;1239
2016-03-18 14:48:01+01;1209
2016-03-18 16:28:01+01;1189
2016-03-18 18:18:01+01;1179
2016-03-18 21:58:01+01;1329
2016-03-19 06:28:01+01;1249
2016-03-19 09:48:01+01;1209
2016-03-19 12:28:02+01;1239
2016-03-19 13:48:01+01;1199
2016-03-19 15:38:01+01;1189
2016-03-19 17:58:01+01;1179
2016-03-19 21:58:01+01;1309
2016-03-20 07:48:01+01;1249
2016-03-20 09:58:01+01;1239
2016-03-20 10:48:01+01;1199
2016-03-20 12:28:01+01;1229
2016-03-20 13:38:01+01;1209
2016-03-20 14:28:01+01;1199
2016-03-20 16:48:01+01;1189
2016-03-20 21:58:01+01;1309
2016-03-21 07:28:01+01;1249
2016-03-21 09:43:01+01;1189
2016-03-21 12:28:01+01;1219
2016-03-21 14:28:02+01;1189
2016-03-21 17:28:01+01;1179
2016-03-21 21:58:01+01;1329
2016-03-22 07:28:01+01;1249
2016-03-22 09:58:02+01;1219
2016-03-22 10:03:01+01;1219
2016-03-22 12:28:01+01;1249
2016-03-22 14:28:01+01;1199
2016-03-22 21:58:01+01;1349
2016-03-23 07:18:01+01;1249
2016-03-23 08:48:01+01;1189
2016-03-23 12:28:01+01;1219
2016-03-23 15:53:01+01;1189
2016-03-23 21:58:01+01;1339
2016-03-24 07:18:01+01;1259
2016-03-24 07:33:01+01;1249
2016-03-24 08:08:01+01;1199
2016-03-24 12:28:01+01;1229
2016-03-24 14:48:01+01;1199
2016-03-24 21:58:01+01;1349
2016-03-25 07:18:01+01;1349
2016-03-25 07:23:01+01;1259
2016-03-25 11:28:01+01;1229
2016-03-25 11:38:01+01;1209
2016-03-25 12:28:01+01;1239
2016-03-25 17:13:02+01;1209
2016-03-25 21:58:01+01;1329
2016-03-26 07:08:01+01;1269
2016-03-26 09:08:01+01;1209
2016-03-26 12:28:01+01;1239
2016-03-26 13:48:01+01;1219
2016-03-26 16:38:01+01;1209
2016-03-26 21:58:01+01;1329
2016-03-27 08:48:01+02;1269
2016-03-27 11:38:01+02;1209
2016-03-27 12:28:01+02;1239
2016-03-27 14:28:01+02;1209
2016-03-27 21:58:01+02;1329
2016-03-28 07:18:01+02;1269
2016-03-28 07:48:01+02;1209
2016-03-28 10:48:01+02;1209
2016-03-28 12:28:01+02;1239
2016-03-28 14:08:01+02;1209
2016-03-28 21:58:01+02;1329
2016-03-29 07:28:01+02;1269
2016-03-29 10:58:01+02;1209
2016-03-29 12:28:01+02;1239
2016-03-29 15:43:01+02;1209
2016-03-29 21:58:01+02;1359
2016-03-30 07:28:01+02;1279
2016-03-30 08:28:02+02;1239
2016-03-30 12:28:01+02;1269
2016-03-30 14:38:01+02;1239
2016-03-30 17:08:01+02;1219
2016-03-30 21:58:01+02;1369
2016-03-31 07:38:01+02;1249
2016-03-31 12:08:01+02;1219
2016-03-31 12:28:01+02;1249
2016-03-31 14:58:01+02;1219
2016-03-31 21:58:01+02;1369
2016-04-01 07:28:01+02;1279
2016-04-01 07:58:01+02;1249
2016-04-01 12:28:01+02;1279
2016-04-01 15:38:01+02;1249
2016-04-01 16:58:01+02;1239
2016-04-01 21:58:01+02;1389
2016-04-02 06:18:01+02;1289
2016-04-02 09:03:01+02;1269
2016-04-02 11:58:01+02;1239
2016-04-02 12:28:01+02;1269
2016-04-02 14:08:01+02;1239
2016-04-02 14:58:01+02;1229
2016-04-02 15:48:01+02;1219
2016-04-02 18:48:01+02;1209
2016-04-02 21:58:01+02;1329
2016-04-03 08:18:01+02;1279
2016-04-03 10:08:01+02;1269
2016-04-03 12:28:01+02;1299
2016-04-03 14:18:01+02;1269
2016-04-03 15:28:01+02;1209
2016-04-03 17:18:01+02;1209
2016-04-03 21:58:01+02;1329
2016-04-04 07:38:01+02;1279
2016-04-04 09:38:01+02;1269
2016-04-04 12:28:01+02;1299
2016-04-04 16:08:01+02;1239
2016-04-04 21:58:02+02;1389
2016-04-05 07:28:01+02;1259
2016-04-05 11:28:01+02;1259
2016-04-05 12:28:01+02;1289
2016-04-05 16:28:01+02;1199
2016-04-05 21:58:01+02;1349
2016-04-06 07:38:01+02;1249
2016-04-06 12:28:01+02;1279
2016-04-06 15:13:01+02;1239
2016-04-06 19:58:01+02;1209
2016-04-06 21:58:01+02;1359
2016-04-07 07:38:01+02;1209
2016-04-07 12:28:01+02;1239
2016-04-07 15:28:01+02;1209
2016-04-07 21:58:01+02;1359
2016-04-08 07:38:01+02;1359
2016-04-08 07:43:01+02;1299
2016-04-08 08:58:01+02;1209
2016-04-08 09:03:01+02;1209
2016-04-08 12:28:01+02;1239
2016-04-08 14:38:01+02;1209
2016-04-08 14:43:01+02;1209
2016-04-08 21:58:01+02;1359
2016-04-09 06:28:01+02;1279
2016-04-09 10:18:01+02;1209
2016-04-09 12:28:01+02;1239
2016-04-09 14:28:01+02;1209
2016-04-09 21:58:01+02;1329
2016-04-10 07:38:01+02;1249
2016-04-10 10:08:01+02;1239
2016-04-10 12:28:01+02;1269
2016-04-10 13:38:01+02;1239
2016-04-10 14:38:01+02;1229
2016-04-10 21:58:01+02;1349
2016-04-11 07:48:01+02;1249
2016-04-11 12:28:01+02;1279
2016-04-11 15:08:01+02;1249
2016-04-11 17:38:01+02;1229
2016-04-11 21:58:01+02;1379
2016-04-12 07:38:01+02;1289
2016-04-12 07:58:01+02;1249
2016-04-12 12:28:01+02;1279
2016-04-12 14:48:01+02;1249
2016-04-12 20:48:01+02;1229
2016-04-12 21:58:01+02;1379
2016-04-13 07:53:01+02;1299
2016-04-13 11:08:01+02;1259
2016-04-13 11:18:01+02;1259
2016-04-13 12:28:01+02;1289
2016-04-13 15:58:01+02;1259
2016-04-13 16:38:01+02;1239
2016-04-13 21:58:01+02;1389
2016-04-14 07:38:01+02;1309
2016-04-14 09:58:01+02;1229
2016-04-14 12:28:01+02;1259
2016-04-14 14:38:01+02;1239
2016-04-14 21:58:01+02;1389
2016-04-15 07:38:01+02;1309
2016-04-15 09:28:01+02;1279
2016-04-15 12:28:01+02;1309
2016-04-15 14:38:01+02;1259
2016-04-15 16:18:01+02;1229
2016-04-15 21:58:01+02;1379
2016-04-16 05:58:01+02;1309
2016-04-16 09:18:01+02;1279
2016-04-16 12:28:01+02;1309
2016-04-16 13:38:01+02;1299
2016-04-16 13:48:01+02;1279
2016-04-16 17:18:01+02;1259
2016-04-16 21:58:01+02;1379
2016-04-17 07:48:01+02;1319
2016-04-17 08:58:01+02;1299
2016-04-17 09:38:01+02;1279
2016-04-17 10:58:01+02;1279
2016-04-17 12:28:01+02;1309
2016-04-17 14:08:01+02;1309
2016-04-17 15:08:01+02;1269
2016-04-17 16:58:01+02;1269
2016-04-17 17:08:01+02;1259
2016-04-17 21:58:01+02;1379
2016-04-18 07:38:01+02;1279
2016-04-18 10:08:01+02;1269
2016-04-18 12:28:01+02;1299
2016-04-18 16:58:01+02;1259
2016-04-18 21:58:01+02;1399
2016-04-19 07:38:01+02;1299
2016-04-19 10:38:01+02;1239
2016-04-19 12:28:01+02;1269
2016-04-19 15:28:01+02;1239
2016-04-19 21:58:01+02;1389
2016-04-20 07:48:01+02;1229
2016-04-20 12:28:01+02;1259
2016-04-20 15:08:01+02;1229
2016-04-20 21:58:01+02;1379
2016-04-21 07:38:01+02;1259
2016-04-21 10:48:01+02;1229
2016-04-21 12:28:01+02;1259
2016-04-21 14:38:01+02;1229
2016-04-21 21:58:01+02;1379
2016-04-22 07:38:01+02;1379
2016-04-22 07:53:01+02;1309
2016-04-22 09:38:01+02;1269
2016-04-22 12:28:01+02;1299
2016-04-22 15:28:01+02;1229
2016-04-22 15:33:01+02;1229
2016-04-22 21:58:01+02;1379
2016-04-23 06:48:01+02;1309
2016-04-23 09:08:01+02;1269
2016-04-23 10:33:01+02;1239
2016-04-23 10:43:01+02;1229
2016-04-23 12:28:01+02;1259
2016-04-23 13:48:01+02;1259
2016-04-23 16:18:01+02;1259
2016-04-23 17:18:01+02;1229
2016-04-23 21:58:01+02;1349
2016-04-24 07:48:01+02;1309
2016-04-24 10:23:01+02;1309
2016-04-24 10:28:01+02;1259
2016-04-24 12:28:02+02;1289
2016-04-24 13:38:01+02;1279
2016-04-24 15:08:01+02;1259
2016-04-24 17:38:01+02;1249
2016-04-24 21:46:01+02;1249
2016-04-24 21:58:01+02;1369
2016-04-25 07:28:01+02;1319
2016-04-25 08:53:01+02;1279
2016-04-25 12:28:01+02;1309
2016-04-25 15:08:01+02;1239
2016-04-25 21:58:01+02;1389
2016-04-26 07:28:01+02;1279
2016-04-26 10:58:01+02;1239
2016-04-26 12:28:01+02;1269
2016-04-26 15:08:01+02;1259
2016-04-26 19:58:01+02;1239
2016-04-26 21:58:01+02;1389
2016-04-27 07:28:01+02;1289
2016-04-27 11:28:01+02;1239
2016-04-27 12:28:01+02;1269
2016-04-27 14:38:01+02;1239
2016-04-27 21:58:01+02;1389
2016-04-28 07:53:01+02;1279
2016-04-28 12:28:01+02;1309
2016-04-28 15:58:01+02;1279
2016-04-28 17:07:01+02;1279
2016-04-28 21:58:01+02;1429
2016-04-29 07:28:01+02;1329
2016-04-29 11:48:01+02;1279
2016-04-29 12:28:01+02;1309
2016-04-29 14:48:01+02;1279
2016-04-29 21:58:01+02;1429
2016-04-30 05:58:01+02;1329
2016-04-30 10:38:01+02;1259
2016-04-30 12:28:01+02;1289
2016-04-30 14:08:01+02;1279
2016-04-30 18:13:01+02;1259
2016-04-30 21:58:01+02;1419
2016-05-01 07:48:01+02;1269
2016-05-01 12:28:01+02;1299
2016-05-01 13:48:01+02;1289
2016-05-01 16:58:01+02;1289
2016-05-01 17:48:01+02;1269
2016-05-01 21:26:06+02;1269
2016-05-01 21:58:01+02;1429
2016-05-01 22:01:01+02;1429
2016-05-02 07:41:01+02;1269
2016-05-02 09:21:01+02;1269
2016-05-02 12:29:01+02;1299
2016-05-02 16:21:01+02;1269
2016-05-02 21:58:01+02;1429
2016-05-03 07:28:01+02;1319
2016-05-03 11:18:01+02;1249
2016-05-03 12:28:01+02;1279
2016-05-03 14:38:01+02;1249
2016-05-03 21:58:01+02;1409
2016-05-04 07:38:01+02;1289
2016-05-04 11:28:01+02;1269
2016-05-04 12:28:01+02;1299
2016-05-04 15:28:01+02;1269
2016-05-04 21:58:02+02;1419
2016-05-05 07:18:01+02;1319
2016-05-05 09:58:01+02;1269
2016-05-05 10:03:01+02;1269
2016-05-05 12:28:01+02;1299
2016-05-05 13:48:01+02;1279
2016-05-05 15:08:01+02;1269
2016-05-05 21:58:01+02;1419
2016-05-06 07:48:01+02;1319
2016-05-06 09:58:01+02;1269
2016-05-06 12:28:01+02;1299
2016-05-06 15:08:01+02;1279
2016-05-06 21:58:01+02;1419
2016-05-07 06:48:01+02;1329
2016-05-07 08:58:01+02;1279
2016-05-07 12:28:01+02;1309
2016-05-07 13:33:01+02;1279
2016-05-07 21:58:01+02;1419
2016-05-08 07:48:01+02;1329
2016-05-08 08:28:01+02;1289
2016-05-08 09:28:01+02;1279
2016-05-08 10:08:01+02;1279
2016-05-08 12:28:01+02;1309
2016-05-08 13:38:01+02;1299
2016-05-08 15:08:01+02;1269
2016-05-08 16:18:01+02;1259
2016-05-08 21:58:01+02;1419
2016-05-09 07:53:01+02;1319
2016-05-09 12:03:01+02;1259
2016-05-09 12:28:01+02;1289
2016-05-09 14:48:01+02;1259
2016-05-09 21:58:01+02;1409
2016-05-10 07:18:02+02;1309
2016-05-10 09:08:01+02;1269
2016-05-10 09:13:01+02;1269
2016-05-10 12:28:01+02;1299
2016-05-10 15:39:01+02;1249
2016-05-10 21:58:01+02;1409
2016-05-11 07:48:01+02;1279
2016-05-11 12:28:01+02;1309
2016-05-11 15:38:01+02;1269
2016-05-11 21:58:01+02;1429
2016-05-12 07:38:01+02;1269
2016-05-12 10:58:01+02;1269
2016-05-12 11:18:01+02;1249
2016-05-12 12:28:01+02;1279
2016-05-12 16:08:01+02;1249
2016-05-12 21:58:01+02;1409
2016-05-13 07:28:01+02;1309
2016-05-13 09:08:01+02;1259
2016-05-13 12:28:01+02;1289
2016-05-13 15:08:02+02;1259
2016-05-13 21:58:01+02;1419
2016-05-14 06:08:01+02;1319
2016-05-14 06:38:01+02;1319
2016-05-14 07:48:01+02;1319
2016-05-14 12:28:01+02;1349
2016-05-14 15:38:01+02;1259
2016-05-14 21:58:01+02;1419
2016-05-15 08:18:01+02;1319
2016-05-15 09:48:01+02;1299
2016-05-15 10:08:02+02;1289
2016-05-15 10:28:01+02;1259
2016-05-15 12:28:02+02;1289
2016-05-15 15:48:01+02;1259
2016-05-15 21:58:01+02;1419
2016-05-16 12:08:01+02;1319
2016-05-16 12:28:01+02;1349
2016-05-16 14:54:01+02;1279
2016-05-16 16:28:02+02;1259
2016-05-16 21:58:01+02;1419
2016-05-17 07:48:01+02;1419
2016-05-17 08:03:01+02;1329
2016-05-17 09:28:01+02;1269
2016-05-17 12:28:02+02;1299
2016-05-17 15:08:01+02;1269
2016-05-17 15:13:01+02;1259
2016-05-17 21:58:01+02;1429
2016-05-18 07:48:01+02;1269
2016-05-18 12:28:01+02;1299
2016-05-18 16:18:01+02;1269
2016-05-18 21:58:01+02;1439
2016-05-19 07:38:01+02;1279
2016-05-19 12:28:01+02;1309
2016-05-19 14:58:01+02;1269
2016-05-19 21:58:01+02;1429
2016-05-20 07:43:01+02;1339
2016-05-20 12:28:01+02;1369
2016-05-20 14:58:01+02;1289
2016-05-20 21:58:01+02;1449
2016-05-21 06:58:01+02;1339
2016-05-21 08:08:01+02;1339
2016-05-21 08:58:01+02;1309
2016-05-21 12:28:01+02;1339
2016-05-21 13:38:01+02;1329
2016-05-21 15:48:01+02;1299
2016-05-21 21:58:01+02;1449
2016-05-22 07:28:01+02;1289
2016-05-22 11:28:01+02;1279
2016-05-22 12:28:01+02;1309
2016-05-22 14:58:01+02;1299
2016-05-22 21:58:01+02;1449
2016-05-23 07:38:01+02;1289
2016-05-23 09:48:01+02;1269
2016-05-23 12:28:01+02;1299
2016-05-23 14:58:01+02;1269
2016-05-23 21:58:02+02;1429
2016-05-24 07:48:01+02;1279
2016-05-24 09:38:01+02;1269
2016-05-24 12:28:01+02;1299
2016-05-24 15:38:01+02;1269
2016-05-24 21:58:01+02;1429
2016-05-25 07:28:01+02;1339
2016-05-25 09:48:01+02;1279
2016-05-25 11:58:01+02;1279
2016-05-25 12:03:01+02;1274
2016-05-25 12:28:01+02;1304
2016-05-25 14:48:01+02;1279
2016-05-25 21:58:01+02;1439
2016-05-26 09:38:01+02;1289
2016-05-26 12:28:01+02;1319
2016-05-26 16:08:01+02;1289
2016-05-26 21:58:01+02;1449
2016-05-27 07:53:01+02;1309
2016-05-27 12:28:01+02;1339
2016-05-27 16:03:01+02;1299
2016-05-27 21:58:01+02;1449
2016-05-28 06:18:01+02;1349
2016-05-28 11:18:01+02;1289
2016-05-28 12:28:01+02;1319
2016-05-28 13:38:01+02;1299
2016-05-28 14:48:01+02;1289
2016-05-28 21:58:01+02;1449
2016-05-29 07:48:01+02;1299
2016-05-29 12:28:01+02;1329
2016-05-29 13:48:01+02;1299
2016-05-29 21:58:01+02;1449
2016-05-30 07:43:01+02;1299
2016-05-30 12:28:01+02;1329
2016-05-30 16:23:01+02;1299
2016-05-30 21:58:01+02;1449
2016-05-31 07:38:01+02;1299
2016-05-31 12:28:01+02;1329
2016-05-31 14:58:01+02;1299
2016-05-31 17:48:01+02;1299
2016-05-31 17:53:02+02;1289
2016-05-31 21:58:01+02;1429
2016-06-01 07:28:01+02;1299
2016-06-01 12:28:01+02;1329
2016-06-01 15:38:01+02;1299
2016-06-01 21:58:01+02;1449
2016-06-02 07:28:01+02;1299
2016-06-02 12:28:01+02;1329
2016-06-02 15:48:01+02;1299
2016-06-02 21:58:01+02;1449
2016-06-03 07:28:01+02;1369
2016-06-03 12:28:01+02;1399
2016-06-03 16:28:01+02;1309
2016-06-03 16:38:01+02;1289
2016-06-03 21:58:01+02;1439
2016-06-04 06:38:02+02;1369
2016-06-04 08:28:01+02;1369
2016-06-04 09:48:02+02;1299
2016-06-04 12:28:01+02;1329
2016-06-04 13:38:01+02;1319
2016-06-04 15:48:01+02;1289
2016-06-04 21:58:01+02;1439
2016-06-05 08:38:01+02;1369
2016-06-05 09:48:01+02;1349
2016-06-05 10:38:01+02;1289
2016-06-05 10:48:01+02;1289
2016-06-05 12:28:01+02;1319
2016-06-05 14:28:01+02;1309
2016-06-05 21:58:01+02;1449
2016-06-06 07:08:01+02;1369
2016-06-06 07:18:01+02;1319
2016-06-06 12:28:01+02;1349
2016-06-06 14:58:01+02;1319
2016-06-06 19:58:01+02;1289
2016-06-06 21:57:01+02;1439
2016-06-07 07:48:01+02;1439
2016-06-07 08:08:01+02;1299
2016-06-07 12:28:01+02;1329
2016-06-07 17:08:01+02;1279
2016-06-07 21:58:01+02;1429
2016-06-08 07:38:01+02;1359
2016-06-08 10:28:01+02;1289
2016-06-08 12:28:02+02;1319
2016-06-08 16:08:01+02;1279
2016-06-08 21:58:01+02;1429
2016-06-09 08:03:01+02;1359
2016-06-09 09:38:01+02;1279
2016-06-09 12:28:01+02;1309
2016-06-09 21:58:01+02;1439
2016-06-10 07:43:01+02;1359
2016-06-10 12:08:01+02;1289
2016-06-10 12:28:01+02;1319
2016-06-10 14:58:01+02;1299
2016-06-10 18:08:01+02;1279
2016-06-10 21:58:01+02;1429
2016-06-11 06:08:01+02;1369
2016-06-11 06:18:01+02;1369
2016-06-11 08:43:01+02;1359
2016-06-11 10:48:01+02;1309
2016-06-11 11:58:01+02;1299
2016-06-11 12:28:01+02;1329
2016-06-11 13:38:01+02;1319
2016-06-11 13:48:01+02;1309
2016-06-11 21:58:01+02;1439
2016-06-12 07:48:01+02;1369
2016-06-12 08:48:01+02;1359
2016-06-12 09:08:01+02;1359
2016-06-12 09:58:01+02;1299
2016-06-12 10:08:01+02;1299
2016-06-12 12:28:01+02;1329
2016-06-12 14:08:01+02;1299
2016-06-12 16:28:01+02;1299
2016-06-12 21:58:01+02;1439
2016-06-13 07:28:01+02;1289
2016-06-13 12:28:01+02;1319
2016-06-13 14:38:01+02;1299
2016-06-13 21:58:01+02;1439
2016-06-14 07:43:01+02;1359
2016-06-14 09:28:01+02;1299
2016-06-14 12:28:01+02;1329
2016-06-14 15:28:01+02;1299
2016-06-14 21:58:01+02;1429
2016-06-15 07:48:01+02;1429
2016-06-15 07:53:01+02;1349
2016-06-15 11:18:01+02;1299
2016-06-15 12:28:02+02;1329
2016-06-15 14:48:01+02;1329
2016-06-15 21:58:01+02;1429
2016-06-16 07:18:01+02;1379
2016-06-16 09:38:01+02;1299
2016-06-16 12:28:01+02;1329
2016-06-16 15:38:01+02;1299
2016-06-16 21:58:01+02;1429
2016-06-17 07:28:01+02;1369
2016-06-17 09:28:01+02;1349
2016-06-17 11:33:01+02;1299
2016-06-17 12:28:01+02;1329
2016-06-17 15:08:01+02;1309
2016-06-17 18:08:01+02;1299
2016-06-17 21:58:01+02;1429
2016-06-18 06:58:01+02;1379
2016-06-18 07:48:01+02;1369
2016-06-18 08:38:01+02;1369
2016-06-18 10:08:01+02;1279
2016-06-18 12:28:01+02;1309
2016-06-18 13:33:01+02;1299
2016-06-18 15:28:01+02;1279
2016-06-18 21:58:01+02;1419
2016-06-19 07:38:01+02;1369
2016-06-19 08:58:01+02;1359
2016-06-19 11:18:01+02;1309
2016-06-19 12:28:01+02;1339
2016-06-19 13:48:01+02;1299
2016-06-19 16:48:01+02;1289
2016-06-19 21:58:01+02;1429
2016-06-20 06:58:01+02;1369
2016-06-20 08:38:01+02;1289
2016-06-20 12:28:01+02;1319
2016-06-20 14:48:01+02;1289
2016-06-20 21:58:01+02;1439
2016-06-21 06:28:01+02;1359
2016-06-21 06:48:01+02;1359
2016-06-21 08:08:02+02;1299
2016-06-21 11:38:01+02;1279
2016-06-21 12:28:01+02;1309
2016-06-21 14:48:01+02;1299
2016-06-21 16:18:01+02;1289
2016-06-21 21:58:01+02;1439
2016-06-22 04:58:02+02;1369
2016-06-22 09:38:01+02;1289
2016-06-22 12:28:01+02;1319
2016-06-22 14:38:01+02;1309
2016-06-22 15:48:01+02;1289
2016-06-22 21:58:01+02;1439
2016-06-23 06:53:01+02;1439
2016-06-23 07:23:01+02;1359
2016-06-23 10:08:01+02;1349
2016-06-23 12:28:01+02;1379
2016-06-23 16:38:01+02;1319
2016-06-23 21:58:01+02;1439
2016-06-24 07:23:01+02;1369
2016-06-24 09:08:01+02;1319
2016-06-24 09:23:01+02;1319
2016-06-24 10:28:01+02;1299
2016-06-24 12:28:01+02;1329
2016-06-24 14:18:01+02;1299
2016-06-24 21:58:01+02;1439
2016-06-25 06:18:01+02;1379
2016-06-25 09:48:01+02;1319
2016-06-25 11:38:01+02;1309
2016-06-25 12:28:01+02;1339
2016-06-25 13:48:01+02;1309
2016-06-25 17:28:01+02;1309
2016-06-25 21:58:01+02;1439
2016-06-26 07:48:01+02;1379
2016-06-26 09:58:02+02;1339
2016-06-26 10:08:01+02;1309
2016-06-26 11:28:01+02;1289
2016-06-26 12:28:01+02;1319
2016-06-26 13:53:01+02;1309
2016-06-26 17:18:01+02;1299
2016-06-26 21:58:01+02;1439
2016-06-27 07:18:01+02;1299
2016-06-27 12:28:01+02;1329
2016-06-27 16:28:01+02;1329
2016-06-27 16:33:01+02;1269
2016-06-27 21:58:01+02;1419
2016-06-28 07:38:01+02;1359
2016-06-28 09:28:01+02;1269
2016-06-28 12:28:01+02;1299
2016-06-28 14:58:01+02;1299
2016-06-28 15:03:01+02;1269
2016-06-28 21:58:01+02;1419
2016-06-29 07:28:01+02;1309
2016-06-29 12:28:02+02;1339
2016-06-29 15:18:01+02;1309
2016-06-29 18:28:01+02;1269
2016-06-29 21:58:01+02;1419
2016-06-30 07:33:01+02;1349
2016-06-30 11:28:01+02;1289
2016-06-30 12:28:01+02;1319
2016-06-30 14:38:01+02;1299
2016-06-30 21:58:01+02;1429
2016-07-01 07:18:01+02;1389
2016-07-01 07:28:01+02;1369
2016-07-01 10:18:02+02;1359
2016-07-01 12:28:01+02;1389
2016-07-01 14:58:01+02;1339
2016-07-01 17:17:01+02;1319
2016-07-01 18:38:01+02;1289
2016-07-01 21:58:01+02;1419
2016-07-02 05:38:01+02;1379
2016-07-02 07:28:01+02;1359
2016-07-02 10:58:01+02;1339
2016-07-02 12:28:01+02;1369
2016-07-02 13:48:01+02;1349
2016-07-02 14:48:01+02;1309
2016-07-02 21:58:01+02;1419
2016-07-03 08:38:01+02;1289
2016-07-03 12:28:01+02;1319
2016-07-03 13:38:01+02;1309
2016-07-03 21:58:02+02;1419
2016-07-04 07:28:01+02;1309
2016-07-04 12:28:01+02;1339
2016-07-04 16:13:01+02;1309
2016-07-04 21:58:01+02;1419
2016-07-05 07:28:01+02;1309
2016-07-05 12:28:01+02;1339
2016-07-05 16:08:01+02;1339
2016-07-05 16:23:01+02;1309
2016-07-05 21:58:01+02;1409
2016-07-06 07:18:01+02;1309
2016-07-06 09:48:01+02;1309
2016-07-06 12:28:01+02;1339
2016-07-06 15:38:01+02;1309
2016-07-06 18:58:01+02;1289
2016-07-06 21:58:01+02;1409
2016-07-07 07:48:01+02;1349
2016-07-07 10:08:01+02;1289
2016-07-07 13:28:01+02;1319
2016-07-07 15:58:01+02;1259
2016-07-07 21:58:01+02;1399
2016-07-08 07:28:01+02;1339
2016-07-08 12:28:01+02;1369
2016-07-08 16:33:01+02;1309
2016-07-08 17:18:01+02;1279
2016-07-08 21:58:01+02;1399
2016-07-09 06:08:01+02;1349
2016-07-09 07:18:01+02;1339
2016-07-09 09:28:01+02;1309
2016-07-09 12:28:01+02;1339
2016-07-09 13:48:01+02;1309
2016-07-09 17:38:01+02;1279
2016-07-09 18:58:01+02;1279
2016-07-09 21:58:02+02;1399
2016-07-10 07:48:01+02;1329
2016-07-10 11:48:01+02;1309
2016-07-10 12:28:01+02;1339
2016-07-10 13:28:01+02;1309
2016-07-10 15:28:01+02;1299
2016-07-10 16:58:01+02;1289
2016-07-10 21:58:02+02;1399
2016-07-11 07:38:01+02;1329
2016-07-11 07:48:02+02;1329
2016-07-11 12:28:01+02;1359
2016-07-11 15:08:01+02;1279
2016-07-11 21:58:01+02;1399
2016-07-12 07:48:01+02;1399
2016-07-12 07:58:01+02;1329
2016-07-12 12:28:01+02;1359
2016-07-12 15:08:01+02;1289
2016-07-12 15:13:01+02;1289
2016-07-12 21:58:01+02;1399
2016-07-13 07:48:02+02;1399
2016-07-13 08:03:01+02;1329
2016-07-13 12:28:01+02;1359
2016-07-13 14:13:01+02;1309
2016-07-13 16:08:01+02;1289
2016-07-13 18:18:01+02;1269
2016-07-13 21:58:01+02;1399
2016-07-14 07:58:01+02;1319
2016-07-14 12:28:01+02;1349
2016-07-14 15:18:01+02;1279
2016-07-14 21:58:01+02;1399
2016-07-15 07:48:01+02;1319
2016-07-15 12:28:01+02;1349
2016-07-15 15:08:01+02;1279
2016-07-15 19:18:01+02;1249
2016-07-15 20:58:01+02;1249
2016-07-15 21:58:01+02;1399
2016-07-16 06:18:01+02;1329
2016-07-16 09:08:01+02;1329
2016-07-16 09:38:01+02;1309
2016-07-16 12:28:01+02;1339
2016-07-16 13:38:01+02;1309
2016-07-16 14:58:01+02;1279
2016-07-16 16:28:01+02;1249
2016-07-16 21:58:01+02;1399
2016-07-17 07:58:01+02;1329
2016-07-17 08:38:01+02;1319
2016-07-17 11:38:01+02;1299
2016-07-17 12:28:01+02;1329
2016-07-17 13:48:01+02;1279
2016-07-17 21:58:01+02;1399
2016-07-18 07:48:01+02;1399
2016-07-18 07:53:01+02;1329
2016-07-18 12:28:01+02;1359
2016-07-18 14:28:01+02;1329
2016-07-18 18:48:01+02;1239
2016-07-18 21:58:01+02;1389
2016-07-19 07:38:01+02;1319
2016-07-19 11:48:01+02;1289
2016-07-19 12:28:01+02;1319
2016-07-19 14:08:01+02;1289
2016-07-19 16:08:01+02;1249
2016-07-19 21:58:01+02;1399
2016-07-20 07:28:01+02;1319
2016-07-20 12:28:01+02;1349
2016-07-20 14:58:01+02;1309
2016-07-20 16:38:01+02;1279
2016-07-20 21:58:01+02;1389
2016-07-21 07:28:01+02;1309
2016-07-21 10:58:01+02;1299
2016-07-21 12:28:01+02;1329
2016-07-21 15:08:01+02;1279
2016-07-21 16:48:01+02;1269
2016-07-21 21:58:01+02;1389
2016-07-22 07:28:01+02;1329
2016-07-22 10:58:01+02;1299
2016-07-22 12:28:01+02;1329
2016-07-22 15:18:01+02;1279
2016-07-22 16:38:01+02;1279
2016-07-22 21:58:01+02;1389
2016-07-23 06:18:01+02;1339
2016-07-23 06:58:01+02;1329
2016-07-23 09:28:01+02;1329
2016-07-23 09:48:01+02;1309
2016-07-23 11:58:01+02;1279
2016-07-23 12:28:01+02;1309
2016-07-23 13:33:01+02;1299
2016-07-23 14:08:01+02;1299
2016-07-23 15:38:01+02;1269
2016-07-23 21:58:01+02;1389
2016-07-24 08:08:01+02;1329
2016-07-24 10:38:01+02;1309
2016-07-24 11:28:01+02;1299
2016-07-24 12:28:01+02;1329
2016-07-24 13:48:01+02;1289
2016-07-24 16:08:01+02;1259
2016-07-24 21:58:01+02;1389
2016-07-25 07:48:01+02;1309
2016-07-25 12:28:01+02;1339
2016-07-25 14:43:01+02;1269
2016-07-25 21:58:01+02;1389
2016-07-26 07:43:01+02;1279
2016-07-26 12:28:01+02;1309
2016-07-26 15:08:01+02;1299
2016-07-26 16:18:01+02;1259
2016-07-26 21:58:01+02;1389
2016-07-27 07:18:01+02;1279
2016-07-27 12:08:01+02;1239
2016-07-27 12:28:01+02;1269
2016-07-27 14:18:02+02;1259
2016-07-27 15:23:01+02;1249
2016-07-27 21:58:01+02;1379
2016-07-28 07:28:01+02;1279
2016-07-28 12:28:01+02;1309
2016-07-28 13:58:01+02;1309
2016-07-28 14:18:01+02;1269
2016-07-28 16:38:01+02;1269
2016-07-28 21:59:01+02;1369
2016-07-29 08:09:01+02;1319
2016-07-29 12:28:01+02;1349
2016-07-29 15:09:01+02;1289
2016-07-29 16:21:02+02;1239
2016-07-29 21:59:01+02;1359
2016-07-30 06:49:01+02;1319
2016-07-30 09:09:01+02;1279
2016-07-30 12:28:01+02;1309
2016-07-30 13:48:01+02;1279
2016-07-30 15:19:01+02;1269
2016-07-30 21:59:01+02;1359
2016-07-31 08:08:01+02;1319
2016-07-31 09:59:01+02;1269
2016-07-31 12:28:01+02;1299
2016-07-31 13:48:01+02;1289
2016-07-31 15:59:01+02;1259
2016-07-31 21:59:01+02;1359
2016-08-01 07:28:01+02;1279
2016-08-01 12:28:01+02;1309
2016-08-01 15:48:01+02;1259
2016-08-01 16:48:01+02;1239
2016-08-01 21:59:01+02;1359
2016-08-02 07:39:01+02;1279
2016-08-02 12:28:01+02;1309
2016-08-02 14:08:01+02;1279
2016-08-02 16:28:01+02;1269
2016-08-02 21:59:01+02;1359
2016-08-03 07:28:01+02;1279
2016-08-03 11:19:01+02;1249
2016-08-03 12:28:01+02;1279
2016-08-03 14:48:01+02;1249
2016-08-03 21:59:01+02;1369
2016-08-04 07:39:01+02;1279
2016-08-04 11:28:01+02;1279
2016-08-04 12:28:01+02;1309
2016-08-04 15:19:01+02;1259
2016-08-04 21:59:01+02;1369
2016-08-05 07:28:01+02;1309
2016-08-05 11:19:01+02;1249
2016-08-05 12:28:01+02;1279
2016-08-05 15:19:01+02;1259
2016-08-05 21:59:01+02;1369
2016-08-06 06:39:01+02;1309
2016-08-06 08:39:01+02;1279
2016-08-06 11:19:01+02;1259
2016-08-06 12:28:01+02;1289
2016-08-06 13:43:01+02;1279
2016-08-06 14:39:02+02;1259
2016-08-06 16:48:01+02;1239
2016-08-06 21:59:02+02;1369
2016-08-07 07:48:01+02;1309
2016-08-07 08:48:01+02;1279
2016-08-07 10:28:01+02;1259
2016-08-07 12:19:01+02;1259
2016-08-07 12:28:01+02;1289
2016-08-07 13:59:01+02;1259
2016-08-07 19:19:01+02;1219
2016-08-07 21:59:01+02;1369
2016-08-08 07:39:01+02;1279
2016-08-08 07:48:01+02;1269
2016-08-08 12:28:01+02;1299
2016-08-08 15:43:01+02;1269
2016-08-08 17:28:01+02;1269
2016-08-08 17:39:01+02;1249
2016-08-08 21:59:01+02;1379
2016-08-09 07:28:01+02;1279
2016-08-09 12:28:01+02;1309
2016-08-09 14:28:01+02;1279
2016-08-09 16:19:01+02;1269
2016-08-09 17:48:01+02;1259
2016-08-09 17:53:01+02;1259
2016-08-09 21:59:01+02;1379
2016-08-10 07:39:01+02;1379
2016-08-10 07:48:01+02;1259
2016-08-10 12:28:01+02;1289
2016-08-10 15:28:01+02;1259
2016-08-10 17:08:01+02;1249
2016-08-10 18:19:01+02;1229
2016-08-10 21:59:01+02;1369
2016-08-11 07:39:02+02;1299
2016-08-11 09:48:01+02;1279
2016-08-11 12:28:01+02;1309
2016-08-11 14:59:01+02;1279
2016-08-11 18:39:01+02;1259
2016-08-11 21:59:01+02;1379
2016-08-12 07:39:01+02;1319
2016-08-12 09:19:01+02;1279
2016-08-12 09:23:01+02;1279
2016-08-12 12:28:01+02;1309
2016-08-12 14:39:01+02;1309
2016-08-12 15:03:01+02;1269
2016-08-12 17:39:01+02;1259
2016-08-12 19:08:02+02;1249
2016-08-12 21:59:01+02;1379
2016-08-13 06:39:01+02;1319
2016-08-13 08:08:01+02;1279
2016-08-13 08:19:01+02;1279
2016-08-13 10:39:01+02;1279
2016-08-13 12:28:01+02;1309
2016-08-13 13:48:01+02;1299
2016-08-13 13:59:01+02;1279
2016-08-13 16:08:01+02;1259
2016-08-13 17:19:01+02;1239
2016-08-13 21:59:01+02;1379
2016-08-14 09:28:01+02;1299
2016-08-14 09:39:02+02;1299
2016-08-14 10:28:01+02;1279
2016-08-14 12:28:01+02;1309
2016-08-14 13:28:01+02;1279
2016-08-14 16:48:01+02;1239
2016-08-14 21:59:02+02;1379
2016-08-15 07:28:01+02;1319
2016-08-15 11:19:01+02;1299
2016-08-15 12:28:01+02;1329
2016-08-15 14:48:01+02;1269
2016-08-15 16:39:01+02;1239
2016-08-15 21:59:01+02;1389
2016-08-16 07:39:02+02;1289
2016-08-16 12:28:01+02;1319
2016-08-16 14:59:01+02;1259
2016-08-16 20:48:01+02;1229
2016-08-16 21:08:01+02;1229
2016-08-16 21:59:01+02;1389
2016-08-17 07:48:01+02;1309
2016-08-17 12:08:01+02;1299
2016-08-17 12:28:01+02;1329
2016-08-17 15:03:01+02;1299
2016-08-17 16:19:01+02;1279
2016-08-17 21:59:01+02;1399
2016-08-18 07:23:01+02;1319
2016-08-18 10:19:01+02;1259
2016-08-18 12:28:01+02;1289
2016-08-18 14:39:01+02;1289
2016-08-18 14:43:01+02;1259
2016-08-18 21:59:01+02;1399
2016-08-19 07:33:02+02;1319
2016-08-19 09:48:01+02;1299
2016-08-19 11:08:01+02;1299
2016-08-19 12:28:01+02;1329
2016-08-19 14:48:01+02;1299
2016-08-19 16:19:01+02;1279
2016-08-19 21:59:01+02;1409
2016-08-20 06:48:01+02;1349
2016-08-20 10:08:01+02;1259
2016-08-20 12:28:01+02;1289
2016-08-20 13:39:01+02;1279
2016-08-20 15:08:01+02;1259
2016-08-20 21:59:01+02;1409
2016-08-21 07:39:01+02;1329
2016-08-21 09:28:01+02;1319
2016-08-21 10:28:01+02;1259
2016-08-21 12:28:02+02;1289
2016-08-21 13:39:01+02;1279
2016-08-21 16:48:01+02;1259
2016-08-21 21:59:01+02;1409
2016-08-22 07:28:01+02;1259
2016-08-22 12:28:01+02;1289
2016-08-22 15:08:01+02;1259
2016-08-22 21:59:01+02;1409
2016-08-23 07:39:01+02;1329
2016-08-23 09:48:01+02;1319
2016-08-23 12:08:01+02;1299
2016-08-23 12:28:01+02;1329
2016-08-23 14:39:01+02;1309
2016-08-23 16:48:01+02;1279
2016-08-23 22:03:01+02;1409
2016-08-24 07:48:01+02;1329
2016-08-24 10:28:01+02;1309
2016-08-24 12:08:01+02;1259
2016-08-24 12:28:01+02;1289
2016-08-24 15:28:01+02;1289
2016-08-24 15:33:01+02;1259
2016-08-24 20:19:01+02;1239
2016-08-24 21:59:01+02;1389
2016-08-25 07:28:01+02;1329
2016-08-25 12:08:01+02;1319
2016-08-25 12:19:01+02;1309
2016-08-25 12:28:01+02;1339
2016-08-25 15:08:01+02;1299
2016-08-25 21:59:01+02;1409
2016-08-26 07:48:01+02;1409
2016-08-26 07:59:01+02;1329
2016-08-26 10:28:01+02;1289
2016-08-26 11:59:01+02;1269
2016-08-26 12:28:01+02;1299
2016-08-26 15:19:01+02;1289
2016-08-26 15:28:01+02;1269
2016-08-26 21:59:01+02;1409
2016-08-27 06:19:01+02;1359
2016-08-27 07:39:01+02;1269
2016-08-27 12:28:01+02;1299
2016-08-27 13:48:01+02;1269
2016-08-27 19:28:01+02;1259
2016-08-27 21:59:01+02;1409
2016-08-28 07:59:01+02;1339
2016-08-28 09:19:01+02;1329
2016-08-28 10:19:01+02;1269
2016-08-28 12:28:01+02;1299
2016-08-28 13:39:01+02;1279
2016-08-28 14:19:01+02;1269
2016-08-28 17:39:02+02;1259
2016-08-28 21:59:01+02;1409
2016-08-29 07:48:01+02;1339
2016-08-29 10:43:01+02;1319
2016-08-29 12:28:01+02;1349
2016-08-29 14:48:02+02;1289
2016-08-29 16:48:01+02;1269
2016-08-29 18:08:01+02;1259
2016-08-29 21:59:01+02;1409
2016-08-30 07:39:01+02;1329
2016-08-30 10:28:01+02;1319
2016-08-30 12:28:01+02;1349
2016-08-30 14:48:01+02;1309
2016-08-30 16:28:01+02;1269
2016-08-30 20:39:01+02;1254
2016-08-30 21:59:01+02;1409
2016-08-31 07:38:01+02;1329
2016-08-31 11:38:01+02;1299
2016-08-31 12:28:02+02;1329
2016-08-31 15:33:01+02;1299
2016-08-31 16:38:01+02;1279
2016-08-31 17:48:01+02;1269
2016-08-31 21:58:01+02;1399
2016-09-01 07:58:01+02;1339
2016-09-01 12:28:01+02;1369
2016-09-01 14:18:01+02;1319
2016-09-01 15:53:01+02;1309
2016-09-01 16:48:01+02;1289
2016-09-01 19:18:01+02;1279
2016-09-01 21:58:01+02;1389
2016-09-02 07:28:01+02;1389
2016-09-02 07:38:01+02;1359
2016-09-02 10:58:01+02;1299
2016-09-02 12:28:01+02;1329
2016-09-02 14:48:01+02;1299
2016-09-02 14:53:01+02;1299
2016-09-02 17:18:01+02;1269
2016-09-02 21:58:01+02;1379
2016-09-03 06:18:01+02;1359
2016-09-03 06:58:01+02;1359
2016-09-03 07:58:01+02;1269
2016-09-03 08:18:01+02;1269
2016-09-03 12:28:01+02;1299
2016-09-03 15:58:01+02;1289
2016-09-03 16:38:01+02;1269
2016-09-03 21:58:01+02;1379
2016-09-04 07:58:01+02;1349
2016-09-04 08:28:01+02;1329
2016-09-04 09:38:01+02;1269
2016-09-04 12:28:02+02;1299
2016-09-04 13:58:01+02;1289
2016-09-04 14:48:01+02;1269
2016-09-04 21:58:01+02;1379
2016-09-05 07:38:01+02;1329
2016-09-05 12:08:01+02;1299
2016-09-05 12:28:01+02;1329
2016-09-05 14:48:01+02;1279
2016-09-05 15:48:01+02;1269
2016-09-05 18:18:01+02;1249
2016-09-05 19:38:01+02;1249
2016-09-05 21:58:01+02;1389
2016-09-06 07:58:01+02;1319
2016-09-06 11:28:01+02;1309
2016-09-06 12:28:01+02;1339
2016-09-06 15:38:01+02;1289
2016-09-06 18:18:01+02;1259
2016-09-06 21:58:01+02;1389
2016-09-07 07:27:31+02;1319
2016-09-07 09:27:31+02;1319
2016-09-07 09:47:31+02;1299
2016-09-07 11:47:31+02;1299
2016-09-07 12:02:31+02;1279
2016-09-07 12:27:31+02;1309
2016-09-07 13:57:31+02;1299
2016-09-07 15:37:31+02;1269
2016-09-07 20:07:31+02;1229
2016-09-07 21:57:31+02;1379
2016-09-08 07:57:31+02;1319
2016-09-08 12:27:32+02;1349
2016-09-08 15:37:31+02;1259
2016-09-08 15:42:31+02;1259
2016-09-08 18:17:31+02;1229
2016-09-08 21:57:31+02;1379
2016-09-09 07:57:31+02;1319
2016-09-09 12:27:31+02;1349
2016-09-09 15:32:31+02;1289
2016-09-09 17:47:31+02;1269
2016-09-09 21:57:31+02;1409
2016-09-10 06:37:31+02;1349
2016-09-10 09:07:31+02;1269
2016-09-10 12:27:31+02;1299
2016-09-10 13:37:31+02;1269
2016-09-10 21:57:31+02;1409
2016-09-11 08:07:32+02;1329
2016-09-11 11:07:31+02;1319
2016-09-11 12:27:31+02;1349
2016-09-11 13:37:31+02;1329
2016-09-11 14:27:31+02;1299
2016-09-11 15:57:31+02;1269
2016-09-11 16:32:31+02;1249
2016-09-11 21:57:31+02;1399
2016-09-12 08:07:31+02;1399
2016-09-12 08:12:31+02;1329
2016-09-12 08:17:31+02;1319
2016-09-12 12:27:31+02;1349
2016-09-12 14:47:31+02;1349
2016-09-12 15:22:31+02;1269
2016-09-12 21:57:31+02;1419
2016-09-13 08:27:31+02;1319
2016-09-13 12:27:31+02;1349
2016-09-13 14:42:31+02;1299
2016-09-13 21:57:31+02;1409
2016-09-14 07:57:31+02;1409
2016-09-14 08:22:31+02;1329
2016-09-14 12:27:31+02;1359
2016-09-14 16:42:31+02;1254
2016-09-14 16:47:31+02;1259
2016-09-14 17:57:32+02;1259
2016-09-14 21:57:31+02;1399
2016-09-15 07:47:31+02;1309
2016-09-15 12:27:31+02;1339
2016-09-15 13:48:31+02;1339
2016-09-15 15:17:31+02;1289
2016-09-15 16:35:31+02;1289
2016-09-15 17:50:31+02;1289
2016-09-15 19:05:31+02;1289
2016-09-15 19:45:31+02;1289
2016-09-15 21:57:31+02;1409
2016-09-16 07:37:31+02;1319
2016-09-16 10:45:31+02;1319
2016-09-16 11:57:31+02;1299
2016-09-16 12:27:31+02;1329
2016-09-16 14:47:31+02;1309
2016-09-16 17:17:31+02;1259
2016-09-16 18:07:31+02;1259
2016-09-16 21:57:31+02;1409
2016-09-17 07:07:31+02;1329
2016-09-17 08:07:31+02;1259
2016-09-17 11:47:31+02;1259
2016-09-17 11:57:31+02;1249
2016-09-17 12:27:31+02;1279
2016-09-17 14:27:31+02;1259
2016-09-17 17:12:31+02;1249
2016-09-17 21:57:31+02;1399
2016-09-18 07:47:31+02;1329
2016-09-18 08:57:31+02;1319
2016-09-18 10:27:31+02;1299
2016-09-18 12:27:31+02;1329
2016-09-18 13:37:31+02;1309
2016-09-18 14:54:31+02;1309
2016-09-18 14:57:31+02;1279
2016-09-18 16:15:31+02;1279
2016-09-18 17:32:31+02;1279
2016-09-18 18:44:31+02;1279
2016-09-18 19:30:31+02;1279
2016-09-18 21:57:31+02;1419
2016-09-19 07:27:31+02;1319
2016-09-19 11:47:31+02;1299
2016-09-19 12:27:31+02;1329
2016-09-19 15:07:31+02;1289
2016-09-19 16:17:31+02;1269
2016-09-19 17:37:31+02;1259
2016-09-19 18:57:31+02;1249
2016-09-19 21:57:31+02;1399
2016-09-20 07:37:31+02;1319
2016-09-20 12:17:31+02;1269
2016-09-20 12:27:31+02;1299
2016-09-20 14:37:31+02;1269
2016-09-20 18:07:31+02;1249
2016-09-20 21:57:31+02;1399
2016-09-21 07:37:31+02;1329
2016-09-21 09:27:31+02;1249
2016-09-21 12:27:31+02;1279
2016-09-21 14:47:32+02;1249
2016-09-21 21:57:31+02;1399
2016-09-22 07:37:31+02;1319
2016-09-22 11:27:31+02;1299
2016-09-22 12:27:31+02;1329
2016-09-22 14:37:31+02;1309
2016-09-22 16:17:31+02;1299
2016-09-22 16:37:31+02;1269
2016-09-22 18:17:31+02;1259
2016-09-22 19:57:31+02;1239
2016-09-22 21:58:31+02;1389
2016-09-23 07:27:31+02;1319
2016-09-23 09:47:31+02;1299
2016-09-23 12:27:31+02;1329
2016-09-23 15:57:31+02;1299
2016-09-23 16:07:31+02;1259
2016-09-23 17:47:31+02;1249
2016-09-23 21:57:31+02;1399
2016-09-24 06:17:31+02;1329
2016-09-24 08:27:31+02;1319
2016-09-24 10:57:31+02;1299
2016-09-24 12:27:31+02;1329
2016-09-24 13:27:31+02;1299
2016-09-24 15:57:31+02;1289
2016-09-24 16:37:31+02;1279
2016-09-24 17:17:31+02;1269
2016-09-24 17:37:31+02;1259
2016-09-24 21:57:32+02;1399
2016-09-25 07:47:32+02;1339
2016-09-25 10:07:31+02;1329
2016-09-25 10:57:31+02;1319
2016-09-25 11:47:31+02;1309
2016-09-25 12:27:31+02;1339
2016-09-25 15:37:31+02;1319
2016-09-25 16:07:31+02;1299
2016-09-25 17:47:31+02;1289
2016-09-25 21:57:31+02;1399
2016-09-26 07:37:31+02;1329
2016-09-26 11:17:31+02;1309
2016-09-26 12:27:31+02;1339
2016-09-26 16:27:31+02;1269
2016-09-26 18:32:31+02;1249
2016-09-26 21:57:31+02;1399
2016-09-27 07:47:31+02;1329
2016-09-27 12:27:31+02;1359
2016-09-27 14:27:31+02;1249
2016-09-27 17:02:31+02;1249
2016-09-27 21:57:31+02;1399
2016-09-28 07:37:31+02;1309
2016-09-28 12:27:31+02;1339
2016-09-28 16:17:31+02;1279
2016-09-28 21:57:32+02;1399
2016-09-29 08:27:31+02;1329
2016-09-29 09:47:31+02;1259
2016-09-29 12:27:31+02;1289
2016-09-29 15:07:31+02;1259
2016-09-29 17:07:31+02;1249
2016-09-29 21:57:31+02;1399
2016-09-30 07:27:31+02;1309
2016-09-30 12:27:31+02;1339
2016-09-30 15:27:31+02;1289
2016-09-30 15:32:31+02;1289
2016-09-30 17:06:31+02;1259
2016-09-30 18:57:31+02;1249
2016-09-30 21:57:31+02;1399
2016-10-01 06:17:31+02;1339
2016-10-01 08:17:31+02;1319
2016-10-01 12:27:31+02;1349
2016-10-01 14:02:31+02;1319
2016-10-01 15:47:31+02;1289
2016-10-01 17:47:31+02;1279
2016-10-01 21:57:31+02;1429
2016-10-02 07:57:31+02;1339
2016-10-02 09:47:31+02;1329
2016-10-02 10:27:31+02;1319
2016-10-02 11:07:31+02;1319
2016-10-02 12:27:31+02;1349
2016-10-02 14:07:31+02;1319
2016-10-02 15:27:31+02;1299
2016-10-02 17:42:31+02;1279
2016-10-02 21:57:31+02;1429
2016-10-03 07:37:31+02;1329
2016-10-03 09:37:31+02;1259
2016-10-03 12:27:31+02;1289
2016-10-03 13:37:31+02;1279
2016-10-03 14:37:31+02;1259
2016-10-03 21:57:31+02;1409
2016-10-04 07:37:31+02;1329
2016-10-04 12:27:31+02;1359
2016-10-04 14:27:31+02;1279
2016-10-04 16:37:31+02;1259
2016-10-04 16:42:31+02;1259
2016-10-04 21:57:31+02;1409
2016-10-05 07:37:31+02;1329
2016-10-05 12:27:31+02;1359
2016-10-05 14:47:31+02;1309
2016-10-05 17:57:31+02;1269
2016-10-05 21:57:31+02;1419
2016-10-06 07:27:31+02;1339
2016-10-06 11:27:31+02;1269
2016-10-06 11:32:31+02;1269
2016-10-06 12:27:31+02;1299
2016-10-06 15:07:31+02;1269
2016-10-06 15:12:31+02;1269
2016-10-06 21:57:31+02;1419
2016-10-07 07:47:31+02;1339
2016-10-07 10:07:31+02;1309
2016-10-07 12:27:31+02;1339
2016-10-07 16:02:31+02;1299
2016-10-07 17:57:31+02;1279
2016-10-07 21:57:31+02;1429
2016-10-08 06:37:31+02;1359
2016-10-08 07:57:31+02;1339
2016-10-08 12:27:31+02;1369
2016-10-08 14:07:31+02;1359
2016-10-08 14:27:31+02;1339
2016-10-08 15:17:31+02;1319
2016-10-08 15:47:31+02;1319
2016-10-08 16:27:31+02;1299
2016-10-08 16:57:31+02;1289
2016-10-08 21:57:31+02;1439
2016-10-09 07:37:31+02;1369
2016-10-09 08:17:31+02;1289
2016-10-09 12:27:31+02;1319
2016-10-09 13:27:31+02;1299
2016-10-09 13:42:31+02;1289
2016-10-09 21:57:31+02;1439
2016-10-10 07:37:31+02;1359
2016-10-10 11:32:31+02;1289
2016-10-10 12:27:31+02;1319
2016-10-10 14:37:31+02;1289
2016-10-10 21:57:31+02;1439
2016-10-11 07:27:31+02;1339
2016-10-11 10:07:31+02;1289
2016-10-11 12:27:31+02;1319
2016-10-11 14:52:31+02;1289
2016-10-11 16:57:31+02;1269
2016-10-11 17:02:31+02;1269
2016-10-11 21:57:31+02;1419
2016-10-12 07:27:31+02;1339
2016-10-12 12:27:31+02;1369
2016-10-12 14:07:31+02;1329
2016-10-12 14:12:31+02;1329
2016-10-12 16:47:31+02;1289
2016-10-12 18:17:31+02;1279
2016-10-12 21:57:32+02;1429
2016-10-13 07:47:31+02;1349
2016-10-13 07:52:31+02;1349
2016-10-13 12:27:31+02;1379
2016-10-13 16:57:31+02;1299
2016-10-13 18:07:31+02;1279
2016-10-13 19:27:31+02;1269
2016-10-13 21:57:31+02;1419
2016-10-14 07:47:31+02;1339
2016-10-14 10:57:31+02;1339
2016-10-14 12:27:31+02;1369
2016-10-14 14:47:31+02;1329
2016-10-14 16:37:31+02;1299
2016-10-14 21:57:31+02;1429
2016-10-15 15:50:07+02;1289
2016-10-15 18:10:31+02;1279
2016-10-15 21:58:31+02;1429
2016-10-16 08:02:31+02;1349
2016-10-16 09:47:31+02;1349
2016-10-16 10:17:31+02;1339
2016-10-16 10:27:31+02;1339
2016-10-16 10:57:31+02;1289
2016-10-16 12:27:31+02;1319
2016-10-16 13:47:31+02;1289
2016-10-16 21:57:31+02;1429
2016-10-17 07:37:31+02;1359
2016-10-17 11:37:31+02;1289
2016-10-17 12:27:31+02;1319
2016-10-17 14:37:31+02;1289
2016-10-17 17:47:31+02;1269
2016-10-17 17:52:31+02;1269
2016-10-17 21:57:31+02;1419
2016-10-18 07:47:31+02;1339
2016-10-18 12:26:31+02;1369
2016-10-18 16:07:31+02;1299
2016-10-18 21:57:31+02;1439
2016-10-19 07:37:31+02;1269
2016-10-19 12:27:31+02;1299
2016-10-19 15:27:31+02;1269
2016-10-19 21:57:31+02;1419
2016-10-20 07:37:31+02;1339
2016-10-20 11:07:31+02;1269
2016-10-20 12:27:31+02;1299
2016-10-20 14:57:31+02;1269
2016-10-20 21:57:31+02;1419
2016-10-21 07:47:31+02;1339
2016-10-21 11:57:31+02;1279
2016-10-21 12:27:31+02;1309
2016-10-21 15:17:31+02;1269
2016-10-21 19:27:31+02;1264
2016-10-21 21:57:31+02;1414
2016-10-22 06:22:31+02;1359
2016-10-22 07:57:31+02;1339
2016-10-22 09:07:31+02;1269
2016-10-22 12:27:31+02;1299
2016-10-22 13:27:31+02;1289
2016-10-22 13:47:31+02;1289
2016-10-22 14:57:31+02;1269
2016-10-22 18:37:31+02;1259
2016-10-22 21:57:31+02;1409
2016-10-23 08:32:31+02;1349
2016-10-23 09:27:31+02;1339
2016-10-23 10:27:31+02;1269
2016-10-23 12:27:31+02;1299
2016-10-23 13:47:31+02;1289
2016-10-23 14:57:31+02;1269
2016-10-23 15:57:31+02;1269
2016-10-23 18:17:31+02;1269
2016-10-23 21:57:31+02;1419
2016-10-24 07:57:31+02;1349
2016-10-24 10:07:31+02;1279
2016-10-24 12:27:31+02;1309
2016-10-24 15:57:31+02;1269
2016-10-24 16:02:31+02;1269
2016-10-24 21:57:31+02;1419
2016-10-25 07:57:31+02;1329
2016-10-25 11:07:31+02;1269
2016-10-25 12:27:31+02;1299
2016-10-25 14:57:31+02;1269
2016-10-25 15:02:31+02;1269
2016-10-25 16:47:31+02;1269
2016-10-25 21:57:31+02;1419
2016-10-26 07:47:31+02;1339
2016-10-26 09:47:32+02;1329
2016-10-26 12:17:31+02;1329
2016-10-26 12:27:31+02;1359
2016-10-26 15:17:32+02;1309
2016-10-26 15:22:31+02;1309
2016-10-26 17:07:31+02;1289
2016-10-26 21:57:31+02;1429
2016-10-27 08:07:31+02;1349
2016-10-27 11:17:31+02;1339
2016-10-27 12:27:31+02;1369
2016-10-27 15:07:31+02;1329
2016-10-27 17:57:31+02;1289
2016-10-27 18:02:31+02;1289
2016-10-27 21:57:31+02;1429
2016-10-28 07:57:31+02;1349
2016-10-28 09:07:31+02;1279
2016-10-28 12:27:31+02;1309
2016-10-28 15:07:31+02;1279
2016-10-28 21:57:31+02;1429
2016-10-29 06:32:31+02;1349
2016-10-29 07:47:31+02;1339
2016-10-29 10:37:31+02;1269
2016-10-29 10:42:31+02;1269
2016-10-29 12:27:31+02;1299
2016-10-29 13:37:31+02;1289
2016-10-29 15:47:31+02;1269
2016-10-29 21:57:31+02;1419
2016-10-30 07:57:31+01;1319
2016-10-30 12:27:31+01;1349
2016-10-30 13:37:31+01;1319
2016-10-30 14:37:31+01;1299
2016-10-30 15:57:31+01;1289
2016-10-30 17:27:31+01;1269
2016-10-30 21:57:31+01;1419
2016-10-31 06:32:31+01;1359
2016-10-31 09:22:31+01;1269
2016-10-31 12:27:31+01;1299
2016-10-31 16:17:31+01;1279
2016-10-31 21:57:31+01;1429
2016-11-01 07:07:31+01;1339
2016-11-01 09:27:31+01;1269
2016-11-01 12:27:31+01;1299
2016-11-01 14:36:31+01;1269
2016-11-01 21:57:31+01;1419
2016-11-02 07:57:31+01;1339
2016-11-02 11:07:31+01;1269
2016-11-02 12:27:32+01;1299
2016-11-02 15:17:31+01;1269
2016-11-02 21:57:31+01;1419
2016-11-03 08:17:31+01;1339
2016-11-03 08:37:31+01;1339
2016-11-03 10:57:31+01;1259
2016-11-03 12:27:31+01;1289
2016-11-03 14:57:31+01;1259
2016-11-03 21:58:31+01;1409
2016-11-04 08:08:31+01;1329
2016-11-04 09:47:31+01;1259
2016-11-04 12:27:31+01;1289
2016-11-04 14:37:31+01;1259
2016-11-04 21:57:31+01;1409
2016-11-05 06:17:31+01;1349
2016-11-05 09:27:31+01;1259
2016-11-05 12:27:31+01;1289
2016-11-05 13:37:32+01;1279
2016-11-05 13:47:31+01;1259
2016-11-05 22:47:31+01;1409
2016-11-06 08:07:31+01;1349
2016-11-06 09:47:31+01;1349
2016-11-06 10:27:31+01;1309
2016-11-06 10:57:31+01;1289
2016-11-06 12:27:31+01;1319
2016-11-06 13:27:31+01;1289
2016-11-06 14:47:31+01;1249
2016-11-06 16:27:31+01;1249
2016-11-06 21:57:31+01;1399
2016-11-07 08:07:31+01;1349
2016-11-07 11:37:31+01;1269
2016-11-07 12:27:31+01;1299
2016-11-07 15:27:31+01;1259
2016-11-07 21:57:31+01;1399
2016-11-08 07:37:31+01;1329
2016-11-08 12:27:31+01;1359
2016-11-08 14:27:31+01;1319
2016-11-08 15:17:31+01;1279
2016-11-08 21:57:31+01;1399
2016-11-09 07:47:31+01;1329
2016-11-09 10:37:31+01;1259
2016-11-09 12:27:31+01;1289
2016-11-09 15:47:31+01;1259
2016-11-09 21:57:31+01;1399
2016-11-10 07:57:31+01;1319
2016-11-10 10:27:31+01;1249
2016-11-10 12:27:31+01;1279
2016-11-10 16:47:31+01;1249
2016-11-10 21:57:31+01;1399
2016-11-11 07:57:31+01;1319
2016-11-11 12:27:31+01;1349
2016-11-11 14:57:31+01;1269
2016-11-11 18:47:31+01;1229
2016-11-11 21:57:31+01;1379
2016-11-12 05:32:31+01;1319
2016-11-12 09:07:31+01;1319
2016-11-12 09:47:31+01;1229
2016-11-12 12:27:31+01;1259
2016-11-12 13:47:31+01;1249
2016-11-12 14:57:31+01;1249
2016-11-12 15:02:31+01;1229
2016-11-12 21:57:31+01;1379
2016-11-13 07:17:31+01;1319
2016-11-13 08:27:31+01;1319
2016-11-13 10:47:31+01;1249
2016-11-13 12:27:31+01;1279
2016-11-13 14:07:31+01;1269
2016-11-13 18:07:31+01;1249
2016-11-13 21:57:31+01;1399
2016-11-14 07:57:31+01;1319
2016-11-14 12:27:31+01;1349
2016-11-14 14:47:31+01;1259
2016-11-14 18:37:31+01;1219
2016-11-14 21:57:31+01;1369
2016-11-15 07:57:31+01;1309
2016-11-15 12:27:31+01;1339
2016-11-15 14:37:31+01;1289
2016-11-15 16:27:31+01;1259
2016-11-15 21:57:31+01;1389
2016-11-16 08:07:32+01;1309
2016-11-16 08:22:31+01;1309
2016-11-16 11:57:31+01;1249
2016-11-16 12:27:31+01;1279
2016-11-16 15:17:31+01;1239
2016-11-16 21:57:31+01;1389
2016-11-17 07:57:31+01;1309
2016-11-17 10:02:31+01;1279
2016-11-17 12:27:31+01;1309
2016-11-17 14:57:32+01;1249
2016-11-17 16:27:31+01;1249
2016-11-17 21:57:31+01;1399
2016-11-18 07:47:31+01;1309
2016-11-18 12:27:31+01;1339
2016-11-18 15:07:31+01;1279
2016-11-18 17:17:31+01;1249
2016-11-18 21:57:31+01;1399
2016-11-19 06:57:31+01;1319
2016-11-19 07:57:31+01;1309
2016-11-19 09:37:31+01;1239
2016-11-19 09:42:31+01;1239
2016-11-19 12:27:31+01;1269
2016-11-19 13:27:31+01;1249
2016-11-19 15:07:31+01;1229
2016-11-19 21:57:31+01;1379
2016-11-20 08:17:31+01;1319
2016-11-20 10:07:31+01;1309
2016-11-20 10:57:31+01;1309
2016-11-20 12:27:31+01;1339
2016-11-20 13:47:31+01;1259
2016-11-20 16:07:31+01;1249
2016-11-20 17:02:31+01;1229
2016-11-20 21:57:31+01;1379
2016-11-21 08:07:31+01;1309
2016-11-21 10:52:31+01;1299
2016-11-21 12:27:31+01;1329
2016-11-21 15:17:31+01;1289
2016-11-21 21:57:32+01;1419
2016-11-22 07:57:31+01;1319
2016-11-22 08:17:31+01;1319
2016-11-22 11:36:31+01;1299
2016-11-22 12:27:31+01;1329
2016-11-22 14:27:31+01;1299
2016-11-22 15:57:31+01;1269
2016-11-22 21:57:31+01;1419
2016-11-23 07:57:31+01;1319
2016-11-23 12:27:31+01;1349
2016-11-23 14:47:31+01;1299
2016-11-23 16:17:31+01;1279
2016-11-23 17:07:31+01;1269
2016-11-23 18:17:31+01;1259
2016-11-23 19:07:31+01;1249
2016-11-23 21:57:31+01;1399
2016-11-24 07:57:31+01;1339
2016-11-24 08:32:31+01;1339
2016-11-24 08:47:31+01;1269
2016-11-24 12:27:31+01;1299
2016-11-24 14:37:31+01;1269
2016-11-24 15:02:31+01;1269
2016-11-24 21:57:31+01;1419
2016-11-25 07:57:31+01;1339
2016-11-25 12:27:31+01;1369
2016-11-25 14:17:31+01;1309
2016-11-25 16:27:31+01;1289
2016-11-25 17:07:31+01;1279
2016-11-25 18:37:31+01;1269
2016-11-25 18:57:31+01;1249
2016-11-25 21:57:31+01;1399
2016-11-26 06:37:31+01;1399
2016-11-26 06:42:31+01;1339
2016-11-26 08:17:31+01;1339
2016-11-26 09:37:31+01;1289
2016-11-26 12:27:31+01;1319
2016-11-26 14:37:31+01;1309
2016-11-26 15:27:31+01;1289
2016-11-26 17:37:31+01;1279
2016-11-26 21:57:31+01;1419
2016-11-27 08:07:31+01;1349
2016-11-27 09:37:31+01;1339
2016-11-27 10:37:31+01;1299
2016-11-27 12:07:31+01;1289
2016-11-27 12:27:31+01;1319
2016-11-27 14:27:31+01;1289
2016-11-27 15:27:31+01;1269
2016-11-27 21:57:31+01;1419
2016-11-28 07:47:31+01;1339
2016-11-28 11:17:31+01;1289
2016-11-28 12:28:31+01;1319
2016-11-28 14:57:31+01;1289
2016-11-28 17:47:31+01;1269
2016-11-28 18:57:31+01;1249
2016-11-28 21:57:31+01;1399
2016-11-29 07:47:31+01;1339
2016-11-29 10:47:31+01;1269
2016-11-29 12:27:31+01;1299
2016-11-29 15:17:31+01;1269
2016-11-29 17:37:31+01;1259
2016-11-29 21:57:31+01;1409
2016-11-30 07:57:31+01;1339
2016-11-30 11:37:31+01;1309
2016-11-30 12:27:31+01;1339
2016-11-30 14:37:31+01;1299
2016-11-30 18:07:31+01;1269
2016-11-30 21:57:31+01;1419
2016-12-01 07:47:31+01;1339
2016-12-01 09:56:31+01;1289
2016-12-01 12:27:31+01;1319
2016-12-01 14:37:31+01;1289
2016-12-01 16:07:31+01;1269
2016-12-01 19:07:32+01;1259
2016-12-01 21:57:31+01;1409
2016-12-02 07:57:31+01;1329
2016-12-02 09:17:31+01;1269
2016-12-02 12:27:31+01;1299
2016-12-02 16:27:31+01;1279
2016-12-02 18:17:31+01;1269
2016-12-02 18:22:31+01;1269
2016-12-02 21:57:31+01;1419
2016-12-03 06:57:31+01;1369
2016-12-03 08:07:31+01;1359
2016-12-03 09:17:31+01;1359
2016-12-03 09:22:31+01;1299
2016-12-03 12:27:31+01;1329
2016-12-03 13:47:31+01;1299
2016-12-03 16:58:32+01;1289
2016-12-03 19:17:31+01;1284
2016-12-03 21:57:31+01;1434
2016-12-04 08:17:32+01;1379
2016-12-04 09:37:31+01;1359
2016-12-04 10:36:31+01;1299
2016-12-04 12:27:31+01;1329
2016-12-04 13:27:31+01;1299
2016-12-04 13:57:32+01;1299
2016-12-04 14:47:31+01;1299
2016-12-04 16:17:31+01;1284
2016-12-04 21:57:31+01;1434
2016-12-05 07:57:31+01;1359
2016-12-05 08:27:31+01;1359
2016-12-05 11:22:31+01;1299
2016-12-05 12:27:31+01;1329
2016-12-05 15:27:31+01;1299
2016-12-05 17:57:31+01;1289
2016-12-05 21:57:31+01;1439
2016-12-06 07:57:31+01;1369
2016-12-06 11:37:31+01;1289
2016-12-06 12:27:31+01;1319
2016-12-06 14:57:31+01;1289
2016-12-06 21:57:31+01;1439
2016-12-07 07:27:31+01;1379
2016-12-07 11:07:31+01;1349
2016-12-07 12:27:31+01;1379
2016-12-07 14:47:31+01;1329
2016-12-07 16:27:31+01;1309
2016-12-07 16:52:32+01;1309
2016-12-07 21:57:31+01;1449
2016-12-08 07:47:31+01;1369
2016-12-08 10:27:31+01;1309
2016-12-08 12:27:31+01;1339
2016-12-08 14:47:31+01;1309
2016-12-08 16:37:31+01;1299
2016-12-08 21:57:31+01;1449
2016-12-09 07:57:31+01;1369
2016-12-09 08:07:32+01;1369
2016-12-09 11:12:31+01;1319
2016-12-09 12:27:31+01;1349
2016-12-09 15:17:31+01;1299
2016-12-09 18:57:31+01;1274
2016-12-09 21:57:31+01;1424
2016-12-10 06:17:31+01;1369
2016-12-10 08:17:31+01;1359
2016-12-10 09:37:31+01;1289
2016-12-10 12:27:31+01;1319
2016-12-10 14:47:31+01;1289
2016-12-10 21:57:31+01;1439
2016-12-11 08:07:31+01;1369
2016-12-11 08:47:31+01;1359
2016-12-11 12:27:31+01;1389
2016-12-11 13:47:31+01;1359
2016-12-11 21:57:31+01;1459
2016-12-12 07:47:31+01;1399
2016-12-12 10:57:31+01;1309
2016-12-12 11:17:32+01;1309
2016-12-12 12:27:31+01;1339
2016-12-12 15:47:31+01;1289
2016-12-12 21:57:31+01;1439
2016-12-13 08:07:31+01;1369
2016-12-13 10:27:31+01;1339
2016-12-13 12:27:31+01;1369
2016-12-13 15:17:32+01;1329
2016-12-13 16:37:31+01;1309
2016-12-13 21:57:31+01;1459
2016-12-14 07:47:31+01;1379
2016-12-14 07:57:31+01;1379
2016-12-14 09:37:31+01;1319
2016-12-14 12:27:31+01;1349
2016-12-14 14:37:31+01;1339
2016-12-14 15:37:31+01;1319
2016-12-14 21:56:31+01;1469
2016-12-15 07:47:31+01;1379
2016-12-15 09:47:31+01;1319
2016-12-15 12:27:31+01;1349
2016-12-15 14:27:31+01;1319
2016-12-15 17:17:31+01;1309
2016-12-15 19:57:31+01;1289
2016-12-15 21:57:31+01;1439
2016-12-16 07:47:31+01;1379
2016-12-16 11:26:31+01;1319
2016-12-16 12:27:32+01;1349
2016-12-16 14:57:31+01;1339
2016-12-16 21:57:31+01;1479
2016-12-17 06:17:31+01;1389
2016-12-17 08:07:31+01;1379
2016-12-17 08:47:31+01;1319
2016-12-17 12:27:31+01;1349
2016-12-17 16:47:31+01;1309
2016-12-17 19:27:31+01;1309
2016-12-17 19:52:31+01;1299
2016-12-17 21:57:31+01;1449
2016-12-18 07:57:31+01;1389
2016-12-18 09:07:31+01;1379
2016-12-18 10:47:31+01;1309
2016-12-18 12:27:31+01;1339
2016-12-18 14:19:31+01;1339
2016-12-18 15:17:31+01;1319
2016-12-18 15:57:31+01;1299
2016-12-18 21:57:31+01;1449
2016-12-19 07:47:31+01;1379
2016-12-19 09:27:31+01;1339
2016-12-19 12:27:31+01;1369
2016-12-19 15:47:31+01;1329
2016-12-19 17:47:31+01;1299
2016-12-19 17:52:31+01;1299
2016-12-19 21:57:31+01;1449
2016-12-20 07:47:31+01;1379
2016-12-20 10:57:31+01;1319
2016-12-20 12:52:32+01;1349
2016-12-20 14:37:31+01;1319
2016-12-20 21:57:31+01;1469
2016-12-21 07:47:31+01;1389
2016-12-21 10:57:31+01;1379
2016-12-21 11:02:31+01;1379
2016-12-21 12:27:31+01;1409
2016-12-21 14:57:31+01;1339
2016-12-21 21:57:31+01;1489
2016-12-22 07:27:31+01;1389
2016-12-22 10:27:31+01;1309
2016-12-22 12:27:31+01;1339
2016-12-22 15:07:31+01;1309
2016-12-22 21:57:31+01;1459
2016-12-23 07:37:31+01;1459
2016-12-23 07:42:31+01;1399
2016-12-23 10:07:31+01;1319
2016-12-23 12:27:31+01;1349
2016-12-23 16:27:31+01;1319
2016-12-23 16:32:31+01;1319
2016-12-23 21:57:31+01;1469
2016-12-24 06:17:31+01;1469
2016-12-24 06:37:31+01;1399
2016-12-24 07:47:31+01;1389
2016-12-24 08:17:31+01;1379
2016-12-24 11:37:31+01;1359
2016-12-24 12:32:31+01;1389
2016-12-24 16:17:31+01;1359
2016-12-24 21:57:31+01;1489
2016-12-25 07:57:31+01;1419
2016-12-25 08:57:31+01;1409
2016-12-25 09:47:31+01;1409
2016-12-25 10:47:31+01;1389
2016-12-25 11:07:31+01;1369
2016-12-25 12:27:31+01;1399
2016-12-25 13:47:31+01;1389
2016-12-25 16:07:31+01;1369
2016-12-25 21:56:31+01;1489
2016-12-26 07:57:31+01;1389
2016-12-26 09:57:31+01;1309
2016-12-26 12:27:31+01;1339
2016-12-26 21:57:31+01;1489
2016-12-27 07:37:31+01;1399
2016-12-27 09:57:31+01;1379
2016-12-27 12:27:31+01;1409
2016-12-27 15:07:31+01;1329
2016-12-27 21:57:31+01;1479
2016-12-28 07:17:31+01;1389
2016-12-28 09:17:31+01;1329
2016-12-28 12:27:31+01;1359
2016-12-28 15:37:31+01;1329
2016-12-28 21:57:31+01;1479
2016-12-29 07:27:31+01;1389
2016-12-29 10:27:31+01;1329
2016-12-29 12:27:31+01;1359
2016-12-29 14:37:31+01;1329
2016-12-29 21:57:31+01;1479
2016-12-30 07:27:31+01;1399
2016-12-30 09:17:31+01;1329
2016-12-30 12:27:31+01;1359
2016-12-30 14:57:31+01;1329
2016-12-30 21:57:31+01;1479
2016-12-31 06:17:31+01;1409
2016-12-31 07:47:31+01;1389
2016-12-31 08:37:31+01;1329
2016-12-31 12:27:31+01;1359
2016-12-31 13:27:31+01;1349
2016-12-31 21:57:31+01;1489
2017-01-02 09:02:31+01;1409
2017-01-02 09:47:31+01;1339
2017-01-02 12:27:31+01;1369
2017-01-02 14:17:31+01;1339
2017-01-02 17:07:31+01;1329
2017-01-02 21:57:31+01;1479
2017-01-03 07:57:31+01;1409
2017-01-03 10:57:31+01;1329
2017-01-03 12:27:31+01;1359
2017-01-03 14:47:31+01;1329
2017-01-03 21:57:31+01;1479
2017-01-04 07:47:31+01;1409
2017-01-04 10:37:31+01;1389
2017-01-04 12:27:31+01;1419
2017-01-04 14:47:31+01;1369
2017-01-04 16:17:31+01;1349
2017-01-04 21:57:31+01;1489
2017-01-05 07:57:31+01;1419
2017-01-05 09:26:31+01;1329
2017-01-05 12:27:31+01;1359
2017-01-05 15:47:31+01;1329
2017-01-05 21:58:31+01;1479
2017-01-06 08:17:31+01;1409
2017-01-06 09:37:31+01;1349
2017-01-06 12:27:31+01;1379
2017-01-06 14:32:31+01;1349
2017-01-06 21:57:31+01;1489
2017-01-07 06:17:31+01;1409
2017-01-07 09:07:31+01;1349
2017-01-07 12:27:31+01;1379
2017-01-07 14:27:31+01;1369
2017-01-07 15:47:31+01;1349
2017-01-07 16:37:31+01;1339
2017-01-07 21:57:31+01;1489
2017-01-08 07:57:31+01;1409
2017-01-08 11:17:31+01;1389
2017-01-08 12:27:31+01;1419
2017-01-08 13:57:31+01;1389
2017-01-08 14:47:31+01;1339
2017-01-08 17:07:31+01;1319
2017-01-08 21:57:31+01;1469
2017-01-09 07:57:31+01;1409
2017-01-09 09:17:31+01;1349
2017-01-09 12:27:31+01;1379
2017-01-09 15:17:31+01;1349
2017-01-09 18:37:31+01;1319
2017-01-09 21:57:31+01;1469
2017-01-10 07:57:31+01;1409
2017-01-10 09:37:31+01;1349
2017-01-10 11:17:31+01;1329
2017-01-10 12:27:31+01;1359
2017-01-10 21:57:31+01;1479
2017-01-11 07:47:31+01;1399
2017-01-11 12:27:31+01;1429
2017-01-11 14:07:31+01;1379
2017-01-11 16:07:31+01;1339
2017-01-11 17:17:31+01;1329
2017-01-11 21:57:31+01;1479
2017-01-12 07:57:31+01;1389
2017-01-12 08:57:31+01;1309
2017-01-12 12:27:31+01;1339
2017-01-12 15:47:31+01;1319
2017-01-12 21:57:31+01;1469
2017-01-13 07:17:31+01;1389
2017-01-13 10:27:31+01;1349
2017-01-13 11:47:31+01;1319
2017-01-13 11:52:31+01;1319
2017-01-13 12:27:31+01;1349
2017-01-13 16:47:31+01;1319
2017-01-13 21:57:31+01;1469
2017-01-14 06:17:31+01;1399
2017-01-14 07:47:31+01;1389
2017-01-14 08:57:31+01;1339
2017-01-14 12:27:31+01;1369
2017-01-14 13:32:31+01;1339
2017-01-14 15:57:31+01;1329
2017-01-14 18:07:31+01;1319
2017-01-14 21:57:31+01;1469
2017-01-15 08:37:31+01;1389
2017-01-15 12:27:31+01;1419
2017-01-15 14:17:31+01;1359
2017-01-15 15:17:31+01;1329
2017-01-15 16:17:31+01;1319
2017-01-15 21:57:31+01;1469
2017-01-16 07:37:31+01;1389
2017-01-16 10:27:31+01;1339
2017-01-16 10:47:31+01;1339
2017-01-16 12:27:31+01;1369
2017-01-16 15:17:31+01;1339
2017-01-16 21:57:31+01;1489
2017-01-17 07:27:32+01;1389
2017-01-17 09:07:31+01;1389
2017-01-17 09:12:31+01;1309
2017-01-17 12:27:31+01;1339
2017-01-17 14:57:31+01;1329
2017-01-17 21:57:31+01;1479
2017-01-18 07:17:31+01;1389
2017-01-18 12:27:31+01;1419
2017-01-18 15:07:31+01;1419
2017-01-18 15:12:31+01;1369
2017-01-18 17:27:31+01;1339
2017-01-18 21:57:31+01;1489
2017-01-19 07:37:31+01;1409
2017-01-19 09:47:31+01;1339
2017-01-19 12:27:31+01;1369
2017-01-19 14:57:31+01;1339
2017-01-19 21:57:31+01;1479
2017-01-20 07:17:31+01;1409
2017-01-20 10:07:32+01;1339
2017-01-20 12:27:31+01;1369
2017-01-20 14:37:31+01;1349
2017-01-20 17:17:31+01;1319
2017-01-20 21:57:31+01;1469
2017-01-21 06:17:31+01;1409
2017-01-21 07:57:31+01;1389
2017-01-21 09:47:31+01;1339
2017-01-21 12:27:31+01;1369
2017-01-21 13:37:31+01;1359
2017-01-21 15:17:31+01;1339
2017-01-21 16:37:31+01;1329
2017-01-21 17:47:31+01;1319
2017-01-21 21:57:31+01;1469
2017-01-22 07:57:31+01;1339
2017-01-22 11:22:31+01;1319
2017-01-22 12:27:31+01;1349
2017-01-22 13:32:31+01;1319
2017-01-22 21:57:31+01;1469
2017-01-23 07:47:31+01;1389
2017-01-23 10:27:31+01;1339
2017-01-23 10:32:31+01;1339
2017-01-23 12:27:31+01;1369
2017-01-23 14:57:31+01;1349
2017-01-23 15:32:31+01;1349
2017-01-23 21:57:31+01;1489
2017-01-24 07:47:31+01;1389
2017-01-24 11:07:31+01;1349
2017-01-24 12:27:31+01;1379
2017-01-24 15:22:31+01;1349
2017-01-24 16:17:31+01;1339
2017-01-24 21:57:31+01;1489
2017-01-25 07:57:31+01;1399
2017-01-25 08:57:31+01;1349
2017-01-25 11:17:31+01;1349
2017-01-25 12:27:31+01;1379
2017-01-25 16:12:31+01;1349
2017-01-25 17:57:31+01;1319
2017-01-25 21:57:31+01;1469
2017-01-26 07:37:31+01;1389
2017-01-26 10:02:31+01;1339
2017-01-26 12:27:31+01;1369
2017-01-26 16:57:31+01;1329
2017-01-26 21:57:31+01;1479
2017-01-27 07:17:31+01;1389
2017-01-27 09:27:31+01;1339
2017-01-27 12:27:31+01;1369
2017-01-27 15:12:31+01;1339
2017-01-27 21:57:31+01;1489
2017-01-28 07:12:31+01;1409
2017-01-28 08:07:31+01;1389
2017-01-28 09:07:31+01;1339
2017-01-28 12:27:31+01;1369
2017-01-28 13:37:31+01;1339
2017-01-28 17:47:31+01;1329
2017-01-28 21:57:31+01;1479
2017-01-29 08:17:31+01;1409
2017-01-29 08:37:31+01;1399
2017-01-29 11:07:31+01;1369
2017-01-29 12:17:31+01;1369
2017-01-29 12:27:31+01;1399
2017-01-29 13:37:31+01;1359
2017-01-29 14:27:31+01;1349
2017-01-29 15:47:31+01;1339
2017-01-29 17:27:31+01;1329
2017-01-29 21:57:31+01;1479
2017-01-30 07:57:31+01;1389
2017-01-30 09:17:31+01;1349
2017-01-30 12:27:31+01;1379
2017-01-30 14:42:32+01;1349
2017-01-30 14:52:31+01;1349
2017-01-30 16:27:31+01;1329
2017-01-30 18:37:32+01;1329
2017-01-30 21:57:31+01;1479
2017-01-31 07:47:31+01;1349
2017-01-31 12:27:31+01;1379
2017-01-31 15:22:31+01;1349
2017-01-31 21:57:32+01;1489
2017-02-01 07:57:31+01;1389
2017-02-01 12:27:31+01;1419
2017-02-01 13:37:31+01;1389
2017-02-01 14:07:31+01;1379
2017-02-01 15:47:31+01;1339
2017-02-01 17:07:31+01;1319
2017-02-01 17:12:31+01;1319
2017-02-01 18:47:31+01;1309
2017-02-01 21:57:31+01;1459
2017-02-02 07:47:31+01;1379
2017-02-02 10:47:31+01;1339
2017-02-02 12:27:31+01;1369
2017-02-02 14:47:31+01;1349
2017-02-02 16:17:31+01;1329
2017-02-02 21:57:31+01;1479
2017-02-03 07:47:31+01;1389
2017-02-03 10:07:31+01;1349
2017-02-03 12:27:32+01;1379
2017-02-03 14:57:31+01;1359
2017-02-03 16:27:31+01;1319
2017-02-03 21:57:31+01;1469
2017-02-04 06:17:31+01;1409
2017-02-04 06:57:31+01;1409
2017-02-04 08:37:31+01;1359
2017-02-04 12:27:31+01;1389
2017-02-04 13:27:31+01;1369
2017-02-04 14:27:31+01;1359
2017-02-04 15:47:31+01;1339
2017-02-04 16:37:31+01;1329
2017-02-04 21:57:31+01;1479
2017-02-05 08:07:31+01;1419
2017-02-05 09:27:31+01;1419
2017-02-05 09:37:31+01;1399
2017-02-05 10:37:31+01;1349
2017-02-05 12:27:31+01;1379
2017-02-05 13:37:31+01;1339
2017-02-05 16:17:31+01;1329
2017-02-05 21:57:31+01;1479
2017-02-06 07:47:31+01;1389
2017-02-06 10:27:31+01;1359
2017-02-06 11:27:31+01;1359
2017-02-06 11:42:31+01;1349
2017-02-06 12:27:31+01;1379
2017-02-06 15:17:31+01;1339
2017-02-06 21:57:31+01;1489
2017-02-07 07:57:31+01;1389
2017-02-07 10:37:31+01;1369
2017-02-07 12:27:31+01;1399
2017-02-07 15:06:31+01;1349
2017-02-07 16:27:31+01;1329
2017-02-07 21:57:31+01;1479
2017-02-08 08:02:31+01;1389
2017-02-08 12:27:31+01;1419
2017-02-08 13:37:31+01;1369
2017-02-08 15:17:31+01;1319
2017-02-08 21:57:31+01;1469
2017-02-09 07:47:31+01;1389
2017-02-09 09:07:31+01;1359
2017-02-09 12:27:31+01;1389
2017-02-09 15:27:31+01;1359
2017-02-09 16:22:31+01;1329
2017-02-09 16:32:31+01;1329
2017-02-09 21:57:32+01;1479
2017-02-10 07:37:31+01;1389
2017-02-10 11:27:31+01;1359
2017-02-10 11:37:31+01;1359
2017-02-10 12:27:31+01;1389
2017-02-10 16:17:31+01;1389
2017-02-10 16:22:31+01;1329
2017-02-10 21:57:31+01;1479
2017-02-11 06:07:31+01;1399
2017-02-11 07:47:31+01;1389
2017-02-11 09:07:31+01;1379
2017-02-11 10:37:31+01;1359
2017-02-11 12:27:31+01;1389
2017-02-11 13:27:31+01;1359
2017-02-11 16:07:31+01;1339
2017-02-11 21:57:31+01;1489
2017-02-12 08:27:31+01;1339
2017-02-12 12:27:31+01;1369
2017-02-12 13:37:31+01;1359
2017-02-12 13:47:31+01;1339
2017-02-12 21:57:31+01;1489
2017-02-13 07:47:31+01;1399
2017-02-13 09:37:31+01;1399
2017-02-13 09:42:31+01;1369
2017-02-13 12:27:31+01;1399
2017-02-13 14:42:31+01;1379
2017-02-13 15:07:31+01;1359
2017-02-13 17:52:31+01;1329
2017-02-13 21:57:31+01;1479
2017-02-14 07:47:31+01;1399
2017-02-14 10:07:31+01;1369
2017-02-14 12:27:31+01;1399
2017-02-14 15:17:31+01;1369
2017-02-14 16:07:31+01;1349
2017-02-14 16:27:31+01;1339
2017-02-14 21:58:31+01;1489
2017-02-15 07:47:31+01;1399
2017-02-15 10:47:31+01;1389
2017-02-15 10:52:31+01;1389
2017-02-15 12:07:31+01;1369
2017-02-15 12:27:31+01;1399
2017-02-15 14:57:31+01;1369
2017-02-15 16:07:31+01;1349
2017-02-15 19:27:31+01;1329
2017-02-15 21:57:31+01;1479
2017-02-16 07:57:31+01;1369
2017-02-16 12:27:31+01;1399
2017-02-16 16:12:31+01;1359
2017-02-16 17:57:31+01;1339
2017-02-16 18:02:31+01;1339
2017-02-16 21:57:31+01;1489
2017-02-17 07:57:31+01;1359
2017-02-17 12:27:31+01;1389
2017-02-17 14:57:31+01;1359
2017-02-17 21:57:31+01;1499
2017-02-18 06:27:31+01;1399
2017-02-18 08:26:31+01;1379
2017-02-18 11:37:31+01;1369
2017-02-18 12:27:31+01;1399
2017-02-18 13:37:31+01;1389
2017-02-18 15:27:31+01;1369
2017-02-18 18:27:31+01;1359
2017-02-18 21:57:31+01;1499
2017-02-19 08:37:31+01;1399
2017-02-19 10:47:31+01;1359
2017-02-19 12:27:31+01;1389
2017-02-19 13:57:31+01;1369
2017-02-19 15:07:31+01;1349
2017-02-19 21:57:31+01;1499
2017-02-20 07:47:31+01;1399
2017-02-20 12:27:31+01;1429
2017-02-20 14:27:31+01;1369
2017-02-20 17:47:31+01;1359
2017-02-20 21:57:31+01;1499
2017-02-21 07:57:31+01;1329
2017-02-21 08:02:31+01;1329
2017-02-21 11:42:31+01;1329
2017-02-21 12:27:31+01;1359
2017-02-21 15:07:31+01;1329
2017-02-21 15:12:31+01;1329
2017-02-21 21:57:31+01;1479
2017-02-22 07:57:31+01;1479
2017-02-22 08:07:31+01;1399
2017-02-22 10:17:31+01;1369
2017-02-22 12:27:31+01;1399
2017-02-22 15:27:31+01;1379
2017-02-22 16:07:31+01;1359
2017-02-22 21:57:31+01;1499
2017-02-23 07:47:31+01;1499
2017-02-23 08:22:31+01;1409
2017-02-23 11:27:31+01;1379
2017-02-23 12:27:32+01;1409
2017-02-23 15:07:31+01;1409
2017-02-23 15:32:31+01;1379
2017-02-23 15:42:31+01;1369
2017-02-23 15:57:31+01;1349
2017-02-23 21:57:31+01;1499
2017-02-24 07:37:31+01;1399
2017-02-24 11:52:31+01;1389
2017-02-24 12:27:31+01;1419
2017-02-24 15:17:31+01;1369
2017-02-24 16:27:31+01;1359
2017-02-24 16:57:31+01;1349
2017-02-24 18:47:31+01;1329
2017-02-24 21:57:31+01;1479
2017-02-25 06:17:31+01;1419
2017-02-25 07:37:31+01;1399
2017-02-25 10:57:31+01;1379
2017-02-25 12:27:31+01;1409
2017-02-25 13:37:31+01;1389
2017-02-25 15:17:31+01;1379
2017-02-25 15:57:31+01;1359
2017-02-25 18:27:31+01;1339
2017-02-25 21:57:31+01;1489
2017-02-26 07:57:31+01;1399
2017-02-26 10:27:31+01;1359
2017-02-26 12:28:31+01;1389
2017-02-26 14:04:31+01;1329
2017-02-26 21:57:31+01;1479
2017-02-27 07:57:31+01;1399
2017-02-27 09:57:31+01;1349
2017-02-27 12:27:31+01;1379
2017-02-27 16:57:31+01;1339
2017-02-27 17:06:31+01;1339
2017-02-27 21:57:31+01;1489
2017-02-28 07:47:31+01;1399
2017-02-28 10:37:31+01;1379
2017-02-28 12:27:31+01;1409
2017-02-28 14:57:31+01;1379
2017-02-28 16:12:31+01;1359
2017-02-28 22:02:31+01;1489
2017-02-28 22:12:31+01;1349
2017-03-01 07:57:31+01;1349
2017-03-01 08:57:31+01;1349
2017-03-01 12:27:31+01;1379
2017-03-01 15:57:31+01;1349
2017-03-01 16:57:31+01;1339
2017-03-01 21:57:31+01;1489
2017-03-02 07:17:32+01;1409
2017-03-02 11:36:31+01;1409
2017-03-02 11:57:31+01;1399
2017-03-02 12:27:31+01;1429
2017-03-02 14:57:31+01;1399
2017-03-02 15:57:31+01;1369
2017-03-02 22:02:31+01;1479
2017-03-03 07:37:31+01;1419
2017-03-03 09:07:31+01;1419
2017-03-03 10:37:31+01;1389
2017-03-03 12:27:31+01;1419
2017-03-03 15:27:31+01;1399
2017-03-03 16:27:31+01;1389
2017-03-03 21:57:31+01;1479
2017-03-04 06:17:31+01;1419
2017-03-04 06:47:31+01;1409
2017-03-04 08:57:31+01;1409
2017-03-04 10:07:31+01;1409
2017-03-04 10:27:31+01;1399
2017-03-04 11:27:31+01;1389
2017-03-04 12:27:31+01;1419
2017-03-04 14:07:31+01;1409
2017-03-04 14:17:31+01;1399
2017-03-04 16:27:31+01;1369
2017-03-04 16:52:31+01;1369
2017-03-04 21:57:31+01;1479
2017-03-05 07:57:31+01;1419
2017-03-05 10:07:31+01;1419
2017-03-05 12:02:31+01;1369
2017-03-05 12:27:31+01;1399
2017-03-05 13:47:31+01;1399
2017-03-05 15:07:31+01;1399
2017-03-05 15:17:31+01;1379
2017-03-05 17:37:31+01;1379
2017-03-05 18:47:31+01;1369
2017-03-05 21:57:31+01;1479
2017-03-06 07:47:31+01;1419
2017-03-06 11:07:31+01;1419
2017-03-06 11:12:31+01;1409
2017-03-06 12:27:31+01;1439
2017-03-06 14:17:31+01;1389
2017-03-06 15:37:31+01;1299
2017-03-06 17:42:31+01;1294
2017-03-06 21:57:31+01;1444
2017-03-07 07:47:31+01;1369
2017-03-07 09:22:31+01;1369
2017-03-07 12:27:31+01;1399
2017-03-07 14:37:32+01;1369
2017-03-07 17:47:31+01;1369
2017-03-07 17:57:31+01;1319
2017-03-07 21:57:31+01;1469
2017-03-08 07:47:31+01;1379
2017-03-08 10:37:31+01;1379
2017-03-08 11:57:31+01;1309
2017-03-08 12:27:31+01;1339
2017-03-08 15:17:31+01;1329
2017-03-08 19:37:31+01;1309
2017-03-08 21:57:31+01;1459
2017-03-09 07:47:31+01;1379
2017-03-09 12:27:31+01;1409
2017-03-09 14:52:31+01;1379
2017-03-09 15:37:31+01;1359
2017-03-09 21:57:31+01;1479
2017-03-10 07:47:31+01;1399
2017-03-10 12:27:31+01;1429
2017-03-10 14:27:31+01;1379
2017-03-10 14:32:31+01;1359
2017-03-10 16:17:31+01;1319
2017-03-10 19:27:31+01;1319
2017-03-10 21:57:31+01;1459
2017-03-11 13:42:31+01;1479
2017-03-11 15:02:31+01;1369
2017-03-11 15:27:31+01;1359
2017-03-11 17:17:31+01;1339
2017-03-11 21:57:31+01;1459
2017-03-12 06:57:32+01;1399
2017-03-12 07:47:31+01;1379
2017-03-12 09:07:31+01;1339
2017-03-12 10:47:31+01;1309
2017-03-12 12:27:31+01;1339
2017-03-12 14:27:31+01;1319
2017-03-12 15:17:31+01;1309
2017-03-12 21:57:31+01;1459
2017-03-13 08:07:31+01;1379
2017-03-13 11:27:31+01;1369
2017-03-13 12:27:31+01;1399
2017-03-13 15:22:31+01;1359
2017-03-13 15:42:31+01;1359
2017-03-13 16:42:31+01;1339
2017-03-13 21:57:31+01;1459
2017-03-14 07:27:31+01;1389
2017-03-14 11:37:31+01;1359
2017-03-14 12:27:31+01;1389
2017-03-14 15:27:31+01;1339
2017-03-14 15:37:31+01;1339
2017-03-14 16:37:31+01;1299
2017-03-14 21:57:31+01;1449
2017-03-15 06:27:31+01;1389
2017-03-15 09:57:31+01;1389
2017-03-15 10:12:31+01;1369
2017-03-15 11:17:31+01;1329
2017-03-15 11:27:31+01;1319
2017-03-15 12:27:31+01;1349
2017-03-15 13:27:31+01;1329
2017-03-15 16:17:31+01;1289
2017-03-15 17:47:31+01;1289
2017-03-15 18:07:31+01;1289
2017-03-15 21:57:31+01;1439
2017-03-16 05:57:31+01;1399
2017-03-16 06:07:31+01;1369
2017-03-16 11:07:31+01;1349
2017-03-16 12:27:31+01;1379
2017-03-16 14:57:31+01;1329
2017-03-16 16:27:31+01;1319
2017-03-16 19:37:31+01;1319
2017-03-16 19:47:31+01;1289
2017-03-16 21:57:31+01;1439
2017-03-17 06:07:31+01;1369
2017-03-17 09:57:31+01;1359
2017-03-17 12:27:31+01;1389
2017-03-17 15:07:31+01;1329
2017-03-17 15:37:31+01;1299
2017-03-17 17:07:31+01;1279
2017-03-17 21:57:31+01;1429
2017-03-18 06:17:31+01;1349
2017-03-18 10:17:31+01;1339
2017-03-18 12:27:31+01;1369
2017-03-18 13:37:31+01;1369
2017-03-18 14:57:32+01;1329
2017-03-18 15:37:31+01;1299
2017-03-18 18:57:31+01;1279
2017-03-18 21:57:31+01;1429
2017-03-19 07:57:31+01;1349
2017-03-19 08:47:31+01;1299
2017-03-19 12:27:31+01;1329
2017-03-19 16:37:31+01;1309
2017-03-19 17:57:31+01;1299
2017-03-19 21:57:31+01;1449
2017-03-20 07:37:31+01;1359
2017-03-20 12:27:31+01;1389
2017-03-20 15:17:31+01;1319
2017-03-20 17:07:31+01;1279
2017-03-20 21:57:31+01;1429
2017-03-21 07:47:31+01;1349
2017-03-21 10:07:31+01;1339
2017-03-21 14:27:31+01;1319
2017-03-21 17:37:31+01;1319
2017-03-21 18:27:31+01;1299
2017-03-21 20:47:31+01;1299
2017-03-21 21:57:31+01;1449
2017-03-22 07:47:31+01;1449
2017-03-22 08:42:31+01;1369
2017-03-22 12:07:31+01;1309
2017-03-22 12:27:31+01;1339
2017-03-22 15:17:31+01;1309
2017-03-22 17:07:31+01;1279
2017-03-22 21:57:31+01;1429
2017-03-23 07:57:31+01;1349
2017-03-23 12:27:32+01;1379
2017-03-23 14:42:31+01;1339
2017-03-23 16:27:31+01;1329
2017-03-23 17:47:31+01;1299
2017-03-23 19:37:31+01;1289
2017-03-23 21:57:31+01;1439
2017-03-24 07:47:31+01;1359
2017-03-24 10:47:31+01;1319
2017-03-24 12:27:31+01;1349
2017-03-24 15:02:31+01;1349
2017-03-24 15:57:31+01;1329
2017-03-24 19:07:31+01;1289
2017-03-24 21:57:31+01;1439
2017-03-25 06:47:31+01;1389
2017-03-25 07:27:31+01;1389
2017-03-25 07:37:31+01;1359
2017-03-25 11:02:31+01;1339
2017-03-25 12:17:31+01;1329
2017-03-25 12:27:31+01;1359
2017-03-25 14:57:31+01;1339
2017-03-25 15:07:31+01;1299
2017-03-25 18:57:31+01;1289
2017-03-25 21:57:31+01;1439
2017-03-26 08:17:31+02;1359
2017-03-26 11:27:31+02;1289
2017-03-26 12:17:31+02;1289
2017-03-26 12:27:31+02;1319
2017-03-26 13:47:31+02;1289
2017-03-26 16:47:31+02;1289
2017-03-26 21:57:31+02;1439
2017-03-27 07:37:31+02;1359
2017-03-27 11:07:32+02;1339
2017-03-27 12:27:31+02;1369
2017-03-27 14:52:31+02;1339
2017-03-27 18:07:31+02;1319
2017-03-27 19:57:31+02;1309
2017-03-27 21:57:31+02;1459
2017-03-28 07:37:31+02;1379
2017-03-28 10:57:31+02;1329
2017-03-28 12:27:31+02;1359
2017-03-28 15:27:31+02;1339
2017-03-28 18:17:31+02;1309
2017-03-28 20:07:31+02;1289
2017-03-28 21:57:31+02;1439
2017-03-29 07:27:31+02;1359
2017-03-29 11:27:31+02;1309
2017-03-29 12:27:31+02;1339
2017-03-29 15:57:31+02;1319
2017-03-29 17:27:31+02;1319
2017-03-29 17:32:31+02;1299
2017-03-29 21:57:31+02;1449
2017-03-30 07:47:31+02;1369
2017-03-30 11:17:31+02;1339
2017-03-30 12:27:31+02;1369
2017-03-30 14:37:31+02;1319
2017-03-30 14:52:31+02;1319
2017-03-30 17:07:31+02;1289
2017-03-30 21:57:31+02;1439
2017-03-31 07:47:31+02;1369
2017-03-31 10:47:31+02;1299
2017-03-31 12:27:31+02;1329
2017-03-31 17:17:31+02;1299
2017-03-31 21:57:31+02;1449
2017-04-01 05:30:31+02;1449
2017-04-01 06:18:31+02;1399
2017-04-01 07:37:31+02;1369
2017-04-01 12:27:31+02;1399
2017-04-01 13:37:31+02;1369
2017-04-01 16:27:31+02;1329
2017-04-01 18:57:31+02;1309
2017-04-01 21:57:31+02;1459
2017-04-02 07:47:31+02;1379
2017-04-02 09:57:31+02;1379
2017-04-02 10:27:31+02;1369
2017-04-02 11:27:31+02;1349
2017-04-02 12:27:31+02;1379
2017-04-02 14:37:31+02;1369
2017-04-02 15:37:31+02;1339
2017-04-02 16:27:31+02;1339
2017-04-02 19:27:31+02;1329
2017-04-02 21:57:31+02;1479
2017-04-03 07:17:31+02;1379
2017-04-03 10:47:31+02;1359
2017-04-03 10:52:31+02;1359
2017-04-03 12:27:31+02;1389
2017-04-03 15:37:31+02;1359
2017-04-03 17:37:31+02;1339
2017-04-03 18:57:31+02;1329
2017-04-03 20:27:31+02;1309
2017-04-03 21:57:31+02;1459
2017-04-04 07:47:31+02;1379
2017-04-04 12:27:31+02;1409
2017-04-04 14:57:31+02;1379
2017-04-04 15:02:31+02;1379
2017-04-04 18:27:31+02;1329
2017-04-04 21:58:31+02;1479
2017-04-05 07:47:31+02;1369
2017-04-05 12:27:31+02;1399
2017-04-05 16:07:31+02;1369
2017-04-05 21:57:31+02;1499
2017-04-06 07:47:31+02;1499
2017-04-06 08:22:31+02;1369
2017-04-06 12:27:31+02;1399
2017-04-06 15:17:31+02;1369
2017-04-06 17:37:31+02;1339
2017-04-06 20:50:31+02;1329
2017-04-06 21:57:31+02;1479
2017-04-07 07:57:31+02;1399
2017-04-07 12:27:31+02;1429
2017-04-07 14:37:31+02;1429
2017-04-07 14:57:31+02;1359
2017-04-07 18:07:31+02;1319
2017-04-07 21:57:31+02;1469
2017-04-08 06:17:31+02;1419
2017-04-08 08:17:31+02;1369
2017-04-08 12:27:31+02;1399
2017-04-08 15:07:31+02;1369
2017-04-08 15:57:31+02;1359
2017-04-08 16:38:31+02;1349
2017-04-08 18:47:31+02;1349
2017-04-08 21:57:31+02;1499
2017-04-09 08:17:31+02;1399
2017-04-09 08:57:31+02;1369
2017-04-09 10:37:31+02;1349
2017-04-09 11:57:31+02;1349
2017-04-09 12:27:31+02;1379
2017-04-09 13:37:31+02;1369
2017-04-09 14:47:31+02;1339
2017-04-09 16:47:31+02;1329
2017-04-09 21:57:31+02;1479
2017-04-10 07:37:31+02;1369
2017-04-10 12:26:31+02;1399
2017-04-10 14:27:31+02;1369
2017-04-10 14:32:31+02;1369
2017-04-10 18:37:31+02;1339
2017-04-10 21:57:31+02;1489
2017-04-11 09:22:31+02;1399
2017-04-11 12:27:31+02;1429
2017-04-11 15:17:31+02;1379
2017-04-11 15:22:31+02;1359
2017-04-11 17:37:31+02;1329
2017-04-11 20:27:31+02;1329
2017-04-11 21:57:31+02;1479
2017-04-12 11:02:31+02;1379
2017-04-12 12:27:31+02;1409
2017-04-12 16:57:31+02;1359
2017-04-12 21:57:31+02;1509
2017-04-13 07:47:31+02;1419
2017-04-13 07:52:31+02;1419
2017-04-13 12:27:31+02;1449
2017-04-13 17:07:31+02;1369
2017-04-13 18:07:31+02;1359
2017-04-13 19:37:31+02;1349
2017-04-13 21:57:31+02;1499
2017-04-14 07:37:31+02;1419
2017-04-14 10:17:31+02;1419
2017-04-14 12:27:31+02;1449
2017-04-14 13:37:31+02;1389
2017-04-14 14:57:31+02;1389
2017-04-14 15:57:31+02;1369
2017-04-14 17:07:31+02;1359
2017-04-14 18:37:31+02;1349
2017-04-14 21:57:31+02;1499
2017-04-15 06:17:31+02;1409
2017-04-15 10:07:31+02;1399
2017-04-15 10:47:31+02;1379
2017-04-15 11:37:31+02;1359
2017-04-15 12:27:31+02;1389
2017-04-15 15:17:31+02;1379
2017-04-15 17:26:31+02;1359
2017-04-15 18:47:31+02;1349
2017-04-15 21:57:31+02;1499
2017-04-16 07:47:31+02;1419
2017-04-16 09:47:31+02;1409
2017-04-16 12:07:32+02;1389
2017-04-16 12:27:31+02;1419
2017-04-16 14:57:31+02;1389
2017-04-16 16:47:31+02;1379
2017-04-16 21:57:31+02;1499
2017-04-17 07:47:31+02;1429
2017-04-17 08:47:31+02;1419
2017-04-17 09:26:31+02;1419
2017-04-17 11:17:31+02;1359
2017-04-17 12:27:32+02;1389
2017-04-17 15:57:31+02;1359
2017-04-17 18:37:31+02;1339
2017-04-17 20:27:31+02;1329
2017-04-17 21:57:31+02;1479
2017-04-18 07:17:31+02;1399
2017-04-18 10:17:31+02;1379
2017-04-18 12:27:31+02;1409
2017-04-18 16:37:31+02;1359
2017-04-18 17:52:31+02;1349
2017-04-18 18:57:31+02;1339
2017-04-18 21:57:31+02;1489
2017-04-19 07:37:31+02;1409
2017-04-19 12:27:32+02;1439
2017-04-19 15:02:31+02;1389
2017-04-19 16:37:31+02;1389
2017-04-19 17:17:31+02;1369
2017-04-19 20:07:31+02;1339
2017-04-19 21:57:31+02;1489
2017-04-20 09:47:31+02;1409
2017-04-20 12:27:31+02;1439
2017-04-20 13:27:31+02;1439
2017-04-20 13:52:31+02;1389
2017-04-20 17:27:31+02;1369
2017-04-20 19:56:24+02;1369
2017-04-20 21:57:31+02;1479
2017-04-21 07:37:31+02;1409
2017-04-21 07:47:31+02;1409
2017-04-21 11:17:31+02;1349
2017-04-21 12:27:31+02;1379
2017-04-21 16:47:31+02;1329
2017-04-21 21:57:31+02;1479
2017-04-22 06:17:31+02;1399
2017-04-22 12:27:31+02;1429
2017-04-22 13:47:31+02;1429
2017-04-22 13:52:31+02;1399
2017-04-22 15:07:31+02;1379
2017-04-22 16:47:31+02;1349
2017-04-22 17:47:31+02;1339
2017-04-22 21:57:31+02;1479
2017-04-23 07:47:31+02;1399
2017-04-23 11:27:31+02;1389
2017-04-23 12:27:31+02;1419
2017-04-23 15:07:31+02;1379
2017-04-23 15:17:31+02;1349
2017-04-23 16:17:31+02;1349
2017-04-23 17:57:31+02;1329
2017-04-23 21:57:31+02;1479
2017-04-24 08:02:31+02;1399
2017-04-24 11:37:31+02;1379
2017-04-24 12:27:31+02;1409
2017-04-24 14:57:31+02;1389
2017-04-24 18:07:31+02;1339
2017-04-24 21:57:31+02;1469
2017-04-25 07:37:31+02;1469
2017-04-25 08:02:31+02;1409
2017-04-25 11:07:31+02;1359
2017-04-25 12:27:31+02;1389
2017-04-25 14:57:31+02;1359
2017-04-25 16:27:31+02;1359
2017-04-25 17:57:31+02;1349
2017-04-25 20:07:31+02;1349
2017-04-25 20:37:31+02;1329
2017-04-25 21:57:31+02;1459
2017-04-26 07:27:31+02;1409
2017-04-26 09:07:31+02;1349
2017-04-26 09:12:31+02;1349
2017-04-26 12:27:31+02;1379
2017-04-26 16:27:31+02;1329
2017-04-26 21:57:31+02;1469
2017-04-27 07:37:31+02;1379
2017-04-27 12:27:31+02;1409
2017-04-27 14:47:31+02;1359
2017-04-27 16:47:31+02;1359
2017-04-27 21:57:31+02;1459
2017-04-28 07:17:31+02;1379
2017-04-28 12:27:31+02;1409
2017-04-28 14:02:31+02;1379
2017-04-28 16:37:31+02;1329
2017-04-28 17:07:31+02;1349
2017-04-28 19:57:31+02;1349
2017-04-28 21:07:31+02;1309
2017-04-28 21:57:31+02;1449
2017-04-29 07:17:31+02;1379
2017-04-29 07:27:31+02;1379
2017-04-29 12:27:31+02;1409
2017-04-29 13:57:31+02;1399
2017-04-29 14:47:31+02;1349
2017-04-29 17:07:31+02;1319
2017-04-29 21:57:31+02;1449
2017-04-30 07:17:32+02;1389
2017-04-30 08:17:31+02;1379
2017-04-30 11:47:31+02;1379
2017-04-30 12:27:31+02;1409
2017-04-30 15:17:31+02;1369
2017-04-30 17:17:31+02;1329
2017-04-30 21:57:31+02;1449
2017-05-01 07:17:32+02;1449
2017-05-01 07:47:31+02;1399
2017-05-01 10:37:31+02;1329
2017-05-01 12:27:31+02;1359
2017-05-01 16:27:31+02;1329
2017-05-01 21:57:31+02;1449
2017-05-02 07:57:31+02;1379
2017-05-02 12:27:31+02;1409
2017-05-02 21:57:31+02;1449
2017-05-03 17:07:31+02;1469
2017-05-04 17:07:32+02;1489
2017-05-05 09:17:31+02;1489
2017-05-05 09:22:31+02;1339
2017-05-05 12:27:31+02;1369
2017-05-05 15:48:31+02;1329
2017-05-05 17:07:31+02;1349
2017-05-05 19:57:31+02;1349
2017-05-05 20:08:31+02;1309
2017-05-05 21:57:31+02;1449
2017-05-06 06:27:31+02;1379
2017-05-06 09:27:31+02;1359
2017-05-06 10:07:31+02;1339
2017-05-06 12:27:31+02;1369
2017-05-06 14:47:31+02;1369
2017-05-06 14:52:31+02;1329
2017-05-06 15:17:31+02;1299
2017-05-06 17:07:31+02;1319
2017-05-06 20:07:31+02;1319
2017-05-06 20:27:31+02;1299
2017-05-06 21:57:31+02;1449
2017-05-07 08:17:31+02;1369
2017-05-07 09:07:31+02;1319
2017-05-07 11:07:31+02;1319
2017-05-07 12:27:31+02;1349
2017-05-07 15:07:31+02;1349
2017-05-07 15:17:31+02;1319
2017-05-07 17:07:31+02;1339
2017-05-07 21:57:31+02;1449
2017-05-08 07:57:31+02;1389
2017-05-08 10:06:31+02;1389
2017-05-08 10:27:31+02;1329
2017-05-08 12:27:31+02;1359
2017-05-08 16:07:31+02;1309
2017-05-08 17:07:31+02;1329
2017-05-08 19:47:31+02;1299
2017-05-08 21:57:31+02;1449
2017-05-09 07:57:31+02;1369
2017-05-09 10:47:31+02;1359
2017-05-09 11:52:31+02;1369
2017-05-09 12:02:31+02;1359
2017-05-09 12:27:31+02;1389
2017-05-09 16:07:31+02;1359
2017-05-09 17:07:31+02;1379
2017-05-09 18:07:31+02;1379
2017-05-09 18:22:31+02;1339
2017-05-09 19:57:31+02;1309
2017-05-09 21:57:31+02;1449
2017-05-10 07:57:31+02;1379
2017-05-10 11:27:31+02;1329
2017-05-10 12:27:31+02;1359
2017-05-10 16:27:31+02;1329
2017-05-10 17:07:31+02;1349
2017-05-10 21:57:31+02;1459
2017-05-11 07:57:31+02;1369
2017-05-11 11:07:31+02;1369
2017-05-11 11:22:31+02;1359
2017-05-11 12:27:31+02;1389
2017-05-11 15:07:32+02;1359
2017-05-11 16:57:31+02;1319
2017-05-11 17:07:31+02;1379
2017-05-11 17:57:31+02;1319
2017-05-11 21:57:31+02;1469
2017-05-12 07:47:32+02;1389
2017-05-12 10:27:31+02;1359
2017-05-12 12:27:31+02;1389
2017-05-12 14:57:31+02;1319
2017-05-12 17:06:31+02;1339
2017-05-12 18:07:31+02;1319
2017-05-12 21:57:31+02;1469
2017-05-13 06:17:31+02;1389
2017-05-13 10:07:31+02;1329
2017-05-13 12:27:31+02;1359
2017-05-13 14:47:31+02;1349
2017-05-13 15:57:31+02;1339
2017-05-13 16:47:31+02;1329
2017-05-13 17:07:31+02;1349
2017-05-13 21:57:31+02;1469
2017-05-14 07:57:31+02;1399
2017-05-14 10:37:31+02;1319
2017-05-14 12:27:31+02;1349
2017-05-14 15:17:31+02;1319
2017-05-14 17:07:31+02;1339
2017-05-14 21:57:31+02;1469
2017-05-15 06:27:31+02;1389
2017-05-15 06:37:31+02;1389
2017-05-15 10:37:31+02;1329
2017-05-15 12:27:31+02;1359
2017-05-15 15:17:31+02;1349
2017-05-15 15:57:31+02;1329
2017-05-15 17:12:31+02;1349
2017-05-15 19:17:31+02;1329
2017-05-15 21:57:31+02;1469
2017-05-16 06:47:31+02;1399
2017-05-16 10:57:32+02;1359
2017-05-16 12:27:31+02;1389
2017-05-16 13:27:31+02;1389
2017-05-16 13:32:31+02;1349
2017-05-16 15:08:31+02;1349
2017-05-16 16:37:31+02;1329
2017-05-16 17:12:31+02;1349
2017-05-16 18:57:31+02;1319
2017-05-16 21:57:31+02;1469
2017-05-17 06:47:31+02;1389
2017-05-17 10:57:31+02;1339
2017-05-17 12:27:31+02;1369
2017-05-17 16:57:31+02;1319
2017-05-17 17:12:31+02;1339
2017-05-17 19:17:31+02;1319
2017-05-17 21:57:31+02;1469
2017-05-18 07:07:31+02;1389
2017-05-18 11:08:31+02;1359
2017-05-18 12:27:31+02;1389
2017-05-18 15:07:31+02;1339
2017-05-18 17:12:31+02;1359
2017-05-18 17:57:31+02;1339
2017-05-18 21:57:31+02;1469
2017-05-19 06:47:31+02;1389
2017-05-19 11:07:31+02;1359
2017-05-19 12:27:31+02;1389
2017-05-19 15:17:31+02;1369
2017-05-19 16:27:31+02;1339
2017-05-19 17:12:31+02;1359
2017-05-19 18:42:31+02;1339
2017-05-19 21:57:31+02;1469
2017-05-20 05:57:31+02;1389
2017-05-20 10:07:31+02;1359
2017-05-20 12:27:31+02;1389
2017-05-20 13:27:31+02;1369
2017-05-20 14:27:31+02;1359
2017-05-20 16:57:31+02;1339
2017-05-20 17:17:31+02;1359
2017-05-20 17:57:31+02;1339
2017-05-20 19:07:31+02;1319
2017-05-20 20:47:31+02;1319
2017-05-20 21:57:31+02;1469
2017-05-21 07:57:31+02;1389
2017-05-21 08:47:31+02;1339
2017-05-21 12:27:31+02;1369
2017-05-21 15:37:31+02;1339
2017-05-21 16:57:31+02;1339
2017-05-21 17:12:31+02;1359
2017-05-21 19:47:31+02;1349
2017-05-21 21:56:31+02;1469
2017-05-22 07:47:31+02;1399
2017-05-22 11:17:31+02;1359
2017-05-22 12:27:31+02;1389
2017-05-22 14:27:32+02;1359
2017-05-22 16:27:31+02;1349
2017-05-22 17:12:32+02;1369
2017-05-22 21:57:31+02;1479
2017-05-23 07:17:31+02;1409
2017-05-23 10:12:31+02;1359
2017-05-23 12:27:31+02;1389
2017-05-23 15:16:31+02;1359
2017-05-23 16:37:31+02;1349
2017-05-23 18:57:31+02;1319
2017-05-23 21:57:31+02;1469
2017-05-24 07:57:31+02;1389
2017-05-24 09:57:31+02;1359
2017-05-24 12:27:09+02;1389
2017-05-24 16:17:05+02;1359
2017-05-24 17:12:06+02;1379
2017-05-24 18:07:06+02;1349
2017-05-24 19:37:05+02;1329
2017-05-24 21:57:06+02;1479
2017-05-25 07:17:05+02;1389
2017-05-25 09:07:06+02;1389
2017-05-25 09:47:06+02;1339
2017-05-25 10:17:05+02;1339
2017-05-25 12:27:05+02;1369
2017-05-25 13:47:05+02;1359
2017-05-25 15:32:05+02;1359
2017-05-25 15:47:05+02;1329
2017-05-25 17:12:06+02;1349
2017-05-25 18:57:05+02;1339
2017-05-25 20:07:05+02;1329
2017-05-25 21:57:06+02;1479
2017-05-26 06:47:06+02;1399
2017-05-26 10:57:11+02;1339
2017-05-26 12:27:07+02;1369
2017-05-26 15:17:06+02;1339
2017-05-26 21:57:11+02;1479
2017-05-27 06:17:06+02;1399
2017-05-27 08:37:06+02;1349
2017-05-27 12:27:08+02;1379
2017-05-27 14:27:06+02;1369
2017-05-27 16:07:06+02;1349
2017-05-27 16:37:06+02;1339
2017-05-27 17:12:06+02;1359
2017-05-27 18:57:05+02;1339
2017-05-27 21:57:06+02;1479
2017-05-28 08:07:06+02;1409
2017-05-28 10:07:06+02;1349
2017-05-28 10:47:06+02;1349
2017-05-28 12:27:06+02;1379
2017-05-28 13:26:18+02;1349
2017-05-28 17:12:06+02;1369
2017-05-28 18:37:06+02;1349
2017-05-28 21:57:06+02;1479
2017-05-29 07:57:06+02;1409
2017-05-29 10:07:06+02;1399
2017-05-29 12:27:06+02;1429
2017-05-29 15:47:06+02;1369
2017-05-29 16:22:06+02;1369
2017-05-29 17:17:06+02;1369
2017-05-29 20:07:06+02;1319
2017-05-29 21:57:06+02;1469
2017-05-30 08:07:05+02;1469
2017-05-30 08:17:05+02;1399
2017-05-30 09:07:05+02;1339
2017-05-30 12:27:06+02;1369
2017-05-30 15:17:16+02;1339
2017-05-30 17:12:06+02;1359
2017-05-30 18:57:06+02;1359
2017-05-30 19:02:06+02;1339
2017-05-30 21:57:05+02;1469
2017-05-31 06:57:07+02;1389
2017-05-31 11:17:06+02;1339
2017-05-31 12:27:06+02;1369
2017-05-31 15:27:05+02;1339
2017-05-31 17:12:06+02;1359
2017-05-31 17:37:06+02;1349
2017-05-31 21:57:06+02;1459
2017-06-01 07:27:05+02;1389
2017-06-01 10:48:05+02;1339
2017-06-01 10:57:05+02;1339
2017-06-01 12:27:06+02;1369
2017-06-01 15:27:06+02;1339
2017-06-01 17:12:06+02;1359
2017-06-01 21:57:05+02;1459
2017-06-02 08:27:05+02;1389
2017-06-02 12:27:06+02;1419
2017-06-02 16:37:06+02;1319
2017-06-02 17:12:07+02;1339
2017-06-02 21:57:06+02;1459
2017-06-03 05:57:06+02;1389
2017-06-03 09:17:05+02;1379
2017-06-03 10:27:06+02;1349
2017-06-03 12:27:06+02;1379
2017-06-03 13:27:06+02;1369
2017-06-03 13:37:06+02;1369
2017-06-03 13:42:06+02;1359
2017-06-03 15:27:06+02;1319
2017-06-03 16:37:07+02;1319
2017-06-03 17:12:06+02;1339
2017-06-03 17:37:05+02;1319
2017-06-03 19:37:05+02;1319
2017-06-03 21:57:05+02;1459
2017-06-04 08:17:05+02;1379
2017-06-04 10:37:05+02;1349
2017-06-04 10:57:05+02;1319
2017-06-04 12:27:05+02;1349
2017-06-04 13:37:06+02;1319
2017-06-04 17:12:06+02;1339
2017-06-04 19:37:05+02;1319
2017-06-04 21:57:22+02;1459
2017-06-05 07:27:06+02;1389
2017-06-05 09:57:08+02;1319
2017-06-05 12:27:06+02;1349
2017-06-05 14:57:05+02;1319
2017-06-05 17:12:05+02;1339
2017-06-05 19:27:05+02;1329
2017-06-05 19:47:05+02;1319
2017-06-05 21:57:06+02;1459
2017-06-06 07:37:05+02;1389
2017-06-06 11:22:15+02;1319
2017-06-06 12:27:06+02;1349
2017-06-06 17:02:06+02;1319
2017-06-06 17:12:06+02;1339
2017-06-06 19:27:05+02;1339
2017-06-06 20:07:06+02;1319
2017-06-06 21:57:06+02;1459
2017-06-07 07:27:05+02;1389
2017-06-07 10:27:06+02;1379
2017-06-07 12:27:06+02;1409
2017-06-07 15:22:06+02;1379
2017-06-07 16:02:07+02;1329
2017-06-07 17:12:06+02;1349
2017-06-07 19:07:08+02;1329
2017-06-07 21:57:06+02;1459
2017-06-08 07:57:06+02;1379
2017-06-08 11:31:05+02;1349
2017-06-08 12:27:06+02;1379
2017-06-08 14:57:06+02;1349
2017-06-08 17:12:06+02;1369
2017-06-08 21:57:06+02;1449
2017-06-09 07:47:05+02;1389
2017-06-09 10:07:06+02;1299
2017-06-09 12:27:06+02;1329
2017-06-09 15:17:06+02;1319
2017-06-09 17:12:06+02;1339
2017-06-09 21:57:06+02;1459
2017-06-10 06:17:05+02;1359
2017-06-10 08:47:05+02;1359
2017-06-10 08:57:06+02;1309
2017-06-10 12:27:06+02;1339
2017-06-10 13:32:05+02;1309
2017-06-10 15:57:06+02;1309
2017-06-10 17:12:06+02;1329
2017-06-10 18:57:06+02;1299
2017-06-10 21:57:05+02;1449
2017-06-11 07:57:17+02;1369
2017-06-11 08:17:05+02;1309
2017-06-11 10:37:06+02;1309
2017-06-11 12:27:06+02;1339
2017-06-11 13:37:05+02;1329
2017-06-11 14:47:05+02;1309
2017-06-11 16:07:06+02;1299
2017-06-11 17:12:06+02;1319
2017-06-11 21:57:05+02;1459
2017-06-12 07:47:05+02;1379
2017-06-12 10:37:06+02;1299
2017-06-12 11:25:04+02;1299
2017-06-12 12:02:04+02;1299
2017-06-12 12:39:04+02;1299
2017-06-12 12:42:08+02;1329
2017-06-12 13:41:06+02;1329
2017-06-12 16:32:06+02;1299
2017-06-12 17:12:06+02;1319
2017-06-12 20:42:05+02;1279
2017-06-12 21:57:08+02;1429
2017-06-13 07:57:05+02;1369
2017-06-13 10:27:19+02;1299
2017-06-13 12:27:06+02;1329
2017-06-13 15:52:06+02;1299
2017-06-13 17:12:06+02;1319
2017-06-13 18:37:06+02;1309
2017-06-13 21:57:06+02;1449
2017-06-14 07:47:05+02;1369
2017-06-14 11:47:05+02;1319
2017-06-14 12:27:06+02;1349
2017-06-14 15:36:24+02;1289
2017-06-14 17:12:06+02;1309
2017-06-14 18:17:06+02;1289
2017-06-14 21:57:06+02;1439
2017-06-15 07:17:06+02;1379
2017-06-15 10:02:05+02;1299
2017-06-15 12:27:06+02;1329
2017-06-15 16:37:06+02;1279
2017-06-15 17:12:06+02;1299
2017-06-15 18:57:06+02;1299
2017-06-15 21:57:06+02;1439
2017-06-16 07:17:06+02;1369
2017-06-16 12:27:06+02;1399
2017-06-16 14:27:06+02;1329
2017-06-16 16:17:09+02;1299
2017-06-16 17:12:06+02;1319
2017-06-16 21:57:06+02;1439
2017-06-17 06:17:06+02;1389
2017-06-17 06:37:06+02;1369
2017-06-17 12:27:06+02;1399
2017-06-17 14:07:06+02;1379
2017-06-17 14:27:06+02;1369
2017-06-17 15:27:06+02;1329
2017-06-17 17:12:17+02;1349
2017-06-17 19:07:05+02;1339
2017-06-17 20:07:06+02;1329
2017-06-17 21:57:06+02;1439
2017-06-18 08:07:06+02;1379
2017-06-18 08:37:06+02;1329
2017-06-18 12:27:06+02;1359
2017-06-18 14:27:05+02;1329
2017-06-18 15:07:06+02;1299
2017-06-18 17:12:06+02;1319
2017-06-18 18:37:06+02;1299
2017-06-18 19:47:06+02;1289
2017-06-18 21:57:06+02;1439
2017-06-19 07:57:05+02;1369
2017-06-19 12:27:06+02;1399
2017-06-19 14:37:06+02;1399
2017-06-19 14:47:06+02;1349
2017-06-19 15:57:06+02;1339
2017-06-19 17:12:06+02;1359
2017-06-19 17:57:06+02;1339
2017-06-19 19:27:06+02;1329
2017-06-19 21:57:06+02;1439
2017-06-20 07:17:06+02;1369
2017-06-20 12:27:06+02;1399
2017-06-20 14:17:08+02;1339
2017-06-20 14:41:23+02;1339
2017-06-20 17:12:06+02;1359
2017-06-20 18:12:06+02;1309
2017-06-20 20:17:06+02;1299
2017-06-20 21:57:06+02;1429
2017-06-21 07:47:06+02;1369
2017-06-21 09:37:06+02;1369
2017-06-21 11:07:06+02;1329
2017-06-21 12:27:05+02;1359
2017-06-21 15:27:15+02;1319
2017-06-21 16:37:07+02;1309
2017-06-21 17:12:06+02;1329
2017-06-21 19:27:06+02;1319
2017-06-21 21:57:05+02;1429
2017-06-22 07:47:06+02;1359
2017-06-22 11:07:06+02;1329
2017-06-22 12:27:05+02;1359
2017-06-22 15:57:08+02;1309
2017-06-22 17:12:06+02;1329
2017-06-22 20:07:06+02;1289
2017-06-22 21:57:05+02;1429
2017-06-23 07:57:06+02;1349
2017-06-23 11:27:07+02;1319
2017-06-23 12:27:07+02;1349
2017-06-23 14:37:06+02;1319
2017-06-23 16:47:06+02;1289
2017-06-23 17:12:05+02;1309
2017-06-23 18:37:06+02;1289
2017-06-23 21:57:06+02;1429
2017-06-24 06:17:05+02;1349
2017-06-24 09:27:05+02;1319
2017-06-24 11:17:06+02;1309
2017-06-24 12:27:06+02;1339
2017-06-24 13:37:06+02;1319
2017-06-24 16:17:05+02;1309
2017-06-24 17:12:06+02;1329
2017-06-24 18:37:06+02;1309
2017-06-24 19:37:06+02;1299
2017-06-24 20:07:06+02;1289
2017-06-24 21:57:06+02;1429
2017-06-25 07:57:05+02;1349
2017-06-25 10:27:05+02;1309
2017-06-25 12:27:05+02;1339
2017-06-25 15:27:05+02;1299
2017-06-25 17:12:05+02;1319
2017-06-25 18:47:05+02;1309
2017-06-25 20:57:06+02;1289
2017-06-25 21:57:06+02;1429
2017-06-26 07:47:05+02;1359
2017-06-26 09:27:06+02;1359
2017-06-26 10:37:06+02;1319
2017-06-26 12:27:06+02;1349
2017-06-26 14:57:06+02;1329
2017-06-26 16:37:06+02;1319
2017-06-26 17:12:06+02;1339
2017-06-26 18:27:06+02;1329
2017-06-26 21:37:06+02;1309
2017-06-26 21:57:05+02;1429
2017-06-27 07:47:05+02;1359
2017-06-27 11:57:23+02;1309
2017-06-27 12:27:06+02;1339
2017-06-27 15:57:06+02;1289
2017-06-27 17:12:06+02;1309
2017-06-27 18:02:06+02;1289
2017-06-27 20:07:06+02;1269
2017-06-27 21:57:06+02;1419
2017-06-28 07:57:06+02;1339
2017-06-28 12:27:06+02;1369
2017-06-28 15:52:05+02;1319
2017-06-28 16:07:06+02;1279
2017-06-28 17:12:06+02;1299
2017-06-28 18:47:05+02;1279
2017-06-28 21:57:06+02;1429
2017-06-28 22:12:06+02;1279
2017-06-29 12:27:06+02;1309
2017-06-29 16:07:06+02;1299
2017-06-29 17:12:06+02;1319
2017-06-29 21:57:05+02;1429
2017-06-30 07:47:05+02;1349
2017-06-30 09:47:06+02;1319
2017-06-30 12:27:07+02;1349
2017-06-30 16:17:06+02;1289
2017-06-30 17:12:06+02;1309
2017-06-30 19:07:06+02;1309
2017-06-30 20:17:05+02;1269
2017-06-30 21:57:06+02;1419
2017-07-01 05:57:05+02;1339
2017-07-01 11:47:06+02;1319
2017-07-01 12:27:06+02;1349
2017-07-01 13:37:06+02;1339
2017-07-01 14:57:06+02;1329
2017-07-01 15:27:06+02;1309
2017-07-01 17:12:05+02;1329
2017-07-01 18:17:05+02;1299
2017-07-01 19:37:06+02;1279
2017-07-01 21:57:05+02;1429
2017-07-02 08:07:05+02;1349
2017-07-02 10:07:06+02;1319
2017-07-02 10:37:06+02;1299
2017-07-02 12:27:06+02;1329
2017-07-02 16:07:06+02;1299
2017-07-02 17:12:06+02;1319
2017-07-02 20:27:05+02;1289
2017-07-02 21:57:06+02;1429
2017-07-03 07:47:06+02;1359
2017-07-03 11:08:06+02;1299
2017-07-03 12:27:06+02;1329
2017-07-03 14:57:06+02;1299
2017-07-03 17:12:08+02;1319
2017-07-03 21:57:06+02;1439
2017-07-04 07:47:18+02;1259
2017-07-04 12:27:06+02;1289
2017-07-04 14:47:06+02;1259
2017-07-04 17:12:06+02;1279
2017-07-04 21:57:07+02;1429
2017-07-05 07:47:05+02;1329
2017-07-05 09:57:06+02;1289
2017-07-05 12:27:06+02;1319
2017-07-05 15:17:06+02;1309
2017-07-05 17:12:06+02;1329
2017-07-05 18:17:05+02;1299
2017-07-05 20:07:06+02;1279
2017-07-05 21:57:06+02;1429
2017-07-06 07:57:05+02;1349
2017-07-06 11:12:07+02;1319
2017-07-06 12:27:06+02;1349
2017-07-06 15:27:06+02;1309
2017-07-06 17:02:05+02;1299
2017-07-06 17:12:06+02;1319
2017-07-06 17:57:06+02;1309
2017-07-06 20:07:06+02;1299
2017-07-06 21:57:06+02;1439
2017-07-07 07:47:06+02;1329
2017-07-07 11:07:06+02;1299
2017-07-07 12:27:05+02;1329
2017-07-07 17:12:06+02;1349
2017-07-07 18:17:06+02;1319
2017-07-07 21:57:06+02;1429
2017-07-08 06:17:05+02;1359
2017-07-08 10:57:09+02;1279
2017-07-08 12:27:06+02;1309
2017-07-08 16:17:06+02;1279
2017-07-08 17:12:06+02;1299
2017-07-08 20:27:05+02;1279
2017-07-08 21:57:05+02;1429
2017-07-09 07:58:05+02;1349
2017-07-09 10:17:06+02;1299
2017-07-09 11:07:06+02;1289
2017-07-09 11:17:05+02;1279
2017-07-09 12:27:05+02;1309
2017-07-09 14:37:06+02;1309
2017-07-09 17:12:06+02;1329
2017-07-09 17:37:05+02;1309
2017-07-09 19:47:05+02;1299
2017-07-09 20:07:06+02;1279
2017-07-09 21:57:05+02;1429
2017-07-10 07:17:05+02;1349
2017-07-10 10:17:06+02;1299
2017-07-10 12:27:06+02;1329
2017-07-10 16:17:06+02;1289
2017-07-10 17:12:06+02;1309
2017-07-10 18:07:06+02;1279
2017-07-10 20:47:05+02;1244
2017-07-10 21:57:06+02;1429
2017-07-11 07:07:06+02;1309
2017-07-11 09:47:06+02;1289
2017-07-11 12:27:06+02;1319
2017-07-11 14:17:06+02;1289
2017-07-11 17:12:06+02;1309
2017-07-11 21:57:06+02;1439
2017-07-12 07:27:06+02;1339
2017-07-12 12:27:06+02;1369
2017-07-12 16:27:06+02;1369
2017-07-12 16:31:54+02;1259
2017-07-12 17:12:06+02;1279
2017-07-12 21:27:06+02;1279
2017-07-12 21:57:06+02;1429
2017-07-13 07:27:06+02;1349
2017-07-13 10:17:06+02;1329
2017-07-13 11:37:06+02;1319
2017-07-13 12:27:08+02;1349
2017-07-13 14:47:06+02;1319
2017-07-13 16:17:06+02;1259
2017-07-13 17:12:06+02;1279
2017-07-13 17:47:05+02;1259
2017-07-13 21:57:05+02;1409
2017-07-14 07:17:06+02;1329
2017-07-14 10:27:06+02;1319
2017-07-14 12:27:06+02;1349
2017-07-14 16:07:06+02;1299
2017-07-14 17:12:06+02;1319
2017-07-14 19:17:06+02;1319
2017-07-14 21:07:06+02;1299
2017-07-14 21:57:06+02;1449
2017-07-15 05:57:05+02;1369
2017-07-15 06:37:06+02;1369
2017-07-15 07:47:06+02;1359
2017-07-15 09:07:06+02;1349
2017-07-15 10:47:05+02;1319
2017-07-15 11:37:05+02;1319
2017-07-15 12:27:06+02;1349
2017-07-15 14:17:05+02;1329
2017-07-15 14:27:05+02;1319
2017-07-15 15:22:05+02;1319
2017-07-15 15:32:06+02;1289
2017-07-15 16:17:06+02;1259
2017-07-15 17:12:22+02;1279
2017-07-15 18:37:06+02;1269
2017-07-15 19:47:05+02;1254
2017-07-15 21:57:06+02;1404
2017-07-16 07:57:05+02;1319
2017-07-16 11:27:23+02;1319
2017-07-16 12:17:05+02;1279
2017-07-16 12:27:05+02;1309
2017-07-16 15:17:06+02;1299
2017-07-16 17:12:06+02;1319
2017-07-16 18:07:06+02;1289
2017-07-16 20:27:05+02;1269
2017-07-16 21:57:05+02;1419
2017-07-17 07:17:05+02;1339
2017-07-17 12:17:06+02;1319
2017-07-17 12:27:06+02;1349
2017-07-17 15:07:06+02;1319
2017-07-17 17:12:06+02;1339
2017-07-17 18:37:06+02;1319
2017-07-17 21:57:05+02;1449
2017-07-18 07:07:06+02;1359
2017-07-18 11:22:06+02;1319
2017-07-18 12:27:06+02;1349
2017-07-18 15:18:07+02;1319
2017-07-18 16:27:06+02;1289
2017-07-18 17:12:06+02;1309
2017-07-18 20:07:07+02;1279
2017-07-18 21:57:06+02;1429
2017-07-19 07:07:06+02;1349
2017-07-19 11:27:06+02;1319
2017-07-19 12:27:06+02;1349
2017-07-19 15:37:06+02;1299
2017-07-19 17:12:06+02;1319
2017-07-19 18:37:06+02;1299
2017-07-19 21:57:05+02;1449
2017-07-20 07:17:17+02;1349
2017-07-20 11:27:06+02;1309
2017-07-20 12:27:05+02;1339
2017-07-20 15:17:09+02;1309
2017-07-20 17:02:06+02;1269
2017-07-20 17:12:07+02;1289
2017-07-20 21:57:05+02;1439
2017-07-21 07:27:05+02;1339
2017-07-21 11:57:06+02;1319
2017-07-21 12:27:06+02;1349
2017-07-21 14:47:05+02;1289
2017-07-21 17:12:10+02;1309
2017-07-21 17:47:06+02;1289
2017-07-21 19:47:05+02;1269
2017-07-21 21:57:08+02;1419
2017-07-22 02:20:07+02;1419
2017-07-22 05:57:05+02;1359
2017-07-22 06:27:06+02;1339
2017-07-22 11:07:05+02;1299
2017-07-22 12:27:06+02;1329
2017-07-22 14:17:05+02;1329
2017-07-22 15:27:05+02;1309
2017-07-22 16:57:05+02;1289
2017-07-22 17:12:06+02;1309
2017-07-22 18:27:05+02;1289
2017-07-22 19:47:06+02;1269
2017-07-22 21:57:06+02;1419
2017-07-23 07:37:06+02;1289
2017-07-23 12:27:06+02;1319
2017-07-23 14:37:06+02;1319
2017-07-23 17:12:06+02;1339
2017-07-23 18:17:06+02;1319
2017-07-23 19:07:06+02;1299
2017-07-23 19:47:18+02;1279
2017-07-23 21:57:06+02;1429
2017-07-24 07:17:06+02;1349
2017-07-24 12:12:07+02;1339
2017-07-24 12:27:06+02;1369
2017-07-24 14:47:06+02;1309
2017-07-24 17:12:07+02;1329
2017-07-24 17:47:06+02;1289
2017-07-24 21:57:06+02;1439
2017-07-25 07:17:05+02;1339
2017-07-25 11:57:24+02;1309
2017-07-25 12:27:14+02;1339
2017-07-25 14:57:06+02;1309
2017-07-25 17:12:06+02;1329
2017-07-25 18:47:06+02;1269
2017-07-25 20:42:21+02;1259
2017-07-25 21:57:06+02;1409
2017-07-26 06:47:06+02;1319
2017-07-26 11:27:06+02;1309
2017-07-26 12:12:06+02;1289
2017-07-26 12:27:06+02;1319
2017-07-26 13:32:06+02;1309
2017-07-26 16:27:06+02;1269
2017-07-26 17:12:07+02;1289
2017-07-26 17:37:06+02;1269
2017-07-26 20:27:06+02;1259
2017-07-26 21:57:06+02;1409
2017-07-27 06:47:05+02;1319
2017-07-27 12:12:06+02;1299
2017-07-27 12:27:06+02;1329
2017-07-27 14:02:06+02;1299
2017-07-27 14:57:06+02;1289
2017-07-27 16:22:07+02;1279
2017-07-27 17:12:19+02;1299
2017-07-27 18:07:06+02;1279
2017-07-27 18:52:06+02;1269
2017-07-27 21:57:06+02;1419
2017-07-28 06:42:06+02;1339
2017-07-28 09:22:06+02;1279
2017-07-28 11:44:08+02;1279
2017-07-28 12:01:12+02;1279
2017-07-28 12:02:07+02;1279
2017-07-28 12:27:06+02;1309
2017-07-28 14:07:06+02;1279
2017-07-28 16:12:05+02;1279
2017-07-28 17:12:05+02;1299
2017-07-28 18:07:05+02;1279
2017-07-28 21:27:05+02;1279
2017-07-28 21:57:05+02;1429
2017-07-29 05:57:06+02;1429
2017-07-29 06:17:05+02;1339
2017-07-29 10:17:05+02;1319
2017-07-29 10:37:06+02;1319
2017-07-29 11:42:06+02;1299
2017-07-29 12:27:05+02;1329
2017-07-29 14:07:06+02;1299
2017-07-29 21:57:05+02;1449
2017-07-30 06:57:05+02;1359
2017-07-30 10:47:06+02;1289
2017-07-30 12:27:06+02;1319
2017-07-30 15:02:05+02;1289
2017-07-30 21:57:05+02;1439
2017-07-31 06:42:06+02;1359
2017-07-31 10:52:06+02;1319
2017-07-31 12:27:06+02;1349
2017-07-31 14:02:06+02;1319
2017-07-31 15:10:06+02;1319
2017-07-31 15:57:06+02;1309
2017-07-31 17:12:06+02;1329
2017-07-31 18:12:06+02;1299
2017-07-31 19:07:06+02;1289
2017-07-31 21:27:06+02;1279
2017-07-31 21:57:06+02;1439
2017-08-01 06:47:06+02;1349
2017-08-01 11:07:06+02;1319
2017-08-01 12:27:06+02;1349
2017-08-01 14:02:06+02;1319
2017-08-01 16:17:06+02;1289
2017-08-01 17:12:06+02;1309
2017-08-01 17:47:05+02;1299
2017-08-01 18:22:06+02;1289
2017-08-01 21:57:06+02;1439
2017-08-02 06:47:05+02;1349
2017-08-02 12:27:06+02;1379
2017-08-02 14:27:06+02;1319
2017-08-02 17:02:06+02;1299
2017-08-02 17:12:06+02;1319
2017-08-02 17:47:06+02;1299
2017-08-02 18:37:06+02;1299
2017-08-02 20:37:06+02;1289
2017-08-02 21:57:06+02;1439
2017-08-03 06:42:06+02;1359
2017-08-03 10:47:05+02;1339
2017-08-03 12:27:05+02;1369
2017-08-03 14:17:06+02;1339
2017-08-03 16:02:06+02;1299
2017-08-03 16:37:06+02;1289
2017-08-03 17:12:06+02;1309
2017-08-03 17:47:07+02;1299
2017-08-03 20:52:06+02;1279
2017-08-03 21:57:06+02;1449
2017-08-04 06:42:06+02;1359
2017-08-04 08:17:06+02;1289
2017-08-04 12:27:06+02;1319
2017-08-04 14:12:06+02;1289
2017-08-04 16:22:07+02;1279
2017-08-04 17:12:06+02;1299
2017-08-04 17:37:06+02;1289
2017-08-04 21:57:05+02;1439
2017-08-05 05:57:06+02;1359
2017-08-05 10:37:18+02;1339
2017-08-05 11:37:09+02;1319
2017-08-05 12:27:14+02;1349
2017-08-05 13:22:06+02;1309
2017-08-05 16:27:05+02;1289
2017-08-05 17:12:06+02;1309
2017-08-05 17:47:06+02;1289
2017-08-05 20:37:06+02;1279
2017-08-05 21:57:05+02;1429
2017-08-06 06:57:06+02;1339
2017-08-06 07:57:06+02;1299
2017-08-06 12:27:05+02;1329
2017-08-06 14:12:06+02;1329
2017-08-06 15:17:05+02;1319
2017-08-06 17:12:06+02;1339
2017-08-06 18:12:11+02;1309
2017-08-06 21:57:06+02;1449
2017-08-07 06:37:06+02;1359
2017-08-07 09:42:06+02;1359
2017-08-07 12:27:06+02;1389
2017-08-07 13:32:12+02;1319
2017-08-07 15:52:06+02;1289
2017-08-07 16:02:06+02;1289
2017-08-07 17:12:06+02;1309
2017-08-07 17:42:06+02;1289
2017-08-07 17:52:06+02;1289
2017-08-07 21:57:06+02;1439
2017-08-08 06:27:05+02;1439
2017-08-08 06:47:05+02;1349
2017-08-08 11:37:06+02;1309
2017-08-08 12:27:06+02;1339
2017-08-08 14:07:07+02;1309
2017-08-08 16:22:07+02;1279
2017-08-08 17:12:06+02;1299
2017-08-08 20:07:06+02;1279
2017-08-08 21:57:06+02;1429
2017-08-09 06:47:05+02;1359
2017-08-09 06:52:05+02;1349
2017-08-09 10:57:06+02;1329
2017-08-09 11:57:06+02;1309
2017-08-09 12:27:06+02;1339
2017-08-09 14:07:06+02;1329
2017-08-09 17:12:06+02;1349
2017-08-09 19:07:05+02;1299
2017-08-09 21:57:05+02;1449
2017-08-10 06:52:13+02;1359
2017-08-10 11:07:06+02;1319
2017-08-10 12:27:05+02;1349
2017-08-10 14:02:06+02;1319
2017-08-10 17:12:06+02;1339
2017-08-10 18:47:05+02;1299
2017-08-10 21:57:06+02;1449
2017-08-11 06:47:05+02;1349
2017-08-11 11:52:06+02;1289
2017-08-11 12:27:06+02;1319
2017-08-11 14:12:06+02;1289
2017-08-11 17:12:06+02;1309
2017-08-11 18:17:06+02;1289
2017-08-11 19:12:06+02;1289
2017-08-11 21:57:05+02;1439
2017-08-12 06:07:05+02;1349
2017-08-12 09:07:05+02;1349
2017-08-12 10:27:06+02;1339
2017-08-12 12:27:05+02;1369
2017-08-12 13:37:06+02;1349
2017-08-12 13:52:05+02;1339
2017-08-12 14:57:06+02;1309
2017-08-12 17:12:06+02;1329
2017-08-12 17:47:06+02;1309
2017-08-12 18:42:06+02;1299
2017-08-12 21:57:05+02;1449
2017-08-13 06:47:05+02;1299
2017-08-13 12:27:05+02;1329
2017-08-13 13:52:10+02;1319
2017-08-13 14:07:06+02;1299
2017-08-13 17:12:06+02;1319
2017-08-13 17:52:05+02;1309
2017-08-13 21:57:06+02;1449
2017-08-14 06:47:05+02;1359
2017-08-14 07:52:06+02;1349
2017-08-14 09:12:06+02;1319
2017-08-14 12:28:06+02;1349
2017-08-14 14:12:06+02;1319
2017-08-14 16:37:06+02;1309
2017-08-14 17:12:07+02;1329
2017-08-14 18:47:06+02;1299
2017-08-14 21:57:06+02;1449
2017-08-15 06:52:05+02;1359
2017-08-15 12:17:05+02;1329
2017-08-15 12:27:06+02;1359
2017-08-15 14:27:06+02;1349
2017-08-15 14:37:06+02;1329
2017-08-15 16:42:06+02;1319
2017-08-15 17:12:06+02;1339
2017-08-15 19:17:05+02;1319
2017-08-15 21:07:11+02;1309
2017-08-15 21:57:10+02;1449
2017-08-16 06:47:05+02;1369
2017-08-16 11:37:07+02;1319
2017-08-16 12:27:06+02;1349
2017-08-16 13:47:05+02;1339
2017-08-16 15:42:06+02;1319
2017-08-16 17:12:06+02;1339
2017-08-16 20:17:06+02;1289
2017-08-16 21:57:06+02;1439
2017-08-17 06:48:05+02;1359
2017-08-17 11:22:06+02;1309
2017-08-17 12:27:06+02;1339
2017-08-17 15:17:09+02;1339
2017-08-17 15:22:10+02;1299
2017-08-17 15:37:10+02;1299
2017-08-17 17:12:09+02;1319
2017-08-17 17:32:09+02;1299
2017-08-17 20:07:08+02;1299
2017-08-17 21:57:07+02;1449
2017-08-18 06:47:07+02;1369
2017-08-18 11:07:10+02;1329
2017-08-18 11:27:22+02;1319
2017-08-18 12:27:11+02;1349
2017-08-18 15:42:21+02;1349
2017-08-18 16:07:09+02;1309
2017-08-18 17:12:16+02;1329
2017-08-18 17:47:11+02;1309
2017-08-18 21:57:08+02;1449
2017-08-19 05:57:07+02;1379
2017-08-19 07:02:09+02;1379
2017-08-19 10:27:08+02;1329
2017-08-19 11:12:10+02;1309
2017-08-19 12:27:09+02;1339
2017-08-19 15:07:09+02;1309
2017-08-19 15:32:08+02;1299
2017-08-19 17:12:07+02;1319
2017-08-19 17:52:09+02;1309
2017-08-19 21:57:09+02;1449
2017-08-20 03:37:09+02;1349
2017-08-20 04:32:09+02;1339
2017-08-20 11:37:10+02;1319
2017-08-20 12:27:10+02;1349
2017-08-20 13:47:09+02;1309
2017-08-20 14:47:08+02;1309
2017-08-20 17:12:10+02;1329
2017-08-20 17:32:11+02;1309
2017-08-20 19:58:09+02;1289
2017-08-20 21:58:09+02;1439
2017-08-21 03:37:07+02;1349
2017-08-21 07:17:10+02;1339
2017-08-21 10:17:11+02;1289
2017-08-21 12:27:10+02;1319
2017-08-21 15:17:12+02;1289
2017-08-21 15:32:11+02;1289
2017-08-21 17:12:15+02;1309
2017-08-21 17:57:13+02;1309
2017-08-21 20:02:12+02;1289
2017-08-21 21:57:08+02;1439
2017-08-22 06:57:09+02;1359
2017-08-22 12:07:17+02;1329
2017-08-22 12:27:08+02;1359
2017-08-22 15:27:10+02;1329
2017-08-22 17:12:12+02;1349
2017-08-22 20:07:08+02;1309
2017-08-22 21:57:08+02;1459
2017-08-23 06:47:07+02;1379
2017-08-23 09:57:09+02;1369
2017-08-23 10:42:12+02;1309
2017-08-23 12:27:11+02;1339
2017-08-23 15:32:10+02;1319
2017-08-23 17:12:11+02;1339
2017-08-23 20:07:07+02;1309
2017-08-23 21:57:08+02;1459
2017-08-24 03:33:06+02;1459
2017-08-24 06:47:05+02;1379
2017-08-24 09:22:05+02;1379
2017-08-24 11:42:07+02;1369
2017-08-24 12:27:05+02;1399
2017-08-24 13:57:06+02;1339
2017-08-24 15:32:06+02;1309
2017-08-24 17:12:05+02;1329
2017-08-24 20:42:06+02;1309
2017-08-24 21:57:05+02;1459
2017-08-25 06:47:05+02;1379
2017-08-25 08:47:06+02;1329
2017-08-25 12:27:06+02;1359
2017-08-25 15:22:05+02;1339
2017-08-25 16:37:06+02;1309
2017-08-25 17:12:06+02;1329
2017-08-25 17:32:06+02;1309
2017-08-25 21:57:05+02;1459
2017-08-26 05:57:06+02;1379
2017-08-26 10:27:06+02;1339
2017-08-26 12:17:05+02;1319
2017-08-26 12:27:06+02;1349
2017-08-26 14:57:06+02;1299
2017-08-26 17:12:06+02;1319
2017-08-26 17:47:06+02;1299
2017-08-26 20:02:06+02;1299
2017-08-26 21:57:05+02;1449
2017-08-27 07:02:06+02;1369
2017-08-27 10:27:05+02;1339
2017-08-27 12:02:05+02;1329
2017-08-27 12:27:06+02;1359
2017-08-27 13:37:06+02;1349
2017-08-27 15:27:06+02;1349
2017-08-27 15:37:05+02;1339
2017-08-27 17:12:05+02;1359
2017-08-27 19:57:05+02;1339
2017-08-27 20:37:06+02;1339
2017-08-27 21:57:06+02;1469
2017-08-28 06:47:05+02;1399
2017-08-28 09:07:06+02;1379
2017-08-28 10:27:06+02;1379
2017-08-28 10:32:05+02;1359
2017-08-28 12:27:06+02;1389
2017-08-28 15:22:06+02;1349
2017-08-28 17:12:06+02;1369
2017-08-28 17:42:06+02;1339
2017-08-28 19:57:05+02;1319
2017-08-28 21:57:06+02;1469
2017-08-29 06:47:05+02;1389
2017-08-29 09:12:05+02;1389
2017-08-29 11:27:05+02;1339
2017-08-29 12:27:06+02;1369
2017-08-29 14:22:06+02;1349
2017-08-29 15:52:05+02;1319
2017-08-29 17:12:14+02;1339
2017-08-29 17:32:14+02;1319
2017-08-29 21:57:05+02;1469
2017-08-30 06:47:06+02;1389
2017-08-30 11:07:06+02;1339
2017-08-30 12:27:07+02;1369
2017-08-30 15:22:18+02;1339
2017-08-30 17:12:06+02;1359
2017-08-30 17:52:06+02;1329
2017-08-30 20:07:05+02;1309
2017-08-30 21:57:06+02;1459
2017-08-31 06:52:06+02;1379
2017-08-31 10:17:06+02;1349
2017-08-31 11:07:19+02;1319
2017-08-31 12:27:05+02;1349
2017-08-31 15:22:06+02;1339
2017-08-31 16:42:06+02;1319
2017-08-31 17:12:05+02;1339
2017-08-31 19:47:06+02;1299
2017-08-31 21:57:06+02;1449
2017-09-01 06:42:14+02;1369
2017-09-01 11:27:06+02;1339
2017-09-01 12:27:06+02;1369
2017-09-01 15:07:05+02;1339
2017-09-01 15:32:06+02;1339
2017-09-01 17:12:06+02;1359
2017-09-01 17:32:06+02;1339
2017-09-01 21:57:06+02;1489
2017-09-02 09:22:06+02;1339
2017-09-02 12:27:05+02;1369
2017-09-02 14:57:05+02;1339
2017-09-02 15:27:07+02;1334
2017-09-02 17:12:06+02;1354
2017-09-02 17:37:06+02;1339
2017-09-02 20:07:06+02;1334
2017-09-02 21:57:05+02;1484
2017-09-03 07:02:06+02;1399
2017-09-03 11:17:06+02;1399
2017-09-03 12:27:06+02;1429
2017-09-03 14:17:06+02;1399
2017-09-03 15:17:06+02;1359
2017-09-03 17:12:06+02;1379
2017-09-03 17:32:06+02;1359
2017-09-03 19:07:06+02;1339
2017-09-03 21:57:06+02;1489
2017-09-04 06:47:06+02;1409
2017-09-04 10:17:06+02;1349
2017-09-04 12:27:06+02;1379
2017-09-04 13:27:06+02;1349
2017-09-04 15:37:06+02;1349
2017-09-04 17:12:06+02;1369
2017-09-04 20:42:06+02;1329
2017-09-04 21:57:06+02;1479
2017-09-05 06:47:05+02;1399
2017-09-05 09:47:05+02;1399
2017-09-05 12:27:06+02;1429
2017-09-05 13:47:05+02;1399
2017-09-05 15:27:06+02;1379
2017-09-05 17:12:06+02;1399
2017-09-05 20:07:07+02;1359
2017-09-05 21:57:05+02;1489
2017-09-06 06:47:06+02;1419
2017-09-06 10:12:06+02;1409
2017-09-06 11:27:06+02;1389
2017-09-06 12:12:06+02;1369
2017-09-06 12:27:06+02;1399
2017-09-06 15:17:06+02;1389
2017-09-06 15:57:06+02;1359
2017-09-06 17:12:06+02;1379
2017-09-06 20:32:06+02;1339
2017-09-06 21:57:06+02;1479
2017-09-07 06:47:05+02;1409
2017-09-07 11:47:06+02;1369
2017-09-07 12:02:06+02;1359
2017-09-07 12:27:06+02;1389
2017-09-07 13:47:06+02;1369
2017-09-07 15:22:06+02;1339
2017-09-07 16:47:06+02;1339
2017-09-07 17:12:06+02;1359
2017-09-07 19:37:06+02;1339
2017-09-07 21:57:06+02;1489
2017-09-08 06:47:06+02;1409
2017-09-08 12:27:06+02;1439
2017-09-08 14:17:06+02;1379
2017-09-08 15:37:06+02;1349
2017-09-08 17:12:06+02;1369
2017-09-08 19:42:06+02;1349
2017-09-08 21:57:05+02;1489
2017-09-09 05:57:06+02;1419
2017-09-09 10:47:06+02;1379
2017-09-09 12:27:06+02;1409
2017-09-09 13:57:06+02;1399
2017-09-09 15:27:06+02;1349
2017-09-09 15:47:06+02;1339
2017-09-09 17:12:06+02;1359
2017-09-09 19:07:06+02;1339
2017-09-09 21:57:05+02;1489
2017-09-10 06:57:06+02;1409
2017-09-10 10:37:06+02;1379
2017-09-10 12:27:05+02;1409
2017-09-10 15:07:05+02;1379
2017-09-10 15:37:06+02;1369
2017-09-10 16:17:06+02;1359
2017-09-10 17:12:06+02;1379
2017-09-10 17:47:06+02;1359
2017-09-10 21:57:06+02;1489
2017-09-11 06:52:06+02;1429
2017-09-11 09:12:06+02;1419
2017-09-11 10:27:06+02;1409
2017-09-11 11:57:06+02;1389
2017-09-11 12:27:06+02;1419
2017-09-11 13:27:05+02;1389
2017-09-11 15:37:06+02;1359
2017-09-11 17:12:14+02;1379
2017-09-11 20:07:06+02;1349
2017-09-11 21:57:06+02;1479
2017-09-12 06:47:06+02;1419
2017-09-12 10:27:05+02;1379
2017-09-12 12:27:06+02;1409
2017-09-12 13:22:06+02;1379
2017-09-12 15:47:06+02;1369
2017-09-12 17:12:06+02;1389
2017-09-12 17:52:06+02;1359
2017-09-12 20:07:06+02;1339
2017-09-12 21:57:09+02;1479
2017-09-13 06:47:17+02;1409
2017-09-13 11:52:07+02;1369
2017-09-13 12:27:06+02;1399
2017-09-13 15:22:05+02;1339
2017-09-13 17:12:06+02;1359
2017-09-13 17:47:06+02;1339
2017-09-13 21:57:05+02;1479
2017-09-14 06:47:06+02;1409
2017-09-14 11:27:08+02;1369
2017-09-14 12:27:06+02;1399
2017-09-14 15:22:06+02;1359
2017-09-14 17:12:06+02;1379
2017-09-14 19:42:06+02;1349
2017-09-14 21:57:07+02;1479
2017-09-15 06:47:06+02;1409
2017-09-15 08:57:06+02;1369
2017-09-15 11:52:06+02;1359
2017-09-15 12:27:06+02;1389
2017-09-15 15:22:05+02;1329
2017-09-15 17:12:06+02;1349
2017-09-15 19:47:07+02;1319
2017-09-15 21:57:06+02;1469
2017-09-16 05:27:06+02;1429
2017-09-16 05:57:06+02;1389
2017-09-16 10:27:06+02;1339
2017-09-16 12:27:06+02;1369
2017-09-16 14:07:06+02;1369
2017-09-16 15:07:06+02;1339
2017-09-16 17:12:06+02;1359
2017-09-16 17:52:06+02;1329
2017-09-16 19:47:06+02;1309
2017-09-16 21:57:06+02;1459
2017-09-17 07:07:06+02;1429
2017-09-17 07:12:06+02;1379
2017-09-17 12:27:06+02;1409
2017-09-17 13:47:05+02;1389
2017-09-17 15:07:06+02;1379
2017-09-17 16:37:06+02;1379
2017-09-17 17:12:06+02;1399
2017-09-17 17:42:06+02;1369
2017-09-17 18:52:06+02;1309
2017-09-17 21:57:06+02;1459
2017-09-18 06:42:08+02;1379
2017-09-18 10:52:06+02;1309
2017-09-18 12:27:06+02;1339
2017-09-18 15:27:08+02;1309
2017-09-18 16:37:07+02;1309
2017-09-18 17:12:06+02;1329
2017-09-18 17:32:06+02;1309
2017-09-18 21:57:06+02;1459
2017-09-19 06:47:05+02;1379
2017-09-19 10:12:06+02;1379
2017-09-19 11:37:06+02;1359
2017-09-19 12:27:06+02;1389
2017-09-19 15:07:06+02;1349
2017-09-19 15:17:06+02;1329
2017-09-19 16:47:06+02;1319
2017-09-19 17:12:18+02;1339
2017-09-19 18:27:06+02;1329
2017-09-19 18:37:06+02;1319
2017-09-19 21:57:06+02;1469
2017-09-19 23:16:20+02;1469
2017-09-20 06:42:05+02;1389
2017-09-20 10:57:06+02;1359
2017-09-20 12:27:06+02;1389
2017-09-20 15:07:06+02;1359
2017-09-20 17:12:05+02;1379
2017-09-20 17:52:06+02;1339
2017-09-20 19:27:06+02;1319
2017-09-20 21:57:05+02;1469
2017-09-21 06:47:05+02;1389
2017-09-21 11:27:09+02;1359
2017-09-21 12:27:06+02;1389
2017-09-21 14:52:06+02;1359
2017-09-21 15:07:06+02;1359
2017-09-21 15:47:06+02;1319
2017-09-21 17:12:06+02;1339
2017-09-21 19:37:06+02;1319
2017-09-21 21:57:06+02;1469
