2014-06-08 09:50:01+02;1569
2014-06-09 00:02:01+02;1619
2014-06-09 00:18:01+02;1599
2014-06-09 01:18:01+02;1599
2014-06-09 03:38:01+02;1589
2014-06-09 07:58:01+02;1579
2014-06-09 11:30:01+02;1569
2014-06-09 23:38:01+02;1619
2014-06-10 00:18:01+02;1599
2014-06-10 03:58:01+02;1579
2014-06-10 06:58:01+02;1579
2014-06-10 10:38:01+02;1569
2014-06-10 11:30:01+02;1549
2014-06-10 13:18:01+02;1539
2014-06-10 23:38:01+02;1619
2014-06-11 00:18:01+02;1599
2014-06-11 00:50:01+02;1569
2014-06-11 03:58:01+02;1569
2014-06-11 09:30:01+02;1559
2014-06-11 11:10:01+02;1549
2014-06-11 11:30:01+02;1529
2014-06-11 23:38:01+02;1619
2014-06-12 00:18:01+02;1589
2014-06-12 01:10:01+02;1559
2014-06-12 03:50:01+02;1549
2014-06-12 09:50:01+02;1549
2014-06-12 11:38:01+02;1529
2014-06-12 23:38:01+02;1619
2014-06-13 00:18:01+02;1599
2014-06-13 01:18:01+02;1559
2014-06-13 06:30:01+02;1559
2014-06-13 07:34:01+02;1549
2014-06-13 23:38:01+02;1619
2014-06-14 01:50:01+02;1609
2014-06-14 04:38:01+02;1599
2014-06-14 06:18:01+02;1549
2014-06-14 23:38:01+02;1619
2014-06-15 02:18:01+02;1579
2014-06-15 03:50:01+02;1569
2014-06-15 05:38:01+02;1559
2014-06-15 23:38:01+02;1619
2014-06-16 00:18:01+02;1609
2014-06-16 01:18:01+02;1599
2014-06-16 03:14:01+02;1569
2014-06-16 03:26:01+02;1569
2014-06-16 03:46:01+02;1569
2014-06-16 04:54:01+02;1549
2014-06-16 07:18:01+02;1539
2014-06-16 09:18:01+02;1529
2014-06-16 10:58:01+02;1529
2014-06-16 23:38:01+02;1629
2014-06-17 00:18:01+02;1609
2014-06-17 08:26:01+02;1599
2014-06-17 09:46:01+02;1589
2014-06-17 12:50:01+02;1589
2014-06-17 23:38:01+02;1649
2014-06-18 00:18:01+02;1609
2014-06-18 06:10:01+02;1589
2014-06-18 10:10:01+02;1569
2014-06-18 11:18:01+02;1549
2014-06-18 23:38:01+02;1639
2014-06-19 00:34:01+02;1589
2014-06-19 06:14:01+02;1549
2014-06-19 12:50:01+02;1549
2014-06-19 23:38:01+02;1639
2014-06-20 00:18:01+02;1619
2014-06-20 06:18:01+02;1549
2014-06-20 23:38:01+02;1639
2014-06-21 01:50:01+02;1619
2014-06-21 03:30:01+02;1589
2014-06-21 06:10:01+02;1549
2014-06-21 23:38:01+02;1639
2014-06-22 02:18:01+02;1609
2014-06-22 03:30:01+02;1589
2014-06-22 04:38:01+02;1589
2014-06-22 05:50:01+02;1569
2014-06-22 23:38:01+02;1639
2014-06-23 00:18:01+02;1589
2014-06-23 01:50:01+02;1569
2014-06-23 02:18:01+02;1569
2014-06-23 07:30:01+02;1559
2014-06-23 12:18:01+02;1559
2014-06-23 12:30:01+02;1549
2014-06-23 23:38:01+02;1639
2014-06-24 00:18:01+02;1619
2014-06-24 01:30:01+02;1579
2014-06-24 12:10:01+02;1579
2014-06-24 23:38:01+02;1639
2014-06-25 00:18:01+02;1619
2014-06-25 01:38:01+02;1619
2014-06-25 02:50:01+02;1589
2014-06-25 06:50:01+02;1589
2014-06-25 07:10:01+02;1579
2014-06-25 12:10:01+02;1569
2014-06-25 23:54:01+02;1639
2014-06-26 00:18:01+02;1599
2014-06-26 02:42:01+02;1589
2014-06-26 07:06:01+02;1569
2014-06-26 18:10:01+02;1559
2014-06-27 00:02:01+02;1639
2014-06-27 02:02:01+02;1589
2014-06-27 02:58:01+02;1579
2014-06-27 04:58:01+02;1579
2014-06-27 06:14:01+02;1569
2014-06-27 10:34:01+02;1559
2014-06-27 19:54:01+02;1549
2014-06-27 23:38:01+02;1639
2014-06-28 01:50:01+02;1609
2014-06-28 10:58:01+02;1569
2014-06-29 02:14:01+02;1639
2014-06-29 02:18:01+02;1619
2014-06-29 04:22:01+02;1599
2014-06-29 13:54:01+02;1569
2014-06-29 23:38:01+02;1639
2014-06-30 00:18:01+02;1619
2014-06-30 00:38:01+02;1599
2014-06-30 04:30:01+02;1589
2014-06-30 11:30:01+02;1569
2014-06-30 23:38:01+02;1639
2014-07-01 00:18:01+02;1619
2014-07-01 00:50:01+02;1609
2014-07-01 01:50:01+02;1599
2014-07-01 03:30:01+02;1589
2014-07-01 18:42:01+02;1579
2014-07-01 23:38:01+02;1639
2014-07-02 00:18:01+02;1619
2014-07-02 01:50:01+02;1619
2014-07-02 01:58:01+02;1609
2014-07-02 08:50:01+02;1569
2014-07-02 15:58:01+02;1549
2014-07-02 23:38:01+02;1639
2014-07-03 00:34:01+02;1579
2014-07-03 01:38:01+02;1569
2014-07-03 04:58:01+02;1559
2014-07-03 06:18:01+02;1559
2014-07-03 22:50:01+02;1549
2014-07-03 23:38:01+02;1629
2014-07-04 00:18:01+02;1579
2014-07-04 01:30:01+02;1569
2014-07-04 14:30:01+02;1549
2014-07-04 23:38:01+02;1629
2014-07-05 17:30:01+02;1569
2014-07-05 23:38:01+02;1629
2014-07-06 02:18:01+02;1609
2014-07-06 03:38:01+02;1579
2014-07-06 17:38:01+02;1569
2014-07-06 23:42:01+02;1629
2014-07-07 03:54:01+02;1619
2014-07-07 06:30:01+02;1609
2014-07-07 09:26:01+02;1569
2014-07-07 11:14:01+02;1559
2014-07-07 11:26:01+02;1559
2014-07-07 11:46:01+02;1549
2014-07-07 23:38:01+02;1639
2014-07-08 00:18:01+02;1579
2014-07-08 00:50:01+02;1569
2014-07-08 05:42:01+02;1569
2014-07-08 07:54:01+02;1549
2014-07-08 11:50:01+02;1549
2014-07-08 13:06:01+02;1539
2014-07-08 23:38:01+02;1639
2014-07-09 00:18:01+02;1609
2014-07-09 01:18:01+02;1589
2014-07-09 01:58:01+02;1579
2014-07-09 02:58:01+02;1569
2014-07-09 08:30:01+02;1549
2014-07-09 11:38:01+02;1549
2014-07-09 23:34:01+02;1529
2014-07-09 23:38:01+02;1629
2014-07-10 00:18:01+02;1609
2014-07-10 01:18:01+02;1559
2014-07-10 02:38:01+02;1559
2014-07-10 06:10:01+02;1549
2014-07-10 15:06:01+02;1539
2014-07-10 23:38:01+02;1639
2014-07-11 00:18:01+02;1609
2014-07-11 01:18:01+02;1559
2014-07-11 10:14:01+02;1549
2014-07-11 23:10:01+02;1539
2014-07-12 00:46:01+02;1639
2014-07-12 02:02:01+02;1599
2014-07-12 02:30:01+02;1589
2014-07-12 20:26:01+02;1589
2014-07-12 23:38:01+02;1639
2014-07-13 02:18:01+02;1609
2014-07-13 04:18:01+02;1539
2014-07-13 13:34:01+02;1539
2014-07-13 23:38:01+02;1639
2014-07-14 00:18:01+02;1599
2014-07-14 00:38:01+02;1589
2014-07-14 02:50:01+02;1569
2014-07-14 02:58:01+02;1569
2014-07-14 04:54:01+02;1559
2014-07-14 07:06:01+02;1549
2014-07-14 07:46:01+02;1549
2014-07-14 21:34:01+02;1529
2014-07-14 23:38:01+02;1629
2014-07-15 00:30:01+02;1589
2014-07-15 08:06:01+02;1559
2014-07-15 09:34:01+02;1539
2014-07-15 22:58:01+02;1529
2014-07-15 23:38:01+02;1619
2014-07-16 00:18:01+02;1589
2014-07-16 03:46:01+02;1549
2014-07-16 23:06:01+02;1539
2014-07-16 23:38:01+02;1619
2014-07-17 00:18:01+02;1549
2014-07-17 01:18:01+02;1549
2014-07-17 03:42:01+02;1539
2014-07-17 06:14:01+02;1519
2014-07-17 15:50:01+02;1509
2014-07-17 23:38:01+02;1619
2014-07-18 00:18:01+02;1549
2014-07-18 03:30:01+02;1549
2014-07-18 03:58:01+02;1539
2014-07-18 14:46:01+02;1519
2014-07-19 00:58:01+02;1619
2014-07-19 01:50:01+02;1579
2014-07-19 03:50:01+02;1529
2014-07-19 08:38:01+02;1519
2014-07-19 23:38:01+02;1619
2014-07-20 02:58:01+02;1579
2014-07-20 04:50:01+02;1539
2014-07-20 22:10:01+02;1529
2014-07-20 23:38:01+02;1619
2014-07-21 03:18:01+02;1579
2014-07-21 05:10:01+02;1569
2014-07-21 07:18:01+02;1549
2014-07-21 12:14:01+02;1529
2014-07-21 12:26:01+02;1529
2014-07-21 23:38:01+02;1619
2014-07-22 00:26:01+02;1589
2014-07-22 03:54:01+02;1589
2014-07-22 04:10:01+02;1589
2014-07-22 04:30:01+02;1579
2014-07-22 08:54:01+02;1579
2014-07-22 09:14:01+02;1569
2014-07-22 10:46:01+02;1549
2014-07-22 23:34:01+02;1539
2014-07-22 23:38:01+02;1619
2014-07-23 00:18:01+02;1589
2014-07-23 08:50:01+02;1549
2014-07-23 11:30:01+02;1529
2014-07-24 00:02:01+02;1619
2014-07-24 00:18:01+02;1589
2014-07-24 01:50:01+02;1589
2014-07-24 06:54:01+02;1529
2014-07-24 20:30:01+02;1519
2014-07-24 23:38:01+02;1619
2014-07-25 00:18:01+02;1589
2014-07-25 01:30:01+02;1589
2014-07-25 02:58:01+02;1589
2014-07-25 03:38:01+02;1539
2014-07-25 05:18:01+02;1539
2014-07-25 06:26:01+02;1529
2014-07-25 20:06:01+02;1509
2014-07-26 01:10:01+02;1619
2014-07-26 02:54:01+02;1589
2014-07-26 04:50:01+02;1549
2014-07-26 20:38:01+02;1549
2014-07-26 23:38:01+02;1619
2014-07-27 02:18:01+02;1589
2014-07-27 02:30:01+02;1549
2014-07-27 21:18:01+02;1539
2014-07-28 00:02:01+02;1619
2014-07-28 00:18:01+02;1589
2014-07-28 06:18:01+02;1589
2014-07-28 07:30:01+02;1579
2014-07-28 08:50:01+02;1579
2014-07-28 09:10:01+02;1569
2014-07-28 11:50:01+02;1569
2014-07-28 23:38:01+02;1619
2014-07-29 00:18:01+02;1599
2014-07-29 08:38:01+02;1569
2014-07-29 15:14:01+02;1559
2014-07-29 23:38:01+02;1619
2014-07-30 00:18:01+02;1599
2014-07-30 01:10:02+02;1589
2014-07-30 01:18:01+02;1569
2014-07-30 09:30:01+02;1549
2014-07-30 18:58:01+02;1529
2014-07-30 23:38:01+02;1619
2014-07-31 00:18:01+02;1589
2014-07-31 01:38:01+02;1589
2014-07-31 06:14:01+02;1539
2014-07-31 07:30:01+02;1529
2014-07-31 11:38:01+02;1519
2014-07-31 23:38:01+02;1619
2014-08-01 00:18:01+02;1589
2014-08-01 04:30:01+02;1529
2014-08-01 15:42:01+02;1509
2014-08-01 23:38:01+02;1619
2014-08-02 01:50:01+02;1589
2014-08-02 20:58:01+02;1529
2014-08-02 23:38:01+02;1619
2014-08-03 15:18:01+02;1579
2014-08-03 23:38:01+02;1619
2014-08-04 02:38:01+02;1579
2014-08-04 04:38:01+02;1549
2014-08-04 04:58:01+02;1549
2014-08-04 05:30:01+02;1539
2014-08-04 06:38:01+02;1509
2014-08-04 11:38:01+02;1499
2014-08-05 06:14:02+02;1619
2014-08-05 06:18:01+02;1569
2014-08-05 07:50:01+02;1569
2014-08-05 10:58:01+02;1529
2014-08-05 13:30:01+02;1519
2014-08-05 14:26:01+02;1509
2014-08-06 05:38:01+02;1619
2014-08-06 06:18:01+02;1569
2014-08-06 08:18:01+02;1569
2014-08-06 12:38:01+02;1539
2014-08-06 13:50:01+02;1509
2014-08-06 18:18:01+02;1499
2014-08-07 05:38:01+02;1599
2014-08-07 06:18:01+02;1559
2014-08-07 09:18:01+02;1519
2014-08-07 13:14:01+02;1519
2014-08-07 14:50:01+02;1509
2014-08-07 15:58:01+02;1499
2014-08-08 05:38:01+02;1599
2014-08-08 06:18:01+02;1569
2014-08-08 19:58:01+02;1569
2014-08-08 21:10:01+02;1489
2014-08-09 05:38:01+02;1589
2014-08-09 07:50:01+02;1579
2014-08-09 09:18:01+02;1539
2014-08-09 21:38:01+02;1509
2014-08-10 05:38:01+02;1589
2014-08-10 08:18:01+02;1569
2014-08-10 10:50:01+02;1509
2014-08-10 11:30:01+02;1509
2014-08-11 05:38:01+02;1589
2014-08-11 06:18:01+02;1579
2014-08-11 06:50:01+02;1569
2014-08-11 07:58:01+02;1569
2014-08-11 09:18:01+02;1509
2014-08-11 11:34:01+02;1509
2014-08-11 12:46:01+02;1509
2014-08-11 16:14:01+02;1499
2014-08-11 19:46:01+02;1489
2014-08-12 05:38:01+02;1599
2014-08-12 06:18:01+02;1579
2014-08-12 07:22:01+02;1569
2014-08-12 07:42:01+02;1559
2014-08-12 09:22:01+02;1509
2014-08-12 11:50:01+02;1499
2014-08-12 15:02:01+02;1499
2014-08-12 17:18:01+02;1479
2014-08-13 05:38:01+02;1599
2014-08-13 06:18:01+02;1579
2014-08-13 07:18:01+02;1539
2014-08-13 09:58:01+02;1509
2014-08-13 16:38:01+02;1499
2014-08-13 17:38:01+02;1479
2014-08-14 05:38:01+02;1599
2014-08-14 06:18:01+02;1569
2014-08-14 07:10:01+02;1559
2014-08-14 10:10:01+02;1539
2014-08-14 12:10:01+02;1499
2014-08-14 16:10:01+02;1499
2014-08-14 17:18:01+02;1499
2014-08-15 05:38:01+02;1599
2014-08-15 06:18:01+02;1569
2014-08-15 07:18:01+02;1539
2014-08-15 08:18:01+02;1519
2014-08-15 12:50:01+02;1509
2014-08-15 13:50:01+02;1509
2014-08-15 16:50:01+02;1489
2014-08-15 16:58:01+02;1489
2014-08-16 05:38:01+02;1589
2014-08-16 07:50:01+02;1579
2014-08-16 07:58:01+02;1549
2014-08-16 11:30:01+02;1509
2014-08-16 12:30:01+02;1499
2014-08-17 05:38:01+02;1589
2014-08-17 08:18:01+02;1579
2014-08-17 08:50:01+02;1559
2014-08-17 09:38:01+02;1529
2014-08-18 05:38:01+02;1589
2014-08-18 06:18:01+02;1569
2014-08-18 12:58:01+02;1509
2014-08-18 17:18:01+02;1489
2014-08-19 05:38:01+02;1599
2014-08-19 09:18:01+02;1509
2014-08-19 10:18:01+02;1499
2014-08-19 17:46:01+02;1479
2014-08-19 17:54:01+02;1479
2014-08-20 05:38:01+02;1599
2014-08-20 09:18:01+02;1509
2014-08-20 10:18:01+02;1499
2014-08-20 11:18:01+02;1499
2014-08-20 15:50:01+02;1499
2014-08-20 17:30:01+02;1499
2014-08-21 05:38:01+02;1589
2014-08-21 06:18:01+02;1569
2014-08-21 07:38:01+02;1559
2014-08-21 09:18:01+02;1559
2014-08-21 10:58:01+02;1549
2014-08-21 17:30:01+02;1539
2014-08-21 18:58:01+02;1529
2014-08-22 05:38:01+02;1599
2014-08-22 06:18:01+02;1579
2014-08-22 07:38:01+02;1539
2014-08-22 12:38:01+02;1529
2014-08-22 17:50:01+02;1509
2014-08-23 05:38:01+02;1599
2014-08-23 07:50:01+02;1579
2014-08-23 08:38:01+02;1519
2014-08-24 05:38:01+02;1599
2014-08-24 08:18:01+02;1579
2014-08-24 11:30:01+02;1549
2014-08-25 05:38:01+02;1609
2014-08-25 06:18:01+02;1579
2014-08-25 06:50:01+02;1549
2014-08-25 09:10:01+02;1539
2014-08-25 12:58:01+02;1519
2014-08-25 13:14:01+02;1519
2014-08-25 17:30:01+02;1499
2014-08-26 05:38:01+02;1599
2014-08-26 06:18:01+02;1579
2014-08-26 06:58:01+02;1559
2014-08-26 08:30:01+02;1519
2014-08-26 17:10:01+02;1499
2014-08-27 05:42:01+02;1599
2014-08-27 06:18:01+02;1579
2014-08-27 06:50:01+02;1579
2014-08-27 11:10:01+02;1519
2014-08-27 15:14:01+02;1509
2014-08-27 17:14:01+02;1499
2014-08-27 17:46:01+02;1499
2014-08-28 04:14:01+02;1579
2014-08-28 06:54:01+02;1569
2014-08-28 09:06:01+02;1569
2014-08-28 09:34:01+02;1529
2014-08-28 12:38:01+02;1519
2014-08-28 13:30:01+02;1509
2014-08-28 17:54:01+02;1509
2014-08-29 04:14:01+02;1579
2014-08-29 07:06:01+02;1579
2014-08-29 07:14:01+02;1569
2014-08-29 11:06:01+02;1529
2014-08-29 11:14:01+02;1519
2014-08-29 14:38:01+02;1519
2014-08-29 17:54:01+02;1509
2014-08-29 18:26:01+02;1499
2014-08-30 05:38:01+02;1599
2014-08-30 07:38:01+02;1579
2014-08-30 08:34:01+02;1579
2014-08-30 10:26:01+02;1539
2014-08-30 10:34:02+02;1529
2014-08-31 05:38:01+02;1599
2014-08-31 08:14:01+02;1579
2014-08-31 08:34:01+02;1579
2014-08-31 08:50:01+02;1569
2014-08-31 09:46:01+02;1569
2014-08-31 10:06:01+02;1529
2014-08-31 12:06:01+02;1529
2014-08-31 12:26:01+02;1519
2014-08-31 14:34:01+02;1509
2014-08-31 16:14:01+02;1509
2014-09-01 05:38:01+02;1599
2014-09-01 06:10:01+02;1579
2014-09-01 07:14:01+02;1569
2014-09-01 10:58:01+02;1549
2014-09-01 15:34:01+02;1539
2014-09-01 15:46:01+02;1529
2014-09-02 05:38:01+02;1599
2014-09-02 06:10:01+02;1579
2014-09-02 07:14:01+02;1579
2014-09-02 07:54:01+02;1559
2014-09-02 10:26:01+02;1539
2014-09-02 10:34:01+02;1529
2014-09-02 17:54:01+02;1509
2014-09-03 05:38:01+02;1599
2014-09-03 06:10:01+02;1579
2014-09-03 07:34:01+02;1549
2014-09-03 08:06:01+02;1539
2014-09-03 09:46:01+02;1519
2014-09-03 17:54:01+02;1499
2014-09-04 05:38:01+02;1599
2014-09-04 06:10:01+02;1579
2014-09-04 08:34:01+02;1579
2014-09-04 08:54:01+02;1569
2014-09-04 09:26:01+02;1519
2014-09-04 19:46:01+02;1509
2014-09-04 20:06:01+02;1499
2014-09-05 05:38:01+02;1599
2014-09-05 06:10:01+02;1579
2014-09-05 09:46:01+02;1579
2014-09-05 10:06:01+02;1579
2014-09-05 12:46:01+02;1539
2014-09-05 18:46:01+02;1539
2014-09-05 19:06:01+02;1519
2014-09-06 05:38:01+02;1599
2014-09-06 07:38:01+02;1579
2014-09-06 08:06:01+02;1579
2014-09-06 08:46:01+02;1579
2014-09-06 12:06:01+02;1569
2014-09-06 14:06:01+02;1549
2014-09-06 15:14:01+02;1539
2014-09-07 05:38:01+02;1599
2014-09-07 08:10:01+02;1579
2014-09-07 09:06:01+02;1569
2014-09-07 09:14:01+02;1559
2014-09-07 14:54:02+02;1559
2014-09-07 15:06:01+02;1549
2014-09-07 16:34:01+02;1539
2014-09-07 18:34:02+02;1529
2014-09-07 18:54:01+02;1519
2014-09-08 05:42:01+02;1599
2014-09-08 06:10:01+02;1579
2014-09-08 07:54:01+02;1579
2014-09-08 08:26:01+02;1569
2014-09-08 09:26:01+02;1559
2014-09-08 09:54:01+02;1549
2014-09-08 17:06:01+02;1539
2014-09-08 17:58:01+02;1539
2014-09-08 18:06:01+02;1529
2014-09-09 05:38:01+02;1619
2014-09-09 06:10:01+02;1589
2014-09-09 07:06:01+02;1589
2014-09-09 07:14:01+02;1579
2014-09-09 07:46:01+02;1559
2014-09-09 09:26:01+02;1549
2014-09-09 09:34:01+02;1539
2014-09-09 14:54:01+02;1529
2014-09-10 05:38:01+02;1599
2014-09-10 06:10:01+02;1589
2014-09-10 07:34:01+02;1539
2014-09-10 07:46:01+02;1539
2014-09-10 08:54:01+02;1539
2014-09-10 09:18:01+02;1529
2014-09-10 10:46:01+02;1529
2014-09-10 17:26:01+02;1509
2014-09-11 05:38:01+02;1599
2014-09-11 06:54:01+02;1589
2014-09-11 07:18:01+02;1539
2014-09-11 07:26:01+02;1539
2014-09-11 08:26:01+02;1539
2014-09-11 09:18:01+02;1529
2014-09-11 11:54:01+02;1519
2014-09-11 12:06:01+02;1509
2014-09-12 05:38:01+02;1599
2014-09-12 06:10:01+02;1579
2014-09-12 07:54:01+02;1539
2014-09-12 09:18:01+02;1529
2014-09-12 16:14:01+02;1529
2014-09-12 18:34:01+02;1519
2014-09-12 18:54:01+02;1509
2014-09-12 20:06:01+02;1499
2014-09-13 05:38:01+02;1599
2014-09-13 07:38:01+02;1579
2014-09-13 09:26:01+02;1509
2014-09-13 11:46:01+02;1509
2014-09-14 05:38:01+02;1599
2014-09-14 08:10:01+02;1569
2014-09-14 08:46:01+02;1559
2014-09-14 11:14:01+02;1559
2014-09-14 14:46:01+02;1539
2014-09-14 14:54:01+02;1529
2014-09-14 15:54:01+02;1499
2014-09-15 05:38:01+02;1599
2014-09-15 06:18:01+02;1579
2014-09-15 09:18:01+02;1569
2014-09-15 15:26:01+02;1519
2014-09-15 15:46:01+02;1509
2014-09-16 05:38:01+02;1599
2014-09-16 06:10:01+02;1579
2014-09-16 07:26:01+02;1579
2014-09-16 07:34:01+02;1569
2014-09-16 09:10:01+02;1519
2014-09-16 09:34:01+02;1509
2014-09-16 19:14:01+02;1489
2014-09-17 05:38:01+02;1599
2014-09-17 06:10:01+02;1579
2014-09-17 09:10:01+02;1529
2014-09-17 09:46:01+02;1519
2014-09-17 10:14:01+02;1509
2014-09-18 05:38:01+02;1599
2014-09-18 06:10:01+02;1579
2014-09-18 07:26:01+02;1569
2014-09-18 17:26:01+02;1559
2014-09-18 18:46:01+02;1519
2014-09-19 05:38:01+02;1599
2014-09-19 06:10:01+02;1579
2014-09-19 06:54:01+02;1569
2014-09-19 08:26:01+02;1559
2014-09-19 09:14:01+02;1559
2014-09-19 10:26:01+02;1519
2014-09-19 13:06:01+02;1499
2014-09-20 05:38:01+02;1599
2014-09-20 07:38:01+02;1579
2014-09-20 08:34:01+02;1559
2014-09-20 10:46:01+02;1559
2014-09-20 13:54:01+02;1549
2014-09-21 05:38:01+02;1609
2014-09-21 08:10:01+02;1579
2014-09-21 09:50:01+02;1569
2014-09-21 12:18:01+02;1559
2014-09-21 14:38:01+02;1549
2014-09-22 05:38:01+02;1609
2014-09-22 06:10:01+02;1579
2014-09-22 07:38:01+02;1569
2014-09-22 09:10:01+02;1559
2014-09-22 12:26:01+02;1549
2014-09-22 14:26:01+02;1529
2014-09-22 15:26:01+02;1509
2014-09-22 16:18:01+02;1499
2014-09-22 16:38:01+02;1489
2014-09-22 17:26:01+02;1479
2014-09-23 05:38:01+02;1599
2014-09-23 06:10:01+02;1579
2014-09-23 07:10:01+02;1559
2014-09-23 09:10:01+02;1509
2014-09-23 09:26:01+02;1499
2014-09-23 10:58:01+02;1499
2014-09-23 12:22:01+02;1489
2014-09-23 14:06:01+02;1479
2014-09-23 18:26:01+02;1479
2014-09-24 05:42:01+02;1599
2014-09-24 06:10:01+02;1569
2014-09-24 08:18:01+02;1539
2014-09-24 09:10:01+02;1499
2014-09-24 17:26:01+02;1489
2014-09-25 05:38:01+02;1599
2014-09-25 06:10:01+02;1569
2014-09-25 07:26:01+02;1559
2014-09-25 09:10:01+02;1509
2014-09-26 05:38:01+02;1599
2014-09-26 06:10:01+02;1569
2014-09-26 08:38:01+02;1519
2014-09-26 10:18:01+02;1519
2014-09-26 18:46:01+02;1499
2014-09-27 05:38:01+02;1599
2014-09-27 07:38:01+02;1569
2014-09-27 08:58:01+02;1549
2014-09-27 10:18:02+02;1519
2014-09-27 10:46:01+02;1509
2014-09-27 12:26:01+02;1489
2014-09-28 05:38:01+02;1599
2014-09-28 08:10:01+02;1579
2014-09-28 08:58:01+02;1549
2014-09-28 11:06:01+02;1519
2014-09-28 11:38:01+02;1509
2014-09-28 11:46:01+02;1509
2014-09-29 05:38:01+02;1599
2014-09-29 06:10:01+02;1579
2014-09-29 07:18:01+02;1559
2014-09-29 07:26:01+02;1559
2014-09-29 08:38:01+02;1549
2014-09-29 12:18:01+02;1529
2014-09-29 12:26:01+02;1519
2014-09-29 13:38:01+02;1519
2014-09-29 14:58:01+02;1489
2014-09-30 05:38:01+02;1619
2014-09-30 06:10:01+02;1579
2014-09-30 06:46:01+02;1569
2014-09-30 06:58:01+02;1549
2014-09-30 09:26:01+02;1519
2014-09-30 11:18:01+02;1519
2014-09-30 11:38:01+02;1519
2014-09-30 13:58:01+02;1509
2014-09-30 15:02:01+02;1489
2014-10-01 05:38:01+02;1599
2014-10-01 06:10:01+02;1579
2014-10-01 07:26:01+02;1549
2014-10-01 10:26:01+02;1529
2014-10-01 12:26:01+02;1519
2014-10-01 12:46:01+02;1499
2014-10-01 12:58:01+02;1489
2014-10-02 05:38:01+02;1599
2014-10-02 08:30:01+02;1549
2014-10-02 09:10:01+02;1519
2014-10-02 10:58:01+02;1509
2014-10-02 12:38:01+02;1499
2014-10-02 13:46:01+02;1489
2014-10-03 05:42:01+02;1599
2014-10-03 06:10:01+02;1579
2014-10-03 08:18:01+02;1549
2014-10-03 09:10:01+02;1519
2014-10-03 09:38:01+02;1509
2014-10-03 13:58:01+02;1489
2014-10-04 05:38:01+02;1599
2014-10-04 07:38:01+02;1579
2014-10-04 07:46:01+02;1549
2014-10-04 10:06:01+02;1529
2014-10-04 10:38:01+02;1519
2014-10-04 12:58:01+02;1519
2014-10-05 05:38:01+02;1599
2014-10-05 08:10:01+02;1579
2014-10-05 08:38:01+02;1569
2014-10-05 09:26:01+02;1559
2014-10-05 10:58:01+02;1559
2014-10-05 11:30:01+02;1499
2014-10-06 05:38:01+02;1599
2014-10-06 06:10:01+02;1579
2014-10-06 06:58:01+02;1559
2014-10-06 09:10:01+02;1539
2014-10-06 09:18:01+02;1529
2014-10-06 14:30:01+02;1529
2014-10-06 14:58:01+02;1519
2014-10-06 18:38:01+02;1509
2014-10-06 18:50:01+02;1499
2014-10-06 19:10:01+02;1499
2014-10-07 05:38:01+02;1599
2014-10-07 06:10:02+02;1579
2014-10-07 07:18:01+02;1539
2014-10-07 09:10:01+02;1529
2014-10-07 11:50:01+02;1519
2014-10-07 18:30:01+02;1509
2014-10-07 19:10:01+02;1499
2014-10-08 05:42:01+02;1599
2014-10-08 06:10:01+02;1569
2014-10-08 09:10:01+02;1509
2014-10-08 12:58:01+02;1499
2014-10-09 05:38:01+02;1599
2014-10-09 08:02:01+02;1539
2014-10-09 10:30:01+02;1529
2014-10-09 10:50:01+02;1519
2014-10-09 12:58:01+02;1499
2014-10-09 18:58:01+02;1499
2014-10-10 05:38:01+02;1599
2014-10-10 06:10:01+02;1549
2014-10-10 07:54:01+02;1549
2014-10-10 10:30:01+02;1539
2014-10-10 11:50:01+02;1499
2014-10-11 05:38:01+02;1579
2014-10-11 07:38:01+02;1559
2014-10-11 07:50:02+02;1559
2014-10-11 09:10:01+02;1549
2014-10-11 11:30:01+02;1529
2014-10-11 11:58:01+02;1519
2014-10-11 15:18:01+02;1519
2014-10-11 16:06:01+02;1519
2014-10-12 05:38:01+02;1579
2014-10-12 08:10:01+02;1549
2014-10-12 08:22:01+02;1549
2014-10-12 10:30:01+02;1499
2014-10-13 05:38:01+02;1579
2014-10-13 06:10:01+02;1549
2014-10-13 07:18:01+02;1549
2014-10-13 09:30:02+02;1549
2014-10-13 09:50:02+02;1539
2014-10-13 12:50:01+02;1529
2014-10-13 15:58:01+02;1519
2014-10-13 17:30:01+02;1509
2014-10-13 18:10:01+02;1509
2014-10-13 18:18:01+02;1499
2014-10-13 18:58:01+02;1499
2014-10-14 05:38:01+02;1579
2014-10-14 06:10:01+02;1549
2014-10-14 09:10:01+02;1539
2014-10-14 12:18:01+02;1529
2014-10-14 12:58:01+02;1509
2014-10-14 18:30:01+02;1499
2014-10-14 19:10:01+02;1489
2014-10-15 05:38:01+02;1579
2014-10-15 06:10:01+02;1549
2014-10-15 08:30:01+02;1519
2014-10-15 10:50:01+02;1499
2014-10-15 12:58:01+02;1489
2014-10-16 05:38:01+02;1559
2014-10-16 06:10:01+02;1529
2014-10-16 07:30:01+02;1519
2014-10-16 08:34:01+02;1499
2014-10-17 05:38:01+02;1559
2014-10-17 07:10:01+02;1509
2014-10-17 08:38:01+02;1509
2014-10-17 11:38:01+02;1499
2014-10-17 15:38:01+02;1489
2014-10-18 05:42:01+02;1549
2014-10-18 07:38:01+02;1509
2014-10-18 10:02:01+02;1479
2014-10-19 05:38:01+02;1539
2014-10-19 07:58:01+02;1529
2014-10-19 08:10:01+02;1509
2014-10-19 08:38:01+02;1509
2014-10-19 10:58:01+02;1469
2014-10-19 11:38:01+02;1469
2014-10-20 05:38:01+02;1529
2014-10-20 06:10:01+02;1499
2014-10-20 06:50:01+02;1499
2014-10-20 08:46:01+02;1499
2014-10-20 10:10:01+02;1449
2014-10-20 10:42:01+02;1449
2014-10-20 14:58:01+02;1439
2014-10-21 05:38:01+02;1529
2014-10-21 06:10:01+02;1489
2014-10-21 10:30:01+02;1459
2014-10-21 11:22:01+02;1459
2014-10-21 12:10:01+02;1449
2014-10-21 15:02:01+02;1439
2014-10-22 05:38:01+02;1529
2014-10-22 06:10:01+02;1489
2014-10-22 07:42:01+02;1469
2014-10-22 09:30:01+02;1459
2014-10-22 11:02:01+02;1449
2014-10-22 12:42:01+02;1449
2014-10-22 18:42:01+02;1439
2014-10-23 05:38:01+02;1529
2014-10-23 06:14:01+02;1499
2014-10-23 08:02:01+02;1479
2014-10-23 09:30:01+02;1459
2014-10-23 10:14:01+02;1449
2014-10-24 05:38:01+02;1529
2014-10-24 06:10:01+02;1489
2014-10-24 07:14:01+02;1459
2014-10-24 08:30:01+02;1459
2014-10-24 09:30:02+02;1459
2014-10-24 18:18:01+02;1429
2014-10-24 19:18:01+02;1409
2014-10-25 05:38:01+02;1529
2014-10-25 07:42:01+02;1479
2014-10-25 08:22:01+02;1459
2014-10-25 10:02:01+02;1459
2014-10-26 05:38:01+01;1529
2014-10-26 09:02:01+01;1469
2014-10-26 10:54:01+01;1439
2014-10-27 05:38:01+01;1529
2014-10-27 06:14:01+01;1489
2014-10-27 06:30:01+01;1489
2014-10-27 10:10:01+01;1439
2014-10-27 14:30:01+01;1409
2014-10-27 14:50:01+01;1409
2014-10-27 15:10:01+01;1409
2014-10-28 05:38:01+01;1529
2014-10-28 06:10:01+01;1489
2014-10-28 06:42:01+01;1469
2014-10-28 08:22:01+01;1469
2014-10-28 08:34:01+01;1459
2014-10-28 09:30:01+01;1439
2014-10-28 15:10:01+01;1429
2014-10-29 05:38:01+01;1539
2014-10-29 06:10:01+01;1489
2014-10-29 07:22:01+01;1489
2014-10-29 08:14:01+01;1459
2014-10-29 08:50:01+01;1449
2014-10-29 09:22:01+01;1439
2014-10-29 12:22:01+01;1429
2014-10-29 12:30:01+01;1429
2014-10-29 15:50:01+01;1419
2014-10-30 05:38:01+01;1539
2014-10-30 06:10:01+01;1489
2014-10-30 07:22:01+01;1489
2014-10-30 07:50:01+01;1459
2014-10-30 08:30:01+01;1449
2014-10-30 09:30:01+01;1419
2014-10-30 11:14:01+01;1409
2014-10-30 12:30:01+01;1399
2014-10-30 19:02:01+01;1399
2014-10-31 05:38:01+01;1539
2014-10-31 06:10:01+01;1499
2014-10-31 07:42:01+01;1479
2014-10-31 07:50:01+01;1469
2014-10-31 08:10:01+01;1459
2014-10-31 10:02:01+01;1449
2014-10-31 14:46:01+01;1409
2014-11-01 05:38:01+01;1539
2014-11-01 07:42:01+01;1479
2014-11-01 07:50:01+01;1469
2014-11-01 08:50:01+01;1459
2014-11-01 09:42:01+01;1449
2014-11-01 11:30:01+01;1439
2014-11-02 05:38:01+01;1539
2014-11-02 07:34:01+01;1499
2014-11-02 09:18:01+01;1429
2014-11-03 04:38:01+01;1539
2014-11-03 05:30:01+01;1499
2014-11-03 06:02:01+01;1489
2014-11-03 06:34:01+01;1489
2014-11-03 07:02:01+01;1479
2014-11-03 08:14:01+01;1479
2014-11-03 09:14:01+01;1459
2014-11-03 14:34:01+01;1439
2014-11-03 21:17:00+01;1439
2014-11-04 05:37:00+01;1539
2014-11-04 06:09:00+01;1499
2014-11-04 07:33:00+01;1479
2014-11-04 08:21:00+01;1469
2014-11-04 10:13:00+01;1459
2014-11-04 12:53:00+01;1449
2014-11-04 13:01:00+01;1439
2014-11-04 13:21:00+01;1439
2014-11-04 18:41:00+01;1429
2014-11-05 05:37:00+01;1539
2014-11-05 06:09:00+01;1509
2014-11-05 07:13:00+01;1499
2014-11-05 07:53:00+01;1469
2014-11-05 08:13:00+01;1459
2014-11-05 10:01:00+01;1439
2014-11-05 14:53:00+01;1409
2014-11-05 16:53:00+01;1409
2014-11-06 05:37:00+01;1529
2014-11-06 06:09:00+01;1499
2014-11-06 08:13:00+01;1469
2014-11-06 08:33:00+01;1469
2014-11-06 10:53:00+01;1439
2014-11-06 11:25:00+01;1429
2014-11-06 14:53:00+01;1409
2014-11-07 05:37:00+01;1529
2014-11-07 06:53:00+01;1489
2014-11-07 07:05:00+01;1469
2014-11-07 07:37:00+01;1469
2014-11-07 07:45:00+01;1459
2014-11-07 12:25:00+01;1449
2014-11-07 12:45:00+01;1449
2014-11-07 13:05:00+01;1439
2014-11-07 13:53:00+01;1419
2014-11-07 14:45:00+01;1409
2014-11-08 05:37:00+01;1529
2014-11-08 07:37:00+01;1499
2014-11-08 08:49:00+01;1469
2014-11-08 11:05:00+01;1459
2014-11-08 11:13:00+01;1449
2014-11-08 12:33:00+01;1439
2014-11-09 05:37:00+01;1529
2014-11-09 09:25:00+01;1489
2014-11-09 10:13:00+01;1479
2014-11-09 10:33:00+01;1449
2014-11-10 05:37:00+01;1529
2014-11-10 06:09:00+01;1509
2014-11-10 07:13:00+01;1489
2014-11-10 08:25:00+01;1479
2014-11-10 09:53:00+01;1479
2014-11-10 12:25:00+01;1479
2014-11-10 13:05:00+01;1469
2014-11-10 14:13:00+01;1449
2014-11-10 14:53:00+01;1409
2014-11-11 05:37:00+01;1539
2014-11-11 06:09:00+01;1509
2014-11-11 08:09:00+01;1459
2014-11-11 12:33:00+01;1449
2014-11-11 17:45:00+01;1429
2014-11-12 05:37:00+01;1539
2014-11-12 06:09:00+01;1499
2014-11-12 07:45:00+01;1489
2014-11-12 08:13:00+01;1489
2014-11-12 12:33:00+01;1459
2014-11-12 12:45:00+01;1449
2014-11-12 13:17:00+01;1489
2014-11-12 13:21:00+01;1449
2014-11-12 15:33:00+01;1489
2014-11-12 15:57:00+01;1449
2014-11-12 17:45:00+01;1439
2014-11-12 18:05:00+01;1429
2014-11-12 18:45:00+01;1419
2014-11-13 05:37:00+01;1539
2014-11-13 06:09:00+01;1499
2014-11-13 07:05:00+01;1499
2014-11-13 10:13:00+01;1459
2014-11-13 10:45:00+01;1449
2014-11-13 14:13:00+01;1439
2014-11-13 14:25:00+01;1439
2014-11-13 17:33:00+01;1429
2014-11-13 18:05:00+01;1419
2014-11-13 19:53:00+01;1409
2014-11-14 05:37:00+01;1539
2014-11-14 06:13:00+01;1499
2014-11-14 07:13:00+01;1479
2014-11-14 09:53:00+01;1449
2014-11-14 10:05:00+01;1439
2014-11-14 13:25:00+01;1409
2014-11-14 13:53:00+01;1399
2014-11-14 15:53:00+01;1389
2014-11-15 05:37:00+01;1529
2014-11-15 07:37:00+01;1499
2014-11-15 07:45:00+01;1489
2014-11-15 07:53:00+01;1449
2014-11-15 10:13:00+01;1429
2014-11-15 10:45:00+01;1419
2014-11-16 05:37:00+01;1529
2014-11-16 08:45:00+01;1459
2014-11-16 09:33:00+01;1449
2014-11-16 09:49:00+01;1439
2014-11-16 10:45:00+01;1429
2014-11-17 05:37:00+01;1529
2014-11-17 07:45:00+01;1489
2014-11-17 09:09:00+01;1439
2014-11-17 09:13:00+01;1429
2014-11-17 14:25:00+01;1419
2014-11-17 17:45:00+01;1409
2014-11-17 18:53:00+01;1399
2014-11-18 05:37:00+01;1519
2014-11-18 06:08:00+01;1489
2014-11-18 06:53:00+01;1459
2014-11-18 07:33:00+01;1439
2014-11-18 08:33:00+01;1439
2014-11-18 10:25:00+01;1419
2014-11-18 11:09:00+01;1409
2014-11-19 05:37:00+01;1519
2014-11-19 06:09:00+01;1489
2014-11-19 06:53:00+01;1469
2014-11-19 10:05:00+01;1419
2014-11-19 11:09:00+01;1409
2014-11-19 12:13:00+01;1399
2014-11-19 13:25:00+01;1389
2014-11-19 17:45:00+01;1379
2014-11-20 05:37:00+01;1519
2014-11-20 06:09:00+01;1489
2014-11-20 07:09:00+01;1449
2014-11-20 09:09:00+01;1429
2014-11-20 11:05:00+01;1419
2014-11-20 13:21:00+01;1419
2014-11-20 16:45:00+01;1409
2014-11-21 05:37:00+01;1519
2014-11-21 06:09:00+01;1479
2014-11-21 08:45:00+01;1469
2014-11-21 09:45:00+01;1449
2014-11-21 09:53:00+01;1439
2014-11-21 10:13:00+01;1439
2014-11-21 10:25:00+01;1419
2014-11-21 12:13:00+01;1409
2014-11-21 14:53:00+01;1399
2014-11-22 05:37:00+01;1519
2014-11-22 07:37:00+01;1489
2014-11-22 08:05:00+01;1479
2014-11-22 08:45:00+01;1459
2014-11-22 09:57:00+01;1429
2014-11-22 11:05:00+01;1419
2014-11-22 12:53:00+01;1409
2014-11-23 05:37:00+01;1519
2014-11-23 08:09:00+01;1479
2014-11-23 08:45:00+01;1469
2014-11-23 08:53:00+01;1449
2014-11-23 09:45:00+01;1439
2014-11-23 10:29:00+01;1429
2014-11-23 10:45:00+01;1419
2014-11-24 05:37:00+01;1519
2014-11-24 06:09:00+01;1479
2014-11-24 06:25:00+01;1479
2014-11-24 07:05:00+01;1449
2014-11-24 07:13:00+01;1439
2014-11-24 08:05:00+01;1439
2014-11-24 08:33:00+01;1429
2014-11-24 15:13:00+01;1419
2014-11-24 16:25:00+01;1419
2014-11-24 16:33:00+01;1409
2014-11-25 05:37:00+01;1519
2014-11-25 06:09:00+01;1479
2014-11-25 07:25:00+01;1439
2014-11-25 08:13:00+01;1429
2014-11-25 08:33:00+01;1429
2014-11-25 11:13:00+01;1419
2014-11-25 11:25:00+01;1409
2014-11-26 05:37:00+01;1519
2014-11-26 06:09:00+01;1479
2014-11-26 06:53:00+01;1469
2014-11-26 09:13:00+01;1439
2014-11-26 10:53:00+01;1419
2014-11-26 11:13:00+01;1409
2014-11-26 13:05:00+01;1399
2014-11-27 05:37:00+01;1509
2014-11-27 06:09:00+01;1479
2014-11-27 07:05:00+01;1459
2014-11-27 09:45:00+01;1439
2014-11-27 10:33:00+01;1419
2014-11-27 10:53:00+01;1409
2014-11-27 12:33:00+01;1399
2014-11-28 05:37:00+01;1509
2014-11-28 06:09:00+01;1469
2014-11-28 06:45:00+01;1459
2014-11-28 10:05:00+01;1439
2014-11-28 12:13:00+01;1429
2014-11-28 12:29:00+01;1419
2014-11-28 12:53:00+01;1419
2014-11-28 13:33:00+01;1409
2014-11-28 17:25:00+01;1399
2014-11-28 17:45:00+01;1399
2014-11-28 18:45:00+01;1399
2014-11-29 05:37:00+01;1499
2014-11-29 07:37:00+01;1449
2014-11-29 08:33:00+01;1439
2014-11-29 09:13:00+01;1429
2014-11-29 10:05:00+01;1399
2014-11-29 11:09:00+01;1389
2014-11-30 05:37:00+01;1499
2014-11-30 08:09:00+01;1409
2014-11-30 10:25:00+01;1409
2014-11-30 10:33:00+01;1409
2014-11-30 10:45:00+01;1409
2014-11-30 11:57:00+01;1389
2014-12-01 05:41:00+01;1499
2014-12-01 07:05:00+01;1439
2014-12-01 09:46:00+01;1439
2014-12-01 14:49:00+01;1419
2014-12-01 15:05:00+01;1409
2014-12-01 16:57:00+01;1399
2014-12-01 17:37:00+01;1399
2014-12-02 05:37:00+01;1479
2014-12-02 16:45:00+01;1389
2014-12-03 05:41:00+01;1469
2014-12-03 06:09:00+01;1439
2014-12-03 07:09:00+01;1439
2014-12-03 07:45:00+01;1429
2014-12-03 08:45:00+01;1429
2014-12-03 08:57:00+01;1419
2014-12-03 09:53:00+01;1409
2014-12-03 10:25:00+01;1399
2014-12-03 11:33:00+01;1399
2014-12-04 05:37:00+01;1459
2014-12-04 06:09:00+01;1439
2014-12-04 07:05:00+01;1429
2014-12-04 08:33:00+01;1429
2014-12-04 11:45:00+01;1399
2014-12-04 14:45:00+01;1389
2014-12-05 05:37:00+01;1449
2014-12-05 06:09:00+01;1439
2014-12-05 07:05:00+01;1419
2014-12-05 10:45:00+01;1409
2014-12-05 11:45:00+01;1409
2014-12-05 12:05:00+01;1399
2014-12-05 18:53:00+01;1399
2014-12-06 05:37:00+01;1459
2014-12-06 07:37:00+01;1419
2014-12-06 07:45:00+01;1409
2014-12-06 09:05:00+01;1409
2014-12-06 13:17:00+01;1379
2014-12-07 05:37:00+01;1439
2014-12-07 08:09:00+01;1419
2014-12-07 12:05:00+01;1419
2014-12-08 05:37:00+01;1449
2014-12-08 06:09:00+01;1419
2014-12-08 07:29:00+01;1419
2014-12-08 08:45:00+01;1419
2014-12-08 09:05:00+01;1409
2014-12-08 16:05:00+01;1399
2014-12-09 05:37:00+01;1459
2014-12-09 06:09:00+01;1409
2014-12-09 08:13:00+01;1409
2014-12-09 09:53:00+01;1409
2014-12-09 10:25:00+01;1399
2014-12-09 17:05:00+01;1399
2014-12-09 17:45:00+01;1389
2014-12-10 05:37:00+01;1449
2014-12-10 06:09:00+01;1419
2014-12-10 07:13:00+01;1419
2014-12-10 08:25:00+01;1419
2014-12-10 09:13:00+01;1409
2014-12-10 09:37:00+01;1399
2014-12-10 10:25:00+01;1389
2014-12-11 05:37:00+01;1449
2014-12-11 06:09:00+01;1409
2014-12-11 07:25:00+01;1409
2014-12-11 08:49:00+01;1399
2014-12-11 11:53:00+01;1389
2014-12-11 14:13:00+01;1379
2014-12-11 14:25:00+01;1369
2014-12-11 18:05:00+01;1369
2014-12-11 18:13:00+01;1359
2014-12-12 05:37:00+01;1419
2014-12-12 06:09:00+01;1399
2014-12-12 07:45:00+01;1399
2014-12-12 08:05:00+01;1389
2014-12-12 12:13:00+01;1389
2014-12-12 12:25:00+01;1379
2014-12-12 16:53:00+01;1369
2014-12-12 17:45:00+01;1349
2014-12-13 05:37:00+01;1409
2014-12-13 07:37:00+01;1389
2014-12-13 09:25:00+01;1379
2014-12-13 12:33:00+01;1379
2014-12-13 13:25:00+01;1369
2014-12-13 13:45:00+01;1369
2014-12-14 05:37:00+01;1399
2014-12-14 08:09:00+01;1379
2014-12-14 16:30:01+01;1379
2014-12-15 05:38:01+01;1389
2014-12-15 06:10:01+01;1379
2014-12-15 08:34:01+01;1379
2014-12-15 09:14:01+01;1369
2014-12-15 12:26:01+01;1349
2014-12-15 13:26:01+01;1339
2014-12-15 16:06:01+01;1329
2014-12-16 05:38:01+01;1389
2014-12-16 06:10:01+01;1379
2014-12-16 08:54:01+01;1329
2014-12-16 09:18:01+01;1319
2014-12-16 11:54:01+01;1319
2014-12-16 12:14:01+01;1309
2014-12-16 12:54:01+01;1309
2014-12-16 17:06:01+01;1299
2014-12-17 05:38:01+01;1369
2014-12-17 06:10:01+01;1359
2014-12-17 09:26:01+01;1339
2014-12-17 09:46:01+01;1329
2014-12-17 10:54:01+01;1329
2014-12-17 12:06:01+01;1329
2014-12-17 13:34:01+01;1309
2014-12-17 13:54:01+01;1299
2014-12-17 14:54:01+01;1299
2014-12-17 15:14:01+01;1289
2014-12-18 05:38:01+01;1359
2014-12-18 06:10:01+01;1349
2014-12-18 07:54:01+01;1339
2014-12-18 09:46:01+01;1329
2014-12-18 10:26:01+01;1319
2014-12-18 10:54:01+01;1299
2014-12-18 11:14:01+01;1289
2014-12-18 13:06:01+01;1289
2014-12-18 13:34:01+01;1289
2014-12-18 13:46:01+01;1279
2014-12-18 14:54:01+01;1269
2014-12-18 15:34:01+01;1259
2014-12-18 17:46:01+01;1259
2014-12-18 17:54:01+01;1249
2014-12-19 05:38:01+01;1349
2014-12-19 06:10:01+01;1329
2014-12-19 07:46:01+01;1309
2014-12-19 08:14:01+01;1299
2014-12-19 09:26:01+01;1299
2014-12-19 10:26:01+01;1289
2014-12-19 14:26:01+01;1279
2014-12-19 14:34:01+01;1269
2014-12-19 18:26:01+01;1259
2014-12-20 05:38:01+01;1349
2014-12-20 07:38:01+01;1309
2014-12-20 10:26:01+01;1309
2014-12-20 10:34:01+01;1299
2014-12-20 11:26:01+01;1289
2014-12-21 05:38:01+01;1349
2014-12-21 08:34:01+01;1349
2014-12-21 09:06:01+01;1339
2014-12-21 09:34:01+01;1329
2014-12-21 09:54:01+01;1319
2014-12-21 10:54:01+01;1299
2014-12-21 11:14:01+01;1289
2014-12-22 05:38:01+01;1349
2014-12-22 07:14:01+01;1339
2014-12-22 08:26:01+01;1339
2014-12-22 08:34:01+01;1329
2014-12-22 09:54:01+01;1299
2014-12-22 10:06:01+01;1289
2014-12-22 12:10:01+01;1269
2014-12-22 18:46:01+01;1269
2014-12-23 05:38:01+01;1349
2014-12-23 06:10:01+01;1329
2014-12-23 07:06:01+01;1329
2014-12-23 11:54:01+01;1329
2014-12-23 13:54:01+01;1289
2014-12-23 14:06:01+01;1289
2014-12-23 15:34:01+01;1279
2014-12-24 05:38:01+01;1349
2014-12-24 06:10:01+01;1339
2014-12-24 09:06:01+01;1329
2014-12-24 09:26:01+01;1319
2014-12-24 09:34:01+01;1309
2014-12-24 09:54:01+01;1309
2014-12-24 11:26:01+01;1289
2014-12-24 11:34:01+01;1279
2014-12-24 12:26:01+01;1279
2014-12-25 05:38:01+01;1349
2014-12-25 06:10:01+01;1339
2014-12-25 08:26:01+01;1339
2014-12-25 09:26:01+01;1309
2014-12-25 10:34:01+01;1299
2014-12-25 12:34:01+01;1279
2014-12-25 14:06:01+01;1269
2014-12-26 05:38:01+01;1349
2014-12-26 06:10:01+01;1329
2014-12-26 08:54:01+01;1329
2014-12-26 10:06:01+01;1299
2014-12-26 11:46:01+01;1289
2014-12-26 12:26:01+01;1269
2014-12-27 05:38:01+01;1349
2014-12-27 07:38:01+01;1329
2014-12-27 08:54:01+01;1309
2014-12-27 10:06:01+01;1299
2014-12-28 05:38:02+01;1359
2014-12-28 08:10:01+01;1339
2014-12-28 09:06:01+01;1329
2014-12-28 11:06:01+01;1319
2014-12-28 11:26:01+01;1299
2014-12-28 11:46:01+01;1289
2014-12-28 12:06:01+01;1279
2014-12-29 05:38:01+01;1349
2014-12-29 06:10:01+01;1329
2014-12-29 10:34:01+01;1329
2014-12-29 10:54:02+01;1319
2014-12-29 15:34:01+01;1299
2014-12-29 18:14:01+01;1299
2014-12-29 18:26:01+01;1289
2014-12-30 05:38:01+01;1349
2014-12-30 06:10:01+01;1329
2014-12-30 06:54:01+01;1329
2014-12-30 08:14:01+01;1329
2014-12-30 08:46:01+01;1319
2014-12-30 10:06:01+01;1309
2014-12-30 10:26:01+01;1299
2014-12-30 12:26:01+01;1269
2014-12-31 05:38:01+01;1349
2014-12-31 06:10:01+01;1329
2014-12-31 08:26:01+01;1309
2014-12-31 09:26:01+01;1299
2014-12-31 11:26:01+01;1289
2014-12-31 11:54:01+01;1279
2014-12-31 12:34:01+01;1269
2014-12-31 14:46:01+01;1259
2015-01-01 05:38:01+01;1349
2015-01-01 06:10:01+01;1319
2015-01-01 13:06:01+01;1269
2015-01-01 13:14:01+01;1259
2015-01-02 05:38:01+01;1349
2015-01-02 06:10:01+01;1319
2015-01-02 08:54:01+01;1319
2015-01-02 14:06:01+01;1299
2015-01-02 14:46:01+01;1289
2015-01-02 15:26:01+01;1289
2015-01-03 05:38:01+01;1349
2015-01-03 07:38:01+01;1339
2015-01-03 09:26:01+01;1339
2015-01-03 11:06:01+01;1309
2015-01-03 11:14:01+01;1309
2015-01-03 12:14:01+01;1299
2015-01-03 13:46:01+01;1289
2015-01-03 14:06:01+01;1289
2015-01-04 05:38:01+01;1349
2015-01-04 08:10:01+01;1319
2015-01-04 09:26:01+01;1319
2015-01-04 11:14:01+01;1299
2015-01-04 11:46:01+01;1289
2015-01-05 05:38:01+01;1349
2015-01-05 06:10:01+01;1329
2015-01-05 08:06:01+01;1329
2015-01-05 08:26:01+01;1319
2015-01-05 09:26:01+01;1309
2015-01-05 09:34:01+01;1299
2015-01-05 13:46:01+01;1299
2015-01-05 17:46:01+01;1289
2015-01-06 05:38:01+01;1349
2015-01-06 06:10:01+01;1339
2015-01-06 07:54:01+01;1339
2015-01-06 08:14:01+01;1329
2015-01-06 08:54:01+01;1309
2015-01-06 09:06:01+01;1309
2015-01-06 09:46:01+01;1299
2015-01-06 12:54:01+01;1289
2015-01-06 17:18:01+01;1289
2015-01-06 19:06:01+01;1279
2015-01-07 05:38:01+01;1339
2015-01-07 06:10:01+01;1329
2015-01-07 10:34:01+01;1279
2015-01-07 12:26:01+01;1269
2015-01-08 05:38:01+01;1329
2015-01-08 06:10:01+01;1329
2015-01-08 06:54:01+01;1319
2015-01-08 07:26:01+01;1319
2015-01-08 08:26:01+01;1319
2015-01-08 09:14:02+01;1279
2015-01-08 09:18:01+01;1269
2015-01-08 13:46:01+01;1269
2015-01-08 14:46:01+01;1259
2015-01-08 16:26:01+01;1249
2015-01-09 05:38:01+01;1329
2015-01-09 06:10:01+01;1319
2015-01-09 09:50:01+01;1319
2015-01-09 10:06:01+01;1279
2015-01-09 11:14:01+01;1269
2015-01-09 11:34:01+01;1259
2015-01-09 12:54:01+01;1239
2015-01-09 18:54:01+01;1229
2015-01-10 05:38:01+01;1329
2015-01-10 07:38:01+01;1279
2015-01-10 09:46:01+01;1269
2015-01-10 10:34:01+01;1259
2015-01-11 05:38:01+01;1329
2015-01-11 08:10:01+01;1289
2015-01-11 08:46:01+01;1279
2015-01-11 11:10:01+01;1269
2015-01-12 05:38:01+01;1329
2015-01-12 06:10:01+01;1309
2015-01-12 07:10:01+01;1279
2015-01-12 07:26:01+01;1279
2015-01-12 07:54:01+01;1269
2015-01-12 09:10:01+01;1259
2015-01-12 13:54:01+01;1259
2015-01-12 18:46:01+01;1249
2015-01-13 05:38:01+01;1329
2015-01-13 06:10:01+01;1309
2015-01-13 08:14:01+01;1309
2015-01-13 11:10:01+01;1249
2015-01-13 12:26:01+01;1249
2015-01-13 14:14:01+01;1239
2015-01-14 05:38:01+01;1329
2015-01-14 06:10:01+01;1299
2015-01-14 07:26:01+01;1279
2015-01-14 07:34:01+01;1269
2015-01-14 08:06:01+01;1269
2015-01-14 08:46:01+01;1259
2015-01-14 09:26:01+01;1239
2015-01-14 11:10:01+01;1239
2015-01-14 12:10:01+01;1229
2015-01-14 17:34:01+01;1229
2015-01-14 17:46:01+01;1209
2015-01-15 05:38:01+01;1319
2015-01-15 06:10:01+01;1289
2015-01-15 06:46:01+01;1259
2015-01-15 12:10:01+01;1229
2015-01-15 13:10:01+01;1219
2015-01-16 05:38:01+01;1309
2015-01-16 06:10:01+01;1289
2015-01-16 07:46:01+01;1269
2015-01-16 10:34:01+01;1249
2015-01-16 10:46:01+01;1249
2015-01-16 11:06:01+01;1249
2015-01-16 13:14:01+01;1219
2015-01-16 14:26:01+01;1209
2015-01-17 05:38:01+01;1309
2015-01-17 07:38:01+01;1269
2015-01-17 10:10:01+01;1249
2015-01-17 10:14:01+01;1239
2015-01-17 11:26:01+01;1229
2015-01-18 05:38:01+01;1309
2015-01-18 08:10:01+01;1279
2015-01-18 08:34:01+01;1269
2015-01-18 09:14:01+01;1259
2015-01-18 10:26:01+01;1239
2015-01-18 11:10:01+01;1229
2015-01-19 05:38:01+01;1309
2015-01-19 08:54:01+01;1259
2015-01-19 12:54:01+01;1249
2015-01-20 05:38:01+01;1309
2015-01-20 06:10:01+01;1309
2015-01-20 06:54:01+01;1309
2015-01-20 07:54:01+01;1299
2015-01-20 08:14:01+01;1289
2015-01-20 09:54:01+01;1289
2015-01-20 10:14:01+01;1279
2015-01-20 14:46:01+01;1279
2015-01-20 14:54:01+01;1269
2015-01-21 05:38:01+01;1319
2015-01-21 06:10:01+01;1309
2015-01-21 08:06:01+01;1299
2015-01-21 09:54:01+01;1299
2015-01-21 11:06:01+01;1289
2015-01-21 12:14:01+01;1289
2015-01-21 12:34:01+01;1279
2015-01-21 14:26:01+01;1279
2015-01-21 14:34:01+01;1269
2015-01-21 18:06:01+01;1269
2015-01-21 18:14:01+01;1259
2015-01-21 18:34:01+01;1249
2015-01-22 05:38:01+01;1319
2015-01-22 06:10:01+01;1249
2015-01-22 16:46:01+01;1249
2015-01-23 05:38:01+01;1319
2015-01-23 06:10:01+01;1299
2015-01-23 06:54:01+01;1299
2015-01-23 07:14:01+01;1299
2015-01-23 07:34:01+01;1269
2015-01-23 11:06:01+01;1269
2015-01-23 11:14:01+01;1259
2015-01-23 13:54:01+01;1249
2015-01-23 17:34:01+01;1239
2015-01-24 05:38:01+01;1319
2015-01-24 07:38:01+01;1299
2015-01-24 09:14:01+01;1289
2015-01-24 10:14:01+01;1279
2015-01-24 11:34:01+01;1279
2015-01-24 12:46:01+01;1269
2015-01-25 05:38:01+01;1319
2015-01-25 08:10:01+01;1309
2015-01-25 08:34:01+01;1299
2015-01-25 08:46:01+01;1289
2015-01-25 09:54:01+01;1259
2015-01-26 05:38:01+01;1319
2015-01-26 06:10:01+01;1309
2015-01-26 07:26:01+01;1289
2015-01-26 08:26:01+01;1289
2015-01-26 08:46:01+01;1279
2015-01-26 12:26:01+01;1259
2015-01-26 12:46:01+01;1259
2015-01-26 13:06:01+01;1249
2015-01-26 18:34:01+01;1239
2015-01-27 05:38:01+01;1319
2015-01-27 06:10:01+01;1309
2015-01-27 07:26:01+01;1279
2015-01-27 07:34:01+01;1269
2015-01-27 09:26:01+01;1259
2015-01-27 09:54:01+01;1249
2015-01-27 10:14:01+01;1249
2015-01-27 14:06:01+01;1239
2015-01-27 18:06:01+01;1219
2015-01-28 05:38:01+01;1329
2015-01-28 06:10:01+01;1299
2015-01-28 08:06:01+01;1269
2015-01-28 11:10:01+01;1229
2015-01-29 05:38:01+01;1319
2015-01-29 06:10:01+01;1299
2015-01-29 07:14:01+01;1269
2015-01-29 11:10:01+01;1229
2015-01-29 12:26:01+01;1219
2015-01-29 13:26:01+01;1219
2015-01-30 05:38:01+01;1319
2015-01-30 06:10:01+01;1309
2015-01-30 06:34:01+01;1279
2015-01-30 12:10:01+01;1249
2015-01-30 12:14:01+01;1219
2015-01-31 05:38:01+01;1319
2015-01-31 07:38:02+01;1299
2015-01-31 07:54:01+01;1299
2015-01-31 10:54:01+01;1289
2015-01-31 11:06:01+01;1289
2015-01-31 11:54:01+01;1279
2015-01-31 13:46:01+01;1279
2015-02-01 05:38:01+01;1329
2015-02-01 08:10:01+01;1299
2015-02-01 08:34:01+01;1299
2015-02-01 11:14:01+01;1279
2015-02-02 05:38:01+01;1329
2015-02-02 06:10:01+01;1299
2015-02-02 07:10:01+01;1299
2015-02-02 07:54:01+01;1289
2015-02-02 11:10:01+01;1289
2015-02-02 12:34:01+01;1279
2015-02-02 12:54:01+01;1279
2015-02-02 14:54:01+01;1269
2015-02-02 15:06:01+01;1259
2015-02-02 16:46:01+01;1249
2015-02-03 05:38:01+01;1329
2015-02-03 06:10:01+01;1309
2015-02-03 07:06:01+01;1299
2015-02-03 08:34:01+01;1289
2015-02-03 11:10:01+01;1249
2015-02-04 05:38:01+01;1369
2015-02-04 06:10:01+01;1319
2015-02-04 08:14:01+01;1319
2015-02-04 08:26:01+01;1279
2015-02-04 17:14:01+01;1269
2015-02-05 05:38:01+01;1369
2015-02-05 06:10:01+01;1329
2015-02-05 07:46:01+01;1319
2015-02-05 09:46:01+01;1289
2015-02-06 05:38:01+01;1369
2015-02-06 06:10:01+01;1329
2015-02-06 07:26:01+01;1309
2015-02-06 08:46:01+01;1299
2015-02-06 09:54:01+01;1299
2015-02-06 12:34:01+01;1289
2015-02-06 14:46:01+01;1279
2015-02-07 05:38:01+01;1369
2015-02-07 07:38:01+01;1359
2015-02-07 07:54:01+01;1359
2015-02-07 08:06:01+01;1339
2015-02-07 10:18:01+01;1309
2015-02-07 10:26:01+01;1299
2015-02-07 12:54:01+01;1299
2015-02-08 05:38:01+01;1369
2015-02-08 08:10:01+01;1369
2015-02-08 08:14:01+01;1349
2015-02-08 08:26:01+01;1339
2015-02-08 10:46:01+01;1289
2015-02-09 05:38:01+01;1389
2015-02-09 06:10:01+01;1369
2015-02-09 06:14:01+01;1359
2015-02-09 06:46:01+01;1349
2015-02-09 08:14:01+01;1329
2015-02-09 09:46:01+01;1299
2015-02-09 09:54:01+01;1299
2015-02-09 12:26:01+01;1299
2015-02-09 14:46:01+01;1289
2015-02-09 21:30:01+01;1429
2015-02-10 06:10:01+01;1369
2015-02-10 06:14:01+01;1359
2015-02-10 07:46:01+01;1359
2015-02-10 08:06:01+01;1349
2015-02-10 11:34:01+01;1299
2015-02-11 05:38:01+01;1409
2015-02-11 06:10:01+01;1369
2015-02-11 06:46:01+01;1359
2015-02-11 10:46:01+01;1349
2015-02-11 12:26:01+01;1339
2015-02-11 15:26:01+01;1319
2015-02-11 18:34:01+01;1309
2015-02-11 21:30:01+01;1409
2015-02-12 06:10:01+01;1369
2015-02-12 07:26:01+01;1339
2015-02-12 11:10:01+01;1309
2015-02-12 21:30:01+01;1399
2015-02-13 06:10:01+01;1369
2015-02-13 09:14:01+01;1339
2015-02-13 09:30:01+01;1329
2015-02-13 15:06:01+01;1319
2015-02-13 21:30:01+01;1399
2015-02-14 07:38:01+01;1379
2015-02-14 08:34:01+01;1379
2015-02-14 08:54:01+01;1359
2015-02-14 09:26:01+01;1349
2015-02-14 10:14:01+01;1349
2015-02-14 10:34:01+01;1339
2015-02-14 10:54:01+01;1339
2015-02-14 11:34:01+01;1329
2015-02-14 21:18:01+01;1409
2015-02-15 08:10:01+01;1379
2015-02-15 08:14:01+01;1369
2015-02-15 10:26:01+01;1309
2015-02-15 21:30:01+01;1399
2015-02-16 06:10:01+01;1379
2015-02-16 06:14:01+01;1359
2015-02-16 06:54:01+01;1349
2015-02-16 07:46:01+01;1339
2015-02-16 09:54:01+01;1309
2015-02-16 21:30:01+01;1409
2015-02-17 06:10:01+01;1379
2015-02-17 06:34:01+01;1369
2015-02-17 08:46:01+01;1339
2015-02-17 10:46:01+01;1319
2015-02-17 21:30:01+01;1409
2015-02-18 07:58:01+01;1349
2015-02-18 09:34:01+01;1329
2015-02-18 13:06:01+01;1319
2015-02-18 21:30:01+01;1409
2015-02-19 06:10:01+01;1389
2015-02-19 06:58:01+01;1349
2015-02-19 12:54:01+01;1319
2015-02-19 21:30:01+01;1409
2015-02-20 06:10:01+01;1399
2015-02-20 07:06:01+01;1379
2015-02-20 07:46:01+01;1359
2015-02-20 09:26:01+01;1349
2015-02-20 12:22:01+01;1319
2015-02-21 05:38:01+01;1409
2015-02-21 07:38:01+01;1349
2015-02-21 07:46:01+01;1349
2015-02-21 07:54:01+01;1339
2015-02-21 11:26:01+01;1329
2015-02-21 11:34:01+01;1319
2015-02-22 05:38:01+01;1399
2015-02-22 08:10:01+01;1379
2015-02-22 08:14:01+01;1379
2015-02-22 08:26:01+01;1349
2015-02-22 08:34:01+01;1349
2015-02-22 10:14:01+01;1349
2015-02-22 10:26:01+01;1309
2015-02-23 05:38:01+01;1399
2015-02-23 06:10:01+01;1379
2015-02-23 06:46:01+01;1349
2015-02-23 06:54:01+01;1349
2015-02-23 07:34:01+01;1339
2015-02-23 07:46:01+01;1339
2015-02-23 17:06:01+01;1329
2015-02-23 21:30:01+01;1409
2015-02-24 06:10:01+01;1399
2015-02-24 07:06:01+01;1389
2015-02-24 07:26:01+01;1359
2015-02-24 08:26:01+01;1349
2015-02-24 12:14:01+01;1329
2015-02-24 22:10:01+01;1409
2015-02-25 01:26:01+01;1409
2015-02-25 06:26:01+01;1389
2015-02-25 06:54:01+01;1389
2015-02-25 07:34:01+01;1359
2015-02-25 11:14:01+01;1349
2015-02-25 12:34:01+01;1349
2015-02-25 12:54:01+01;1329
2015-02-25 22:10:01+01;1409
2015-02-26 06:10:01+01;1399
2015-02-26 06:46:01+01;1359
2015-02-26 08:26:01+01;1349
2015-02-26 08:34:01+01;1349
2015-02-26 10:26:01+01;1329
2015-02-26 12:14:01+01;1319
2015-02-26 22:10:01+01;1409
2015-02-27 06:10:01+01;1399
2015-02-27 07:34:01+01;1379
2015-02-27 09:14:01+01;1369
2015-02-27 09:54:01+01;1339
2015-02-27 10:06:01+01;1339
2015-02-27 10:34:01+01;1339
2015-02-28 05:38:01+01;1409
2015-02-28 07:38:01+01;1409
2015-02-28 07:54:01+01;1399
2015-02-28 08:46:01+01;1399
2015-02-28 11:06:01+01;1349
2015-02-28 11:54:01+01;1339
2015-03-01 05:38:01+01;1399
2015-03-01 08:10:01+01;1399
2015-03-01 09:06:01+01;1359
2015-03-01 09:46:01+01;1349
2015-03-01 10:26:01+01;1329
2015-03-02 05:38:01+01;1399
2015-03-02 06:46:01+01;1389
2015-03-02 10:34:01+01;1379
2015-03-02 13:46:01+01;1349
2015-03-02 14:06:02+01;1349
2015-03-02 17:14:01+01;1339
2015-03-03 05:38:01+01;1419
2015-03-03 06:10:01+01;1419
2015-03-03 06:46:01+01;1409
2015-03-03 08:46:01+01;1399
2015-03-03 10:34:01+01;1359
2015-03-03 12:14:01+01;1339
2015-03-04 05:38:01+01;1429
2015-03-04 06:10:01+01;1429
2015-03-04 06:34:01+01;1409
2015-03-04 06:46:01+01;1399
2015-03-04 08:46:01+01;1349
2015-03-04 12:34:01+01;1339
2015-03-05 05:38:01+01;1429
2015-03-05 06:10:01+01;1429
2015-03-05 06:46:01+01;1409
2015-03-05 10:14:01+01;1409
2015-03-05 14:46:01+01;1409
2015-03-05 14:54:01+01;1349
2015-03-06 05:38:01+01;1449
2015-03-06 06:10:01+01;1429
2015-03-06 06:34:01+01;1409
2015-03-06 06:54:01+01;1409
2015-03-06 08:46:01+01;1399
2015-03-06 14:46:01+01;1349
2015-03-07 05:38:01+01;1449
2015-03-07 07:38:01+01;1439
2015-03-07 07:54:01+01;1409
2015-03-07 12:14:01+01;1349
2015-03-08 05:38:01+01;1449
2015-03-08 08:10:01+01;1439
2015-03-08 08:14:02+01;1419
2015-03-08 08:34:01+01;1409
2015-03-08 09:14:01+01;1399
2015-03-08 10:26:01+01;1399
2015-03-08 10:54:01+01;1399
2015-03-08 11:06:01+01;1349
2015-03-09 05:38:01+01;1449
2015-03-09 06:10:01+01;1439
2015-03-09 06:46:01+01;1419
2015-03-09 12:54:01+01;1389
2015-03-09 15:14:01+01;1389
2015-03-10 05:38:01+01;1449
2015-03-10 06:10:01+01;1429
2015-03-10 06:54:01+01;1429
2015-03-10 07:26:01+01;1429
2015-03-10 08:26:01+01;1419
2015-03-10 11:26:01+01;1389
2015-03-10 15:06:01+01;1369
2015-03-11 05:38:01+01;1449
2015-03-11 06:10:01+01;1439
2015-03-11 07:06:01+01;1429
2015-03-11 10:26:01+01;1379
2015-03-11 11:14:01+01;1369
2015-03-12 05:38:01+01;1439
2015-03-12 06:10:01+01;1439
2015-03-12 06:46:01+01;1439
2015-03-12 09:10:01+01;1369
2015-03-12 13:34:01+01;1359
2015-03-13 05:38:01+01;1439
2015-03-13 06:10:01+01;1429
2015-03-13 06:54:01+01;1419
2015-03-13 09:58:01+01;1379
2015-03-13 11:54:01+01;1359
2015-03-14 05:38:01+01;1459
2015-03-14 07:38:01+01;1439
2015-03-14 08:26:01+01;1419
2015-03-14 10:14:01+01;1379
2015-03-14 12:26:02+01;1359
2015-03-15 05:38:01+01;1459
2015-03-15 08:10:01+01;1419
2015-03-15 09:54:01+01;1369
2015-03-15 10:34:01+01;1369
2015-03-15 11:10:01+01;1369
2015-03-16 05:38:01+01;1459
2015-03-16 06:10:01+01;1439
2015-03-16 06:54:01+01;1429
2015-03-16 10:06:01+01;1399
2015-03-16 11:46:01+01;1379
2015-03-16 12:26:01+01;1369
2015-03-16 12:34:01+01;1359
2015-03-17 05:38:01+01;1459
2015-03-17 06:10:01+01;1439
2015-03-17 07:26:01+01;1429
2015-03-17 08:46:01+01;1419
2015-03-17 12:14:01+01;1409
2015-03-17 14:46:01+01;1399
2015-03-18 05:38:02+01;1459
2015-03-18 06:10:01+01;1449
2015-03-18 07:14:01+01;1419
2015-03-18 09:14:01+01;1409
2015-03-18 12:06:01+01;1399
2015-03-18 18:26:01+01;1389
2015-03-19 05:38:01+01;1449
2015-03-19 06:10:01+01;1439
2015-03-19 08:26:01+01;1429
2015-03-19 11:46:01+01;1409
2015-03-19 12:14:01+01;1379
2015-03-19 23:10:01+01;1439
2015-03-20 07:14:01+01;1439
2015-03-20 07:34:01+01;1419
2015-03-20 07:54:01+01;1379
2015-03-20 14:06:01+01;1369
2015-03-21 05:38:01+01;1429
2015-03-21 07:38:01+01;1419
2015-03-21 11:14:01+01;1389
2015-03-21 11:34:01+01;1379
2015-03-21 12:34:01+01;1369
2015-03-21 13:54:01+01;1369
2015-03-22 05:38:01+01;1439
2015-03-22 08:22:01+01;1439
2015-03-22 08:26:01+01;1429
2015-03-22 08:34:01+01;1419
2015-03-22 08:54:01+01;1389
2015-03-22 11:34:01+01;1359
2015-03-23 05:38:01+01;1439
2015-03-23 06:18:01+01;1429
2015-03-23 06:58:02+01;1419
2015-03-23 10:34:01+01;1379
2015-03-23 13:26:01+01;1369
2015-03-23 15:54:01+01;1359
2015-03-24 05:38:01+01;1439
2015-03-24 06:10:01+01;1429
2015-03-24 06:54:01+01;1409
2015-03-24 13:54:01+01;1389
2015-03-24 18:46:01+01;1379
2015-03-25 05:38:01+01;1439
2015-03-25 09:26:01+01;1389
2015-03-25 09:46:01+01;1379
2015-03-25 14:06:01+01;1369
2015-03-25 15:54:01+01;1369
2015-03-26 05:38:01+01;1439
2015-03-26 06:06:01+01;1439
2015-03-26 06:14:01+01;1429
2015-03-26 10:46:01+01;1389
2015-03-26 12:34:01+01;1389
2015-03-26 13:06:01+01;1379
2015-03-26 15:14:01+01;1379
2015-03-27 05:38:01+01;1439
2015-03-27 06:06:01+01;1439
2015-03-27 09:06:01+01;1439
2015-03-27 09:14:01+01;1439
2015-03-27 09:54:01+01;1399
2015-03-27 12:14:01+01;1389
2015-03-27 12:54:01+01;1379
2015-03-27 18:14:01+01;1379
2015-03-28 05:38:01+01;1439
2015-03-28 09:06:01+01;1439
2015-03-28 11:26:01+01;1399
2015-03-28 12:06:01+01;1379
2015-03-29 05:38:01+02;1489
2015-03-29 08:06:01+02;1449
2015-03-29 08:46:01+02;1449
2015-03-29 11:34:01+02;1389
2015-03-29 12:02:01+02;1379
2015-03-30 05:38:01+02;1479
2015-03-30 06:06:01+02;1459
2015-03-30 07:34:01+02;1459
2015-03-30 10:54:01+02;1409
2015-03-30 11:06:01+02;1409
2015-03-30 11:14:01+02;1359
2015-03-31 05:38:01+02;1479
2015-03-31 06:06:01+02;1439
2015-03-31 06:26:01+02;1439
2015-03-31 07:14:01+02;1439
2015-03-31 08:34:01+02;1439
2015-03-31 08:46:01+02;1379
2015-03-31 11:34:01+02;1369
2015-03-31 17:54:01+02;1359
2015-03-31 18:06:01+02;1359
2015-04-01 05:38:01+02;1479
2015-04-01 06:06:01+02;1449
2015-04-01 07:14:01+02;1439
2015-04-01 10:34:01+02;1399
2015-04-01 10:46:01+02;1399
2015-04-01 10:54:01+02;1399
2015-04-01 16:06:01+02;1399
2015-04-02 05:38:01+02;1469
2015-04-02 06:06:01+02;1459
2015-04-02 06:54:01+02;1429
2015-04-02 08:14:01+02;1429
2015-04-02 11:14:01+02;1419
2015-04-02 12:06:01+02;1399
2015-04-03 05:38:01+02;1469
2015-04-03 06:06:01+02;1459
2015-04-03 06:34:01+02;1459
2015-04-03 07:46:01+02;1459
2015-04-03 10:54:01+02;1429
2015-04-03 11:14:01+02;1389
2015-04-04 05:38:01+02;1469
2015-04-04 07:38:01+02;1449
2015-04-04 14:06:01+02;1449
2015-04-05 05:38:01+02;1499
2015-04-05 08:06:01+02;1479
2015-04-05 10:26:01+02;1459
2015-04-05 10:46:01+02;1419
2015-04-06 05:38:01+02;1469
2015-04-06 07:34:01+02;1459
2015-04-06 09:46:01+02;1459
2015-04-06 10:46:01+02;1419
2015-04-06 17:54:01+02;1409
2015-04-07 05:38:01+02;1469
2015-04-07 10:26:01+02;1419
2015-04-07 12:26:01+02;1409
2015-04-07 13:26:01+02;1399
2015-04-07 16:34:01+02;1399
2015-04-08 05:38:01+02;1469
2015-04-08 06:06:01+02;1459
2015-04-08 10:34:01+02;1439
2015-04-08 12:14:01+02;1389
2015-04-09 05:38:01+02;1469
2015-04-09 06:06:01+02;1459
2015-04-09 06:54:01+02;1449
2015-04-09 12:22:01+02;1389
2015-04-09 17:26:01+02;1389
2015-04-10 05:38:01+02;1479
2015-04-10 06:06:01+02;1459
2015-04-10 06:54:01+02;1449
2015-04-10 10:06:01+02;1429
2015-04-10 10:54:01+02;1419
2015-04-10 12:26:01+02;1399
2015-04-10 12:34:01+02;1389
2015-04-11 05:38:01+02;1469
2015-04-11 07:38:01+02;1449
2015-04-11 08:14:01+02;1449
2015-04-11 10:34:01+02;1399
2015-04-11 11:14:01+02;1389
2015-04-11 11:54:01+02;1379
2015-04-12 05:38:01+02;1479
2015-04-12 08:06:01+02;1459
2015-04-12 08:54:01+02;1459
2015-04-12 09:14:01+02;1399
2015-04-12 10:26:01+02;1389
2015-04-13 05:38:02+02;1469
2015-04-13 06:06:01+02;1449
2015-04-13 07:06:01+02;1439
2015-04-13 12:46:01+02;1429
2015-04-13 14:46:01+02;1419
2015-04-14 05:38:01+02;1479
2015-04-14 06:06:01+02;1469
2015-04-14 06:46:01+02;1439
2015-04-14 10:06:01+02;1429
2015-04-14 11:54:01+02;1419
2015-04-14 12:06:01+02;1419
2015-04-14 12:14:01+02;1419
2015-04-14 12:46:01+02;1399
2015-04-14 17:34:01+02;1399
2015-04-15 05:38:01+02;1479
2015-04-15 07:14:01+02;1459
2015-04-15 10:54:01+02;1429
2015-04-15 14:46:01+02;1409
2015-04-15 15:54:01+02;1409
2015-04-16 05:38:01+02;1479
2015-04-16 06:06:01+02;1469
2015-04-16 07:54:01+02;1469
2015-04-16 09:46:01+02;1469
2015-04-16 09:54:01+02;1409
2015-04-16 10:46:01+02;1409
2015-04-17 05:38:01+02;1479
2015-04-17 07:30:01+02;1469
2015-04-17 08:26:01+02;1419
2015-04-18 05:38:01+02;1479
2015-04-18 12:34:01+02;1469
2015-04-18 13:14:01+02;1469
2015-04-19 05:38:01+02;1509
2015-04-19 08:06:01+02;1499
2015-04-19 09:14:01+02;1489
2015-04-19 09:34:01+02;1409
2015-04-19 09:46:01+02;1399
2015-04-20 05:38:01+02;1479
2015-04-20 06:34:01+02;1469
2015-04-20 10:34:01+02;1469
2015-04-20 12:54:01+02;1409
2015-04-20 13:26:01+02;1399
2015-04-20 16:34:01+02;1399
2015-04-21 05:38:01+02;1489
2015-04-21 07:14:01+02;1479
2015-04-21 12:26:01+02;1399
2015-04-22 05:38:01+02;1509
2015-04-22 07:14:01+02;1479
2015-04-22 12:06:01+02;1419
2015-04-22 15:54:01+02;1419
2015-04-22 16:46:01+02;1409
2015-04-23 05:38:01+02;1509
2015-04-23 06:06:01+02;1479
2015-04-23 14:02:02+02;1429
2015-04-23 15:06:01+02;1419
2015-04-23 19:06:01+02;1409
2015-04-24 05:38:01+02;1509
2015-04-24 06:06:01+02;1489
2015-04-24 09:06:01+02;1479
2015-04-24 10:46:01+02;1439
2015-04-24 11:46:01+02;1409
2015-04-24 14:46:01+02;1409
2015-04-25 05:38:01+02;1509
2015-04-25 07:38:01+02;1499
2015-04-25 08:06:01+02;1489
2015-04-25 09:54:01+02;1479
2015-04-25 10:26:01+02;1429
2015-04-25 13:54:01+02;1419
2015-04-26 05:38:02+02;1509
2015-04-26 08:06:01+02;1499
2015-04-26 08:14:01+02;1489
2015-04-27 05:38:01+02;1539
2015-04-27 06:06:01+02;1509
2015-04-27 07:06:01+02;1499
2015-04-27 07:34:01+02;1489
2015-04-27 10:54:01+02;1449
2015-04-27 11:06:01+02;1439
2015-04-27 11:14:01+02;1439
2015-04-27 11:34:01+02;1429
2015-04-27 15:54:01+02;1419
2015-04-27 18:14:01+02;1409
2015-04-28 05:38:01+02;1509
2015-04-28 06:06:01+02;1499
2015-04-28 10:26:01+02;1489
2015-04-29 05:38:01+02;1539
2015-04-29 06:06:01+02;1519
2015-04-29 08:26:01+02;1509
2015-04-29 11:54:01+02;1509
2015-04-29 12:54:01+02;1459
2015-04-30 05:38:01+02;1519
2015-04-30 06:06:01+02;1519
2015-04-30 07:14:01+02;1489
2015-04-30 12:34:01+02;1489
2015-04-30 12:46:01+02;1439
2015-04-30 18:26:01+02;1419
2015-05-01 05:38:01+02;1519
2015-05-01 06:06:01+02;1499
2015-05-01 09:14:01+02;1459
2015-05-01 09:26:01+02;1459
2015-05-01 11:26:01+02;1449
2015-05-01 14:34:01+02;1439
2015-05-01 17:46:01+02;1439
2015-05-02 05:38:01+02;1519
2015-05-02 07:38:01+02;1499
2015-05-02 08:22:01+02;1499
2015-05-02 10:26:01+02;1449
2015-05-02 11:46:01+02;1439
2015-05-03 05:38:01+02;1519
2015-05-03 08:06:01+02;1509
2015-05-03 10:26:01+02;1449
2015-05-04 05:38:01+02;1519
2015-05-04 06:06:01+02;1509
2015-05-04 11:06:01+02;1509
2015-05-04 12:46:01+02;1509
2015-05-04 12:54:01+02;1429
2015-05-04 17:06:01+02;1419
2015-05-04 18:26:01+02;1399
2015-05-05 05:38:01+02;1509
2015-05-05 06:06:01+02;1489
2015-05-05 11:34:01+02;1449
2015-05-05 11:46:01+02;1449
2015-05-05 15:34:01+02;1429
2015-05-05 17:14:01+02;1419
2015-05-05 17:54:01+02;1409
2015-05-06 05:38:01+02;1519
2015-05-06 06:06:01+02;1499
2015-05-06 06:46:01+02;1479
2015-05-06 11:14:01+02;1469
2015-05-06 12:54:01+02;1429
2015-05-06 13:06:01+02;1429
2015-05-07 05:38:01+02;1529
2015-05-07 06:06:01+02;1519
2015-05-07 10:14:01+02;1449
2015-05-07 17:06:01+02;1449
2015-05-08 05:38:01+02;1529
2015-05-08 06:06:01+02;1509
2015-05-08 06:54:01+02;1509
2015-05-08 07:06:01+02;1459
2015-05-08 10:54:01+02;1449
2015-05-08 12:26:01+02;1449
2015-05-08 17:54:01+02;1419
2015-05-09 05:38:01+02;1519
2015-05-09 07:38:01+02;1489
2015-05-09 10:34:01+02;1459
2015-05-09 11:06:01+02;1449
2015-05-09 12:46:01+02;1439
2015-05-10 05:38:01+02;1529
2015-05-10 08:06:01+02;1489
2015-05-10 10:14:01+02;1449
2015-05-11 05:38:01+02;1519
2015-05-11 06:06:01+02;1499
2015-05-11 12:14:01+02;1439
2015-05-12 05:38:01+02;1499
2015-05-12 06:06:01+02;1499
2015-05-12 06:54:01+02;1499
2015-05-12 12:06:01+02;1439
2015-05-12 16:14:01+02;1429
2015-05-12 17:26:01+02;1409
2015-05-12 17:34:01+02;1409
2015-05-13 05:38:01+02;1489
2015-05-13 06:06:02+02;1489
2015-05-13 07:06:01+02;1489
2015-05-13 11:46:01+02;1479
2015-05-13 14:14:01+02;1469
2015-05-13 17:54:01+02;1459
2015-05-14 05:38:01+02;1499
2015-05-14 06:06:01+02;1499
2015-05-14 08:46:01+02;1499
2015-05-14 10:34:01+02;1499
2015-05-14 10:46:01+02;1489
2015-05-14 12:26:02+02;1439
2015-05-14 18:14:01+02;1429
2015-05-15 05:38:01+02;1499
2015-05-15 06:06:01+02;1499
2015-05-15 07:34:01+02;1499
2015-05-15 10:54:01+02;1479
2015-05-15 14:54:01+02;1469
2015-05-16 05:38:01+02;1509
2015-05-16 07:38:01+02;1489
2015-05-16 11:06:02+02;1479
2015-05-16 11:14:01+02;1479
2015-05-16 11:26:01+02;1469
2015-05-17 05:38:01+02;1509
2015-05-17 08:06:01+02;1509
2015-05-17 10:54:01+02;1459
2015-05-18 05:38:01+02;1499
2015-05-18 06:06:01+02;1499
2015-05-18 15:58:01+02;1459
2015-05-18 18:14:01+02;1439
2015-05-19 05:38:01+02;1509
2015-05-19 06:06:01+02;1499
2015-05-19 12:26:01+02;1439
2015-05-19 12:34:01+02;1429
2015-05-20 05:38:01+02;1509
2015-05-20 06:06:01+02;1489
2015-05-20 09:46:01+02;1489
2015-05-20 12:26:01+02;1459
2015-05-20 12:46:01+02;1429
2015-05-20 18:34:01+02;1409
2015-05-21 05:38:01+02;1509
2015-05-21 06:06:01+02;1489
2015-05-21 08:26:01+02;1489
2015-05-21 12:26:01+02;1479
2015-05-21 15:14:01+02;1439
2015-05-22 05:38:01+02;1509
2015-05-22 06:06:01+02;1499
2015-05-22 12:54:01+02;1489
2015-05-22 15:34:01+02;1479
2015-05-22 17:26:01+02;1459
2015-05-23 05:38:01+02;1509
2015-05-23 07:38:01+02;1509
2015-05-23 10:06:01+02;1499
2015-05-23 10:46:01+02;1479
2015-05-23 11:14:01+02;1469
2015-05-23 11:34:01+02;1469
2015-05-23 14:06:01+02;1459
2015-05-24 05:38:01+02;1509
2015-05-24 08:06:01+02;1499
2015-05-24 09:14:01+02;1469
2015-05-24 10:34:01+02;1439
2015-05-25 05:38:01+02;1509
2015-05-25 06:06:01+02;1509
2015-05-25 07:46:02+02;1499
2015-05-25 09:06:01+02;1469
2015-05-26 05:38:01+02;1519
2015-05-26 06:46:01+02;1469
2015-05-26 10:54:01+02;1439
2015-05-27 05:38:01+02;1509
2015-05-27 06:06:01+02;1509
2015-05-27 06:26:01+02;1509
2015-05-27 07:06:01+02;1469
2015-05-27 10:14:01+02;1449
2015-05-27 12:14:01+02;1439
2015-05-27 12:26:01+02;1429
2015-05-27 17:46:01+02;1419
2015-05-28 05:38:01+02;1519
2015-05-28 06:06:01+02;1509
2015-05-28 06:46:01+02;1469
2015-05-28 11:14:01+02;1459
2015-05-28 12:14:01+02;1429
2015-05-29 05:38:01+02;1519
2015-05-29 06:06:01+02;1499
2015-05-29 06:26:01+02;1459
2015-05-29 07:06:02+02;1459
2015-05-29 12:54:01+02;1439
2015-05-29 13:26:01+02;1429
2015-05-29 15:46:01+02;1429
2015-05-29 15:54:01+02;1419
2015-05-30 05:38:01+02;1519
2015-05-30 07:38:01+02;1469
2015-05-30 13:46:01+02;1419
2015-05-31 05:38:01+02;1519
2015-05-31 08:06:01+02;1469
2015-05-31 09:06:01+02;1449
2015-05-31 10:26:01+02;1449
2015-06-01 05:38:01+02;1519
2015-06-01 06:58:01+02;1479
2015-06-01 10:34:01+02;1469
2015-06-01 14:06:01+02;1449
2015-06-02 05:38:01+02;1519
2015-06-02 06:06:01+02;1509
2015-06-02 06:46:01+02;1489
2015-06-02 10:46:01+02;1459
2015-06-02 12:06:01+02;1449
2015-06-02 13:26:01+02;1439
2015-06-02 14:42:01+02;1429
2015-06-02 17:14:01+02;1429
2015-06-03 05:38:01+02;1519
2015-06-03 06:06:01+02;1519
2015-06-03 06:26:01+02;1489
2015-06-03 12:06:01+02;1429
2015-06-04 05:38:01+02;1519
2015-06-04 06:06:01+02;1519
2015-06-04 06:46:01+02;1489
2015-06-04 11:38:01+02;1449
2015-06-04 12:14:01+02;1429
2015-06-05 05:38:01+02;1519
2015-06-05 07:26:01+02;1489
2015-06-05 07:46:01+02;1479
2015-06-05 08:14:01+02;1479
2015-06-05 08:54:01+02;1439
2015-06-05 12:06:01+02;1429
2015-06-06 05:38:01+02;1519
2015-06-06 07:38:01+02;1489
2015-06-06 13:14:01+02;1449
2015-06-06 13:34:01+02;1429
2015-06-07 05:38:01+02;1509
2015-06-07 08:06:01+02;1489
2015-06-07 10:26:01+02;1459
2015-06-07 10:46:01+02;1459
2015-06-07 10:54:01+02;1449
2015-06-07 11:46:01+02;1449
2015-06-07 11:54:01+02;1429
2015-06-08 05:38:01+02;1509
2015-06-08 06:06:01+02;1499
2015-06-08 06:14:01+02;1489
2015-06-08 08:46:01+02;1459
2015-06-08 13:34:01+02;1459
2015-06-08 13:46:01+02;1449
2015-06-09 05:38:01+02;1509
2015-06-09 06:54:01+02;1479
2015-06-09 09:22:01+02;1469
2015-06-09 13:26:01+02;1459
2015-06-09 13:34:01+02;1449
2015-06-09 16:14:01+02;1439
2015-06-10 05:38:01+02;1509
2015-06-10 06:46:01+02;1469
2015-06-10 12:26:01+02;1439
2015-06-10 14:14:01+02;1439
2015-06-11 05:38:01+02;1519
2015-06-11 06:06:01+02;1509
2015-06-11 07:06:01+02;1449
2015-06-11 08:54:01+02;1439
2015-06-11 12:54:01+02;1429
2015-06-12 05:38:01+02;1559
2015-06-12 06:06:01+02;1519
2015-06-12 06:34:01+02;1519
2015-06-12 06:46:01+02;1489
2015-06-12 10:34:01+02;1479
2015-06-12 10:46:01+02;1479
2015-06-12 12:06:01+02;1479
2015-06-12 12:14:01+02;1429
2015-06-13 05:38:01+02;1539
2015-06-13 07:38:01+02;1519
2015-06-13 07:54:01+02;1489
2015-06-13 09:14:01+02;1479
2015-06-13 10:54:01+02;1479
2015-06-13 11:54:01+02;1449
2015-06-14 05:38:01+02;1549
2015-06-14 08:06:01+02;1499
2015-06-14 08:54:01+02;1469
2015-06-14 11:26:01+02;1469
2015-06-15 05:38:01+02;1539
2015-06-15 06:06:01+02;1529
2015-06-15 06:46:01+02;1499
2015-06-15 10:54:01+02;1469
2015-06-15 11:30:01+02;1469
2015-06-15 15:26:01+02;1459
2015-06-15 16:46:01+02;1459
2015-06-16 05:38:01+02;1539
2015-06-16 06:06:01+02;1529
2015-06-16 06:14:01+02;1509
2015-06-16 10:46:01+02;1469
2015-06-16 12:14:02+02;1449
2015-06-17 05:38:01+02;1539
2015-06-17 06:06:01+02;1529
2015-06-17 06:14:01+02;1529
2015-06-17 06:34:01+02;1529
2015-06-17 06:46:01+02;1499
2015-06-17 12:46:01+02;1459
2015-06-17 12:54:01+02;1449
2015-06-18 05:38:01+02;1539
2015-06-18 06:06:01+02;1529
2015-06-18 06:34:01+02;1509
2015-06-18 11:34:01+02;1469
2015-06-18 12:14:01+02;1449
2015-06-19 05:38:01+02;1539
2015-06-19 06:06:01+02;1529
2015-06-19 06:46:01+02;1529
2015-06-19 07:26:01+02;1489
2015-06-19 09:26:01+02;1479
2015-06-19 12:26:01+02;1449
2015-06-19 13:54:01+02;1449
2015-06-19 15:26:01+02;1439
2015-06-20 05:38:01+02;1539
2015-06-20 11:50:01+02;1469
2015-06-20 12:14:01+02;1449
2015-06-21 05:38:01+02;1549
2015-06-21 08:06:01+02;1509
2015-06-21 09:14:02+02;1469
2015-06-22 05:38:01+02;1539
2015-06-22 06:06:01+02;1509
2015-06-22 07:06:01+02;1509
2015-06-22 11:34:01+02;1499
2015-06-22 14:46:01+02;1499
2015-06-22 16:26:01+02;1489
2015-06-22 17:54:01+02;1479
2015-06-22 18:14:01+02;1469
2015-06-23 05:38:01+02;1529
2015-06-23 06:46:01+02;1469
2015-06-23 11:06:01+02;1459
2015-06-23 12:26:01+02;1459
2015-06-23 15:54:01+02;1449
2015-06-24 05:38:01+02;1529
2015-06-24 06:06:01+02;1509
2015-06-24 06:46:01+02;1459
2015-06-24 08:26:01+02;1449
2015-06-24 15:42:01+02;1439
2015-06-25 05:38:01+02;1519
2015-06-25 06:06:01+02;1509
2015-06-25 06:54:01+02;1459
2015-06-25 07:42:01+02;1459
2015-06-25 08:22:01+02;1439
2015-06-26 05:38:01+02;1519
2015-06-26 06:54:01+02;1459
2015-06-26 07:02:02+02;1459
2015-06-26 08:42:01+02;1449
2015-06-26 12:26:01+02;1439
2015-06-26 12:34:01+02;1429
2015-06-27 05:38:01+02;1519
2015-06-27 07:38:01+02;1489
2015-06-28 05:38:01+02;1539
2015-06-28 08:06:01+02;1509
2015-06-28 08:22:01+02;1509
2015-06-28 09:22:01+02;1479
2015-06-29 05:38:01+02;1519
2015-06-29 06:06:01+02;1509
2015-06-29 07:02:01+02;1509
2015-06-29 08:42:01+02;1479
2015-06-29 10:42:01+02;1469
2015-06-29 12:14:01+02;1429
2015-06-30 05:38:01+02;1529
2015-06-30 06:06:01+02;1509
2015-06-30 06:42:01+02;1509
2015-06-30 14:22:01+02;1439
2015-06-30 17:42:01+02;1439
2015-07-01 05:38:01+02;1529
2015-07-01 06:06:01+02;1509
2015-07-01 06:54:01+02;1499
2015-07-01 12:22:01+02;1429
2015-07-01 15:14:01+02;1419
2015-07-01 20:02:01+02;1419
2015-07-02 05:38:01+02;1519
2015-07-02 06:06:01+02;1509
2015-07-02 10:54:01+02;1449
2015-07-02 14:22:01+02;1439
2015-07-02 17:22:01+02;1439
2015-07-02 19:14:01+02;1429
2015-07-03 05:38:01+02;1519
2015-07-03 06:06:01+02;1519
2015-07-03 07:06:01+02;1509
2015-07-03 12:02:01+02;1449
2015-07-03 12:22:01+02;1429
2015-07-04 05:38:01+02;1519
2015-07-04 08:06:01+02;1519
2015-07-04 08:54:01+02;1449
2015-07-05 05:38:01+02;1529
2015-07-05 08:06:01+02;1509
2015-07-05 09:26:01+02;1479
2015-07-05 10:54:01+02;1469
2015-07-06 05:38:01+02;1529
2015-07-06 06:06:01+02;1529
2015-07-06 06:54:01+02;1519
2015-07-06 10:02:01+02;1459
2015-07-06 10:14:01+02;1459
2015-07-06 16:54:01+02;1459
2015-07-06 17:22:01+02;1449
2015-07-06 19:46:01+02;1449
2015-07-07 00:42:01+02;1539
2015-07-07 06:10:01+02;1539
2015-07-07 06:54:01+02;1519
2015-07-07 11:42:01+02;1519
2015-07-07 12:10:01+02;1549
2015-07-07 12:22:01+02;1469
2015-07-07 12:42:01+02;1449
2015-07-07 19:26:01+02;1449
2015-07-08 05:38:01+02;1539
2015-07-08 06:10:01+02;1539
2015-07-08 07:14:01+02;1519
2015-07-08 10:42:01+02;1519
2015-07-08 10:54:01+02;1469
2015-07-08 12:10:01+02;1499
2015-07-08 12:26:01+02;1449
2015-07-09 05:38:01+02;1549
2015-07-09 06:10:01+02;1539
2015-07-09 09:06:01+02;1509
2015-07-09 12:10:01+02;1539
2015-07-09 12:26:01+02;1449
2015-07-10 05:38:01+02;1549
2015-07-10 06:10:01+02;1509
2015-07-10 12:22:01+02;1539
2015-07-10 13:30:01+02;1539
2015-07-10 13:46:01+02;1479
2015-07-10 14:22:01+02;1479
2015-07-10 15:54:01+02;1479
2015-07-11 05:38:01+02;1529
2015-07-11 11:14:01+02;1489
2015-07-11 11:34:01+02;1479
2015-07-11 12:58:01+02;1509
2015-07-12 05:38:01+02;1549
2015-07-12 08:10:01+02;1529
2015-07-12 08:54:01+02;1489
2015-07-12 12:38:01+02;1519
2015-07-13 05:38:01+02;1569
2015-07-13 06:10:01+02;1539
2015-07-13 12:42:01+02;1569
2015-07-13 13:10:01+02;1539
2015-07-13 14:34:01+02;1519
2015-07-13 15:54:01+02;1519
2015-07-13 18:14:01+02;1469
2015-07-14 05:38:01+02;1519
2015-07-14 06:10:01+02;1519
2015-07-14 12:06:01+02;1519
2015-07-14 12:14:01+02;1469
2015-07-14 12:38:01+02;1499
2015-07-14 13:26:01+02;1469
2015-07-15 05:38:01+02;1519
2015-07-15 08:54:01+02;1509
2015-07-15 11:42:01+02;1489
2015-07-15 12:02:01+02;1479
2015-07-15 12:22:01+02;1469
2015-07-15 12:42:01+02;1499
2015-07-15 14:22:01+02;1489
2015-07-15 15:14:01+02;1469
2015-07-15 17:22:01+02;1469
2015-07-16 05:38:01+02;1519
2015-07-16 06:10:01+02;1499
2015-07-16 12:02:01+02;1479
2015-07-16 12:26:01+02;1469
2015-07-16 12:42:01+02;1499
2015-07-16 15:26:01+02;1479
2015-07-16 15:34:01+02;1479
2015-07-16 16:14:01+02;1479
2015-07-17 05:38:01+02;1519
2015-07-17 06:10:01+02;1479
2015-07-17 10:46:01+02;1479
2015-07-17 11:02:01+02;1449
2015-07-17 12:42:01+02;1479
2015-07-17 13:14:01+02;1449
2015-07-18 05:38:02+02;1499
2015-07-18 07:38:01+02;1489
2015-07-18 10:14:01+02;1439
2015-07-18 10:46:01+02;1429
2015-07-18 12:26:01+02;1429
2015-07-18 12:42:01+02;1459
2015-07-19 05:38:01+02;1499
2015-07-19 08:10:01+02;1479
2015-07-19 08:54:01+02;1459
2015-07-19 10:06:01+02;1439
2015-07-19 10:46:01+02;1429
2015-07-19 10:54:01+02;1419
2015-07-19 12:42:01+02;1449
2015-07-20 05:38:01+02;1499
2015-07-20 06:10:02+02;1459
2015-07-20 09:34:01+02;1429
2015-07-20 10:02:01+02;1419
2015-07-20 10:14:01+02;1409
2015-07-20 12:14:01+02;1409
2015-07-20 12:42:01+02;1439
2015-07-20 14:46:01+02;1419
2015-07-20 16:02:02+02;1419
2015-07-20 16:34:01+02;1409
2015-07-21 05:38:01+02;1469
2015-07-21 06:10:01+02;1469
2015-07-21 11:34:01+02;1429
2015-07-21 12:14:01+02;1409
2015-07-21 12:42:01+02;1439
2015-07-21 14:54:01+02;1429
2015-07-21 17:02:01+02;1419
2015-07-22 05:38:01+02;1469
2015-07-22 06:10:01+02;1469
2015-07-22 11:34:01+02;1449
2015-07-22 12:14:01+02;1409
2015-07-22 12:42:01+02;1439
2015-07-22 16:14:01+02;1419
2015-07-23 05:38:01+02;1479
2015-07-23 06:10:01+02;1479
2015-07-23 07:34:01+02;1459
2015-07-23 08:02:01+02;1449
2015-07-23 10:26:01+02;1449
2015-07-23 11:14:01+02;1429
2015-07-23 11:34:01+02;1419
2015-07-23 12:14:01+02;1419
2015-07-23 12:42:01+02;1449
2015-07-23 13:42:01+02;1419
2015-07-23 16:02:01+02;1419
2015-07-23 19:54:01+02;1409
2015-07-24 05:38:01+02;1479
2015-07-24 06:10:01+02;1469
2015-07-24 09:54:01+02;1459
2015-07-24 10:14:01+02;1449
2015-07-24 10:34:01+02;1419
2015-07-24 10:42:01+02;1409
2015-07-24 12:14:01+02;1409
2015-07-24 12:42:01+02;1439
2015-07-24 14:14:01+02;1419
2015-07-24 15:54:01+02;1409
2015-07-25 05:38:01+02;1479
2015-07-25 07:38:01+02;1469
2015-07-25 09:34:01+02;1419
2015-07-25 11:14:01+02;1409
2015-07-25 12:14:01+02;1409
2015-07-25 12:42:01+02;1439
2015-07-25 14:02:01+02;1419
2015-07-26 05:38:01+02;1489
2015-07-26 08:10:01+02;1469
2015-07-26 10:14:01+02;1419
2015-07-26 10:54:01+02;1409
2015-07-26 12:42:01+02;1439
2015-07-27 05:38:01+02;1479
2015-07-27 06:10:01+02;1469
2015-07-27 07:54:01+02;1439
2015-07-27 09:42:01+02;1419
2015-07-27 10:02:01+02;1409
2015-07-27 12:42:01+02;1439
2015-07-27 13:42:01+02;1409
2015-07-27 14:14:01+02;1409
2015-07-27 16:42:01+02;1409
2015-07-28 05:38:01+02;1469
2015-07-28 12:42:01+02;1499
2015-07-28 13:54:01+02;1439
2015-07-28 14:14:01+02;1409
2015-07-28 16:46:01+02;1409
2015-07-29 05:38:01+02;1469
2015-07-29 06:10:01+02;1469
2015-07-29 07:54:01+02;1429
2015-07-29 08:42:01+02;1419
2015-07-29 09:10:01+02;1409
2015-07-29 12:42:01+02;1439
2015-07-29 14:26:01+02;1419
2015-07-29 15:54:01+02;1409
2015-07-30 05:38:01+02;1469
2015-07-30 06:10:01+02;1459
2015-07-30 08:14:02+02;1419
2015-07-30 10:02:01+02;1409
2015-07-30 12:42:01+02;1439
2015-07-30 14:02:01+02;1419
2015-07-30 16:14:01+02;1409
2015-07-31 05:38:01+02;1469
2015-07-31 06:10:02+02;1469
2015-07-31 07:54:01+02;1419
2015-07-31 08:14:01+02;1419
2015-07-31 09:10:01+02;1409
2015-07-31 12:42:01+02;1439
2015-07-31 14:14:01+02;1409
2015-08-01 05:38:01+02;1469
2015-08-01 07:38:01+02;1469
2015-08-01 09:26:01+02;1409
2015-08-01 12:14:01+02;1409
2015-08-01 12:42:01+02;1439
2015-08-02 05:38:01+02;1479
2015-08-02 08:10:01+02;1419
2015-08-02 12:42:01+02;1449
2015-08-03 05:38:01+02;1519
2015-08-03 06:10:01+02;1459
2015-08-03 07:14:01+02;1439
2015-08-03 07:54:01+02;1419
2015-08-03 08:54:01+02;1419
2015-08-03 09:06:01+02;1409
2015-08-03 12:42:01+02;1439
2015-08-03 14:42:01+02;1409
2015-08-03 19:46:01+02;1409
2015-08-04 05:38:01+02;1469
2015-08-04 06:10:01+02;1469
2015-08-04 06:54:01+02;1459
2015-08-04 07:54:01+02;1419
2015-08-04 08:26:01+02;1419
2015-08-04 12:42:01+02;1449
2015-08-04 13:22:01+02;1439
2015-08-04 14:14:01+02;1419
2015-08-04 16:34:01+02;1409
2015-08-04 16:42:01+02;1409
2015-08-05 05:38:02+02;1469
2015-08-05 06:10:01+02;1469
2015-08-05 07:54:01+02;1429
2015-08-05 08:42:01+02;1419
2015-08-05 09:10:01+02;1409
2015-08-05 12:42:01+02;1439
2015-08-05 14:14:01+02;1409
2015-08-06 05:38:01+02;1469
2015-08-06 06:10:01+02;1469
2015-08-06 07:06:01+02;1429
2015-08-06 07:34:01+02;1419
2015-08-06 07:54:01+02;1409
2015-08-06 12:42:01+02;1439
2015-08-06 14:06:01+02;1409
2015-08-07 05:38:01+02;1469
2015-08-07 06:10:01+02;1469
2015-08-07 07:54:01+02;1409
2015-08-07 08:42:01+02;1409
2015-08-07 09:14:01+02;1409
2015-08-07 09:42:01+02;1409
2015-08-07 12:42:01+02;1439
2015-08-07 14:42:01+02;1409
2015-08-07 18:54:01+02;1409
2015-08-08 05:38:01+02;1459
2015-08-08 07:38:01+02;1459
2015-08-08 10:06:01+02;1409
2015-08-08 12:42:01+02;1439
2015-08-09 05:38:01+02;1509
2015-08-09 08:10:01+02;1449
2015-08-09 09:34:01+02;1439
2015-08-09 10:22:01+02;1399
2015-08-09 10:34:01+02;1399
2015-08-09 12:42:01+02;1429
2015-08-10 05:38:01+02;1469
2015-08-10 06:10:01+02;1449
2015-08-10 07:26:01+02;1439
2015-08-10 07:54:01+02;1399
2015-08-10 08:34:01+02;1389
2015-08-10 09:10:01+02;1379
2015-08-10 12:42:01+02;1409
2015-08-10 14:14:01+02;1379
2015-08-11 05:38:01+02;1459
2015-08-11 06:10:01+02;1439
2015-08-11 12:22:01+02;1409
2015-08-11 12:42:01+02;1439
2015-08-11 15:54:01+02;1429
2015-08-11 17:22:01+02;1409
2015-08-12 05:38:01+02;1459
2015-08-12 06:10:01+02;1419
2015-08-12 06:54:01+02;1409
2015-08-12 07:54:01+02;1399
2015-08-12 08:46:01+02;1399
2015-08-12 12:42:01+02;1429
2015-08-12 14:02:01+02;1399
2015-08-12 19:14:01+02;1389
2015-08-13 05:38:01+02;1439
2015-08-13 06:10:01+02;1429
2015-08-13 07:26:01+02;1429
2015-08-13 12:42:01+02;1459
2015-08-13 13:18:01+02;1429
2015-08-13 14:14:01+02;1429
2015-08-13 14:26:01+02;1409
2015-08-13 15:42:01+02;1389
2015-08-14 05:38:01+02;1429
2015-08-14 08:14:01+02;1409
2015-08-14 12:42:01+02;1439
2015-08-14 13:18:01+02;1429
2015-08-14 13:54:01+02;1409
2015-08-14 16:54:01+02;1389
2015-08-15 05:38:01+02;1429
2015-08-15 10:30:01+02;1379
2015-08-15 12:42:01+02;1409
2015-08-15 13:18:01+02;1409
2015-08-16 05:38:01+02;1459
2015-08-16 08:10:01+02;1419
2015-08-16 08:42:01+02;1389
2015-08-16 09:54:01+02;1379
2015-08-16 12:42:01+02;1409
2015-08-17 05:38:01+02;1459
2015-08-17 06:10:01+02;1419
2015-08-17 06:22:01+02;1419
2015-08-17 12:42:01+02;1449
2015-08-17 13:18:01+02;1419
2015-08-17 13:34:01+02;1419
2015-08-17 14:22:01+02;1389
2015-08-17 14:34:01+02;1389
2015-08-17 14:54:01+02;1389
2015-08-17 15:22:01+02;1379
2015-08-17 16:42:01+02;1379
2015-08-18 05:38:01+02;1439
2015-08-18 06:10:01+02;1419
2015-08-18 08:42:01+02;1399
2015-08-18 12:42:01+02;1429
2015-08-18 13:18:01+02;1419
2015-08-18 13:42:01+02;1419
2015-08-18 14:14:01+02;1399
2015-08-18 16:46:01+02;1379
2015-08-19 05:38:01+02;1429
2015-08-19 06:10:01+02;1419
2015-08-19 08:14:01+02;1409
2015-08-19 08:22:01+02;1409
2015-08-19 12:42:01+02;1439
2015-08-19 13:18:01+02;1409
2015-08-19 14:02:01+02;1389
2015-08-19 16:34:01+02;1379
2015-08-20 05:38:01+02;1429
2015-08-20 06:10:01+02;1419
2015-08-20 08:26:01+02;1399
2015-08-20 09:34:01+02;1389
2015-08-20 12:42:01+02;1419
2015-08-20 13:18:01+02;1409
2015-08-20 14:14:01+02;1389
2015-08-20 16:14:01+02;1369
2015-08-20 19:34:01+02;1359
2015-08-21 05:38:01+02;1409
2015-08-21 08:22:01+02;1389
2015-08-21 12:42:01+02;1419
2015-08-21 13:18:01+02;1389
2015-08-21 13:54:01+02;1389
2015-08-21 14:14:01+02;1359
2015-08-21 15:22:01+02;1349
2015-08-21 19:54:01+02;1339
2015-08-22 05:38:01+02;1399
2015-08-22 07:38:01+02;1389
2015-08-22 09:34:01+02;1389
2015-08-22 09:42:01+02;1379
2015-08-22 10:02:01+02;1379
2015-08-22 10:14:01+02;1369
2015-08-22 12:42:01+02;1399
2015-08-22 13:18:01+02;1379
2015-08-22 13:34:01+02;1379
2015-08-23 05:38:01+02;1429
2015-08-23 08:10:01+02;1379
2015-08-23 09:42:01+02;1379
2015-08-23 09:54:01+02;1359
2015-08-23 12:42:01+02;1389
2015-08-24 05:38:01+02;1439
2015-08-24 06:10:01+02;1379
2015-08-24 08:54:01+02;1359
2015-08-24 12:42:01+02;1389
2015-08-24 13:18:01+02;1379
2015-08-24 14:02:01+02;1359
2015-08-24 15:14:01+02;1359
2015-08-25 05:38:01+02;1399
2015-08-25 06:10:01+02;1379
2015-08-25 10:54:01+02;1349
2015-08-25 12:42:01+02;1379
2015-08-25 13:18:01+02;1359
2015-08-25 15:42:01+02;1349
2015-08-26 00:26:01+02;1349
2015-08-26 00:42:01+02;1349
2015-08-26 05:38:01+02;1399
2015-08-26 06:10:01+02;1359
2015-08-26 12:06:01+02;1349
2015-08-26 12:42:01+02;1379
2015-08-26 13:18:01+02;1349
2015-08-26 14:14:01+02;1349
2015-08-27 05:38:01+02;1399
2015-08-27 06:10:01+02;1349
2015-08-27 09:54:01+02;1339
2015-08-27 12:42:01+02;1369
2015-08-27 13:18:01+02;1339
2015-08-27 13:54:01+02;1339
2015-08-28 05:38:01+02;1399
2015-08-28 06:10:01+02;1339
2015-08-28 09:34:01+02;1319
2015-08-28 12:42:01+02;1349
2015-08-28 14:02:01+02;1319
2015-08-28 15:26:01+02;1309
2015-08-29 05:42:01+02;1359
2015-08-29 12:42:01+02;1389
2015-08-29 13:18:01+02;1369
2015-08-30 05:38:01+02;1409
2015-08-30 08:10:01+02;1369
2015-08-30 09:26:01+02;1359
2015-08-30 10:42:01+02;1319
2015-08-30 12:42:01+02;1349
2015-08-31 05:38:01+02;1389
2015-08-31 06:10:01+02;1369
2015-08-31 07:26:01+02;1359
2015-08-31 12:42:01+02;1389
2015-08-31 13:18:01+02;1369
2015-08-31 14:42:01+02;1359
2015-08-31 17:26:01+02;1349
2015-09-01 05:38:01+02;1389
2015-09-01 06:06:01+02;1369
2015-09-01 07:14:01+02;1369
2015-09-01 10:26:01+02;1349
2015-09-01 12:42:01+02;1379
2015-09-01 13:54:01+02;1379
2015-09-01 14:22:01+02;1349
2015-09-01 15:46:01+02;1339
2015-09-01 17:14:01+02;1339
2015-09-02 05:38:01+02;1379
2015-09-02 06:10:01+02;1369
2015-09-02 07:26:01+02;1369
2015-09-02 12:42:01+02;1399
2015-09-02 13:18:01+02;1379
2015-09-02 13:54:01+02;1369
2015-09-02 15:42:01+02;1349
2015-09-02 19:22:01+02;1349
2015-09-03 05:38:01+02;1399
2015-09-03 06:10:01+02;1379
2015-09-03 07:42:01+02;1379
2015-09-03 09:22:01+02;1349
2015-09-03 12:02:01+02;1349
2015-09-03 12:42:01+02;1379
2015-09-03 13:18:01+02;1369
2015-09-03 14:06:01+02;1349
2015-09-03 19:14:01+02;1309
2015-09-04 05:38:01+02;1359
2015-09-04 06:10:01+02;1359
2015-09-04 08:54:01+02;1339
2015-09-04 12:14:01+02;1329
2015-09-04 13:42:01+02;1359
2015-09-04 14:34:01+02;1329
2015-09-05 05:38:01+02;1369
2015-09-05 12:42:01+02;1399
2015-09-05 13:22:01+02;1389
2015-09-05 13:54:01+02;1379
2015-09-06 05:38:01+02;1429
2015-09-06 08:10:01+02;1379
2015-09-06 09:02:01+02;1369
2015-09-06 10:06:01+02;1349
2015-09-06 12:42:01+02;1379
2015-09-07 05:38:01+02;1439
2015-09-07 12:42:01+02;1469
2015-09-07 16:54:01+02;1329
2015-09-08 05:38:01+02;1379
2015-09-08 10:14:01+02;1339
2015-09-08 12:42:01+02;1369
2015-09-08 14:06:01+02;1339
2015-09-09 05:38:01+02;1389
2015-09-09 06:10:02+02;1369
2015-09-09 07:14:01+02;1369
2015-09-09 11:34:01+02;1329
2015-09-09 12:42:01+02;1359
2015-09-09 13:22:01+02;1359
2015-09-09 14:06:01+02;1329
2015-09-09 15:54:01+02;1319
2015-09-10 05:38:01+02;1369
2015-09-10 08:14:01+02;1349
2015-09-10 12:42:01+02;1379
2015-09-10 14:14:01+02;1349
2015-09-10 15:34:01+02;1319
2015-09-10 19:22:01+02;1309
2015-09-11 05:38:01+02;1359
2015-09-11 12:26:01+02;1349
2015-09-11 12:42:01+02;1379
2015-09-11 13:22:01+02;1379
2015-09-11 14:02:01+02;1369
2015-09-11 15:46:01+02;1319
2015-09-12 05:38:01+02;1369
2015-09-12 08:54:01+02;1359
2015-09-12 09:22:01+02;1349
2015-09-12 11:14:01+02;1339
2015-09-12 12:42:01+02;1369
2015-09-12 14:06:01+02;1369
2015-09-13 05:38:01+02;1419
2015-09-13 08:10:01+02;1369
2015-09-13 08:46:01+02;1349
2015-09-13 10:46:01+02;1329
2015-09-13 12:42:01+02;1359
2015-09-14 05:38:01+02;1409
2015-09-14 06:10:01+02;1369
2015-09-14 07:54:01+02;1349
2015-09-14 11:34:01+02;1329
2015-09-14 12:42:01+02;1359
2015-09-14 13:22:01+02;1359
2015-09-14 14:06:01+02;1329
2015-09-14 18:26:01+02;1319
2015-09-14 19:42:01+02;1309
2015-09-15 05:38:01+02;1359
2015-09-15 08:14:01+02;1359
2015-09-15 11:34:01+02;1339
2015-09-15 12:42:01+02;1369
2015-09-15 13:18:01+02;1359
2015-09-15 13:34:01+02;1359
2015-09-15 14:14:01+02;1339
2015-09-15 18:54:01+02;1329
2015-09-16 05:38:01+02;1369
2015-09-16 06:10:01+02;1359
2015-09-16 10:06:01+02;1349
2015-09-16 12:42:01+02;1379
2015-09-16 13:18:01+02;1349
2015-09-16 13:34:01+02;1349
2015-09-16 18:54:01+02;1339
2015-09-16 19:14:01+02;1339
2015-09-17 05:38:01+02;1389
2015-09-17 06:10:01+02;1349
2015-09-17 11:54:01+02;1349
2015-09-17 12:42:01+02;1379
2015-09-17 13:22:01+02;1369
2015-09-17 14:42:01+02;1349
2015-09-17 18:26:01+02;1339
2015-09-18 05:38:01+02;1379
2015-09-18 06:10:01+02;1359
2015-09-18 09:34:01+02;1359
2015-09-18 09:42:01+02;1349
2015-09-18 11:22:01+02;1329
2015-09-18 11:54:02+02;1329
2015-09-18 12:42:01+02;1359
2015-09-18 13:54:01+02;1329
2015-09-18 16:22:01+02;1319
2015-09-19 05:38:01+02;1369
2015-09-19 07:38:01+02;1359
2015-09-19 09:26:01+02;1349
2015-09-19 10:22:01+02;1349
2015-09-19 12:42:01+02;1379
2015-09-19 13:18:01+02;1359
2015-09-20 05:38:01+02;1409
2015-09-20 08:10:01+02;1359
2015-09-20 08:42:01+02;1349
2015-09-20 10:14:01+02;1339
2015-09-20 12:42:01+02;1369
2015-09-21 05:38:01+02;1419
2015-09-21 06:10:01+02;1359
2015-09-21 06:54:01+02;1349
2015-09-21 12:42:01+02;1379
2015-09-21 13:18:01+02;1359
2015-09-21 13:54:01+02;1349
2015-09-21 15:42:01+02;1349
2015-09-21 17:42:01+02;1339
2015-09-21 19:22:01+02;1319
2015-09-22 05:38:01+02;1369
2015-09-22 06:10:01+02;1339
2015-09-22 06:54:01+02;1329
2015-09-22 09:26:01+02;1329
2015-09-22 12:14:01+02;1319
2015-09-22 12:42:01+02;1349
2015-09-22 14:02:01+02;1319
2015-09-22 15:02:01+02;1299
2015-09-22 15:54:01+02;1299
2015-09-23 05:38:01+02;1349
2015-09-23 06:10:01+02;1349
2015-09-23 06:54:01+02;1329
2015-09-23 07:14:01+02;1319
2015-09-23 10:54:01+02;1309
2015-09-23 12:42:01+02;1339
2015-09-23 13:54:01+02;1309
2015-09-24 05:38:01+02;1359
2015-09-24 07:22:01+02;1339
2015-09-24 08:02:01+02;1309
2015-09-24 08:26:01+02;1309
2015-09-24 12:42:01+02;1339
2015-09-24 13:18:01+02;1309
2015-09-24 17:46:01+02;1299
2015-09-25 05:38:01+02;1349
2015-09-25 06:34:01+02;1329
2015-09-25 07:54:01+02;1319
2015-09-25 08:02:01+02;1319
2015-09-25 08:22:02+02;1309
2015-09-25 11:46:01+02;1309
2015-09-25 12:42:01+02;1339
2015-09-25 14:54:01+02;1309
2015-09-26 05:38:01+02;1359
2015-09-26 07:38:01+02;1349
2015-09-26 08:54:01+02;1339
2015-09-26 09:26:01+02;1329
2015-09-26 12:42:01+02;1359
2015-09-26 13:22:01+02;1359
2015-09-26 13:54:02+02;1329
2015-09-27 05:38:01+02;1379
2015-09-27 08:10:01+02;1349
2015-09-27 09:14:01+02;1329
2015-09-27 12:42:01+02;1359
2015-09-28 05:38:01+02;1409
2015-09-28 06:10:01+02;1359
2015-09-28 11:54:01+02;1339
2015-09-28 12:42:01+02;1369
2015-09-28 13:22:01+02;1359
2015-09-28 13:54:01+02;1329
2015-09-29 05:38:01+02;1379
2015-09-29 06:10:01+02;1359
2015-09-29 08:14:01+02;1359
2015-09-29 09:54:01+02;1349
2015-09-29 11:02:01+02;1339
2015-09-29 12:42:01+02;1369
2015-09-29 13:18:01+02;1349
2015-09-29 13:42:01+02;1339
2015-09-29 15:06:01+02;1329
2015-09-30 05:38:01+02;1379
2015-09-30 06:10:01+02;1349
2015-09-30 08:02:01+02;1349
2015-09-30 11:02:01+02;1309
2015-09-30 12:42:01+02;1339
2015-09-30 13:34:01+02;1339
2015-09-30 13:54:02+02;1309
2015-09-30 15:22:01+02;1299
2015-10-01 05:38:01+02;1349
2015-10-01 06:10:01+02;1339
2015-10-01 08:26:01+02;1329
2015-10-01 11:14:01+02;1309
2015-10-01 12:42:01+02;1339
2015-10-01 13:26:01+02;1339
2015-10-01 13:46:01+02;1309
2015-10-01 15:46:01+02;1299
2015-10-02 05:38:01+02;1339
2015-10-02 08:22:01+02;1329
2015-10-02 10:26:01+02;1299
2015-10-02 11:06:01+02;1299
2015-10-02 12:42:01+02;1329
2015-10-02 13:18:01+02;1299
2015-10-03 05:38:01+02;1349
2015-10-03 09:54:02+02;1339
2015-10-03 10:22:01+02;1309
2015-10-03 10:54:01+02;1299
2015-10-03 12:42:01+02;1329
2015-10-03 13:34:01+02;1329
2015-10-03 13:54:01+02;1299
2015-10-04 05:38:01+02;1349
2015-10-04 08:42:01+02;1329
2015-10-04 10:06:01+02;1319
2015-10-04 12:42:01+02;1349
2015-10-05 05:38:01+02;1399
2015-10-05 06:10:01+02;1349
2015-10-05 10:22:01+02;1309
2015-10-05 12:42:01+02;1339
2015-10-05 13:26:01+02;1339
2015-10-05 13:54:01+02;1309
2015-10-05 14:54:01+02;1299
2015-10-05 16:02:01+02;1299
2015-10-06 05:38:01+02;1349
2015-10-06 06:10:01+02;1339
2015-10-06 08:14:01+02;1329
2015-10-06 09:54:01+02;1299
2015-10-06 11:34:01+02;1299
2015-10-06 12:42:01+02;1329
2015-10-06 13:18:01+02;1299
2015-10-07 05:38:01+02;1349
2015-10-07 10:54:01+02;1329
2015-10-07 12:42:01+02;1359
2015-10-07 13:22:01+02;1329
2015-10-07 15:14:01+02;1329
2015-10-07 16:26:01+02;1319
2015-10-08 05:38:01+02;1369
2015-10-08 06:10:01+02;1349
2015-10-08 07:18:01+02;1339
2015-10-08 09:46:01+02;1319
2015-10-08 12:42:01+02;1349
2015-10-08 13:18:01+02;1349
2015-10-08 14:30:01+02;1319
2015-10-08 19:46:01+02;1309
2015-10-09 05:38:01+02;1359
2015-10-09 07:18:01+02;1349
2015-10-09 12:42:01+02;1379
2015-10-09 13:18:01+02;1359
2015-10-09 13:42:01+02;1349
2015-10-09 19:26:01+02;1339
2015-10-09 19:42:01+02;1319
2015-10-10 05:38:01+02;1369
2015-10-10 07:38:01+02;1359
2015-10-10 10:14:01+02;1329
2015-10-10 12:42:01+02;1359
2015-10-10 13:22:01+02;1359
2015-10-10 13:54:01+02;1329
2015-10-11 05:38:01+02;1379
2015-10-11 08:10:01+02;1329
2015-10-11 10:34:01+02;1309
2015-10-11 12:42:01+02;1339
2015-10-12 05:38:01+02;1389
2015-10-12 06:10:01+02;1339
2015-10-12 06:54:01+02;1319
2015-10-12 12:42:01+02;1349
2015-10-12 13:34:01+02;1349
2015-10-12 13:42:01+02;1319
2015-10-12 15:02:01+02;1309
2015-10-12 19:54:01+02;1299
2015-10-13 05:38:01+02;1349
2015-10-13 07:22:01+02;1329
2015-10-13 11:14:01+02;1309
2015-10-13 11:26:01+02;1309
2015-10-13 12:42:01+02;1339
2015-10-13 13:18:02+02;1339
2015-10-13 13:54:01+02;1309
2015-10-13 18:22:01+02;1299
2015-10-13 19:54:01+02;1289
2015-10-14 05:38:01+02;1339
2015-10-14 06:26:01+02;1329
2015-10-14 12:26:01+02;1329
2015-10-14 12:42:01+02;1359
2015-10-14 13:18:01+02;1339
2015-10-14 13:54:01+02;1329
2015-10-14 17:54:01+02;1309
2015-10-14 18:54:01+02;1299
2015-10-15 05:38:01+02;1349
2015-10-15 06:14:01+02;1329
2015-10-15 12:42:01+02;1359
2015-10-15 13:18:01+02;1339
2015-10-15 13:46:01+02;1329
2015-10-15 15:42:01+02;1309
2015-10-15 19:14:01+02;1279
2015-10-16 05:38:01+02;1339
2015-10-16 06:10:01+02;1329
2015-10-16 07:14:01+02;1309
2015-10-16 10:54:01+02;1299
2015-10-16 12:42:01+02;1329
2015-10-16 13:18:01+02;1329
2015-10-16 13:58:01+02;1329
2015-10-16 14:14:01+02;1299
2015-10-16 15:54:01+02;1289
2015-10-16 19:42:01+02;1279
2015-10-17 05:38:01+02;1339
2015-10-17 07:38:01+02;1329
2015-10-17 10:54:01+02;1289
2015-10-17 11:14:01+02;1279
2015-10-17 12:42:01+02;1309
2015-10-17 13:34:01+02;1309
2015-10-17 13:42:01+02;1279
2015-10-18 05:38:01+02;1339
2015-10-18 08:10:01+02;1329
2015-10-18 10:42:01+02;1289
2015-10-18 11:42:01+02;1289
2015-10-18 12:42:01+02;1319
2015-10-19 05:38:01+02;1359
2015-10-19 06:10:01+02;1319
2015-10-19 09:26:01+02;1289
2015-10-19 12:42:01+02;1319
2015-10-19 13:18:01+02;1289
2015-10-20 05:38:01+02;1339
2015-10-20 09:46:01+02;1319
2015-10-20 10:14:01+02;1299
2015-10-20 12:42:01+02;1329
2015-10-20 13:26:01+02;1329
2015-10-20 13:46:01+02;1319
2015-10-20 15:06:01+02;1289
2015-10-20 17:34:01+02;1279
2015-10-21 05:38:01+02;1329
2015-10-21 06:14:01+02;1319
2015-10-21 12:42:01+02;1349
2015-10-21 13:18:01+02;1319
2015-10-21 15:34:01+02;1299
2015-10-21 19:02:01+02;1279
2015-10-22 06:06:01+02;1329
2015-10-22 06:10:01+02;1319
2015-10-22 07:30:01+02;1309
2015-10-22 12:42:01+02;1339
2015-10-22 13:18:01+02;1319
2015-10-22 14:14:01+02;1309
2015-10-22 17:14:01+02;1289
2015-10-23 05:38:01+02;1339
2015-10-23 06:10:01+02;1319
2015-10-23 07:06:01+02;1319
2015-10-23 10:26:01+02;1299
2015-10-23 12:42:01+02;1329
2015-10-23 13:18:01+02;1319
2015-10-23 13:34:01+02;1299
2015-10-23 15:46:01+02;1289
2015-10-24 05:38:01+02;1339
2015-10-24 07:38:01+02;1319
2015-10-24 09:02:01+02;1319
2015-10-24 10:42:01+02;1309
2015-10-24 11:14:01+02;1299
2015-10-24 12:14:01+02;1289
2015-10-24 12:42:01+02;1319
2015-10-24 13:34:01+02;1289
2015-10-25 05:38:01+01;1339
2015-10-25 08:10:01+01;1329
2015-10-25 09:02:01+01;1299
2015-10-25 09:42:01+01;1259
2015-10-25 12:42:01+01;1289
2015-10-26 05:38:01+01;1339
2015-10-26 06:10:01+01;1309
2015-10-26 07:22:01+01;1309
2015-10-26 08:26:01+01;1299
2015-10-26 12:42:01+01;1329
2015-10-26 13:14:01+01;1329
2015-10-26 13:34:01+01;1329
2015-10-26 13:42:01+01;1299
2015-10-26 15:34:01+01;1279
2015-10-27 05:38:01+01;1329
2015-10-27 08:14:01+01;1329
2015-10-27 08:54:01+01;1299
2015-10-27 10:22:01+01;1279
2015-10-27 12:42:01+01;1309
2015-10-27 13:34:01+01;1309
2015-10-27 14:02:01+01;1279
2015-10-27 15:26:02+01;1259
2015-10-27 16:54:01+01;1259
2015-10-28 05:38:01+01;1329
2015-10-28 06:10:01+01;1319
2015-10-28 07:06:01+01;1309
2015-10-28 09:54:01+01;1259
2015-10-28 10:46:01+01;1259
2015-10-28 12:42:01+01;1289
2015-10-28 13:54:01+01;1259
2015-10-28 15:14:01+01;1249
2015-10-28 17:54:01+01;1249
2015-10-29 05:38:01+01;1329
2015-10-29 06:10:01+01;1309
2015-10-29 12:42:01+01;1339
2015-10-29 13:34:01+01;1339
2015-10-29 14:06:01+01;1309
2015-10-29 16:34:01+01;1299
2015-10-29 16:42:01+01;1269
2015-10-30 07:50:01+01;1309
2015-10-30 10:54:01+01;1269
2015-10-30 11:22:01+01;1269
2015-10-30 12:42:01+01;1299
2015-10-30 13:54:01+01;1269
2015-10-30 17:02:01+01;1259
2015-10-31 05:38:01+01;1329
2015-10-31 07:38:01+01;1319
2015-10-31 08:54:01+01;1299
2015-10-31 09:06:01+01;1289
2015-10-31 11:14:01+01;1269
2015-10-31 12:42:01+01;1299
2015-10-31 13:34:01+01;1269
2015-11-01 05:38:01+01;1329
2015-11-01 08:10:01+01;1329
2015-11-01 08:54:01+01;1289
2015-11-01 09:34:01+01;1279
2015-11-01 12:42:01+01;1309
2015-11-02 05:38:01+01;1359
2015-11-02 06:10:01+01;1329
2015-11-02 06:22:01+01;1289
2015-11-02 12:42:01+01;1319
2015-11-02 13:34:01+01;1319
2015-11-02 13:46:01+01;1289
2015-11-02 15:46:01+01;1269
2015-11-02 16:26:01+01;1269
2015-11-03 05:38:01+01;1329
2015-11-03 06:54:01+01;1299
2015-11-03 11:02:01+01;1279
2015-11-03 12:02:01+01;1279
2015-11-03 12:14:01+01;1279
2015-11-03 12:42:01+01;1309
2015-11-03 13:34:01+01;1279
2015-11-03 13:54:01+01;1269
2015-11-03 17:26:01+01;1259
2015-11-04 05:38:01+01;1339
2015-11-04 06:10:01+01;1329
2015-11-04 10:14:01+01;1289
2015-11-04 12:42:01+01;1319
2015-11-04 13:10:01+01;1309
2015-11-04 13:54:01+01;1269
2015-11-05 05:38:01+01;1339
2015-11-05 10:42:01+01;1339
2015-11-05 10:54:01+01;1289
2015-11-05 12:42:01+01;1319
2015-11-05 13:34:01+01;1319
2015-11-05 13:54:01+01;1289
2015-11-05 19:34:01+01;1279
2015-11-06 05:38:01+01;1359
2015-11-06 06:10:01+01;1349
2015-11-06 12:42:01+01;1379
2015-11-06 13:10:01+01;1379
2015-11-06 13:54:01+01;1349
2015-11-07 05:38:01+01;1399
2015-11-07 07:38:01+01;1369
2015-11-07 08:34:01+01;1349
2015-11-07 08:46:01+01;1339
2015-11-07 11:14:01+01;1319
2015-11-07 11:22:01+01;1309
2015-11-07 12:42:01+01;1339
2015-11-07 13:34:01+01;1329
2015-11-08 05:38:01+01;1379
2015-11-08 08:10:01+01;1349
2015-11-08 08:46:01+01;1339
2015-11-08 10:46:01+01;1289
2015-11-08 12:42:01+01;1319
2015-11-09 05:38:01+01;1369
2015-11-09 06:10:01+01;1349
2015-11-09 06:34:01+01;1349
2015-11-09 12:42:01+01;1379
2015-11-09 15:42:01+01;1349
2015-11-09 15:54:01+01;1329
2015-11-09 16:42:01+01;1319
2015-11-09 16:54:01+01;1319
2015-11-10 05:38:01+01;1369
2015-11-10 06:14:01+01;1349
2015-11-10 10:46:01+01;1339
2015-11-10 12:42:01+01;1369
2015-11-10 13:10:01+01;1369
2015-11-10 13:34:01+01;1339
2015-11-10 14:14:01+01;1319
2015-11-10 14:54:01+01;1309
2015-11-10 18:54:01+01;1299
2015-11-11 05:38:01+01;1369
2015-11-11 06:10:01+01;1359
2015-11-11 06:54:01+01;1319
2015-11-11 11:02:01+01;1309
2015-11-11 12:42:01+01;1339
2015-11-11 12:58:01+01;1309
2015-11-11 15:34:01+01;1299
2015-11-12 05:38:01+01;1379
2015-11-12 06:10:01+01;1359
2015-11-12 06:14:01+01;1319
2015-11-12 12:06:01+01;1299
2015-11-12 12:42:01+01;1329
2015-11-12 13:46:01+01;1329
2015-11-12 13:54:01+01;1319
2015-11-12 14:06:01+01;1319
2015-11-12 15:34:01+01;1299
2015-11-13 05:38:01+01;1379
2015-11-13 06:14:01+01;1319
2015-11-13 08:22:01+01;1309
2015-11-13 10:02:01+01;1309
2015-11-13 12:14:01+01;1279
2015-11-13 12:42:01+01;1309
2015-11-13 13:54:01+01;1279
2015-11-14 05:38:01+01;1369
2015-11-14 07:38:01+01;1339
2015-11-14 10:34:01+01;1339
2015-11-14 10:42:01+01;1329
2015-11-14 12:42:01+01;1359
2015-11-14 13:10:01+01;1349
2015-11-14 13:34:01+01;1349
2015-11-14 13:42:01+01;1329
2015-11-15 05:38:01+01;1369
2015-11-15 08:10:01+01;1349
2015-11-15 10:02:01+01;1299
2015-11-15 12:42:01+01;1329
2015-11-16 05:38:01+01;1369
2015-11-16 06:10:01+01;1339
2015-11-16 12:42:01+01;1369
2015-11-16 13:10:01+01;1349
2015-11-16 13:54:02+01;1339
2015-11-16 14:54:01+01;1319
2015-11-16 16:22:01+01;1309
2015-11-16 19:54:01+01;1299
2015-11-17 05:38:01+01;1339
2015-11-17 10:26:01+01;1309
2015-11-17 12:42:01+01;1339
2015-11-17 13:34:01+01;1339
2015-11-17 14:02:01+01;1309
2015-11-17 15:42:01+01;1299
2015-11-17 19:42:01+01;1289
2015-11-18 05:38:01+01;1339
2015-11-18 07:02:01+01;1319
2015-11-18 12:42:01+01;1349
2015-11-18 13:06:01+01;1339
2015-11-18 13:54:01+01;1299
2015-11-18 14:54:01+01;1289
2015-11-18 16:26:01+01;1299
2015-11-18 16:30:01+01;1289
2015-11-18 20:06:01+01;1279
2015-11-19 05:38:01+01;1329
2015-11-19 06:54:02+01;1309
2015-11-19 07:34:01+01;1309
2015-11-19 10:14:01+01;1289
2015-11-19 12:42:01+01;1319
2015-11-19 14:42:01+01;1289
2015-11-19 15:26:01+01;1279
2015-11-19 17:42:01+01;1269
2015-11-20 05:38:01+01;1329
2015-11-20 06:10:01+01;1319
2015-11-20 06:14:01+01;1299
2015-11-20 12:42:01+01;1329
2015-11-20 13:34:01+01;1329
2015-11-20 13:46:01+01;1299
2015-11-20 14:46:01+01;1279
2015-11-20 15:22:01+01;1269
2015-11-21 05:38:01+01;1329
2015-11-21 07:38:01+01;1319
2015-11-21 08:34:01+01;1309
2015-11-21 10:34:01+01;1309
2015-11-21 10:46:01+01;1299
2015-11-21 12:42:01+01;1329
2015-11-22 05:38:01+01;1369
2015-11-22 08:10:01+01;1339
2015-11-22 12:42:01+01;1369
2015-11-23 05:38:01+01;1409
2015-11-23 06:10:01+01;1339
2015-11-23 06:26:01+01;1309
2015-11-23 12:42:01+01;1339
2015-11-23 13:34:01+01;1339
2015-11-23 13:42:01+01;1309
2015-11-23 15:14:01+01;1289
2015-11-23 17:54:01+01;1279
2015-11-24 05:38:01+01;1349
2015-11-24 06:10:02+01;1329
2015-11-24 09:34:01+01;1279
2015-11-24 12:42:01+01;1309
2015-11-24 12:58:01+01;1279
2015-11-25 05:38:01+01;1349
2015-11-25 06:10:01+01;1339
2015-11-25 12:42:01+01;1369
2015-11-25 13:02:01+01;1329
2015-11-25 13:54:01+01;1299
2015-11-25 15:14:02+01;1279
2015-11-26 05:38:01+01;1349
2015-11-26 06:10:01+01;1339
2015-11-26 06:14:01+01;1329
2015-11-26 10:14:01+01;1289
2015-11-26 12:42:01+01;1319
2015-11-26 12:58:01+01;1289
2015-11-26 17:34:01+01;1289
2015-11-27 05:38:01+01;1349
2015-11-27 06:10:01+01;1339
2015-11-27 12:14:01+01;1289
2015-11-27 12:42:01+01;1319
2015-11-27 12:58:01+01;1289
2015-11-28 05:38:01+01;1349
2015-11-28 07:38:01+01;1339
2015-11-28 09:54:01+01;1319
2015-11-28 10:02:01+01;1309
2015-11-28 12:42:01+01;1339
2015-11-28 13:34:01+01;1339
2015-11-29 05:38:01+01;1379
2015-11-29 08:10:01+01;1359
2015-11-29 08:26:01+01;1319
2015-11-29 09:14:01+01;1289
2015-11-29 12:42:01+01;1319
2015-11-30 05:38:01+01;1359
2015-11-30 06:10:01+01;1339
2015-11-30 06:26:01+01;1329
2015-11-30 09:54:01+01;1289
2015-11-30 12:42:01+01;1319
2015-11-30 12:58:01+01;1289
2015-11-30 15:34:01+01;1279
2015-12-01 00:42:01+01;1279
2015-12-01 05:38:01+01;1349
2015-12-01 06:10:01+01;1339
2015-12-01 09:54:01+01;1329
2015-12-01 12:42:01+01;1359
2015-12-01 12:58:01+01;1329
2015-12-01 14:22:01+01;1289
2015-12-01 19:06:01+01;1279
2015-12-02 05:38:01+01;1349
2015-12-02 06:10:01+01;1329
2015-12-02 06:26:01+01;1319
2015-12-02 10:26:01+01;1289
2015-12-02 12:42:01+01;1319
2015-12-02 12:58:01+01;1289
2015-12-03 05:38:01+01;1349
2015-12-03 06:10:01+01;1339
2015-12-03 06:54:01+01;1319
2015-12-03 10:22:01+01;1289
2015-12-03 12:42:01+01;1319
2015-12-03 12:58:01+01;1289
2015-12-03 15:14:01+01;1279
2015-12-03 19:02:01+01;1279
2015-12-04 05:38:01+01;1339
2015-12-04 06:10:01+01;1319
2015-12-04 06:26:01+01;1299
2015-12-04 12:42:01+01;1329
2015-12-04 12:58:01+01;1299
2015-12-04 17:42:01+01;1299
2015-12-04 18:34:01+01;1299
2015-12-05 05:38:01+01;1339
2015-12-05 07:38:01+01;1329
2015-12-05 11:14:02+01;1289
2015-12-05 11:26:01+01;1279
2015-12-05 12:42:01+01;1309
2015-12-06 05:38:01+01;1349
2015-12-06 08:10:01+01;1289
2015-12-06 11:14:01+01;1269
2015-12-06 12:42:01+01;1299
2015-12-07 05:38:01+01;1339
2015-12-07 06:10:01+01;1319
2015-12-07 06:22:01+01;1309
2015-12-07 12:02:01+01;1279
2015-12-07 12:42:01+01;1309
2015-12-07 12:58:01+01;1279
2015-12-07 15:14:01+01;1279
2015-12-07 17:54:01+01;1279
2015-12-08 05:38:01+01;1329
2015-12-08 06:10:01+01;1319
2015-12-08 06:54:01+01;1309
2015-12-08 12:42:01+01;1339
2015-12-08 12:58:01+01;1309
2015-12-08 14:02:01+01;1309
2015-12-08 14:54:01+01;1279
2015-12-09 05:38:01+01;1319
2015-12-09 06:10:01+01;1309
2015-12-09 12:42:01+01;1339
2015-12-09 12:58:01+01;1309
2015-12-09 14:54:01+01;1269
2015-12-10 05:38:01+01;1319
2015-12-10 06:10:01+01;1309
2015-12-10 06:54:01+01;1299
2015-12-10 10:42:01+01;1279
2015-12-10 12:42:01+01;1309
2015-12-10 12:58:01+01;1279
2015-12-11 05:38:01+01;1329
2015-12-11 06:10:01+01;1309
2015-12-11 09:54:01+01;1279
2015-12-11 12:42:01+01;1309
2015-12-11 12:58:01+01;1279
2015-12-11 15:22:01+01;1279
2015-12-11 18:42:01+01;1279
2015-12-12 05:38:01+01;1339
2015-12-12 07:38:01+01;1319
2015-12-12 10:54:01+01;1299
2015-12-12 11:02:01+01;1289
2015-12-12 12:42:01+01;1319
2015-12-12 12:58:01+01;1319
2015-12-12 13:34:01+01;1319
2015-12-12 13:42:01+01;1269
2015-12-13 05:38:01+01;1329
2015-12-13 08:10:01+01;1319
2015-12-13 09:02:01+01;1289
2015-12-13 09:54:01+01;1249
2015-12-13 12:42:01+01;1279
2015-12-14 05:38:01+01;1339
2015-12-14 06:10:01+01;1309
2015-12-14 08:22:01+01;1289
2015-12-14 10:34:01+01;1249
2015-12-14 12:42:01+01;1279
2015-12-14 12:58:01+01;1249
2015-12-14 15:06:01+01;1249
2015-12-14 16:34:01+01;1239
2015-12-15 05:38:01+01;1299
2015-12-15 08:22:01+01;1269
2015-12-15 10:14:01+01;1259
2015-12-15 12:42:01+01;1289
2015-12-15 12:58:01+01;1259
2015-12-15 14:54:01+01;1249
2015-12-15 16:02:01+01;1239
2015-12-15 16:26:01+01;1239
2015-12-16 05:38:01+01;1299
2015-12-16 06:10:01+01;1299
2015-12-16 10:02:01+01;1259
2015-12-16 12:42:01+01;1289
2015-12-16 12:58:01+01;1259
2015-12-16 17:22:01+01;1249
2015-12-17 05:38:01+01;1299
2015-12-17 10:54:01+01;1279
2015-12-17 12:14:01+01;1279
2015-12-17 12:42:01+01;1309
2015-12-17 12:58:01+01;1279
2015-12-17 13:26:01+01;1279
2015-12-17 17:06:01+01;1279
2015-12-17 18:06:01+01;1269
2015-12-18 05:38:01+01;1319
2015-12-18 06:10:01+01;1299
2015-12-18 09:34:01+01;1259
2015-12-18 12:42:01+01;1289
2015-12-18 12:58:01+01;1259
2015-12-18 14:58:02+01;1259
2015-12-18 15:14:01+01;1249
2015-12-18 17:46:01+01;1249
2015-12-18 19:02:01+01;1249
2015-12-19 05:38:01+01;1299
2015-12-19 12:42:01+01;1329
2015-12-19 12:58:01+01;1309
2015-12-19 13:34:01+01;1309
2015-12-20 05:38:01+01;1359
2015-12-20 08:10:01+01;1299
2015-12-20 08:34:01+01;1299
2015-12-20 08:42:01+01;1289
2015-12-20 09:54:01+01;1269
2015-12-20 11:02:01+01;1269
2015-12-20 12:42:01+01;1299
2015-12-21 05:38:01+01;1349
2015-12-21 06:10:01+01;1289
2015-12-21 09:34:01+01;1259
2015-12-21 12:02:01+01;1249
2015-12-21 12:42:01+01;1279
2015-12-21 12:58:01+01;1249
2015-12-21 15:06:01+01;1239
2015-12-21 19:02:01+01;1239
2015-12-22 05:38:01+01;1289
2015-12-22 07:54:01+01;1269
2015-12-22 09:54:01+01;1229
2015-12-22 12:42:01+01;1259
2015-12-22 12:58:01+01;1229
2015-12-22 13:42:01+01;1229
2015-12-22 15:14:01+01;1219
2015-12-23 05:38:01+01;1289
2015-12-23 06:10:01+01;1279
2015-12-23 09:54:01+01;1269
2015-12-23 12:42:01+01;1299
2015-12-23 12:58:01+01;1269
2015-12-23 16:02:01+01;1229
2015-12-23 17:06:01+01;1229
2015-12-24 05:38:01+01;1289
2015-12-24 09:54:01+01;1269
2015-12-24 12:42:01+01;1299
2015-12-24 12:58:01+01;1269
2015-12-24 16:02:01+01;1269
2015-12-25 05:38:01+01;1319
2015-12-25 06:10:01+01;1289
2015-12-25 09:14:01+01;1289
2015-12-25 12:42:01+01;1319
2015-12-25 12:58:01+01;1289
2015-12-26 05:38:01+01;1339
2015-12-26 07:42:01+01;1329
2015-12-26 08:14:01+01;1289
2015-12-26 09:14:02+01;1289
2015-12-26 12:42:01+01;1319
2015-12-26 12:58:01+01;1289
2015-12-26 20:22:01+01;1289
2015-12-27 05:38:01+01;1339
2015-12-27 08:10:01+01;1289
2015-12-27 09:22:01+01;1289
2015-12-27 12:42:01+01;1319
2015-12-28 05:38:01+01;1369
2015-12-28 06:10:01+01;1289
2015-12-28 06:34:01+01;1289
2015-12-28 10:14:01+01;1269
2015-12-28 12:02:01+01;1269
2015-12-28 12:42:01+01;1299
2015-12-28 12:58:01+01;1269
2015-12-28 13:34:01+01;1269
2015-12-28 15:54:01+01;1259
2015-12-29 05:38:01+01;1309
2015-12-29 06:14:01+01;1289
2015-12-29 10:54:01+01;1259
2015-12-29 12:42:01+01;1289
2015-12-29 12:58:01+01;1259
2015-12-29 14:54:01+01;1259
2015-12-30 05:38:01+01;1309
2015-12-30 06:10:01+01;1279
2015-12-30 07:14:01+01;1279
2015-12-30 10:34:02+01;1249
2015-12-30 11:46:01+01;1249
2015-12-30 12:42:01+01;1279
2015-12-30 12:58:01+01;1249
2015-12-30 15:14:01+01;1239
2015-12-30 17:46:01+01;1229
2015-12-31 05:38:01+01;1289
2015-12-31 06:10:01+01;1289
2015-12-31 09:46:01+01;1229
2015-12-31 12:42:01+01;1259
2015-12-31 12:58:01+01;1229
2016-01-01 05:38:01+01;1289
2016-01-01 06:10:02+01;1289
2016-01-01 09:46:01+01;1279
2016-01-01 11:14:01+01;1259
2016-01-01 12:42:01+01;1289
2016-01-01 12:58:01+01;1259
2016-01-01 18:14:01+01;1259
2016-01-02 05:38:02+01;1309
2016-01-02 07:38:01+01;1299
2016-01-02 09:14:01+01;1289
2016-01-02 09:42:01+01;1279
2016-01-02 10:14:01+01;1269
2016-01-02 10:34:01+01;1259
2016-01-02 12:42:01+01;1289
2016-01-02 13:34:01+01;1289
2016-01-02 13:42:01+01;1259
2016-01-03 05:38:01+01;1309
2016-01-03 08:10:01+01;1299
2016-01-03 08:34:01+01;1269
2016-01-03 09:54:01+01;1249
2016-01-03 12:42:01+01;1279
2016-01-04 05:38:01+01;1329
2016-01-04 06:10:01+01;1299
2016-01-04 07:54:01+01;1269
2016-01-04 10:02:01+01;1249
2016-01-04 12:42:02+01;1279
2016-01-04 12:58:01+01;1249
2016-01-05 05:38:01+01;1299
2016-01-05 08:02:01+01;1269
2016-01-05 10:54:01+01;1249
2016-01-05 12:42:01+01;1279
2016-01-05 12:58:01+01;1249
2016-01-05 15:22:01+01;1249
2016-01-05 15:34:01+01;1239
2016-01-06 05:38:01+01;1289
2016-01-06 06:34:01+01;1269
2016-01-06 10:54:01+01;1249
2016-01-06 12:42:01+01;1279
2016-01-06 12:58:01+01;1249
2016-01-06 15:14:01+01;1239
2016-01-07 05:38:01+01;1299
2016-01-07 06:14:01+01;1269
2016-01-07 11:22:01+01;1249
2016-01-07 12:42:01+01;1279
2016-01-07 12:58:01+01;1249
2016-01-07 16:22:01+01;1239
2016-01-07 17:22:01+01;1239
2016-01-08 05:38:01+01;1299
2016-01-08 06:10:01+01;1289
2016-01-08 06:14:01+01;1269
2016-01-08 10:14:01+01;1249
2016-01-08 12:42:01+01;1279
2016-01-08 12:58:01+01;1249
2016-01-09 05:38:01+01;1299
2016-01-09 07:38:01+01;1289
2016-01-09 08:34:01+01;1269
2016-01-09 10:54:01+01;1259
2016-01-09 11:06:02+01;1249
2016-01-09 12:42:01+01;1279
2016-01-09 13:22:01+01;1249
2016-01-09 14:02:01+01;1249
2016-01-10 05:38:01+01;1299
2016-01-10 08:10:02+01;1279
2016-01-10 08:54:01+01;1269
2016-01-10 10:34:01+01;1239
2016-01-10 12:42:01+01;1269
2016-01-11 05:38:01+01;1319
2016-01-11 06:10:01+01;1279
2016-01-11 07:54:01+01;1269
2016-01-11 10:54:01+01;1249
2016-01-11 12:42:01+01;1279
2016-01-11 12:58:01+01;1249
2016-01-11 16:26:01+01;1219
2016-01-12 05:38:01+01;1269
2016-01-12 10:54:01+01;1229
2016-01-12 12:42:01+01;1259
2016-01-12 12:58:01+01;1229
2016-01-12 17:46:01+01;1219
2016-01-13 05:38:01+01;1269
2016-01-13 11:02:01+01;1259
2016-01-13 12:42:01+01;1289
2016-01-13 12:58:01+01;1259
2016-01-13 15:06:01+01;1239
2016-01-13 16:54:01+01;1219
2016-01-14 05:38:01+01;1269
2016-01-14 12:14:01+01;1269
2016-01-14 12:42:01+01;1299
2016-01-14 12:58:01+01;1269
2016-01-14 13:34:01+01;1269
2016-01-14 14:34:01+01;1239
2016-01-14 16:14:01+01;1229
2016-01-14 18:42:01+01;1219
2016-01-15 05:38:01+01;1269
2016-01-15 06:10:02+01;1259
2016-01-15 07:22:01+01;1239
2016-01-15 09:54:01+01;1229
2016-01-15 10:22:01+01;1229
2016-01-15 12:42:01+01;1259
2016-01-15 12:58:01+01;1229
2016-01-15 14:54:01+01;1209
2016-01-16 05:38:01+01;1259
2016-01-16 07:38:01+01;1259
2016-01-16 10:02:01+01;1219
2016-01-16 10:22:01+01;1209
2016-01-16 12:42:01+01;1239
2016-01-16 13:34:01+01;1209
2016-01-17 05:38:01+01;1259
2016-01-17 08:10:02+01;1259
2016-01-17 10:26:01+01;1229
2016-01-17 12:06:01+01;1229
2016-01-17 12:42:01+01;1259
2016-01-18 05:38:01+01;1309
2016-01-18 06:10:02+01;1259
2016-01-18 06:22:01+01;1229
2016-01-18 07:10:02+01;1199
2016-01-18 12:42:01+01;1229
2016-01-18 12:58:01+01;1199
2016-01-18 15:42:01+01;1189
2016-01-19 05:38:01+01;1249
2016-01-19 06:10:01+01;1249
2016-01-19 06:34:01+01;1229
2016-01-19 12:42:01+01;1259
2016-01-19 12:58:01+01;1229
2016-01-19 15:22:01+01;1209
2016-01-19 17:22:01+01;1199
2016-01-20 05:38:01+01;1249
2016-01-20 06:10:02+01;1249
2016-01-20 11:26:01+01;1229
2016-01-20 12:42:01+01;1259
2016-01-20 12:58:01+01;1229
2016-01-20 18:34:01+01;1229
2016-01-20 18:54:01+01;1219
2016-01-21 05:38:01+01;1269
2016-01-21 06:10:02+01;1259
2016-01-21 08:14:01+01;1249
2016-01-21 11:42:01+01;1209
2016-01-21 12:42:01+01;1239
2016-01-21 12:58:01+01;1209
2016-01-21 15:14:01+01;1209
2016-01-22 05:38:01+01;1269
2016-01-22 06:10:01+01;1259
2016-01-22 07:54:01+01;1219
2016-01-22 09:54:01+01;1209
2016-01-22 12:42:01+01;1239
2016-01-22 12:58:01+01;1209
2016-01-22 15:46:01+01;1189
2016-01-23 05:38:01+01;1249
2016-01-23 09:02:01+01;1239
2016-01-23 09:14:01+01;1229
2016-01-23 09:34:01+01;1229
2016-01-23 09:42:01+01;1219
2016-01-23 12:14:01+01;1209
2016-01-23 12:42:01+01;1239
2016-01-23 13:34:01+01;1209
2016-01-24 05:38:01+01;1259
2016-01-24 08:10:01+01;1249
2016-01-24 09:34:01+01;1199
2016-01-24 11:14:01+01;1199
2016-01-24 12:42:01+01;1229
2016-01-25 05:38:01+01;1279
2016-01-25 06:10:01+01;1259
2016-01-25 06:22:01+01;1249
2016-01-25 08:22:01+01;1209
2016-01-25 09:34:01+01;1199
2016-01-25 11:02:01+01;1189
2016-01-25 12:42:01+01;1219
2016-01-25 12:58:01+01;1189
2016-01-26 05:38:01+01;1269
2016-01-26 06:10:01+01;1249
2016-01-26 06:26:02+01;1219
2016-01-26 12:22:01+01;1219
2016-01-26 12:42:01+01;1249
2016-01-26 12:58:01+01;1219
2016-01-27 05:38:01+01;1269
2016-01-27 06:54:01+01;1239
2016-01-27 08:54:01+01;1219
2016-01-27 10:14:01+01;1209
2016-01-27 12:42:01+01;1239
2016-01-27 12:58:02+01;1209
2016-01-28 05:38:01+01;1259
2016-01-28 06:10:01+01;1209
2016-01-28 09:42:01+01;1199
2016-01-28 10:42:01+01;1189
2016-01-28 12:42:01+01;1219
2016-01-28 12:58:01+01;1189
2016-01-29 05:38:01+01;1269
2016-01-29 06:10:01+01;1249
2016-01-29 07:54:01+01;1209
2016-01-29 12:42:01+01;1239
2016-01-29 12:58:01+01;1209
2016-01-29 16:26:01+01;1199
2016-01-30 05:38:01+01;1259
2016-01-30 07:38:01+01;1259
2016-01-30 08:42:01+01;1219
2016-01-30 12:42:01+01;1249
2016-01-30 13:26:01+01;1209
2016-01-31 05:38:01+01;1259
2016-01-31 09:54:02+01;1199
2016-01-31 11:34:01+01;1199
2016-01-31 12:42:01+01;1229
2016-02-01 05:38:01+01;1279
2016-02-01 06:10:01+01;1259
2016-02-01 10:22:01+01;1199
2016-02-01 12:42:01+01;1229
2016-02-01 12:58:01+01;1199
2016-02-02 05:38:01+01;1279
2016-02-02 07:10:01+01;1199
2016-02-02 12:42:01+01;1229
2016-02-02 12:58:01+01;1199
2016-02-03 05:38:01+01;1259
2016-02-03 06:10:01+01;1259
2016-02-03 07:42:01+01;1249
2016-02-03 08:26:01+01;1219
2016-02-03 10:34:01+01;1189
2016-02-03 12:42:01+01;1219
2016-02-03 12:58:01+01;1189
2016-02-04 05:38:01+01;1259
2016-02-04 06:10:01+01;1249
2016-02-04 10:14:01+01;1199
2016-02-04 11:34:01+01;1189
2016-02-04 12:42:01+01;1219
2016-02-04 12:58:01+01;1189
2016-02-05 05:38:01+01;1249
2016-02-05 06:10:01+01;1239
2016-02-05 10:22:01+01;1189
2016-02-05 12:22:01+01;1189
2016-02-05 12:42:01+01;1219
2016-02-05 12:58:01+01;1189
2016-02-06 05:38:01+01;1239
2016-02-06 10:02:01+01;1199
2016-02-06 10:14:01+01;1189
2016-02-06 11:14:01+01;1169
2016-02-06 12:42:01+01;1199
2016-02-06 13:34:01+01;1169
2016-02-07 05:38:01+01;1239
2016-02-07 08:10:01+01;1229
2016-02-07 09:54:01+01;1189
2016-02-07 12:42:01+01;1219
2016-02-08 05:38:01+01;1269
2016-02-08 06:10:01+01;1239
2016-02-08 09:22:01+01;1239
2016-02-08 09:34:01+01;1239
2016-02-08 12:42:01+01;1269
2016-02-08 12:58:01+01;1239
2016-02-08 14:54:02+01;1219
2016-02-08 15:02:01+01;1219
2016-02-09 05:38:01+01;1259
2016-02-09 06:10:01+01;1249
2016-02-09 06:22:01+01;1249
2016-02-09 12:42:01+01;1279
2016-02-09 12:58:01+01;1249
2016-02-09 17:54:01+01;1219
2016-02-10 05:38:01+01;1269
2016-02-10 06:10:02+01;1239
2016-02-10 06:22:01+01;1219
2016-02-10 09:42:01+01;1219
2016-02-10 12:42:01+01;1249
2016-02-10 12:58:01+01;1219
2016-02-10 15:30:01+01;1209
2016-02-11 05:38:01+01;1269
2016-02-11 06:10:01+01;1219
2016-02-11 06:26:01+01;1219
2016-02-11 10:22:01+01;1219
2016-02-11 12:42:02+01;1249
2016-02-11 12:58:01+01;1219
2016-02-11 14:54:01+01;1209
2016-02-12 05:38:01+01;1259
2016-02-12 06:10:01+01;1209
2016-02-12 07:06:01+01;1209
2016-02-12 10:14:01+01;1209
2016-02-12 12:42:01+01;1239
2016-02-12 12:58:01+01;1209
2016-02-12 16:02:01+01;1199
2016-02-13 05:38:01+01;1249
2016-02-13 07:38:01+01;1219
2016-02-13 09:54:01+01;1219
2016-02-13 12:42:01+01;1249
2016-02-13 12:58:01+01;1229
2016-02-13 13:34:01+01;1219
2016-02-14 05:38:01+01;1269
2016-02-14 08:10:01+01;1229
2016-02-14 08:54:01+01;1229
2016-02-14 12:42:01+01;1259
2016-02-15 05:38:01+01;1309
2016-02-15 06:10:02+01;1229
2016-02-15 11:26:01+01;1229
2016-02-15 12:42:01+01;1259
2016-02-15 12:58:01+01;1229
2016-02-15 13:34:01+01;1229
2016-02-15 13:54:01+01;1219
2016-02-15 17:54:01+01;1199
2016-02-16 05:38:02+01;1249
2016-02-16 06:10:01+01;1229
2016-02-16 07:02:01+01;1229
2016-02-16 07:54:01+01;1229
2016-02-16 08:54:01+01;1229
2016-02-16 12:42:01+01;1259
2016-02-16 12:58:01+01;1229
2016-02-16 15:26:01+01;1209
2016-02-17 05:38:01+01;1259
2016-02-17 06:10:02+01;1239
2016-02-17 09:34:01+01;1219
2016-02-17 10:54:02+01;1209
2016-02-17 12:42:01+01;1239
2016-02-17 12:58:01+01;1209
2016-02-17 15:42:01+01;1199
2016-02-17 17:02:01+01;1199
2016-02-18 05:38:01+01;1249
2016-02-18 06:10:01+01;1239
2016-02-18 06:22:01+01;1239
2016-02-18 07:06:01+01;1229
2016-02-18 09:46:01+01;1199
2016-02-18 10:34:01+01;1199
2016-02-18 12:42:01+01;1229
2016-02-18 12:58:01+01;1199
2016-02-18 15:02:01+01;1189
2016-02-19 05:38:01+01;1239
2016-02-19 07:42:01+01;1229
2016-02-19 09:54:01+01;1189
2016-02-19 10:26:01+01;1189
2016-02-19 12:42:01+01;1219
2016-02-19 12:58:01+01;1189
2016-02-20 05:38:01+01;1239
2016-02-20 07:38:01+01;1229
2016-02-20 08:54:01+01;1219
2016-02-20 11:06:01+01;1189
2016-02-20 11:14:01+01;1179
2016-02-20 12:42:01+01;1209
2016-02-20 13:34:01+01;1179
2016-02-21 05:38:01+01;1229
2016-02-21 08:10:01+01;1219
2016-02-21 08:22:01+01;1209
2016-02-21 09:42:01+01;1199
2016-02-21 12:42:01+01;1229
2016-02-22 05:38:01+01;1279
2016-02-22 06:10:01+01;1219
2016-02-22 10:06:01+01;1199
2016-02-22 10:54:01+01;1199
2016-02-22 12:42:01+01;1229
2016-02-22 12:58:01+01;1199
2016-02-22 15:22:01+01;1189
2016-02-22 17:34:01+01;1159
2016-02-23 05:38:01+01;1219
2016-02-23 09:42:01+01;1189
2016-02-23 12:42:01+01;1219
2016-02-23 13:06:01+01;1209
2016-02-23 13:34:01+01;1199
2016-02-23 13:42:01+01;1189
2016-02-23 16:14:01+01;1179
2016-02-24 05:38:01+01;1279
2016-02-24 06:10:01+01;1229
2016-02-24 10:14:01+01;1199
2016-02-24 12:42:01+01;1229
2016-02-24 12:58:01+01;1199
2016-02-24 16:06:01+01;1189
2016-02-25 05:38:01+01;1239
2016-02-25 06:10:01+01;1219
2016-02-25 09:34:01+01;1199
2016-02-25 12:42:01+01;1229
2016-02-25 12:58:01+01;1199
2016-02-25 13:46:02+01;1189
2016-02-26 05:38:01+01;1239
2016-02-26 06:10:01+01;1219
2016-02-26 10:06:01+01;1189
2016-02-26 15:06:01+01;1179
2016-02-27 05:38:01+01;1229
2016-02-27 08:54:01+01;1219
2016-02-27 10:44:01+01;1189
2016-02-27 11:02:01+01;1179
2016-02-27 12:24:01+01;1179
2016-02-27 12:42:01+01;1209
2016-02-27 12:58:01+01;1199
2016-02-27 13:31:01+01;1179
2016-02-28 05:38:01+01;1229
2016-02-28 08:42:01+01;1209
2016-02-28 10:52:01+01;1179
2016-02-28 11:22:01+01;1179
2016-02-28 12:42:01+01;1209
2016-02-29 05:38:01+01;1259
2016-02-29 06:08:01+01;1229
2016-02-29 07:52:01+01;1209
2016-02-29 09:22:01+01;1179
2016-02-29 11:22:01+01;1179
2016-02-29 12:42:02+01;1209
2016-02-29 12:58:01+01;1179
2016-03-01 05:38:01+01;1239
2016-03-01 06:08:01+01;1239
2016-03-01 06:33:01+01;1209
2016-03-01 10:52:01+01;1179
2016-03-01 12:02:01+01;1179
2016-03-01 12:42:01+01;1209
2016-03-01 13:04:01+01;1199
2016-03-01 13:34:01+01;1189
2016-03-01 13:44:01+01;1179
2016-03-02 05:38:01+01;1249
2016-03-02 06:08:01+01;1239
2016-03-02 07:02:01+01;1209
2016-03-02 09:52:01+01;1169
2016-03-02 11:22:01+01;1169
2016-03-02 12:42:01+01;1199
2016-03-02 13:04:01+01;1189
2016-03-02 13:32:01+01;1179
2016-03-02 13:43:01+01;1159
2016-03-03 05:38:01+01;1239
2016-03-03 06:08:01+01;1219
2016-03-03 06:33:01+01;1189
2016-03-03 10:42:01+01;1179
2016-03-03 12:42:01+01;1199
2016-03-03 13:34:01+01;1189
2016-03-03 13:42:01+01;1179
2016-03-03 16:32:01+01;1179
2016-03-04 05:38:01+01;1229
2016-03-04 06:12:01+01;1209
2016-03-04 09:44:01+01;1199
2016-03-04 12:42:01+01;1219
2016-03-04 13:22:01+01;1209
2016-03-04 13:42:01+01;1199
2016-03-04 18:04:01+01;1199
2016-03-05 05:38:01+01;1249
2016-03-05 07:38:01+01;1239
2016-03-05 11:02:01+01;1239
2016-03-05 11:12:01+01;1229
2016-03-05 12:42:01+01;1249
2016-03-05 13:04:01+01;1239
2016-03-05 13:32:01+01;1229
2016-03-06 05:38:01+01;1279
2016-03-06 08:08:01+01;1239
2016-03-06 08:32:01+01;1239
2016-03-06 09:42:01+01;1199
2016-03-06 12:42:01+01;1219
2016-03-07 05:38:01+01;1269
2016-03-07 06:08:01+01;1239
2016-03-07 08:02:01+01;1239
2016-03-07 08:32:01+01;1239
2016-03-07 08:52:01+01;1239
2016-03-07 12:42:01+01;1259
2016-03-07 13:04:01+01;1239
2016-03-07 13:24:01+01;1239
2016-03-07 13:42:01+01;1239
2016-03-07 16:22:01+01;1219
2016-03-08 05:38:01+01;1259
2016-03-08 06:08:01+01;1239
2016-03-08 08:24:01+01;1239
2016-03-08 09:04:01+01;1219
2016-03-08 11:12:01+01;1199
2016-03-08 12:42:01+01;1219
2016-03-08 12:58:01+01;1199
2016-03-09 05:38:01+01;1249
2016-03-09 06:08:01+01;1249
2016-03-09 08:22:01+01;1219
2016-03-09 10:02:01+01;1199
2016-03-09 11:34:01+01;1199
2016-03-09 12:42:01+01;1219
2016-03-09 12:58:01+01;1199
2016-03-09 17:52:01+01;1189
2016-03-10 05:38:01+01;1249
2016-03-10 06:08:01+01;1249
2016-03-10 08:24:01+01;1229
2016-03-10 09:52:01+01;1209
2016-03-10 12:42:01+01;1229
2016-03-10 12:58:01+01;1209
2016-03-11 05:38:01+01;1259
2016-03-11 08:24:01+01;1239
2016-03-11 10:14:01+01;1199
2016-03-11 12:42:01+01;1219
2016-03-11 12:58:01+01;1199
2016-03-11 15:44:01+01;1199
2016-03-12 05:38:01+01;1259
2016-03-12 07:38:01+01;1249
2016-03-12 08:34:01+01;1239
2016-03-12 08:42:01+01;1229
2016-03-12 10:44:01+01;1199
2016-03-12 11:02:00+01;1199
2016-03-12 11:12:01+01;1189
2016-03-12 12:42:01+01;1209
2016-03-12 13:44:01+01;1189
2016-03-13 05:38:01+01;1259
2016-03-13 08:08:01+01;1239
2016-03-13 08:52:01+01;1219
2016-03-13 10:02:01+01;1199
2016-03-13 12:42:01+01;1219
2016-03-14 05:38:01+01;1259
2016-03-14 06:08:01+01;1259
2016-03-14 08:32:01+01;1219
2016-03-14 09:42:01+01;1199
2016-03-14 10:22:01+01;1199
2016-03-14 12:42:01+01;1219
2016-03-14 12:58:01+01;1199
2016-03-15 05:38:01+01;1259
2016-03-15 06:08:01+01;1259
2016-03-15 08:24:01+01;1229
2016-03-15 10:04:01+01;1219
2016-03-15 10:32:01+01;1219
2016-03-15 12:12:01+01;1219
2016-03-15 12:42:01+01;1239
2016-03-15 12:58:01+01;1219
2016-03-16 05:38:01+01;1269
2016-03-16 06:08:01+01;1259
2016-03-16 08:12:01+01;1249
2016-03-16 09:14:01+01;1249
2016-03-16 09:54:01+01;1239
2016-03-16 12:42:01+01;1259
2016-03-16 12:58:01+01;1239
2016-03-16 15:52:01+01;1229
2016-03-16 18:22:01+01;1219
2016-03-17 05:38:01+01;1269
2016-03-17 06:08:02+01;1249
2016-03-17 06:14:01+01;1249
2016-03-17 08:22:01+01;1219
2016-03-17 08:42:01+01;1219
2016-03-17 11:32:01+01;1209
2016-03-17 12:42:01+01;1229
2016-03-17 12:58:01+01;1209
2016-03-17 15:54:01+01;1199
2016-03-17 17:12:01+01;1199
2016-03-18 05:38:01+01;1249
2016-03-18 06:08:01+01;1249
2016-03-18 08:22:01+01;1219
2016-03-18 12:42:01+01;1239
2016-03-18 12:58:01+01;1219
2016-03-18 17:12:01+01;1209
2016-03-19 05:38:01+01;1259
2016-03-19 07:38:01+01;1259
2016-03-19 10:52:01+01;1199
2016-03-19 12:42:01+01;1219
2016-03-19 13:32:01+01;1199
2016-03-20 05:38:01+01;1259
2016-03-20 08:08:01+01;1249
2016-03-20 09:52:01+01;1229
2016-03-20 10:54:01+01;1229
2016-03-20 11:02:01+01;1199
2016-03-20 12:42:01+01;1219
2016-03-21 05:38:01+01;1269
2016-03-21 06:08:01+01;1259
2016-03-21 07:44:01+01;1259
2016-03-21 07:52:01+01;1229
2016-03-21 09:44:01+01;1219
2016-03-21 12:42:01+01;1239
2016-03-21 12:58:01+01;1219
2016-03-21 13:32:01+01;1219
2016-03-22 05:38:01+01;1269
2016-03-22 06:08:01+01;1269
2016-03-22 06:22:01+01;1229
2016-03-22 09:24:01+01;1209
2016-03-22 11:24:01+01;1209
2016-03-22 12:42:01+01;1229
2016-03-22 12:58:01+01;1209
2016-03-22 16:04:01+01;1199
2016-03-23 05:38:01+01;1259
2016-03-23 06:08:01+01;1259
2016-03-23 06:24:01+01;1259
2016-03-23 06:34:01+01;1219
2016-03-23 09:34:01+01;1209
2016-03-23 11:54:01+01;1209
2016-03-23 12:42:01+01;1229
2016-03-23 12:58:01+01;1209
2016-03-24 05:38:01+01;1269
2016-03-24 06:08:01+01;1269
2016-03-24 06:44:01+01;1229
2016-03-24 12:22:01+01;1229
2016-03-24 12:42:01+01;1249
2016-03-24 12:58:01+01;1229
2016-03-24 13:52:01+01;1219
2016-03-25 05:38:01+01;1269
2016-03-25 06:08:01+01;1269
2016-03-25 08:42:01+01;1259
2016-03-25 12:42:01+01;1279
2016-03-25 12:58:01+01;1259
2016-03-26 05:38:02+01;1299
2016-03-26 07:38:01+01;1279
2016-03-26 11:14:01+01;1249
2016-03-26 12:42:01+01;1269
2016-03-26 12:58:01+01;1269
2016-03-26 13:42:01+01;1249
2016-03-27 05:38:01+02;1299
2016-03-27 08:08:01+02;1289
2016-03-27 08:42:01+02;1259
2016-03-27 10:14:01+02;1229
2016-03-27 12:42:01+02;1249
2016-03-28 05:38:01+02;1299
2016-03-28 06:08:01+02;1289
2016-03-28 08:52:01+02;1259
2016-03-28 11:02:01+02;1239
2016-03-28 11:42:01+02;1229
2016-03-28 12:42:01+02;1249
2016-03-28 12:58:01+02;1239
2016-03-28 13:42:01+02;1229
2016-03-28 14:04:01+02;1229
2016-03-29 05:38:01+02;1279
2016-03-29 06:52:01+02;1259
2016-03-29 10:02:01+02;1249
2016-03-29 11:32:01+02;1229
2016-03-29 12:42:01+02;1249
2016-03-29 12:58:01+02;1229
2016-03-29 13:32:01+02;1229
2016-03-30 05:38:01+02;1279
2016-03-30 06:08:01+02;1279
2016-03-30 06:33:01+02;1259
2016-03-30 11:02:01+02;1239
2016-03-30 12:38:01+02;1259
2016-03-30 13:32:01+02;1239
2016-03-31 05:38:01+02;1289
2016-03-31 06:08:01+02;1289
2016-03-31 06:34:01+02;1269
2016-03-31 08:44:01+02;1269
2016-03-31 12:28:01+02;1289
2016-03-31 13:22:01+02;1279
2016-03-31 13:44:01+02;1269
2016-03-31 15:24:01+02;1259
2016-04-01 05:38:01+02;1309
2016-04-01 06:08:01+02;1309
2016-04-01 06:33:01+02;1289
2016-04-01 06:44:01+02;1289
2016-04-01 11:22:01+02;1269
2016-04-01 12:42:01+02;1289
2016-04-01 13:32:01+02;1269
2016-04-01 15:52:01+02;1259
2016-04-01 19:44:01+02;1259
2016-04-02 05:38:01+02;1309
2016-04-02 07:38:01+02;1309
2016-04-02 10:32:01+02;1309
2016-04-02 10:42:01+02;1259
2016-04-03 05:38:01+02;1309
2016-04-03 08:08:01+02;1299
2016-04-03 08:32:01+02;1299
2016-04-03 10:12:01+02;1259
2016-04-03 12:42:01+02;1279
2016-04-04 05:38:01+02;1329
2016-04-04 06:08:01+02;1299
2016-04-04 06:24:01+02;1289
2016-04-04 10:34:01+02;1259
2016-04-04 12:42:01+02;1279
2016-04-04 13:32:01+02;1259
2016-04-04 13:42:01+02;1249
2016-04-04 17:52:01+02;1239
2016-04-05 05:38:01+02;1289
2016-04-05 06:08:01+02;1289
2016-04-05 06:33:01+02;1269
2016-04-05 12:42:01+02;1289
2016-04-05 13:04:01+02;1269
2016-04-05 13:32:02+02;1269
2016-04-05 15:52:01+02;1249
2016-04-06 05:38:01+02;1299
2016-04-06 06:08:01+02;1299
2016-04-06 06:22:01+02;1269
2016-04-06 12:42:01+02;1289
2016-04-06 13:04:01+02;1269
2016-04-06 16:02:01+02;1249
2016-04-06 17:42:01+02;1249
2016-04-07 05:38:01+02;1299
2016-04-07 07:08:01+02;1249
2016-04-07 09:34:01+02;1249
2016-04-07 12:42:01+02;1269
2016-04-07 13:32:02+02;1269
2016-04-07 13:42:01+02;1269
2016-04-07 14:12:01+02;1249
2016-04-07 18:02:01+02;1239
2016-04-08 05:38:01+02;1289
2016-04-08 08:32:01+02;1289
2016-04-08 08:42:01+02;1289
2016-04-08 08:52:01+02;1249
2016-04-08 09:22:01+02;1239
2016-04-08 12:42:01+02;1259
2016-04-08 12:58:01+02;1239
2016-04-08 17:43:01+02;1229
2016-04-09 05:38:01+02;1289
2016-04-09 07:38:01+02;1289
2016-04-09 10:04:01+02;1249
2016-04-09 12:42:01+02;1269
2016-04-09 12:58:01+02;1249
2016-04-09 13:42:01+02;1249
2016-04-10 05:38:01+02;1299
2016-04-10 08:08:01+02;1299
2016-04-10 09:22:01+02;1249
2016-04-10 12:42:01+02;1269
2016-04-11 05:38:01+02;1319
2016-04-11 06:08:01+02;1299
2016-04-11 08:31:01+02;1279
2016-04-11 09:22:01+02;1269
2016-04-11 12:42:01+02;1289
2016-04-11 12:58:01+02;1269
2016-04-11 16:22:01+02;1259
2016-04-12 05:38:01+02;1299
2016-04-12 06:12:01+02;1299
2016-04-12 07:22:01+02;1269
2016-04-12 08:34:02+02;1269
2016-04-12 12:42:01+02;1289
2016-04-12 12:58:01+02;1269
2016-04-12 15:52:01+02;1259
2016-04-13 05:38:01+02;1309
2016-04-13 06:08:01+02;1309
2016-04-13 06:14:01+02;1309
2016-04-13 11:52:01+02;1289
2016-04-13 12:42:01+02;1309
2016-04-13 12:58:01+02;1289
2016-04-13 13:54:01+02;1279
2016-04-13 16:12:01+02;1279
2016-04-14 05:38:01+02;1319
2016-04-14 06:14:01+02;1319
2016-04-14 09:42:01+02;1279
2016-04-14 12:42:01+02;1299
2016-04-14 12:58:01+02;1279
2016-04-14 18:22:01+02;1269
2016-04-15 05:38:01+02;1319
2016-04-15 06:08:01+02;1319
2016-04-15 12:14:01+02;1279
2016-04-15 12:42:01+02;1299
2016-04-15 12:58:02+02;1279
2016-04-15 13:34:01+02;1279
2016-04-15 18:04:01+02;1279
2016-04-16 05:38:01+02;1329
2016-04-16 07:38:01+02;1329
2016-04-16 10:34:01+02;1329
2016-04-16 12:12:01+02;1329
2016-04-16 12:42:01+02;1349
2016-04-16 12:58:01+02;1329
2016-04-16 13:32:01+02;1329
2016-04-17 05:38:01+02;1379
2016-04-17 08:08:01+02;1319
2016-04-17 08:32:01+02;1299
2016-04-17 10:22:01+02;1269
2016-04-17 11:04:01+02;1269
2016-04-17 12:42:01+02;1289
2016-04-18 05:38:01+02;1339
2016-04-18 06:08:01+02;1319
2016-04-18 07:22:01+02;1299
2016-04-18 12:42:01+02;1319
2016-04-18 12:58:01+02;1299
2016-04-18 17:32:01+02;1279
2016-04-19 05:38:01+02;1329
2016-04-19 06:08:01+02;1319
2016-04-19 07:42:02+02;1299
2016-04-19 10:22:01+02;1279
2016-04-19 12:42:01+02;1299
2016-04-19 12:58:01+02;1279
2016-04-19 16:12:01+02;1259
2016-04-20 05:38:01+02;1309
2016-04-20 07:12:01+02;1279
2016-04-20 10:52:01+02;1259
2016-04-20 12:02:02+02;1259
2016-04-20 12:42:01+02;1279
2016-04-20 12:58:01+02;1259
2016-04-20 17:42:01+02;1249
2016-04-21 05:38:01+02;1299
2016-04-21 06:08:01+02;1299
2016-04-21 07:22:01+02;1269
2016-04-21 08:42:01+02;1269
2016-04-21 12:42:01+02;1289
2016-04-21 12:58:02+02;1269
2016-04-21 16:44:01+02;1249
2016-04-22 05:38:01+02;1319
2016-04-22 06:08:01+02;1309
2016-04-22 08:32:01+02;1269
2016-04-22 12:42:01+02;1289
2016-04-22 12:58:01+02;1269
2016-04-22 13:54:01+02;1259
2016-04-23 05:38:01+02;1319
2016-04-23 07:38:01+02;1319
2016-04-23 08:52:01+02;1299
2016-04-23 09:02:01+02;1269
2016-04-23 12:42:01+02;1289
2016-04-23 13:44:01+02;1269
2016-04-24 05:38:01+02;1319
2016-04-24 09:32:01+02;1319
2016-04-24 10:12:01+02;1299
2016-04-24 11:32:01+02;1269
2016-04-24 12:42:01+02;1289
2016-04-24 21:46:01+02;1289
2016-04-25 05:45:02+02;1339
2016-04-25 06:08:01+02;1329
2016-04-25 07:02:01+02;1319
2016-04-25 12:42:01+02;1339
2016-04-25 12:58:01+02;1319
2016-04-25 13:42:01+02;1319
2016-04-25 15:12:01+02;1309
2016-04-26 05:38:01+02;1359
2016-04-26 06:08:01+02;1339
2016-04-26 06:22:01+02;1339
2016-04-26 09:54:01+02;1329
2016-04-26 12:42:01+02;1349
2016-04-26 12:58:01+02;1329
2016-04-26 13:52:01+02;1329
2016-04-26 15:04:01+02;1319
2016-04-27 05:38:01+02;1369
2016-04-27 06:08:01+02;1329
2016-04-27 10:24:01+02;1309
2016-04-27 12:42:01+02;1329
2016-04-27 12:58:01+02;1309
2016-04-27 18:42:01+02;1289
2016-04-28 05:38:01+02;1329
2016-04-28 06:22:01+02;1319
2016-04-28 11:12:01+02;1309
2016-04-28 12:42:01+02;1329
2016-04-28 12:58:01+02;1309
2016-04-28 13:52:01+02;1299
2016-04-28 17:07:01+02;1289
2016-04-29 05:38:01+02;1339
2016-04-29 08:12:02+02;1309
2016-04-29 11:02:01+02;1299
2016-04-29 12:42:01+02;1319
2016-04-29 12:58:01+02;1299
2016-04-29 16:22:01+02;1299
2016-04-29 16:32:01+02;1289
2016-04-30 05:38:01+02;1339
2016-04-30 10:22:01+02;1299
2016-04-30 10:32:01+02;1299
2016-04-30 11:04:01+02;1299
2016-04-30 12:04:01+02;1289
2016-04-30 12:42:01+02;1309
2016-04-30 12:58:01+02;1309
2016-04-30 13:24:01+02;1289
2016-05-01 05:38:01+02;1339
2016-05-01 08:08:01+02;1339
2016-05-01 09:04:01+02;1319
2016-05-01 12:42:01+02;1339
2016-05-01 21:26:06+02;1339
2016-05-02 05:41:01+02;1379
2016-05-02 06:09:01+02;1339
2016-05-02 08:13:01+02;1319
2016-05-02 12:45:01+02;1339
2016-05-02 13:01:01+02;1319
2016-05-02 17:13:01+02;1299
2016-05-02 18:25:01+02;1299
2016-05-03 05:38:01+02;1339
2016-05-03 06:22:01+02;1319
2016-05-03 11:02:01+02;1299
2016-05-03 12:22:01+02;1299
2016-05-03 12:42:01+02;1319
2016-05-03 12:58:01+02;1299
2016-05-03 17:44:01+02;1289
2016-05-03 17:54:01+02;1289
2016-05-04 05:38:01+02;1339
2016-05-04 10:12:01+02;1329
2016-05-04 12:42:01+02;1349
2016-05-04 12:58:01+02;1329
2016-05-04 16:44:01+02;1319
2016-05-05 05:38:01+02;1359
2016-05-05 06:08:01+02;1329
2016-05-05 12:42:01+02;1349
2016-05-05 12:58:01+02;1329
2016-05-05 16:52:01+02;1319
2016-05-06 05:38:01+02;1349
2016-05-06 06:08:01+02;1329
2016-05-06 11:24:01+02;1329
2016-05-06 12:42:01+02;1349
2016-05-06 12:58:01+02;1329
2016-05-06 14:52:01+02;1329
2016-05-07 05:38:01+02;1379
2016-05-07 07:38:02+02;1329
2016-05-07 10:12:01+02;1329
2016-05-07 12:42:01+02;1349
2016-05-07 12:58:01+02;1329
2016-05-07 13:34:01+02;1329
2016-05-08 05:38:01+02;1379
2016-05-08 08:08:01+02;1319
2016-05-08 08:22:01+02;1319
2016-05-08 11:22:02+02;1289
2016-05-08 12:42:01+02;1309
2016-05-09 05:38:01+02;1359
2016-05-09 06:08:01+02;1319
2016-05-09 08:02:01+02;1319
2016-05-09 12:42:01+02;1339
2016-05-09 12:58:01+02;1319
2016-05-09 15:44:01+02;1299
2016-05-10 05:38:01+02;1349
2016-05-10 06:12:01+02;1319
2016-05-10 10:32:01+02;1319
2016-05-10 12:42:01+02;1339
2016-05-10 12:58:01+02;1319
2016-05-10 15:54:01+02;1309
2016-05-11 05:38:01+02;1369
2016-05-11 06:08:01+02;1319
2016-05-11 06:42:01+02;1319
2016-05-11 07:12:01+02;1319
2016-05-11 11:34:01+02;1319
2016-05-11 12:42:01+02;1339
2016-05-11 12:58:01+02;1319
2016-05-11 16:51:01+02;1309
2016-05-12 05:38:01+02;1359
2016-05-12 06:08:01+02;1319
2016-05-12 11:42:01+02;1319
2016-05-12 12:42:01+02;1339
2016-05-12 12:58:01+02;1319
2016-05-13 05:38:01+02;1369
2016-05-13 06:08:01+02;1339
2016-05-13 06:24:01+02;1339
2016-05-13 11:34:01+02;1339
2016-05-13 12:42:01+02;1359
2016-05-13 12:58:01+02;1339
2016-05-13 15:54:01+02;1329
2016-05-14 05:38:01+02;1379
2016-05-14 07:38:01+02;1339
2016-05-14 08:54:01+02;1339
2016-05-14 09:04:01+02;1339
2016-05-14 12:42:01+02;1359
2016-05-14 12:58:01+02;1349
2016-05-14 13:42:01+02;1339
2016-05-15 05:38:01+02;1389
2016-05-15 08:08:01+02;1339
2016-05-15 09:24:01+02;1339
2016-05-15 10:14:01+02;1319
2016-05-15 12:42:01+02;1339
2016-05-16 05:38:01+02;1389
2016-05-16 06:08:01+02;1349
2016-05-16 10:32:01+02;1349
2016-05-16 12:42:01+02;1369
2016-05-16 12:58:01+02;1349
2016-05-16 15:22:01+02;1319
2016-05-16 17:04:01+02;1319
2016-05-17 05:38:02+02;1369
2016-05-17 06:08:01+02;1339
2016-05-17 06:22:01+02;1339
2016-05-17 11:54:01+02;1319
2016-05-17 12:42:01+02;1339
2016-05-17 12:58:01+02;1319
2016-05-17 16:22:01+02;1309
2016-05-17 19:12:01+02;1309
2016-05-18 05:38:01+02;1359
2016-05-18 10:24:01+02;1319
2016-05-18 10:52:01+02;1309
2016-05-18 12:42:01+02;1329
2016-05-18 12:58:01+02;1309
2016-05-19 05:38:01+02;1359
2016-05-19 11:22:01+02;1309
2016-05-19 12:22:01+02;1309
2016-05-19 12:42:01+02;1329
2016-05-19 12:58:01+02;1309
2016-05-20 05:38:01+02;1359
2016-05-20 06:08:01+02;1359
2016-05-20 12:42:01+02;1379
2016-05-20 12:58:01+02;1359
2016-05-20 14:04:01+02;1359
2016-05-20 14:14:01+02;1349
2016-05-20 17:12:01+02;1339
2016-05-21 05:38:01+02;1389
2016-05-21 07:38:01+02;1359
2016-05-21 09:12:01+02;1349
2016-05-21 10:52:01+02;1349
2016-05-21 12:42:01+02;1369
2016-05-21 12:58:01+02;1349
2016-05-22 05:38:01+02;1399
2016-05-22 08:08:01+02;1359
2016-05-22 09:32:01+02;1359
2016-05-22 12:42:01+02;1379
2016-05-23 05:38:01+02;1429
2016-05-23 06:08:01+02;1359
2016-05-23 06:24:01+02;1359
2016-05-23 12:22:01+02;1349
2016-05-23 12:42:01+02;1369
2016-05-23 12:58:01+02;1349
2016-05-23 15:52:02+02;1339
2016-05-24 05:38:01+02;1379
2016-05-24 06:08:01+02;1359
2016-05-24 07:24:01+02;1359
2016-05-24 12:42:02+02;1379
2016-05-24 13:04:01+02;1359
2016-05-24 13:32:01+02;1359
2016-05-24 13:44:01+02;1359
2016-05-24 17:24:01+02;1349
2016-05-25 05:38:01+02;1399
2016-05-25 06:08:01+02;1359
2016-05-25 06:14:01+02;1359
2016-05-25 12:42:01+02;1379
2016-05-25 13:03:01+02;1369
2016-05-25 13:32:01+02;1359
2016-05-25 13:52:01+02;1349
2016-05-25 15:12:01+02;1339
2016-05-25 15:22:01+02;1339
2016-05-26 05:38:01+02;1389
2016-05-26 06:08:01+02;1369
2016-05-26 06:22:01+02;1369
2016-05-26 09:52:01+02;1329
2016-05-26 12:12:01+02;1329
2016-05-26 12:42:01+02;1349
2016-05-26 13:24:01+02;1339
2016-05-26 13:42:01+02;1329
2016-05-26 15:02:01+02;1319
2016-05-26 16:04:01+02;1319
2016-05-27 05:38:01+02;1369
2016-05-27 06:08:01+02;1369
2016-05-27 06:33:01+02;1349
2016-05-27 10:02:01+02;1329
2016-05-27 12:12:01+02;1329
2016-05-27 12:42:01+02;1349
2016-05-27 13:32:01+02;1329
2016-05-27 15:14:01+02;1319
2016-05-28 05:38:01+02;1369
2016-05-28 07:38:01+02;1369
2016-05-28 08:24:01+02;1359
2016-05-28 11:42:01+02;1339
2016-05-28 12:42:01+02;1359
2016-05-28 13:32:01+02;1349
2016-05-28 13:42:01+02;1339
2016-05-29 05:38:01+02;1389
2016-05-29 08:08:01+02;1379
2016-05-29 08:32:02+02;1379
2016-05-29 10:04:01+02;1339
2016-05-29 12:42:01+02;1359
2016-05-30 05:38:01+02;1409
2016-05-30 06:08:01+02;1379
2016-05-30 08:42:01+02;1349
2016-05-30 08:52:01+02;1349
2016-05-30 12:22:01+02;1339
2016-05-30 12:42:01+02;1359
2016-05-30 13:32:01+02;1339
2016-05-30 13:44:01+02;1329
2016-05-30 17:32:01+02;1329
2016-05-31 05:38:01+02;1379
2016-05-31 06:08:01+02;1379
2016-05-31 08:34:01+02;1359
2016-05-31 11:02:01+02;1329
2016-05-31 12:24:01+02;1329
2016-05-31 12:42:01+02;1349
2016-05-31 12:58:01+02;1329
2016-05-31 15:02:01+02;1319
2016-06-01 05:38:02+02;1379
2016-06-01 06:08:01+02;1379
2016-06-01 08:52:01+02;1379
2016-06-01 09:02:01+02;1379
2016-06-01 12:02:01+02;1329
2016-06-01 12:42:01+02;1349
2016-06-01 12:58:01+02;1329
2016-06-01 13:32:01+02;1329
2016-06-01 19:22:01+02;1309
2016-06-02 05:38:01+02;1379
2016-06-02 06:08:01+02;1369
2016-06-02 09:24:01+02;1339
2016-06-02 11:02:01+02;1309
2016-06-02 12:42:01+02;1329
2016-06-02 12:58:01+02;1309
2016-06-03 05:38:01+02;1389
2016-06-03 06:08:01+02;1369
2016-06-03 07:52:01+02;1339
2016-06-03 11:14:01+02;1319
2016-06-03 12:12:01+02;1319
2016-06-03 12:42:01+02;1339
2016-06-03 12:58:01+02;1319
2016-06-03 20:02:01+02;1309
2016-06-04 05:38:01+02;1389
2016-06-04 07:38:01+02;1369
2016-06-04 08:31:01+02;1339
2016-06-04 11:12:01+02;1339
2016-06-04 11:22:01+02;1309
2016-06-04 12:42:01+02;1329
2016-06-04 12:58:01+02;1309
2016-06-05 05:38:01+02;1389
2016-06-05 08:08:01+02;1369
2016-06-05 08:52:01+02;1339
2016-06-05 11:31:01+02;1309
2016-06-05 12:42:01+02;1329
2016-06-06 05:38:01+02;1389
2016-06-06 06:08:02+02;1359
2016-06-06 11:14:01+02;1309
2016-06-06 12:42:01+02;1329
2016-06-06 12:58:01+02;1309
2016-06-07 05:38:01+02;1389
2016-06-07 06:08:01+02;1369
2016-06-07 06:34:01+02;1339
2016-06-07 11:34:01+02;1329
2016-06-07 12:42:01+02;1349
2016-06-07 12:58:01+02;1329
2016-06-07 15:04:01+02;1319
2016-06-08 05:38:01+02;1389
2016-06-08 06:08:02+02;1379
2016-06-08 06:33:01+02;1349
2016-06-08 11:31:01+02;1309
2016-06-08 12:42:01+02;1329
2016-06-08 12:58:01+02;1309
2016-06-09 05:38:01+02;1389
2016-06-09 06:08:01+02;1359
2016-06-09 06:42:01+02;1329
2016-06-09 12:42:01+02;1349
2016-06-09 12:58:01+02;1329
2016-06-09 15:22:01+02;1319
2016-06-09 18:02:01+02;1299
2016-06-10 05:38:01+02;1389
2016-06-10 06:08:01+02;1359
2016-06-10 06:22:01+02;1339
2016-06-10 12:42:01+02;1359
2016-06-10 12:58:01+02;1339
2016-06-10 15:54:01+02;1329
2016-06-10 19:54:01+02;1329
2016-06-11 05:38:01+02;1389
2016-06-11 07:38:01+02;1379
2016-06-11 08:04:01+02;1349
2016-06-11 10:02:01+02;1339
2016-06-11 11:22:01+02;1329
2016-06-11 12:42:01+02;1349
2016-06-11 12:58:01+02;1329
2016-06-12 05:38:01+02;1389
2016-06-12 08:08:01+02;1379
2016-06-12 08:54:01+02;1339
2016-06-12 10:54:01+02;1339
2016-06-12 11:22:01+02;1309
2016-06-12 11:52:01+02;1309
2016-06-12 12:42:01+02;1329
2016-06-13 05:38:01+02;1389
2016-06-13 06:08:01+02;1379
2016-06-13 07:52:02+02;1369
2016-06-13 09:04:01+02;1339
2016-06-13 09:52:02+02;1329
2016-06-13 12:42:01+02;1349
2016-06-13 12:58:01+02;1329
2016-06-13 15:02:01+02;1319
2016-06-14 05:38:01+02;1369
2016-06-14 06:08:01+02;1369
2016-06-14 06:24:01+02;1369
2016-06-14 08:52:01+02;1339
2016-06-14 12:42:01+02;1359
2016-06-14 12:58:01+02;1339
2016-06-14 15:02:01+02;1299
2016-06-15 05:38:01+02;1379
2016-06-15 06:08:01+02;1369
2016-06-15 08:34:01+02;1339
2016-06-15 12:04:01+02;1309
2016-06-15 12:42:01+02;1329
2016-06-15 12:58:01+02;1309
2016-06-16 05:38:01+02;1369
2016-06-16 06:08:01+02;1369
2016-06-16 06:24:01+02;1369
2016-06-16 08:04:01+02;1339
2016-06-16 11:22:02+02;1299
2016-06-16 11:31:01+02;1299
2016-06-16 12:42:01+02;1319
2016-06-16 12:58:01+02;1299
2016-06-17 05:38:01+02;1359
2016-06-17 06:08:01+02;1359
2016-06-17 06:34:01+02;1359
2016-06-17 08:52:01+02;1329
2016-06-17 11:32:01+02;1279
2016-06-17 12:42:01+02;1299
2016-06-17 12:58:01+02;1279
2016-06-18 05:38:01+02;1359
2016-06-18 07:38:01+02;1339
2016-06-18 08:52:01+02;1339
2016-06-18 10:52:01+02;1329
2016-06-18 12:42:01+02;1349
2016-06-18 12:58:01+02;1329
2016-06-19 12:22:01+02;1379
2016-06-19 12:42:01+02;1399
2016-06-20 05:38:01+02;1449
2016-06-20 06:08:01+02;1369
2016-06-20 08:52:01+02;1339
2016-06-20 09:34:01+02;1329
2016-06-20 12:42:01+02;1349
2016-06-20 12:58:01+02;1329
2016-06-20 16:42:01+02;1319
2016-06-21 05:38:01+02;1369
2016-06-21 07:44:01+02;1369
2016-06-21 08:22:01+02;1339
2016-06-21 09:52:01+02;1309
2016-06-21 11:22:01+02;1309
2016-06-21 12:42:01+02;1329
2016-06-21 12:58:01+02;1309
2016-06-21 17:12:01+02;1289
2016-06-22 05:38:01+02;1359
2016-06-22 06:08:01+02;1349
2016-06-22 07:04:01+02;1349
2016-06-22 08:12:01+02;1319
2016-06-22 12:42:01+02;1339
2016-06-22 12:58:01+02;1319
2016-06-22 17:02:01+02;1309
2016-06-22 17:52:01+02;1309
2016-06-23 05:38:01+02;1359
2016-06-23 06:08:01+02;1359
2016-06-23 06:42:01+02;1329
2016-06-23 11:02:01+02;1319
2016-06-23 12:42:01+02;1339
2016-06-23 12:58:01+02;1319
2016-06-23 14:14:01+02;1309
2016-06-23 17:02:01+02;1309
2016-06-24 05:38:01+02;1369
2016-06-24 06:08:01+02;1369
2016-06-24 06:22:01+02;1369
2016-06-24 08:02:01+02;1309
2016-06-24 09:32:01+02;1299
2016-06-24 09:52:01+02;1289
2016-06-24 12:42:01+02;1309
2016-06-24 12:58:01+02;1289
2016-06-25 05:38:01+02;1369
2016-06-25 08:24:01+02;1319
2016-06-25 11:12:01+02;1319
2016-06-25 12:42:01+02;1339
2016-06-25 12:58:01+02;1319
2016-06-26 05:38:01+02;1369
2016-06-26 10:02:01+02;1369
2016-06-26 10:22:01+02;1319
2016-06-26 11:42:01+02;1319
2016-06-26 12:42:01+02;1339
2016-06-27 05:38:01+02;1389
2016-06-27 06:12:01+02;1379
2016-06-27 12:42:01+02;1399
2016-06-27 12:58:01+02;1379
2016-06-27 15:12:01+02;1359
2016-06-28 05:38:01+02;1409
2016-06-28 06:08:01+02;1379
2016-06-28 06:33:01+02;1379
2016-06-28 12:42:01+02;1399
2016-06-28 12:58:01+02;1379
2016-06-28 17:22:01+02;1319
2016-06-29 05:38:01+02;1369
2016-06-29 06:12:01+02;1369
2016-06-29 06:22:01+02;1339
2016-06-29 12:42:01+02;1359
2016-06-29 12:58:01+02;1339
2016-06-29 15:12:01+02;1319
2016-06-30 05:38:01+02;1369
2016-06-30 06:08:01+02;1369
2016-06-30 06:22:01+02;1339
2016-06-30 09:44:01+02;1319
2016-06-30 12:42:01+02;1339
2016-06-30 12:58:01+02;1319
2016-07-01 05:38:01+02;1379
2016-07-01 06:08:01+02;1369
2016-07-01 07:52:01+02;1339
2016-07-01 10:42:01+02;1329
2016-07-01 12:42:01+02;1349
2016-07-01 12:58:01+02;1329
2016-07-02 05:38:01+02;1379
2016-07-02 07:38:01+02;1369
2016-07-02 08:28:01+02;1359
2016-07-02 10:22:01+02;1329
2016-07-02 12:42:01+02;1349
2016-07-02 12:58:01+02;1329
2016-07-03 05:38:01+02;1379
2016-07-03 08:08:01+02;1359
2016-07-03 08:52:01+02;1359
2016-07-03 12:04:01+02;1339
2016-07-03 12:42:01+02;1359
2016-07-04 05:38:01+02;1399
2016-07-04 06:08:01+02;1359
2016-07-04 08:12:02+02;1359
2016-07-04 10:42:01+02;1339
2016-07-04 12:42:01+02;1359
2016-07-04 12:58:01+02;1339
2016-07-04 16:02:01+02;1329
2016-07-04 18:52:01+02;1329
2016-07-05 05:38:01+02;1379
2016-07-05 06:08:02+02;1359
2016-07-05 07:24:01+02;1359
2016-07-05 08:52:01+02;1359
2016-07-05 12:42:01+02;1379
2016-07-05 12:58:01+02;1359
2016-07-05 14:02:01+02;1319
2016-07-06 05:38:01+02;1379
2016-07-06 06:08:02+02;1349
2016-07-06 12:42:01+02;1369
2016-07-06 12:58:01+02;1349
2016-07-06 13:52:01+02;1349
2016-07-06 15:12:01+02;1349
2016-07-06 16:42:01+02;1309
2016-07-07 05:38:01+02;1359
2016-07-07 07:08:01+02;1309
2016-07-07 12:42:01+02;1329
2016-07-07 12:58:01+02;1309
2016-07-07 16:32:01+02;1299
2016-07-08 05:38:01+02;1349
2016-07-08 06:08:01+02;1339
2016-07-08 07:12:01+02;1339
2016-07-08 08:14:01+02;1319
2016-07-08 12:42:01+02;1339
2016-07-08 12:58:01+02;1319
2016-07-08 17:22:01+02;1309
2016-07-09 05:38:01+02;1359
2016-07-09 07:38:01+02;1329
2016-07-09 11:22:01+02;1319
2016-07-09 12:42:01+02;1339
2016-07-09 12:58:01+02;1319
2016-07-10 05:38:01+02;1369
2016-07-10 08:08:01+02;1319
2016-07-10 10:24:01+02;1319
2016-07-10 12:42:01+02;1339
2016-07-11 05:38:01+02;1429
2016-07-11 08:08:01+02;1319
2016-07-11 12:02:01+02;1319
2016-07-11 12:42:01+02;1339
2016-07-11 12:58:01+02;1319
2016-07-11 15:02:01+02;1299
2016-07-11 20:04:01+02;1289
2016-07-12 05:38:02+02;1339
2016-07-12 06:08:01+02;1329
2016-07-12 12:42:01+02;1349
2016-07-12 12:58:01+02;1329
2016-07-12 14:52:01+02;1319
2016-07-12 16:42:01+02;1289
2016-07-13 05:38:01+02;1349
2016-07-13 06:08:01+02;1329
2016-07-13 08:02:01+02;1309
2016-07-13 08:42:01+02;1309
2016-07-13 10:24:01+02;1299
2016-07-13 12:42:01+02;1319
2016-07-13 12:58:01+02;1299
2016-07-13 15:22:01+02;1279
2016-07-14 05:38:01+02;1329
2016-07-14 06:22:01+02;1299
2016-07-14 10:22:01+02;1279
2016-07-14 12:42:01+02;1299
2016-07-14 12:58:01+02;1279
2016-07-14 15:22:01+02;1269
2016-07-14 15:31:01+02;1269
2016-07-15 05:38:01+02;1319
2016-07-15 06:33:01+02;1289
2016-07-15 12:42:01+02;1309
2016-07-15 12:58:01+02;1289
2016-07-15 14:42:01+02;1279
2016-07-16 05:38:01+02;1339
2016-07-16 07:38:01+02;1279
2016-07-16 10:52:01+02;1279
2016-07-16 12:42:01+02;1299
2016-07-16 12:58:01+02;1279
2016-07-17 05:38:01+02;1329
2016-07-17 08:08:01+02;1329
2016-07-17 09:04:01+02;1289
2016-07-17 11:02:01+02;1279
2016-07-17 12:42:01+02;1299
2016-07-18 05:38:01+02;1349
2016-07-18 06:08:01+02;1339
2016-07-18 08:22:01+02;1289
2016-07-18 11:32:01+02;1279
2016-07-18 12:42:01+02;1299
2016-07-18 12:58:01+02;1279
2016-07-19 05:38:01+02;1339
2016-07-19 06:33:01+02;1299
2016-07-19 12:42:01+02;1319
2016-07-19 12:58:01+02;1299
2016-07-19 15:22:01+02;1269
2016-07-20 05:38:01+02;1329
2016-07-20 06:08:01+02;1329
2016-07-20 06:34:01+02;1289
2016-07-20 10:22:01+02;1279
2016-07-20 11:54:01+02;1269
2016-07-20 12:42:01+02;1289
2016-07-20 12:58:01+02;1269
2016-07-20 18:02:01+02;1259
2016-07-21 05:38:01+02;1319
2016-07-21 06:42:01+02;1289
2016-07-21 10:44:01+02;1249
2016-07-21 12:42:01+02;1269
2016-07-21 12:58:01+02;1249
2016-07-22 05:38:01+02;1319
2016-07-22 06:22:01+02;1269
2016-07-22 12:42:01+02;1289
2016-07-22 12:58:01+02;1269
2016-07-22 13:52:01+02;1259
2016-07-23 05:38:01+02;1319
2016-07-23 11:04:01+02;1259
2016-07-23 12:42:01+02;1279
2016-07-23 12:58:01+02;1259
2016-07-24 05:38:01+02;1319
2016-07-24 08:54:01+02;1289
2016-07-24 12:42:01+02;1309
2016-07-25 05:38:01+02;1369
2016-07-25 06:08:01+02;1319
2016-07-25 12:42:01+02;1339
2016-07-25 12:58:01+02;1319
2016-07-25 15:02:02+02;1279
2016-07-25 19:02:01+02;1259
2016-07-26 05:38:01+02;1319
2016-07-26 06:22:01+02;1289
2016-07-26 10:52:01+02;1269
2016-07-26 12:42:01+02;1289
2016-07-26 12:58:01+02;1269
2016-07-26 15:24:02+02;1269
2016-07-26 16:32:01+02;1249
2016-07-27 05:38:02+02;1319
2016-07-27 06:22:01+02;1279
2016-07-27 12:42:01+02;1299
2016-07-27 12:58:01+02;1279
2016-07-27 15:52:01+02;1269
2016-07-28 05:38:01+02;1319
2016-07-28 06:08:01+02;1319
2016-07-28 06:52:01+02;1289
2016-07-28 11:22:01+02;1259
2016-07-28 12:42:01+02;1279
2016-07-28 12:58:01+02;1259
2016-07-28 16:52:01+02;1259
2016-07-29 05:39:01+02;1309
2016-07-29 10:53:01+02;1249
2016-07-29 12:42:01+02;1269
2016-07-29 12:59:01+02;1249
2016-07-30 05:39:01+02;1309
2016-07-30 08:24:01+02;1279
2016-07-30 10:42:01+02;1259
2016-07-30 12:42:01+02;1279
2016-07-30 12:59:01+02;1259
2016-07-30 13:42:01+02;1249
2016-07-31 05:39:01+02;1309
2016-07-31 08:52:01+02;1279
2016-07-31 11:02:01+02;1239
2016-07-31 12:42:01+02;1259
2016-08-01 05:39:01+02;1309
2016-08-01 07:52:01+02;1259
2016-08-01 12:42:01+02;1279
2016-08-01 12:59:01+02;1259
2016-08-02 05:39:01+02;1309
2016-08-02 12:42:01+02;1329
2016-08-02 12:59:01+02;1309
2016-08-02 14:31:01+02;1299
2016-08-02 15:12:01+02;1259
2016-08-03 05:39:01+02;1309
2016-08-03 06:08:01+02;1309
2016-08-03 07:55:01+02;1289
2016-08-03 10:32:01+02;1259
2016-08-03 12:42:01+02;1279
2016-08-03 12:59:01+02;1259
2016-08-03 16:32:01+02;1259
2016-08-04 05:39:01+02;1309
2016-08-04 08:02:01+02;1289
2016-08-04 10:44:01+02;1249
2016-08-04 12:42:01+02;1269
2016-08-04 12:59:01+02;1249
2016-08-04 16:44:01+02;1239
2016-08-04 17:52:01+02;1229
2016-08-05 05:39:01+02;1299
2016-08-05 07:02:01+02;1259
2016-08-05 12:42:01+02;1279
2016-08-05 13:02:01+02;1249
2016-08-05 13:52:01+02;1229
2016-08-05 17:42:01+02;1229
2016-08-05 18:23:01+02;1219
2016-08-06 05:39:01+02;1299
2016-08-06 10:52:01+02;1259
2016-08-06 12:42:01+02;1279
2016-08-06 12:59:01+02;1259
2016-08-07 05:39:01+02;1309
2016-08-07 11:23:01+02;1289
2016-08-07 12:42:01+02;1309
2016-08-08 05:39:01+02;1359
2016-08-08 06:12:01+02;1319
2016-08-08 07:15:01+02;1309
2016-08-08 12:42:01+02;1329
2016-08-08 12:59:02+02;1309
2016-08-08 13:51:01+02;1309
2016-08-08 16:23:02+02;1279
2016-08-09 05:39:01+02;1329
2016-08-09 06:24:01+02;1309
2016-08-09 11:02:01+02;1259
2016-08-09 12:42:01+02;1279
2016-08-09 12:59:01+02;1259
2016-08-09 17:23:01+02;1249
2016-08-10 05:39:01+02;1309
2016-08-10 07:52:01+02;1279
2016-08-10 12:23:01+02;1279
2016-08-10 12:42:01+02;1299
2016-08-10 12:59:01+02;1269
2016-08-10 15:23:01+02;1259
2016-08-11 05:39:01+02;1309
2016-08-11 06:23:01+02;1289
2016-08-11 12:42:01+02;1309
2016-08-11 12:59:01+02;1289
2016-08-11 15:35:01+02;1279
2016-08-12 05:39:01+02;1329
2016-08-12 08:04:01+02;1309
2016-08-12 12:42:01+02;1329
2016-08-12 12:59:01+02;1309
2016-08-12 13:31:01+02;1289
2016-08-12 15:55:01+02;1269
2016-08-13 05:39:01+02;1319
2016-08-13 12:02:01+02;1259
2016-08-13 12:42:01+02;1279
2016-08-13 12:59:01+02;1259
2016-08-14 05:39:01+02;1309
2016-08-14 08:23:01+02;1279
2016-08-14 10:52:01+02;1249
2016-08-14 11:12:01+02;1249
2016-08-14 12:42:01+02;1269
2016-08-15 05:39:01+02;1319
2016-08-15 08:12:01+02;1279
2016-08-15 12:23:01+02;1249
2016-08-15 12:42:01+02;1269
2016-08-15 12:59:01+02;1249
2016-08-16 05:39:01+02;1309
2016-08-16 06:23:01+02;1269
2016-08-16 11:55:01+02;1249
2016-08-16 12:42:01+02;1269
2016-08-16 12:59:02+02;1249
2016-08-17 05:39:01+02;1319
2016-08-17 06:55:01+02;1269
2016-08-17 11:12:01+02;1249
2016-08-17 12:42:01+02;1269
2016-08-17 12:59:01+02;1249
2016-08-18 05:39:02+02;1329
2016-08-18 06:08:01+02;1319
2016-08-18 06:33:01+02;1279
2016-08-18 12:42:01+02;1299
2016-08-18 12:59:01+02;1279
2016-08-18 14:04:01+02;1269
2016-08-18 16:42:01+02;1269
2016-08-19 05:39:01+02;1339
2016-08-19 06:33:01+02;1289
2016-08-19 11:02:01+02;1269
2016-08-19 12:42:01+02;1289
2016-08-19 12:59:01+02;1269
2016-08-19 15:23:01+02;1259
2016-08-20 05:39:01+02;1339
2016-08-20 07:39:01+02;1339
2016-08-20 08:31:01+02;1279
2016-08-20 10:23:01+02;1259
2016-08-20 12:42:01+02;1279
2016-08-20 12:59:01+02;1259
2016-08-21 05:39:01+02;1339
2016-08-21 08:08:01+02;1329
2016-08-21 09:55:01+02;1279
2016-08-21 10:52:01+02;1249
2016-08-21 12:42:01+02;1269
2016-08-22 05:39:01+02;1339
2016-08-22 06:08:01+02;1329
2016-08-22 10:12:01+02;1279
2016-08-22 10:42:01+02;1269
2016-08-22 12:42:01+02;1289
2016-08-22 12:59:01+02;1269
2016-08-22 17:02:01+02;1259
2016-08-23 05:39:01+02;1349
2016-08-23 06:08:01+02;1339
2016-08-23 06:23:01+02;1289
2016-08-23 12:42:01+02;1309
2016-08-23 12:59:01+02;1289
2016-08-23 15:24:01+02;1279
2016-08-23 18:23:01+02;1269
2016-08-24 05:39:01+02;1349
2016-08-24 06:08:01+02;1349
2016-08-24 07:55:01+02;1289
2016-08-24 11:02:01+02;1269
2016-08-24 12:42:01+02;1289
2016-08-24 12:59:01+02;1269
2016-08-25 05:39:01+02;1349
2016-08-25 06:08:01+02;1339
2016-08-25 06:23:01+02;1289
2016-08-25 10:12:01+02;1269
2016-08-25 10:52:01+02;1269
2016-08-25 11:35:01+02;1259
2016-08-25 12:42:01+02;1279
2016-08-25 12:59:01+02;1259
2016-08-26 05:39:01+02;1349
2016-08-26 06:08:01+02;1329
2016-08-26 06:33:01+02;1269
2016-08-26 11:12:01+02;1259
2016-08-26 12:42:01+02;1279
2016-08-26 12:59:01+02;1259
2016-08-26 16:02:01+02;1249
2016-08-26 16:23:01+02;1249
2016-08-27 05:39:01+02;1349
2016-08-27 07:39:01+02;1329
2016-08-27 08:04:01+02;1269
2016-08-27 11:42:01+02;1259
2016-08-27 12:42:01+02;1279
2016-08-27 12:59:01+02;1269
2016-08-27 13:44:01+02;1259
2016-08-28 05:39:01+02;1349
2016-08-28 08:08:01+02;1329
2016-08-28 08:52:01+02;1279
2016-08-28 11:42:01+02;1259
2016-08-28 12:42:01+02;1279
2016-08-29 05:39:01+02;1359
2016-08-29 06:08:01+02;1339
2016-08-29 11:35:01+02;1259
2016-08-29 12:42:01+02;1279
2016-08-29 12:59:01+02;1259
2016-08-30 05:39:01+02;1359
2016-08-30 06:08:01+02;1339
2016-08-30 12:42:01+02;1359
2016-08-30 12:59:01+02;1339
2016-08-30 15:32:01+02;1329
2016-08-30 19:02:01+02;1319
2016-08-31 05:38:01+02;1369
2016-08-31 06:08:01+02;1359
2016-08-31 06:33:01+02;1349
2016-08-31 11:12:01+02;1319
2016-08-31 12:42:01+02;1339
2016-08-31 12:58:01+02;1319
2016-08-31 15:22:02+02;1309
2016-08-31 19:12:01+02;1299
2016-09-01 05:38:01+02;1359
2016-09-01 07:42:01+02;1359
2016-09-01 11:31:01+02;1299
2016-09-01 12:42:01+02;1319
2016-09-01 12:58:01+02;1299
2016-09-01 16:32:01+02;1289
2016-09-02 05:38:01+02;1349
2016-09-02 06:22:01+02;1349
2016-09-02 12:42:01+02;1369
2016-09-02 12:58:01+02;1349
2016-09-02 16:52:01+02;1289
2016-09-03 05:38:01+02;1349
2016-09-03 07:38:01+02;1339
2016-09-03 08:34:01+02;1319
2016-09-03 10:12:01+02;1269
2016-09-03 12:42:01+02;1289
2016-09-03 12:58:01+02;1269
2016-09-03 13:52:01+02;1269
2016-09-04 05:38:01+02;1349
2016-09-04 08:08:01+02;1329
2016-09-04 09:12:01+02;1279
2016-09-04 10:52:01+02;1259
2016-09-04 12:42:01+02;1279
2016-09-05 05:38:01+02;1339
2016-09-05 06:08:01+02;1339
2016-09-05 14:32:01+02;1319
2016-09-05 15:31:01+02;1309
2016-09-05 16:52:01+02;1289
2016-09-06 05:38:01+02;1339
2016-09-06 06:14:01+02;1319
2016-09-06 11:52:01+02;1289
2016-09-06 12:42:01+02;1309
2016-09-06 12:58:01+02;1289
2016-09-06 13:52:01+02;1279
2016-09-06 16:42:01+02;1279
2016-09-07 05:37:31+02;1339
2016-09-07 06:21:31+02;1309
2016-09-07 11:21:31+02;1289
2016-09-07 12:41:31+02;1309
2016-09-07 12:57:32+02;1289
2016-09-07 16:21:31+02;1269
2016-09-08 05:37:31+02;1339
2016-09-08 06:21:31+02;1299
2016-09-08 10:23:31+02;1279
2016-09-08 12:41:31+02;1299
2016-09-08 12:57:31+02;1279
2016-09-08 15:13:31+02;1259
2016-09-08 16:23:31+02;1249
2016-09-08 18:01:31+02;1239
2016-09-08 18:11:31+02;1239
2016-09-09 05:37:31+02;1339
2016-09-09 06:07:31+02;1319
2016-09-09 06:21:31+02;1279
2016-09-09 11:01:31+02;1259
2016-09-09 12:41:31+02;1279
2016-09-09 13:21:31+02;1259
2016-09-09 15:11:32+02;1249
2016-09-09 15:21:31+02;1239
2016-09-10 05:37:31+02;1349
2016-09-10 07:37:31+02;1329
2016-09-10 10:51:31+02;1279
2016-09-10 12:41:31+02;1299
2016-09-10 13:30:31+02;1279
2016-09-11 05:37:31+02;1349
2016-09-11 08:07:32+02;1339
2016-09-11 10:51:31+02;1289
2016-09-11 11:31:31+02;1269
2016-09-11 12:41:31+02;1289
2016-09-12 05:37:31+02;1349
2016-09-12 06:07:31+02;1339
2016-09-12 08:11:31+02;1289
2016-09-12 11:21:31+02;1269
2016-09-12 12:41:31+02;1289
2016-09-12 13:30:31+02;1269
2016-09-12 16:53:32+02;1259
2016-09-13 05:37:31+02;1349
2016-09-13 06:07:31+02;1339
2016-09-13 10:21:31+02;1279
2016-09-13 12:41:31+02;1299
2016-09-13 13:31:31+02;1279
2016-09-13 18:21:32+02;1269
2016-09-14 05:37:31+02;1349
2016-09-14 06:07:31+02;1349
2016-09-14 11:01:31+02;1269
2016-09-14 12:41:31+02;1289
2016-09-14 13:31:31+02;1269
2016-09-14 14:51:31+02;1259
2016-09-14 17:57:32+02;1259
2016-09-15 05:37:31+02;1349
2016-09-15 06:07:31+02;1339
2016-09-15 07:03:31+02;1339
2016-09-15 10:41:31+02;1269
2016-09-15 11:03:32+02;1269
2016-09-15 12:41:31+02;1289
2016-09-15 13:31:31+02;1269
2016-09-15 13:48:31+02;1269
2016-09-15 15:17:31+02;1269
2016-09-15 16:35:31+02;1269
2016-09-15 17:50:31+02;1269
2016-09-15 19:05:31+02;1259
2016-09-15 19:45:31+02;1259
2016-09-16 05:37:31+02;1349
2016-09-16 06:07:31+02;1339
2016-09-16 10:45:31+02;1339
2016-09-16 11:21:31+02;1259
2016-09-16 12:41:31+02;1279
2016-09-16 13:11:31+02;1259
2016-09-17 05:37:31+02;1339
2016-09-17 09:01:31+02;1339
2016-09-17 10:43:31+02;1269
2016-09-17 12:41:31+02;1289
2016-09-17 13:30:31+02;1269
2016-09-18 05:37:31+02;1339
2016-09-18 08:51:31+02;1299
2016-09-18 11:51:31+02;1269
2016-09-18 12:41:31+02;1289
2016-09-18 14:54:31+02;1289
2016-09-18 16:15:31+02;1289
2016-09-18 17:32:31+02;1289
2016-09-18 18:44:31+02;1289
2016-09-18 19:30:31+02;1289
2016-09-19 05:37:31+02;1339
2016-09-19 07:01:31+02;1339
2016-09-19 09:41:31+02;1329
2016-09-19 10:30:32+02;1329
2016-09-19 12:41:31+02;1349
2016-09-19 13:30:31+02;1339
2016-09-19 13:41:31+02;1329
2016-09-19 16:21:31+02;1279
2016-09-20 05:37:31+02;1339
2016-09-20 08:41:31+02;1319
2016-09-20 08:51:31+02;1319
2016-09-20 11:01:32+02;1309
2016-09-20 12:41:31+02;1329
2016-09-20 13:03:31+02;1309
2016-09-20 15:13:31+02;1299
2016-09-20 16:51:31+02;1289
2016-09-20 19:03:31+02;1289
2016-09-21 05:37:31+02;1339
2016-09-21 06:51:31+02;1309
2016-09-21 11:31:31+02;1289
2016-09-21 12:41:31+02;1309
2016-09-21 13:31:31+02;1289
2016-09-21 19:21:31+02;1279
2016-09-22 05:37:31+02;1339
2016-09-22 07:21:31+02;1309
2016-09-22 11:01:31+02;1289
2016-09-22 12:41:31+02;1309
2016-09-22 13:33:31+02;1289
2016-09-22 16:11:31+02;1269
2016-09-23 05:37:31+02;1349
2016-09-23 07:51:31+02;1319
2016-09-23 10:51:31+02;1299
2016-09-23 12:41:31+02;1319
2016-09-23 13:30:31+02;1309
2016-09-23 13:41:31+02;1299
2016-09-23 15:13:31+02;1289
2016-09-23 15:21:31+02;1289
2016-09-24 05:37:31+02;1349
2016-09-24 08:21:31+02;1329
2016-09-24 10:41:31+02;1289
2016-09-24 12:41:31+02;1309
2016-09-24 13:33:31+02;1289
2016-09-24 13:51:31+02;1279
2016-09-25 05:37:31+02;1349
2016-09-25 08:52:31+02;1299
2016-09-25 10:41:31+02;1269
2016-09-25 12:41:31+02;1289
2016-09-26 05:37:31+02;1349
2016-09-26 06:07:31+02;1349
2016-09-26 06:41:31+02;1299
2016-09-26 12:11:32+02;1289
2016-09-26 12:41:31+02;1309
2016-09-26 13:30:31+02;1289
2016-09-26 17:12:31+02;1289
2016-09-27 05:37:31+02;1349
2016-09-27 06:10:31+02;1319
2016-09-27 10:51:31+02;1289
2016-09-27 12:41:31+02;1309
2016-09-27 13:30:31+02;1289
2016-09-27 16:50:31+02;1279
2016-09-28 05:37:31+02;1349
2016-09-28 06:07:31+02;1349
2016-09-28 10:20:31+02;1279
2016-09-28 12:41:31+02;1299
2016-09-28 13:03:31+02;1279
2016-09-29 05:37:31+02;1339
2016-09-29 06:07:31+02;1339
2016-09-29 11:31:31+02;1299
2016-09-29 12:41:31+02;1319
2016-09-29 13:30:31+02;1299
2016-09-30 05:37:31+02;1349
2016-09-30 07:41:31+02;1329
2016-09-30 12:41:31+02;1349
2016-09-30 13:10:31+02;1319
2016-09-30 13:41:31+02;1299
2016-10-01 05:36:31+02;1349
2016-10-01 08:21:31+02;1349
2016-10-01 11:30:31+02;1339
2016-10-01 12:41:31+02;1359
2016-10-01 13:30:31+02;1349
2016-10-01 13:41:32+02;1339
2016-10-02 05:37:31+02;1389
2016-10-02 08:07:32+02;1379
2016-10-02 08:43:31+02;1359
2016-10-02 10:33:31+02;1329
2016-10-02 12:41:31+02;1349
2016-10-03 05:37:31+02;1399
2016-10-03 06:07:31+02;1389
2016-10-03 09:11:31+02;1389
2016-10-03 09:30:31+02;1359
2016-10-03 10:31:31+02;1319
2016-10-03 12:41:31+02;1339
2016-10-03 13:03:31+02;1319
2016-10-04 05:37:31+02;1369
2016-10-04 11:30:31+02;1319
2016-10-04 12:41:31+02;1339
2016-10-04 13:03:31+02;1319
2016-10-04 17:11:31+02;1309
2016-10-05 05:37:31+02;1359
2016-10-05 08:51:31+02;1339
2016-10-05 10:23:31+02;1309
2016-10-05 12:41:31+02;1329
2016-10-05 13:03:31+02;1309
2016-10-05 16:21:31+02;1299
2016-10-06 05:37:31+02;1359
2016-10-06 06:07:31+02;1359
2016-10-06 08:41:31+02;1339
2016-10-06 12:41:31+02;1359
2016-10-06 13:03:31+02;1339
2016-10-06 13:41:31+02;1319
2016-10-06 15:21:31+02;1299
2016-10-06 16:11:31+02;1299
2016-10-06 18:51:31+02;1299
2016-10-07 05:36:31+02;1369
2016-10-07 06:07:31+02;1369
2016-10-07 08:31:31+02;1329
2016-10-07 08:43:31+02;1329
2016-10-07 12:41:31+02;1349
2016-10-07 13:03:31+02;1349
2016-10-07 13:21:31+02;1339
2016-10-07 13:41:31+02;1309
2016-10-07 16:21:31+02;1289
2016-10-08 05:37:31+02;1369
2016-10-08 07:37:31+02;1369
2016-10-08 08:01:31+02;1319
2016-10-08 10:21:31+02;1289
2016-10-08 10:30:31+02;1289
2016-10-08 12:41:31+02;1309
2016-10-08 13:03:31+02;1289
2016-10-09 05:37:31+02;1369
2016-10-09 08:07:31+02;1359
2016-10-09 09:11:31+02;1319
2016-10-09 11:31:31+02;1299
2016-10-09 12:41:31+02;1319
2016-10-10 05:37:31+02;1379
2016-10-10 06:07:31+02;1369
2016-10-10 08:33:31+02;1319
2016-10-10 10:53:31+02;1299
2016-10-10 12:40:31+02;1319
2016-10-10 13:03:31+02;1299
2016-10-10 16:41:31+02;1289
2016-10-10 18:41:31+02;1289
2016-10-11 05:37:31+02;1369
2016-10-11 06:07:31+02;1369
2016-10-11 08:31:31+02;1319
2016-10-11 10:30:31+02;1299
2016-10-11 12:41:31+02;1319
2016-10-11 13:21:31+02;1309
2016-10-11 13:31:31+02;1299
2016-10-12 05:37:31+02;1389
2016-10-12 06:07:31+02;1379
2016-10-12 06:13:31+02;1329
2016-10-12 11:21:31+02;1299
2016-10-12 12:41:31+02;1319
2016-10-12 13:31:31+02;1299
2016-10-13 05:37:31+02;1379
2016-10-13 06:07:31+02;1379
2016-10-13 06:13:31+02;1379
2016-10-13 06:23:31+02;1329
2016-10-13 10:43:31+02;1289
2016-10-13 12:41:31+02;1309
2016-10-13 13:03:31+02;1289
2016-10-13 13:43:31+02;1289
2016-10-13 16:41:31+02;1289
2016-10-13 16:53:31+02;1289
2016-10-14 05:37:31+02;1369
2016-10-14 06:11:31+02;1329
2016-10-14 10:23:31+02;1289
2016-10-14 12:41:31+02;1309
2016-10-14 13:41:31+02;1289
2016-10-15 15:50:07+02;1319
2016-10-16 05:37:31+02;1369
2016-10-16 08:07:31+02;1369
2016-10-16 08:30:31+02;1349
2016-10-16 10:41:31+02;1299
2016-10-16 12:41:31+02;1319
2016-10-17 05:37:31+02;1369
2016-10-17 06:07:31+02;1369
2016-10-17 08:30:31+02;1349
2016-10-17 11:13:31+02;1349
2016-10-17 11:21:31+02;1299
2016-10-17 12:41:31+02;1319
2016-10-17 13:03:31+02;1299
2016-10-17 13:51:31+02;1289
2016-10-17 15:01:31+02;1289
2016-10-18 05:37:31+02;1369
2016-10-18 06:07:31+02;1369
2016-10-18 08:51:31+02;1309
2016-10-18 11:00:31+02;1299
2016-10-18 12:40:31+02;1329
2016-10-18 13:03:31+02;1299
2016-10-18 15:31:31+02;1289
2016-10-19 05:37:31+02;1419
2016-10-19 06:07:31+02;1349
2016-10-19 12:41:31+02;1379
2016-10-19 13:03:31+02;1349
2016-10-19 13:41:31+02;1329
2016-10-19 14:43:31+02;1319
2016-10-19 15:21:31+02;1309
2016-10-20 05:36:31+02;1369
2016-10-20 06:07:31+02;1369
2016-10-20 12:41:31+02;1399
2016-10-20 13:03:31+02;1389
2016-10-20 13:30:31+02;1369
2016-10-20 13:41:31+02;1289
2016-10-21 05:37:31+02;1369
2016-10-21 10:21:31+02;1279
2016-10-21 11:53:31+02;1279
2016-10-21 12:41:31+02;1309
2016-10-21 13:03:31+02;1299
2016-10-21 13:31:31+02;1279
2016-10-22 05:37:31+02;1369
2016-10-22 07:36:31+02;1359
2016-10-22 08:21:31+02;1309
2016-10-22 10:33:31+02;1279
2016-10-22 12:41:31+02;1309
2016-10-22 13:03:31+02;1299
2016-10-22 13:33:31+02;1299
2016-10-22 13:41:31+02;1279
2016-10-23 05:36:31+02;1369
2016-10-23 08:07:31+02;1349
2016-10-23 09:33:31+02;1309
2016-10-23 11:31:31+02;1269
2016-10-23 12:41:31+02;1299
2016-10-24 05:37:31+02;1369
2016-10-24 06:07:31+02;1349
2016-10-24 10:41:31+02;1279
2016-10-24 12:41:31+02;1309
2016-10-24 13:03:31+02;1299
2016-10-24 13:30:31+02;1279
2016-10-25 05:36:31+02;1379
2016-10-25 06:07:31+02;1359
2016-10-25 08:31:31+02;1309
2016-10-25 11:01:31+02;1279
2016-10-25 12:41:31+02;1299
2016-10-25 13:30:31+02;1279
2016-10-26 05:37:31+02;1379
2016-10-26 06:07:31+02;1359
2016-10-26 08:30:31+02;1309
2016-10-26 12:41:31+02;1329
2016-10-26 13:21:31+02;1319
2016-10-26 13:30:31+02;1309
2016-10-26 16:20:31+02;1299
2016-10-26 19:20:31+02;1299
2016-10-27 05:36:31+02;1379
2016-10-27 06:06:31+02;1369
2016-10-27 06:20:31+02;1329
2016-10-27 12:40:31+02;1349
2016-10-27 13:20:31+02;1339
2016-10-27 13:40:31+02;1329
2016-10-27 15:10:31+02;1309
2016-10-27 18:01:31+02;1299
2016-10-28 05:37:31+02;1369
2016-10-28 07:51:31+02;1329
2016-10-28 10:11:31+02;1309
2016-10-28 12:40:31+02;1329
2016-10-28 13:30:31+02;1309
2016-10-28 16:03:31+02;1299
2016-10-28 17:03:31+02;1299
2016-10-29 05:37:31+02;1369
2016-10-29 07:37:31+02;1359
2016-10-29 10:11:31+02;1329
2016-10-29 12:01:31+02;1299
2016-10-29 12:41:31+02;1319
2016-10-29 13:31:31+02;1319
2016-10-30 05:37:31+01;1369
2016-10-30 08:06:31+01;1369
2016-10-30 10:03:31+01;1289
2016-10-30 12:41:31+01;1309
2016-10-31 05:37:31+01;1369
2016-10-31 06:07:31+01;1369
2016-10-31 12:41:31+01;1389
2016-10-31 13:31:31+01;1379
2016-10-31 14:11:31+01;1319
2016-10-31 15:21:31+01;1319
2016-10-31 16:51:31+01;1289
2016-11-01 05:37:31+01;1369
2016-11-01 06:07:31+01;1369
2016-11-01 06:51:31+01;1319
2016-11-01 10:53:31+01;1309
2016-11-01 11:01:31+01;1299
2016-11-01 12:41:32+01;1319
2016-11-01 13:31:31+01;1299
2016-11-01 19:21:31+01;1289
2016-11-02 05:37:31+01;1359
2016-11-02 06:07:31+01;1359
2016-11-02 11:41:31+01;1319
2016-11-02 12:41:31+01;1339
2016-11-02 13:30:31+01;1319
2016-11-02 15:41:31+01;1319
2016-11-03 05:37:31+01;1369
2016-11-03 06:07:31+01;1369
2016-11-03 09:53:31+01;1319
2016-11-03 12:41:31+01;1339
2016-11-03 13:21:31+01;1329
2016-11-03 13:30:31+01;1319
2016-11-03 15:01:31+01;1309
2016-11-03 16:21:31+01;1299
2016-11-04 05:37:31+01;1359
2016-11-04 11:00:31+01;1309
2016-11-04 12:41:31+01;1329
2016-11-04 13:21:31+01;1319
2016-11-04 13:31:31+01;1309
2016-11-04 16:11:31+01;1299
2016-11-05 05:37:32+01;1359
2016-11-05 08:01:31+01;1329
2016-11-05 09:51:31+01;1319
2016-11-05 12:41:31+01;1339
2016-11-05 13:30:31+01;1319
2016-11-06 05:37:31+01;1379
2016-11-06 08:07:31+01;1359
2016-11-06 10:13:31+01;1319
2016-11-06 10:31:31+01;1299
2016-11-06 12:41:31+01;1319
2016-11-07 05:37:31+01;1379
2016-11-07 06:07:31+01;1359
2016-11-07 06:33:31+01;1349
2016-11-07 09:52:31+01;1289
2016-11-07 12:41:31+01;1309
2016-11-07 13:03:31+01;1289
2016-11-07 16:01:31+01;1279
2016-11-08 05:37:31+01;1339
2016-11-08 06:51:31+01;1299
2016-11-08 12:41:31+01;1319
2016-11-08 13:30:31+01;1309
2016-11-08 13:51:31+01;1299
2016-11-08 14:51:31+01;1289
2016-11-09 05:37:31+01;1349
2016-11-09 07:11:31+01;1309
2016-11-09 12:41:31+01;1329
2016-11-09 13:23:31+01;1319
2016-11-09 13:51:31+01;1309
2016-11-09 15:00:31+01;1289
2016-11-10 05:37:31+01;1349
2016-11-10 07:11:31+01;1309
2016-11-10 10:10:31+01;1289
2016-11-10 10:21:31+01;1289
2016-11-10 12:41:31+01;1309
2016-11-10 13:30:31+01;1299
2016-11-10 13:51:31+01;1289
2016-11-10 15:51:31+01;1269
2016-11-11 05:37:31+01;1339
2016-11-11 06:07:31+01;1329
2016-11-11 10:51:31+01;1279
2016-11-11 12:21:31+01;1269
2016-11-11 12:40:31+01;1289
2016-11-11 13:40:31+01;1269
2016-11-11 14:51:31+01;1269
2016-11-11 15:01:31+01;1259
2016-11-12 05:37:31+01;1339
2016-11-12 11:31:31+01;1269
2016-11-12 12:41:31+01;1289
2016-11-12 13:23:31+01;1279
2016-11-12 13:31:31+01;1269
2016-11-13 05:37:31+01;1339
2016-11-13 08:41:31+01;1309
2016-11-13 11:01:32+01;1279
2016-11-13 12:41:31+01;1299
2016-11-14 05:37:31+01;1359
2016-11-14 06:06:31+01;1349
2016-11-14 07:23:31+01;1309
2016-11-14 09:41:31+01;1289
2016-11-14 12:41:31+01;1309
2016-11-14 13:21:31+01;1299
2016-11-14 13:30:31+01;1289
2016-11-14 15:41:31+01;1269
2016-11-15 05:37:31+01;1329
2016-11-15 11:53:31+01;1309
2016-11-15 12:41:31+01;1329
2016-11-15 13:21:31+01;1319
2016-11-15 13:33:31+01;1309
2016-11-15 14:53:31+01;1269
2016-11-16 05:37:31+01;1329
2016-11-16 07:51:31+01;1299
2016-11-16 08:03:31+01;1299
2016-11-16 10:31:31+01;1249
2016-11-16 12:41:31+01;1269
2016-11-16 13:21:31+01;1259
2016-11-16 13:32:31+01;1249
2016-11-17 05:37:31+01;1339
2016-11-17 06:33:31+01;1329
2016-11-17 11:21:31+01;1309
2016-11-17 11:31:31+01;1309
2016-11-17 12:41:31+01;1329
2016-11-17 13:11:31+01;1319
2016-11-17 13:51:31+01;1309
2016-11-17 15:21:31+01;1289
2016-11-18 05:37:31+01;1339
2016-11-18 10:31:31+01;1309
2016-11-18 12:41:31+01;1329
2016-11-18 13:23:31+01;1319
2016-11-18 13:51:31+01;1309
2016-11-18 16:03:31+01;1299
2016-11-19 05:37:31+01;1349
2016-11-19 08:03:31+01;1329
2016-11-19 08:53:31+01;1309
2016-11-19 09:43:31+01;1279
2016-11-19 12:41:31+01;1299
2016-11-19 13:23:31+01;1289
2016-11-19 13:41:31+01;1279
2016-11-20 05:37:31+01;1339
2016-11-20 09:41:31+01;1299
2016-11-20 10:21:31+01;1269
2016-11-20 12:41:31+01;1289
2016-11-21 05:37:31+01;1339
2016-11-21 11:31:31+01;1289
2016-11-21 12:11:31+01;1279
2016-11-21 12:41:31+01;1299
2016-11-21 13:21:31+01;1279
2016-11-21 15:51:31+01;1279
2016-11-22 05:37:31+01;1329
2016-11-22 06:13:31+01;1309
2016-11-22 11:03:31+01;1299
2016-11-22 12:41:31+01;1319
2016-11-22 13:21:31+01;1309
2016-11-22 14:01:31+01;1299
2016-11-22 16:01:31+01;1289
2016-11-22 18:23:31+01;1279
2016-11-23 05:37:31+01;1349
2016-11-23 06:23:31+01;1309
2016-11-23 12:41:31+01;1329
2016-11-23 13:03:31+01;1329
2016-11-23 13:21:31+01;1319
2016-11-23 13:31:31+01;1309
2016-11-23 15:43:31+01;1299
2016-11-24 05:37:31+01;1349
2016-11-24 06:11:31+01;1329
2016-11-24 12:41:31+01;1349
2016-11-24 13:21:31+01;1339
2016-11-24 13:31:31+01;1329
2016-11-24 14:51:31+01;1329
2016-11-24 15:51:31+01;1299
2016-11-25 05:37:31+01;1379
2016-11-25 06:07:31+01;1369
2016-11-25 06:41:31+01;1329
2016-11-25 09:11:31+01;1309
2016-11-25 12:41:31+01;1329
2016-11-25 13:21:31+01;1319
2016-11-25 13:31:31+01;1309
2016-11-25 19:33:31+01;1299
2016-11-26 05:37:31+01;1379
2016-11-26 07:37:31+01;1359
2016-11-26 08:21:31+01;1329
2016-11-26 10:51:31+01;1299
2016-11-26 12:41:31+01;1319
2016-11-26 13:23:31+01;1309
2016-11-26 13:33:31+01;1299
2016-11-27 05:37:31+01;1379
2016-11-27 08:07:31+01;1359
2016-11-27 09:51:31+01;1319
2016-11-27 10:01:31+01;1309
2016-11-27 12:41:31+01;1329
2016-11-28 05:37:31+01;1379
2016-11-28 06:07:31+01;1369
2016-11-28 10:21:31+01;1329
2016-11-28 12:42:31+01;1349
2016-11-28 13:23:31+01;1339
2016-11-28 13:31:31+01;1329
2016-11-28 15:11:31+01;1319
2016-11-28 17:01:32+01;1299
2016-11-29 05:37:31+01;1359
2016-11-29 08:41:31+01;1339
2016-11-29 12:13:31+01;1319
2016-11-29 12:41:31+01;1339
2016-11-29 13:41:31+01;1319
2016-11-29 15:31:31+01;1309
2016-11-29 17:01:31+01;1299
2016-11-30 05:37:31+01;1349
2016-11-30 07:31:31+01;1329
2016-11-30 12:41:31+01;1349
2016-11-30 13:03:31+01;1329
2016-11-30 14:01:31+01;1309
2016-11-30 14:11:31+01;1309
2016-11-30 15:33:31+01;1289
2016-12-01 05:37:31+01;1349
2016-12-01 10:53:31+01;1289
2016-12-01 12:41:31+01;1309
2016-12-01 13:23:31+01;1299
2016-12-01 13:33:31+01;1289
2016-12-01 17:21:31+01;1269
2016-12-02 05:37:32+01;1369
2016-12-02 06:07:31+01;1359
2016-12-02 10:51:31+01;1359
2016-12-02 11:03:31+01;1309
2016-12-02 11:40:31+01;1309
2016-12-02 12:41:31+01;1329
2016-12-02 13:21:31+01;1319
2016-12-02 13:33:31+01;1309
2016-12-02 14:11:31+01;1299
2016-12-02 16:33:31+01;1289
2016-12-02 18:03:31+01;1279
2016-12-03 05:37:31+01;1379
2016-12-03 07:37:31+01;1369
2016-12-03 10:11:31+01;1289
2016-12-03 12:41:31+01;1309
2016-12-03 13:03:31+01;1309
2016-12-03 13:23:31+01;1299
2016-12-03 13:31:31+01;1289
2016-12-04 05:37:31+01;1389
2016-12-04 08:07:31+01;1379
2016-12-04 10:33:31+01;1289
2016-12-04 12:41:31+01;1309
2016-12-05 05:37:31+01;1389
2016-12-05 06:07:31+01;1379
2016-12-05 09:51:31+01;1309
2016-12-05 12:41:31+01;1329
2016-12-05 13:21:31+01;1319
2016-12-05 13:33:31+01;1309
2016-12-06 05:37:31+01;1389
2016-12-06 12:41:31+01;1409
2016-12-07 05:37:31+01;1459
2016-12-07 06:11:31+01;1329
2016-12-07 11:01:31+01;1309
2016-12-07 12:23:31+01;1299
2016-12-07 12:41:31+01;1319
2016-12-07 13:21:31+01;1319
2016-12-07 13:32:31+01;1299
2016-12-07 13:41:31+01;1299
2016-12-07 18:51:31+01;1289
2016-12-08 05:37:31+01;1389
2016-12-08 06:07:31+01;1379
2016-12-08 06:23:31+01;1289
2016-12-08 12:41:31+01;1309
2016-12-08 13:23:31+01;1289
2016-12-08 17:11:31+01;1289
2016-12-09 05:37:31+01;1389
2016-12-09 06:07:31+01;1349
2016-12-09 06:33:31+01;1319
2016-12-09 12:41:31+01;1339
2016-12-09 13:21:31+01;1329
2016-12-09 13:33:31+01;1319
2016-12-09 17:31:31+01;1299
2016-12-10 05:37:31+01;1389
2016-12-10 07:37:31+01;1379
2016-12-10 08:21:31+01;1329
2016-12-10 12:41:31+01;1349
2016-12-10 13:21:31+01;1339
2016-12-10 13:33:31+01;1329
2016-12-11 05:37:31+01;1389
2016-12-11 08:41:31+01;1329
2016-12-11 11:51:31+01;1319
2016-12-11 12:41:31+01;1339
2016-12-12 05:37:31+01;1389
2016-12-12 09:43:31+01;1319
2016-12-12 12:41:31+01;1339
2016-12-12 13:03:31+01;1319
2016-12-12 15:51:31+01;1309
2016-12-13 05:37:31+01;1389
2016-12-13 06:07:31+01;1369
2016-12-13 06:43:31+01;1339
2016-12-13 10:51:31+01;1319
2016-12-13 12:41:31+01;1339
2016-12-13 13:23:31+01;1329
2016-12-13 13:31:31+01;1319
2016-12-13 16:03:31+01;1309
2016-12-14 05:37:31+01;1399
2016-12-14 06:07:31+01;1389
2016-12-14 07:11:31+01;1339
2016-12-14 10:41:31+01;1319
2016-12-14 12:41:31+01;1339
2016-12-14 13:21:31+01;1329
2016-12-14 13:31:31+01;1319
2016-12-14 18:53:31+01;1309
2016-12-15 05:37:31+01;1389
2016-12-15 06:33:31+01;1349
2016-12-15 10:51:31+01;1309
2016-12-15 12:41:31+01;1329
2016-12-15 13:23:31+01;1309
2016-12-16 05:37:31+01;1389
2016-12-16 06:07:31+01;1339
2016-12-16 12:41:31+01;1359
2016-12-16 13:21:31+01;1349
2016-12-16 13:31:31+01;1339
2016-12-17 05:37:31+01;1399
2016-12-17 08:01:31+01;1359
2016-12-17 09:53:31+01;1349
2016-12-17 12:41:31+01;1369
2016-12-17 13:21:31+01;1359
2016-12-17 13:31:31+01;1349
2016-12-18 03:07:31+01;1459
2016-12-18 08:07:31+01;1409
2016-12-18 09:31:31+01;1379
2016-12-18 10:13:31+01;1339
2016-12-18 12:41:31+01;1359
2016-12-18 14:19:31+01;1359
2016-12-19 05:37:31+01;1419
2016-12-19 07:03:31+01;1379
2016-12-19 11:53:31+01;1359
2016-12-19 12:41:31+01;1379
2016-12-19 13:20:31+01;1369
2016-12-19 13:30:31+01;1359
2016-12-19 15:53:31+01;1349
2016-12-20 05:37:31+01;1409
2016-12-20 06:07:31+01;1379
2016-12-20 10:23:31+01;1349
2016-12-20 12:41:31+01;1369
2016-12-20 13:21:31+01;1359
2016-12-20 13:31:31+01;1349
2016-12-20 14:51:31+01;1349
2016-12-21 05:37:31+01;1409
2016-12-21 06:07:31+01;1379
2016-12-21 10:11:31+01;1349
2016-12-21 12:41:31+01;1369
2016-12-21 13:21:31+01;1359
2016-12-21 13:31:31+01;1349
2016-12-22 05:37:31+01;1399
2016-12-22 06:07:31+01;1379
2016-12-22 09:51:31+01;1349
2016-12-22 12:41:31+01;1369
2016-12-22 13:21:31+01;1359
2016-12-22 13:31:31+01;1349
2016-12-23 05:37:31+01;1409
2016-12-23 06:07:31+01;1379
2016-12-23 09:51:31+01;1379
2016-12-23 12:41:31+01;1399
2016-12-23 13:03:31+01;1379
2016-12-23 13:41:31+01;1369
2016-12-24 05:37:31+01;1429
2016-12-24 08:21:31+01;1389
2016-12-24 12:41:31+01;1409
2016-12-24 13:21:31+01;1399
2016-12-24 13:31:31+01;1389
2016-12-25 05:37:31+01;1439
2016-12-25 08:07:31+01;1439
2016-12-25 09:13:31+01;1419
2016-12-25 12:41:31+01;1439
2016-12-26 05:37:31+01;1499
2016-12-26 06:07:31+01;1439
2016-12-26 06:33:31+01;1439
2016-12-26 10:11:31+01;1379
2016-12-26 12:41:31+01;1399
2016-12-26 13:21:31+01;1389
2016-12-26 13:31:31+01;1379
2016-12-27 05:37:31+01;1439
2016-12-27 06:07:31+01;1429
2016-12-27 08:43:31+01;1419
2016-12-27 11:33:31+01;1399
2016-12-27 12:41:31+01;1419
2016-12-27 13:23:31+01;1409
2016-12-27 13:31:31+01;1399
2016-12-27 14:01:31+01;1379
2016-12-27 17:01:31+01;1359
2016-12-28 05:37:31+01;1419
2016-12-28 08:11:31+01;1379
2016-12-28 09:41:31+01;1379
2016-12-28 09:53:31+01;1359
2016-12-28 12:41:31+01;1379
2016-12-28 13:21:31+01;1369
2016-12-28 13:31:31+01;1359
2016-12-28 15:01:31+01;1349
2016-12-29 05:37:31+01;1409
2016-12-29 10:11:31+01;1349
2016-12-29 12:41:31+01;1369
2016-12-29 13:23:31+01;1359
2016-12-29 13:31:31+01;1349
2016-12-29 16:21:31+01;1349
2016-12-29 16:33:31+01;1339
2016-12-30 05:37:31+01;1419
2016-12-30 08:11:31+01;1359
2016-12-30 11:31:31+01;1349
2016-12-30 12:41:31+01;1369
2016-12-30 13:23:31+01;1359
2016-12-30 13:31:31+01;1349
2016-12-31 05:37:31+01;1419
2016-12-31 12:41:31+01;1439
2016-12-31 13:33:31+01;1429
2016-12-31 14:51:32+01;1409
2017-01-01 05:37:31+01;1469
2017-01-01 07:07:31+01;1449
2017-01-01 11:51:31+01;1429
2017-01-01 12:41:31+01;1449
2017-01-01 13:21:31+01;1439
2017-01-01 13:31:31+01;1429
2017-01-02 05:37:31+01;1489
2017-01-02 06:07:31+01;1439
2017-01-02 07:01:31+01;1429
2017-01-02 10:51:31+01;1409
2017-01-02 12:41:31+01;1429
2017-01-02 13:23:31+01;1419
2017-01-02 13:33:31+01;1409
2017-01-02 18:21:31+01;1389
2017-01-03 05:37:31+01;1449
2017-01-03 06:11:31+01;1429
2017-01-03 10:03:31+01;1389
2017-01-03 12:13:31+01;1379
2017-01-03 12:41:31+01;1399
2017-01-03 13:33:31+01;1379
2017-01-03 15:53:31+01;1369
2017-01-04 05:37:31+01;1429
2017-01-04 08:23:31+01;1399
2017-01-04 09:51:31+01;1389
2017-01-04 12:11:31+01;1379
2017-01-04 12:37:31+01;1399
2017-01-04 13:21:31+01;1389
2017-01-04 13:31:31+01;1379
2017-01-04 15:51:31+01;1369
2017-01-05 05:37:31+01;1429
2017-01-05 06:21:31+01;1399
2017-01-05 10:21:31+01;1379
2017-01-05 10:43:31+01;1369
2017-01-05 10:51:31+01;1359
2017-01-05 12:37:31+01;1379
2017-01-05 13:21:31+01;1369
2017-01-05 13:31:31+01;1359
2017-01-05 15:43:31+01;1359
2017-01-06 05:37:31+01;1419
2017-01-06 06:11:31+01;1389
2017-01-06 11:51:31+01;1379
2017-01-06 12:37:31+01;1399
2017-01-06 13:21:31+01;1389
2017-01-06 13:33:31+01;1379
2017-01-06 15:51:31+01;1369
2017-01-07 05:37:31+01;1429
2017-01-07 12:13:31+01;1399
2017-01-07 12:37:31+01;1419
2017-01-07 14:01:31+01;1399
2017-01-07 15:53:31+01;1379
2017-01-08 05:37:31+01;1439
2017-01-08 11:21:31+01;1379
2017-01-08 12:37:31+01;1399
2017-01-08 13:23:31+01;1379
2017-01-09 05:37:31+01;1439
2017-01-09 06:13:31+01;1409
2017-01-09 11:33:31+01;1389
2017-01-09 12:37:31+01;1409
2017-01-09 13:21:31+01;1399
2017-01-09 13:31:31+01;1389
2017-01-09 15:43:31+01;1369
2017-01-10 05:37:31+01;1429
2017-01-10 07:33:31+01;1399
2017-01-10 10:11:31+01;1389
2017-01-10 11:23:31+01;1389
2017-01-10 12:37:31+01;1409
2017-01-10 13:23:31+01;1399
2017-01-10 13:31:31+01;1389
2017-01-10 14:13:31+01;1379
2017-01-10 15:03:31+01;1359
2017-01-11 05:37:31+01;1439
2017-01-11 06:07:31+01;1429
2017-01-11 07:11:31+01;1399
2017-01-11 10:03:31+01;1399
2017-01-11 10:13:31+01;1379
2017-01-11 12:37:31+01;1399
2017-01-11 13:21:31+01;1389
2017-01-11 13:31:31+01;1379
2017-01-12 05:37:31+01;1439
2017-01-12 06:11:31+01;1409
2017-01-12 11:43:31+01;1389
2017-01-12 12:37:31+01;1409
2017-01-12 13:21:31+01;1399
2017-01-12 13:33:31+01;1389
2017-01-13 05:37:31+01;1459
2017-01-13 06:07:31+01;1449
2017-01-13 08:21:31+01;1419
2017-01-13 10:11:31+01;1389
2017-01-13 12:37:31+01;1409
2017-01-13 13:20:31+01;1399
2017-01-13 13:47:32+01;1389
2017-01-13 16:23:31+01;1379
2017-01-14 05:37:31+01;1449
2017-01-14 07:31:31+01;1439
2017-01-14 08:01:31+01;1409
2017-01-14 10:01:31+01;1389
2017-01-14 12:37:31+01;1409
2017-01-14 13:33:31+01;1389
2017-01-14 16:31:31+01;1379
2017-01-14 19:01:31+01;1369
2017-01-15 05:37:31+01;1439
2017-01-15 07:21:31+01;1429
2017-01-15 08:41:31+01;1399
2017-01-15 10:51:31+01;1379
2017-01-15 12:37:31+01;1399
2017-01-15 13:21:31+01;1389
2017-01-15 13:33:31+01;1379
2017-01-16 05:37:31+01;1439
2017-01-16 10:13:32+01;1379
2017-01-16 12:37:31+01;1399
2017-01-16 13:31:31+01;1379
2017-01-16 14:51:31+01;1379
2017-01-16 18:21:31+01;1369
2017-01-17 05:36:31+01;1429
2017-01-17 06:06:31+01;1429
2017-01-17 07:13:31+01;1399
2017-01-17 12:37:31+01;1419
2017-01-17 14:17:31+01;1399
2017-01-17 14:57:31+01;1389
2017-01-18 05:37:31+01;1449
2017-01-18 06:11:31+01;1449
2017-01-18 06:21:31+01;1409
2017-01-18 11:03:31+01;1399
2017-01-18 12:37:31+01;1419
2017-01-18 13:33:31+01;1399
2017-01-18 14:43:31+01;1389
2017-01-19 05:37:31+01;1449
2017-01-19 06:07:31+01;1419
2017-01-19 10:41:31+01;1399
2017-01-19 12:37:31+01;1419
2017-01-19 13:21:31+01;1409
2017-01-19 13:31:31+01;1399
2017-01-19 15:31:31+01;1389
2017-01-20 05:37:31+01;1449
2017-01-20 06:51:31+01;1409
2017-01-20 10:33:31+01;1399
2017-01-20 12:37:31+01;1419
2017-01-20 13:21:31+01;1409
2017-01-20 13:31:31+01;1399
2017-01-20 14:41:31+01;1329
2017-01-20 16:01:31+01;1329
2017-01-21 05:37:31+01;1419
2017-01-21 07:53:31+01;1419
2017-01-21 10:31:31+01;1389
2017-01-21 12:37:31+01;1409
2017-01-21 13:03:31+01;1409
2017-01-21 13:21:31+01;1399
2017-01-21 13:31:31+01;1389
2017-01-21 18:33:31+01;1379
2017-01-22 05:37:31+01;1439
2017-01-22 07:33:31+01;1439
2017-01-22 10:11:31+01;1379
2017-01-22 12:37:31+01;1399
2017-01-22 13:21:31+01;1389
2017-01-22 13:31:31+01;1379
2017-01-23 05:37:31+01;1449
2017-01-23 06:51:31+01;1379
2017-01-23 12:37:31+01;1399
2017-01-23 13:21:31+01;1389
2017-01-23 13:31:31+01;1379
2017-01-23 15:01:31+01;1369
2017-01-24 05:37:31+01;1439
2017-01-24 08:23:31+01;1399
2017-01-24 12:37:31+01;1419
2017-01-24 13:23:31+01;1409
2017-01-24 13:31:31+01;1399
2017-01-25 05:37:31+01;1459
2017-01-25 06:07:31+01;1439
2017-01-25 07:33:31+01;1429
2017-01-25 10:21:31+01;1389
2017-01-25 12:37:31+01;1409
2017-01-25 13:21:31+01;1399
2017-01-25 13:31:31+01;1389
2017-01-26 05:37:31+01;1449
2017-01-26 06:07:32+01;1389
2017-01-26 11:01:31+01;1389
2017-01-26 12:37:31+01;1409
2017-01-26 13:23:31+01;1399
2017-01-26 13:31:31+01;1389
2017-01-26 15:51:31+01;1379
2017-01-27 05:37:31+01;1449
2017-01-27 06:07:31+01;1439
2017-01-27 06:21:31+01;1409
2017-01-27 09:43:31+01;1399
2017-01-27 12:37:31+01;1419
2017-01-27 13:21:31+01;1409
2017-01-27 13:31:31+01;1399
2017-01-27 15:33:31+01;1389
2017-01-28 05:37:31+01;1449
2017-01-28 07:07:31+01;1439
2017-01-28 09:41:31+01;1409
2017-01-28 10:01:31+01;1389
2017-01-28 12:37:31+01;1409
2017-01-28 13:21:31+01;1399
2017-01-28 13:31:31+01;1389
2017-01-28 14:51:31+01;1379
2017-01-29 05:37:31+01;1439
2017-01-29 07:31:31+01;1439
2017-01-29 10:03:31+01;1409
2017-01-29 10:11:31+01;1389
2017-01-29 12:37:31+01;1409
2017-01-29 13:21:31+01;1399
2017-01-29 13:31:31+01;1389
2017-01-30 05:37:31+01;1449
2017-01-30 06:07:31+01;1429
2017-01-30 07:11:31+01;1409
2017-01-30 07:51:31+01;1389
2017-01-30 12:37:31+01;1409
2017-01-30 13:21:31+01;1399
2017-01-30 13:31:31+01;1389
2017-01-30 15:41:31+01;1379
2017-01-31 05:37:31+01;1449
2017-01-31 06:07:31+01;1439
2017-01-31 06:23:31+01;1409
2017-01-31 11:41:31+01;1379
2017-01-31 12:37:31+01;1399
2017-01-31 13:23:31+01;1389
2017-01-31 13:31:31+01;1379
2017-02-01 05:37:31+01;1449
2017-02-01 06:11:31+01;1409
2017-02-01 09:59:31+01;1399
2017-02-01 12:37:31+01;1419
2017-02-01 13:21:31+01;1409
2017-02-01 13:31:31+01;1399
2017-02-01 14:51:31+01;1389
2017-02-02 05:37:31+01;1459
2017-02-02 06:07:31+01;1439
2017-02-02 06:13:31+01;1419
2017-02-02 09:51:31+01;1389
2017-02-02 12:37:31+01;1409
2017-02-02 13:21:31+01;1399
2017-02-02 13:31:31+01;1389
2017-02-02 16:13:31+01;1379
2017-02-03 05:37:31+01;1449
2017-02-03 06:11:31+01;1409
2017-02-03 12:37:31+01;1429
2017-02-03 13:21:31+01;1419
2017-02-03 13:33:31+01;1409
2017-02-03 16:01:31+01;1389
2017-02-04 05:37:31+01;1459
2017-02-04 07:07:31+01;1389
2017-02-04 08:43:31+01;1389
2017-02-04 09:31:31+01;1389
2017-02-04 10:31:31+01;1389
2017-02-04 10:53:31+01;1389
2017-02-04 12:37:31+01;1409
2017-02-04 13:53:31+01;1389
2017-02-05 05:37:31+01;1459
2017-02-05 07:07:31+01;1439
2017-02-05 08:41:31+01;1419
2017-02-05 10:01:31+01;1379
2017-02-05 12:37:31+01;1399
2017-02-05 13:23:31+01;1389
2017-02-05 13:31:31+01;1379
2017-02-05 14:51:31+01;1369
2017-02-06 05:37:31+01;1439
2017-02-06 06:07:31+01;1419
2017-02-06 09:51:31+01;1399
2017-02-06 12:13:31+01;1379
2017-02-06 12:37:31+01;1399
2017-02-06 13:41:31+01;1379
2017-02-06 15:01:31+01;1369
2017-02-07 05:37:31+01;1429
2017-02-07 06:07:31+01;1429
2017-02-07 06:13:31+01;1399
2017-02-07 12:37:31+01;1419
2017-02-07 13:03:31+01;1399
2017-02-07 13:41:31+01;1379
2017-02-08 05:37:31+01;1449
2017-02-08 06:07:31+01;1439
2017-02-08 06:23:31+01;1409
2017-02-08 07:11:31+01;1409
2017-02-08 11:03:31+01;1369
2017-02-08 12:37:31+01;1389
2017-02-08 13:21:31+01;1379
2017-02-08 13:31:31+01;1369
2017-02-08 15:11:31+01;1359
2017-02-09 05:37:31+01;1419
2017-02-09 07:13:31+01;1389
2017-02-09 09:51:31+01;1359
2017-02-09 10:43:31+01;1359
2017-02-09 12:37:31+01;1379
2017-02-09 13:23:31+01;1369
2017-02-09 13:31:31+01;1359
2017-02-09 15:11:31+01;1349
2017-02-09 15:41:31+01;1349
2017-02-10 05:37:31+01;1419
2017-02-10 06:07:31+01;1419
2017-02-10 06:43:32+01;1379
2017-02-10 10:41:31+01;1359
2017-02-10 12:37:31+01;1379
2017-02-10 13:23:31+01;1369
2017-02-10 13:31:31+01;1359
2017-02-11 05:37:31+01;1419
2017-02-11 07:07:31+01;1359
2017-02-11 12:37:31+01;1379
2017-02-11 13:21:31+01;1369
2017-02-11 13:31:31+01;1359
2017-02-12 05:37:31+01;1419
2017-02-12 08:51:31+01;1399
2017-02-12 09:31:31+01;1369
2017-02-12 12:37:31+01;1389
2017-02-12 14:51:32+01;1349
2017-02-12 15:33:32+01;1349
2017-02-13 05:37:31+01;1419
2017-02-13 06:07:31+01;1399
2017-02-13 12:37:31+01;1419
2017-02-13 13:23:31+01;1409
2017-02-13 13:31:31+01;1399
2017-02-13 14:03:31+01;1389
2017-02-13 14:43:31+01;1379
2017-02-14 05:37:32+01;1439
2017-02-14 06:23:31+01;1409
2017-02-14 12:37:31+01;1429
2017-02-14 13:31:31+01;1419
2017-02-14 13:41:31+01;1409
2017-02-14 14:51:31+01;1399
2017-02-15 05:37:31+01;1449
2017-02-15 06:07:31+01;1439
2017-02-15 06:43:31+01;1439
2017-02-15 07:53:31+01;1429
2017-02-15 10:51:31+01;1419
2017-02-15 12:37:31+01;1439
2017-02-15 13:31:31+01;1419
2017-02-15 16:33:31+01;1399
2017-02-16 05:37:31+01;1459
2017-02-16 06:07:31+01;1449
2017-02-16 07:51:31+01;1429
2017-02-16 09:31:31+01;1399
2017-02-16 12:36:31+01;1419
2017-02-16 13:21:31+01;1409
2017-02-16 13:53:31+01;1399
2017-02-17 05:37:31+01;1459
2017-02-17 06:07:31+01;1449
2017-02-17 06:21:31+01;1429
2017-02-17 10:01:31+01;1379
2017-02-17 12:37:31+01;1399
2017-02-17 13:31:31+01;1389
2017-02-17 13:41:31+01;1379
2017-02-17 15:21:31+01;1369
2017-02-18 05:37:31+01;1439
2017-02-18 08:12:31+01;1409
2017-02-18 10:01:31+01;1369
2017-02-18 12:37:31+01;1389
2017-02-18 13:21:31+01;1379
2017-02-18 13:41:31+01;1369
2017-02-18 15:11:31+01;1359
2017-02-19 05:37:31+01;1439
2017-02-19 08:43:31+01;1389
2017-02-19 10:11:31+01;1349
2017-02-19 12:37:31+01;1369
2017-02-19 13:21:31+01;1359
2017-02-19 13:53:31+01;1349
2017-02-20 05:37:31+01;1429
2017-02-20 07:43:31+01;1389
2017-02-20 09:30:31+01;1389
2017-02-20 09:53:31+01;1369
2017-02-20 15:33:31+01;1359
2017-02-21 05:37:31+01;1439
2017-02-21 07:13:31+01;1389
2017-02-21 10:11:31+01;1359
2017-02-21 12:37:31+01;1379
2017-02-21 13:21:31+01;1369
2017-02-21 13:51:31+01;1359
2017-02-21 14:41:31+01;1349
2017-02-21 14:51:31+01;1349
2017-02-22 05:37:31+01;1439
2017-02-22 06:11:31+01;1379
2017-02-22 12:37:31+01;1399
2017-02-22 13:21:31+01;1389
2017-02-22 13:41:31+01;1379
2017-02-22 14:21:31+01;1369
2017-02-22 15:21:31+01;1359
2017-02-23 05:37:31+01;1449
2017-02-23 06:11:31+01;1389
2017-02-23 12:37:31+01;1409
2017-02-23 17:49:31+01;1359
2017-02-24 05:37:31+01;1439
2017-02-24 12:37:31+01;1459
2017-02-24 17:47:31+01;1359
2017-02-25 05:37:31+01;1449
2017-02-25 08:53:31+01;1429
2017-02-25 09:33:31+01;1389
2017-02-25 10:11:32+01;1369
2017-02-25 12:37:31+01;1389
2017-02-25 13:53:31+01;1379
2017-02-26 05:37:31+01;1449
2017-02-26 08:31:31+01;1439
2017-02-26 09:53:32+01;1369
2017-02-26 12:38:31+01;1389
2017-02-27 05:37:32+01;1449
2017-02-27 08:25:31+01;1439
2017-02-27 12:37:31+01;1459
2017-02-27 14:15:31+01;1429
2017-02-28 05:37:31+01;1459
2017-02-28 07:21:31+01;1449
2017-02-28 09:51:31+01;1409
2017-02-28 12:37:31+01;1429
2017-02-28 13:07:31+01;1409
2017-02-28 15:23:31+01;1349
2017-03-01 05:37:31+01;1429
2017-03-01 06:07:31+01;1419
2017-03-01 06:43:31+01;1379
2017-03-01 10:51:31+01;1359
2017-03-01 12:37:31+01;1379
2017-03-01 13:41:31+01;1359
2017-03-01 15:01:31+01;1349
2017-03-01 17:11:31+01;1339
2017-03-02 05:37:31+01;1429
2017-03-02 06:07:31+01;1419
2017-03-02 08:13:31+01;1369
2017-03-02 09:51:32+01;1349
2017-03-02 12:37:31+01;1369
2017-03-02 13:21:31+01;1359
2017-03-02 13:53:31+01;1349
2017-03-02 15:01:31+01;1339
2017-03-03 05:37:31+01;1429
2017-03-03 06:07:31+01;1419
2017-03-03 12:37:31+01;1439
2017-03-03 13:41:31+01;1419
2017-03-03 14:23:31+01;1349
2017-03-03 14:51:31+01;1349
2017-03-03 18:11:31+01;1349
2017-03-04 05:37:31+01;1439
2017-03-04 07:07:31+01;1429
2017-03-04 08:11:31+01;1389
2017-03-04 11:01:31+01;1379
2017-03-04 11:31:31+01;1369
2017-03-04 12:37:31+01;1389
2017-03-04 13:21:31+01;1379
2017-03-04 13:51:31+01;1369
2017-03-04 15:21:31+01;1369
2017-03-04 16:21:31+01;1369
2017-03-05 05:37:31+01;1449
2017-03-05 07:07:31+01;1439
2017-03-05 08:31:31+01;1409
2017-03-05 11:21:31+01;1389
2017-03-05 12:37:31+01;1409
2017-03-05 13:43:31+01;1399
2017-03-05 13:53:31+01;1389
2017-03-05 15:51:31+01;1379
2017-03-06 05:37:31+01;1449
2017-03-06 06:07:31+01;1409
2017-03-06 09:23:31+01;1379
2017-03-06 12:37:31+01;1399
2017-03-06 13:41:31+01;1389
2017-03-06 13:53:32+01;1379
2017-03-06 15:11:31+01;1369
2017-03-07 05:37:31+01;1459
2017-03-07 06:07:31+01;1439
2017-03-07 06:21:31+01;1429
2017-03-07 06:43:31+01;1429
2017-03-07 08:21:31+01;1429
2017-03-07 09:13:31+01;1379
2017-03-07 12:37:31+01;1399
2017-03-07 13:31:31+01;1389
2017-03-07 13:41:31+01;1379
2017-03-08 05:37:31+01;1459
2017-03-08 06:07:31+01;1409
2017-03-08 10:21:31+01;1399
2017-03-08 12:37:31+01;1419
2017-03-08 13:31:32+01;1409
2017-03-08 13:51:31+01;1399
2017-03-08 17:03:31+01;1379
2017-03-09 05:37:31+01;1439
2017-03-09 06:07:31+01;1429
2017-03-09 08:23:31+01;1429
2017-03-09 09:51:31+01;1389
2017-03-09 12:37:31+01;1409
2017-03-09 13:31:31+01;1399
2017-03-09 13:51:31+01;1389
2017-03-09 15:21:31+01;1379
2017-03-09 15:31:31+01;1379
2017-03-10 05:37:31+01;1439
2017-03-10 06:07:31+01;1429
2017-03-10 06:53:31+01;1429
2017-03-10 07:51:31+01;1409
2017-03-10 10:11:31+01;1389
2017-03-10 12:37:31+01;1409
2017-03-10 13:31:31+01;1399
2017-03-10 13:51:31+01;1389
2017-03-10 14:53:31+01;1369
2017-03-11 05:37:31+01;1449
2017-03-11 07:07:31+01;1429
2017-03-11 08:21:31+01;1379
2017-03-11 12:37:31+01;1399
2017-03-11 13:21:31+01;1389
2017-03-11 13:41:31+01;1379
2017-03-11 16:11:31+01;1369
2017-03-11 17:21:31+01;1359
2017-03-12 05:36:31+01;1429
2017-03-12 07:23:31+01;1419
2017-03-12 10:01:31+01;1399
2017-03-12 11:51:31+01;1359
2017-03-12 12:37:31+01;1379
2017-03-12 13:33:31+01;1369
2017-03-12 13:51:31+01;1359
2017-03-12 15:11:31+01;1349
2017-03-13 05:37:31+01;1419
2017-03-13 06:07:32+01;1419
2017-03-13 11:51:31+01;1389
2017-03-13 12:37:31+01;1409
2017-03-13 13:03:31+01;1409
2017-03-13 13:33:31+01;1399
2017-03-13 13:51:31+01;1389
2017-03-13 14:21:31+01;1369
2017-03-13 15:11:31+01;1349
2017-03-14 05:37:31+01;1429
2017-03-14 06:11:31+01;1429
2017-03-14 07:31:31+01;1349
2017-03-14 11:21:31+01;1339
2017-03-14 12:37:31+01;1369
2017-03-14 13:03:31+01;1369
2017-03-14 13:30:31+01;1339
2017-03-14 15:11:31+01;1329
2017-03-15 05:37:31+01;1419
2017-03-15 06:11:31+01;1419
2017-03-15 06:21:31+01;1409
2017-03-15 11:13:31+01;1349
2017-03-15 12:37:31+01;1379
2017-03-15 13:03:31+01;1379
2017-03-15 13:13:31+01;1379
2017-03-15 13:33:32+01;1359
2017-03-15 13:51:31+01;1349
2017-03-16 05:36:31+01;1429
2017-03-16 06:11:31+01;1379
2017-03-16 09:41:31+01;1359
2017-03-16 12:41:31+01;1389
2017-03-16 13:31:31+01;1369
2017-03-16 13:51:31+01;1359
2017-03-17 05:37:31+01;1429
2017-03-17 06:11:31+01;1379
2017-03-17 12:40:31+01;1409
2017-03-17 13:31:31+01;1389
2017-03-17 13:41:31+01;1379
2017-03-17 14:51:31+01;1359
2017-03-17 18:41:31+01;1359
2017-03-18 05:36:31+01;1419
2017-03-18 07:06:31+01;1399
2017-03-18 08:20:31+01;1379
2017-03-18 12:20:31+01;1359
2017-03-18 12:41:31+01;1389
2017-03-18 13:30:31+01;1389
2017-03-18 13:51:31+01;1379
2017-03-18 16:02:31+01;1359
2017-03-19 05:37:31+01;1429
2017-03-19 07:07:31+01;1359
2017-03-19 07:30:31+01;1359
2017-03-19 10:11:31+01;1359
2017-03-19 12:41:31+01;1389
2017-03-19 13:31:31+01;1379
2017-03-19 13:50:31+01;1369
2017-03-19 14:41:31+01;1359
2017-03-20 05:37:31+01;1419
2017-03-20 06:07:31+01;1409
2017-03-20 06:20:31+01;1409
2017-03-20 10:51:31+01;1359
2017-03-20 12:41:31+01;1389
2017-03-20 13:33:31+01;1369
2017-03-20 13:41:31+01;1359
2017-03-21 05:36:31+01;1419
2017-03-21 06:06:31+01;1399
2017-03-21 06:33:31+01;1389
2017-03-21 12:40:31+01;1419
2017-03-21 13:21:31+01;1399
2017-03-21 13:41:31+01;1389
2017-03-21 15:01:31+01;1369
2017-03-22 05:36:31+01;1419
2017-03-22 06:07:31+01;1399
2017-03-22 06:22:31+01;1399
2017-03-22 12:41:31+01;1429
2017-03-22 13:21:31+01;1419
2017-03-22 13:51:31+01;1399
2017-03-22 15:11:31+01;1389
2017-03-22 16:41:31+01;1369
2017-03-23 05:37:31+01;1429
2017-03-23 06:06:31+01;1399
2017-03-23 07:13:31+01;1399
2017-03-23 12:40:31+01;1429
2017-03-23 13:16:31+01;1419
2017-03-23 13:30:31+01;1419
2017-03-23 14:02:31+01;1399
2017-03-23 15:00:31+01;1389
2017-03-23 15:43:31+01;1379
2017-03-23 16:41:31+01;1359
2017-03-24 05:36:31+01;1419
2017-03-24 06:07:31+01;1399
2017-03-24 10:21:31+01;1379
2017-03-24 12:40:31+01;1409
2017-03-24 13:43:31+01;1379
2017-03-24 15:01:31+01;1369
2017-03-25 05:36:31+01;1419
2017-03-25 07:06:31+01;1389
2017-03-25 09:11:31+01;1379
2017-03-25 10:21:31+01;1369
2017-03-25 12:41:31+01;1399
2017-03-25 13:41:31+01;1369
2017-03-25 15:01:31+01;1349
2017-03-25 16:31:31+01;1339
2017-03-26 05:36:31+02;1419
2017-03-26 07:07:31+02;1399
2017-03-26 10:11:31+02;1399
2017-03-26 11:00:31+02;1339
2017-03-26 12:41:31+02;1369
2017-03-26 13:16:31+02;1339
2017-03-27 05:36:31+02;1399
2017-03-27 09:11:32+02;1359
2017-03-27 12:03:31+02;1339
2017-03-27 12:41:31+02;1369
2017-03-27 13:41:31+02;1349
2017-03-27 13:50:31+02;1339
2017-03-28 05:37:31+02;1399
2017-03-28 07:30:31+02;1359
2017-03-28 11:52:31+02;1339
2017-03-28 12:41:31+02;1369
2017-03-28 13:40:31+02;1339
2017-03-28 15:10:31+02;1329
2017-03-29 05:36:31+02;1389
2017-03-29 06:11:31+02;1349
2017-03-29 12:41:31+02;1379
2017-03-29 13:30:31+02;1379
2017-03-29 13:40:31+02;1349
2017-03-29 16:51:31+02;1339
2017-03-30 05:37:31+02;1399
2017-03-30 06:11:31+02;1359
2017-03-30 12:11:31+02;1339
2017-03-30 12:41:31+02;1369
2017-03-30 13:40:31+02;1349
2017-03-30 13:51:31+02;1339
2017-03-30 15:00:32+02;1329
2017-03-31 05:36:31+02;1389
2017-03-31 09:30:31+02;1339
2017-03-31 09:40:31+02;1339
2017-03-31 12:40:31+02;1369
2017-03-31 13:40:31+02;1339
2017-03-31 13:50:31+02;1339
2017-03-31 14:50:31+02;1329
2017-04-01 05:30:31+02;1329
2017-04-01 05:43:31+02;1389
2017-04-01 08:41:31+02;1359
2017-04-01 09:23:31+02;1329
2017-04-01 12:41:31+02;1359
2017-04-01 13:40:31+02;1339
2017-04-01 13:51:31+02;1329
2017-04-02 05:37:32+02;1399
2017-04-02 07:07:31+02;1399
2017-04-02 09:50:31+02;1329
2017-04-02 12:41:32+02;1359
2017-04-02 13:40:31+02;1339
2017-04-02 13:51:31+02;1329
2017-04-03 05:36:31+02;1399
2017-04-03 06:06:31+02;1399
2017-04-03 12:11:31+02;1379
2017-04-03 12:41:31+02;1409
2017-04-03 13:40:31+02;1389
2017-04-03 13:51:31+02;1379
2017-04-03 14:00:32+02;1379
2017-04-03 15:03:31+02;1359
2017-04-03 18:11:31+02;1349
2017-04-04 05:36:31+02;1409
2017-04-04 08:22:31+02;1379
2017-04-04 09:40:31+02;1339
2017-04-04 12:46:31+02;1369
2017-04-04 13:30:31+02;1349
2017-04-04 13:50:31+02;1339
2017-04-04 15:11:31+02;1329
2017-04-05 05:36:31+02;1409
2017-04-05 08:11:31+02;1359
2017-04-05 09:50:31+02;1329
2017-04-05 12:47:31+02;1359
2017-04-05 13:40:31+02;1339
2017-04-05 13:53:31+02;1329
2017-04-05 17:53:31+02;1329
2017-04-05 18:00:31+02;1319
2017-04-06 05:37:31+02;1419
2017-04-06 06:11:31+02;1359
2017-04-06 09:20:31+02;1329
2017-04-06 09:40:31+02;1319
2017-04-06 12:47:31+02;1349
2017-04-06 13:30:32+02;1329
2017-04-06 13:42:31+02;1319
2017-04-07 05:37:31+02;1439
2017-04-07 06:11:31+02;1349
2017-04-07 09:50:32+02;1339
2017-04-07 12:47:31+02;1369
2017-04-07 13:41:31+02;1339
2017-04-07 15:11:31+02;1329
2017-04-08 05:37:31+02;1439
2017-04-08 07:07:31+02;1419
2017-04-08 08:41:31+02;1359
2017-04-08 09:50:31+02;1329
2017-04-08 12:47:31+02;1359
2017-04-08 13:41:31+02;1329
2017-04-08 15:13:31+02;1329
2017-04-09 05:37:31+02;1439
2017-04-09 07:07:31+02;1419
2017-04-09 09:03:31+02;1339
2017-04-09 10:51:31+02;1329
2017-04-09 12:20:31+02;1329
2017-04-09 12:47:31+02;1359
2017-04-09 13:40:31+02;1339
2017-04-09 13:51:31+02;1329
2017-04-10 05:36:31+02;1439
2017-04-10 06:07:31+02;1419
2017-04-10 06:40:31+02;1359
2017-04-10 09:20:31+02;1349
2017-04-10 09:30:31+02;1329
2017-04-10 12:47:31+02;1359
2017-04-10 13:40:31+02;1329
2017-04-10 14:30:31+02;1329
2017-04-11 05:36:31+02;1429
2017-04-11 06:07:31+02;1419
2017-04-11 07:40:31+02;1359
2017-04-11 10:10:31+02;1349
2017-04-11 12:46:31+02;1379
2017-04-11 13:40:31+02;1349
2017-04-11 13:50:31+02;1349
2017-04-11 15:11:31+02;1339
2017-04-12 05:38:32+02;1429
2017-04-12 06:20:31+02;1369
2017-04-12 09:40:31+02;1359
2017-04-12 10:20:31+02;1349
2017-04-12 12:47:31+02;1379
2017-04-12 13:40:31+02;1349
2017-04-12 15:13:31+02;1339
2017-04-13 05:37:31+02;1439
2017-04-13 06:07:31+02;1429
2017-04-13 09:53:31+02;1359
2017-04-13 12:46:31+02;1389
2017-04-13 13:40:31+02;1369
2017-04-13 13:50:31+02;1359
2017-04-13 15:11:31+02;1349
2017-04-13 15:20:31+02;1349
2017-04-14 05:36:31+02;1439
2017-04-14 08:50:31+02;1379
2017-04-14 12:10:31+02;1369
2017-04-14 12:47:31+02;1399
2017-04-14 13:41:31+02;1379
2017-04-14 13:51:31+02;1369
2017-04-15 05:36:31+02;1439
2017-04-15 08:11:31+02;1379
2017-04-15 10:11:31+02;1369
2017-04-15 12:47:31+02;1399
2017-04-15 13:40:31+02;1379
2017-04-15 13:51:31+02;1369
2017-04-16 05:37:31+02;1429
2017-04-16 07:07:32+02;1429
2017-04-16 09:40:31+02;1359
2017-04-16 12:47:31+02;1389
2017-04-16 13:41:31+02;1369
2017-04-16 13:51:31+02;1359
2017-04-17 05:37:31+02;1439
2017-04-17 10:12:31+02;1359
2017-04-17 12:46:31+02;1389
2017-04-17 13:41:31+02;1369
2017-04-17 13:53:31+02;1359
2017-04-18 05:37:31+02;1439
2017-04-18 07:23:31+02;1429
2017-04-18 09:41:31+02;1379
2017-04-18 12:47:31+02;1409
2017-04-18 13:40:31+02;1379
2017-04-18 15:20:31+02;1369
2017-04-19 05:36:32+02;1439
2017-04-19 06:21:31+02;1399
2017-04-19 12:20:32+02;1379
2017-04-19 12:47:31+02;1409
2017-04-19 13:31:31+02;1399
2017-04-19 16:19:31+02;1379
2017-04-20 05:37:31+02;1439
2017-04-20 06:21:31+02;1409
2017-04-20 06:33:31+02;1379
2017-04-20 12:47:31+02;1409
2017-04-20 13:40:31+02;1389
2017-04-20 13:51:31+02;1379
2017-04-20 15:10:32+02;1379
2017-04-20 15:20:31+02;1359
2017-04-20 15:41:31+02;1349
2017-04-20 19:56:24+02;1349
2017-04-21 05:37:31+02;1439
2017-04-21 06:33:31+02;1379
2017-04-21 09:41:31+02;1349
2017-04-21 12:47:31+02;1379
2017-04-21 13:41:31+02;1349
2017-04-21 14:30:31+02;1339
2017-04-22 05:37:31+02;1439
2017-04-22 07:06:31+02;1429
2017-04-22 08:33:31+02;1419
2017-04-22 09:11:31+02;1359
2017-04-22 12:47:31+02;1389
2017-04-22 13:17:31+02;1389
2017-04-22 13:42:31+02;1369
2017-04-22 13:51:31+02;1359
2017-04-23 05:36:31+02;1439
2017-04-23 08:41:31+02;1369
2017-04-23 09:51:31+02;1359
2017-04-23 12:47:31+02;1389
2017-04-23 13:41:31+02;1369
2017-04-23 13:50:31+02;1359
2017-04-24 05:37:31+02;1439
2017-04-24 08:51:31+02;1429
2017-04-24 09:52:31+02;1359
2017-04-24 12:47:31+02;1389
2017-04-24 13:41:31+02;1359
2017-04-25 05:37:31+02;1439
2017-04-25 06:40:31+02;1429
2017-04-25 07:00:31+02;1389
2017-04-25 09:41:31+02;1359
2017-04-25 12:47:31+02;1389
2017-04-25 13:40:31+02;1369
2017-04-25 14:00:31+02;1359
2017-04-26 05:37:31+02;1429
2017-04-26 09:51:31+02;1349
2017-04-26 12:47:31+02;1379
2017-04-26 13:40:31+02;1359
2017-04-26 13:50:31+02;1349
2017-04-26 14:43:31+02;1339
2017-04-27 05:36:31+02;1429
2017-04-27 06:50:31+02;1419
2017-04-27 10:00:31+02;1339
2017-04-27 12:47:31+02;1369
2017-04-27 13:41:31+02;1339
2017-04-27 14:50:31+02;1329
2017-04-28 05:37:31+02;1399
2017-04-28 06:33:31+02;1399
2017-04-28 07:40:31+02;1359
2017-04-28 09:10:31+02;1349
2017-04-28 09:20:31+02;1349
2017-04-28 10:50:31+02;1339
2017-04-28 12:47:31+02;1369
2017-04-28 13:40:31+02;1339
2017-04-28 14:20:31+02;1339
2017-04-29 05:37:31+02;1419
2017-04-29 07:21:31+02;1399
2017-04-29 09:30:31+02;1339
2017-04-29 09:41:31+02;1339
2017-04-29 12:47:31+02;1359
2017-04-29 13:41:31+02;1349
2017-04-29 14:01:31+02;1339
2017-04-29 17:07:31+02;1359
2017-04-29 17:51:31+02;1339
2017-04-30 05:36:31+02;1399
2017-04-30 07:21:31+02;1399
2017-04-30 08:41:31+02;1369
2017-04-30 09:51:31+02;1349
2017-04-30 12:47:31+02;1379
2017-04-30 13:41:31+02;1359
2017-04-30 13:51:31+02;1349
2017-04-30 14:41:31+02;1339
2017-04-30 17:07:31+02;1359
2017-04-30 17:51:31+02;1339
2017-05-01 05:36:31+02;1399
2017-05-01 06:42:31+02;1399
2017-05-01 08:41:31+02;1399
2017-05-01 11:23:31+02;1369
2017-05-01 12:47:31+02;1399
2017-05-01 13:30:31+02;1369
2017-05-01 15:00:31+02;1339
2017-05-01 17:06:31+02;1359
2017-05-01 17:50:31+02;1339
2017-05-02 05:36:31+02;1409
2017-05-02 06:40:31+02;1399
2017-05-02 09:50:31+02;1399
2017-05-02 12:47:31+02;1429
2017-05-02 13:22:31+02;1389
2017-05-02 13:41:31+02;1389
2017-05-02 13:51:31+02;1389
2017-05-02 14:41:31+02;1349
2017-05-02 17:06:31+02;1369
2017-05-02 18:21:31+02;1349
2017-05-02 18:40:31+02;1339
2017-05-03 05:36:31+02;1399
2017-05-03 07:50:31+02;1369
2017-05-03 09:50:31+02;1349
2017-05-03 12:46:31+02;1379
2017-05-03 13:41:31+02;1349
2017-05-03 14:20:31+02;1349
2017-05-03 14:30:31+02;1339
2017-05-03 17:07:31+02;1359
2017-05-03 17:37:31+02;1339
2017-05-04 05:36:31+02;1399
2017-05-04 06:20:31+02;1389
2017-05-04 09:51:31+02;1339
2017-05-04 12:47:31+02;1369
2017-05-04 13:40:31+02;1339
2017-05-04 14:50:31+02;1329
2017-05-04 17:07:32+02;1349
2017-05-05 05:37:31+02;1409
2017-05-05 06:11:31+02;1389
2017-05-05 10:11:31+02;1329
2017-05-05 12:47:31+02;1359
2017-05-05 13:33:31+02;1339
2017-05-05 13:46:31+02;1329
2017-05-05 14:50:31+02;1319
2017-05-05 17:07:31+02;1339
2017-05-06 05:37:31+02;1399
2017-05-06 07:07:32+02;1389
2017-05-06 08:10:31+02;1389
2017-05-06 09:41:31+02;1379
2017-05-06 10:01:31+02;1319
2017-05-06 12:47:31+02;1349
2017-05-06 13:40:32+02;1329
2017-05-06 14:01:31+02;1319
2017-05-06 14:51:31+02;1309
2017-05-06 17:07:31+02;1329
2017-05-06 19:51:31+02;1309
2017-05-07 05:36:31+02;1389
2017-05-07 07:10:31+02;1379
2017-05-07 08:51:31+02;1339
2017-05-07 09:51:31+02;1319
2017-05-07 11:40:31+02;1319
2017-05-07 12:47:31+02;1349
2017-05-07 13:40:31+02;1329
2017-05-07 13:51:31+02;1319
2017-05-07 17:07:31+02;1339
2017-05-07 17:51:31+02;1319
2017-05-08 05:37:31+02;1389
2017-05-08 06:20:31+02;1379
2017-05-08 09:40:31+02;1339
2017-05-08 10:06:31+02;1339
2017-05-08 11:52:31+02;1329
2017-05-08 12:00:31+02;1329
2017-05-08 12:47:31+02;1359
2017-05-08 13:40:31+02;1339
2017-05-08 13:51:31+02;1329
2017-05-08 17:06:31+02;1349
2017-05-08 17:51:31+02;1339
2017-05-08 18:10:31+02;1329
2017-05-09 05:36:31+02;1389
2017-05-09 07:30:31+02;1359
2017-05-09 09:21:31+02;1329
2017-05-09 12:47:32+02;1359
2017-05-09 13:40:31+02;1339
2017-05-09 13:52:31+02;1329
2017-05-09 17:06:31+02;1349
2017-05-09 17:50:31+02;1339
2017-05-09 18:11:31+02;1329
2017-05-10 05:36:31+02;1399
2017-05-10 06:07:31+02;1389
2017-05-10 07:11:31+02;1359
2017-05-10 12:46:31+02;1389
2017-05-10 13:41:31+02;1369
2017-05-10 13:51:31+02;1359
2017-05-10 16:00:31+02;1349
2017-05-10 17:07:31+02;1369
2017-05-10 17:50:31+02;1359
2017-05-10 18:00:31+02;1349
2017-05-11 05:37:31+02;1409
2017-05-11 06:07:31+02;1389
2017-05-11 12:47:31+02;1419
2017-05-11 13:23:31+02;1419
2017-05-11 13:41:31+02;1389
2017-05-11 14:41:31+02;1359
2017-05-11 17:07:31+02;1379
2017-05-11 17:53:31+02;1369
2017-05-11 18:11:31+02;1359
2017-05-12 05:36:31+02;1419
2017-05-12 06:06:31+02;1389
2017-05-12 12:46:31+02;1419
2017-05-12 13:30:31+02;1399
2017-05-12 13:50:31+02;1389
2017-05-12 15:11:31+02;1339
2017-05-12 17:06:31+02;1359
2017-05-12 17:51:31+02;1349
2017-05-12 18:10:31+02;1339
2017-05-13 05:37:31+02;1399
2017-05-13 09:21:31+02;1349
2017-05-13 11:41:31+02;1329
2017-05-13 12:47:31+02;1359
2017-05-13 13:40:31+02;1339
2017-05-13 13:51:31+02;1329
2017-05-13 17:07:31+02;1349
2017-05-13 17:50:31+02;1339
2017-05-13 18:11:31+02;1329
2017-05-14 05:37:31+02;1389
2017-05-14 09:41:31+02;1329
2017-05-14 12:47:31+02;1359
2017-05-14 13:23:31+02;1359
2017-05-14 13:30:31+02;1339
2017-05-14 13:51:31+02;1329
2017-05-14 15:01:31+02;1329
2017-05-14 17:07:31+02;1349
2017-05-14 17:51:31+02;1339
2017-05-14 18:13:31+02;1329
2017-05-15 05:37:31+02;1389
2017-05-15 06:33:31+02;1379
2017-05-15 09:21:31+02;1359
2017-05-15 12:47:31+02;1389
2017-05-15 13:40:31+02;1359
2017-05-15 14:32:31+02;1349
2017-05-15 17:07:31+02;1369
2017-05-15 18:01:31+02;1369
2017-05-15 18:20:31+02;1359
2017-05-16 05:36:31+02;1419
2017-05-16 06:06:31+02;1409
2017-05-16 06:40:31+02;1379
2017-05-16 09:51:31+02;1359
2017-05-16 12:47:31+02;1389
2017-05-16 13:40:32+02;1339
2017-05-16 17:06:31+02;1359
2017-05-16 17:51:31+02;1349
2017-05-16 18:00:31+02;1339
2017-05-17 05:36:31+02;1399
2017-05-17 06:06:31+02;1399
2017-05-17 06:33:31+02;1339
2017-05-17 12:46:31+02;1369
2017-05-17 13:43:31+02;1339
2017-05-17 15:20:31+02;1319
2017-05-17 17:06:31+02;1339
2017-05-17 17:40:31+02;1319
2017-05-18 05:37:31+02;1389
2017-05-18 06:11:31+02;1359
2017-05-18 10:00:31+02;1319
2017-05-18 12:47:31+02;1349
2017-05-18 13:30:31+02;1319
2017-05-18 17:07:31+02;1339
2017-05-18 17:51:31+02;1329
2017-05-18 18:00:31+02;1319
2017-05-19 05:36:31+02;1389
2017-05-19 06:50:31+02;1359
2017-05-19 09:20:31+02;1339
2017-05-19 11:33:31+02;1329
2017-05-19 12:47:31+02;1359
2017-05-19 13:23:31+02;1329
2017-05-19 17:07:31+02;1349
2017-05-19 17:23:31+02;1329
2017-05-20 05:36:31+02;1399
2017-05-20 08:33:31+02;1359
2017-05-20 09:21:31+02;1329
2017-05-20 09:30:31+02;1329
2017-05-20 12:47:31+02;1359
2017-05-20 13:41:31+02;1339
2017-05-20 13:50:31+02;1329
2017-05-20 14:21:31+02;1319
2017-05-20 17:07:31+02;1339
2017-05-20 18:00:31+02;1329
2017-05-20 18:11:31+02;1319
2017-05-20 19:43:31+02;1309
2017-05-20 20:21:31+02;1309
2017-05-21 05:36:31+02;1389
2017-05-21 10:01:31+02;1339
2017-05-21 12:47:31+02;1369
2017-05-21 13:41:31+02;1349
2017-05-21 13:53:31+02;1339
2017-05-21 15:30:31+02;1329
2017-05-21 17:07:31+02;1349
2017-05-21 17:41:31+02;1329
2017-05-22 05:37:31+02;1389
2017-05-22 09:41:31+02;1329
2017-05-22 10:00:31+02;1329
2017-05-22 12:47:31+02;1359
2017-05-22 13:40:31+02;1339
2017-05-22 13:52:31+02;1329
2017-05-22 17:06:31+02;1349
2017-05-22 18:00:31+02;1339
2017-05-22 18:21:31+02;1329
2017-05-23 05:37:31+02;1399
2017-05-23 08:10:31+02;1359
2017-05-23 09:20:31+02;1329
2017-05-23 10:11:31+02;1329
2017-05-23 12:47:31+02;1359
2017-05-23 13:30:31+02;1329
2017-05-23 14:31:31+02;1319
2017-05-23 15:31:31+02;1319
2017-05-23 17:07:31+02;1339
2017-05-23 18:00:31+02;1329
2017-05-23 18:11:31+02;1319
2017-05-24 05:37:31+02;1399
2017-05-24 07:50:31+02;1349
2017-05-24 09:51:31+02;1339
2017-05-24 10:10:31+02;1339
2017-05-24 12:47:19+02;1369
2017-05-24 13:40:06+02;1339
2017-05-24 15:01:06+02;1329
2017-05-24 17:07:05+02;1349
2017-05-24 18:03:06+02;1329
2017-05-25 05:36:19+02;1399
2017-05-25 08:41:06+02;1329
2017-05-25 12:47:05+02;1359
2017-05-25 13:30:07+02;1329
2017-05-25 17:07:06+02;1349
2017-05-25 17:50:06+02;1329
2017-05-26 05:37:06+02;1399
2017-05-26 06:50:06+02;1339
2017-05-26 11:20:06+02;1329
2017-05-26 12:47:16+02;1359
2017-05-26 13:40:10+02;1339
2017-05-26 13:52:11+02;1329
2017-05-26 17:07:06+02;1349
2017-05-26 17:41:05+02;1329
2017-05-27 05:37:06+02;1399
2017-05-27 09:11:06+02;1379
2017-05-27 09:51:06+02;1359
2017-05-27 12:47:06+02;1389
2017-05-27 13:43:05+02;1359
2017-05-27 16:00:06+02;1349
2017-05-27 17:07:05+02;1369
2017-05-27 18:01:06+02;1359
2017-05-27 18:11:06+02;1349
2017-05-28 05:36:10+02;1399
2017-05-28 11:11:05+02;1389
2017-05-28 12:47:05+02;1419
2017-05-28 13:41:06+02;1389
2017-05-28 17:07:06+02;1409
2017-05-28 18:01:06+02;1399
2017-05-28 18:11:06+02;1389
2017-05-29 05:37:06+02;1439
2017-05-29 06:06:06+02;1409
2017-05-29 06:51:06+02;1399
2017-05-29 09:51:06+02;1389
2017-05-29 12:47:06+02;1419
2017-05-29 13:42:06+02;1399
2017-05-29 13:50:08+02;1389
2017-05-29 14:20:06+02;1369
2017-05-29 16:22:06+02;1369
2017-05-29 17:07:06+02;1389
2017-05-29 18:00:06+02;1379
2017-05-29 18:11:06+02;1369
2017-05-30 05:36:06+02;1429
2017-05-30 06:06:06+02;1409
2017-05-30 08:40:06+02;1379
2017-05-30 09:20:06+02;1359
2017-05-30 12:47:06+02;1389
2017-05-30 13:40:07+02;1369
2017-05-30 14:00:06+02;1359
2017-05-30 14:30:07+02;1349
2017-05-30 17:07:06+02;1369
2017-05-30 17:41:06+02;1349
2017-05-31 05:36:06+02;1409
2017-05-31 06:33:06+02;1379
2017-05-31 08:41:06+02;1359
2017-05-31 13:00:08+02;1389
2017-05-31 13:38:06+02;1359
2017-05-31 14:30:07+02;1349
2017-05-31 17:07:06+02;1369
2017-05-31 17:40:21+02;1349
2017-06-01 05:37:05+02;1419
2017-06-01 06:07:05+02;1409
2017-06-01 06:51:06+02;1409
2017-06-01 07:21:06+02;1389
2017-06-01 09:40:06+02;1329
2017-06-01 12:46:07+02;1359
2017-06-01 13:40:06+02;1339
2017-06-01 13:50:06+02;1329
2017-06-01 17:07:05+02;1349
2017-06-01 17:50:06+02;1339
2017-06-01 18:00:07+02;1329
2017-06-02 05:36:06+02;1399
2017-06-02 06:51:05+02;1399
2017-06-02 07:40:06+02;1389
2017-06-02 09:21:06+02;1329
2017-06-02 12:47:05+02;1359
2017-06-02 13:27:06+02;1349
2017-06-02 13:41:06+02;1339
2017-06-02 13:51:06+02;1329
2017-06-02 15:00:06+02;1319
2017-06-02 17:07:06+02;1339
2017-06-02 17:51:06+02;1329
2017-06-02 18:01:06+02;1329
2017-06-02 18:11:05+02;1319
2017-06-03 05:36:06+02;1389
2017-06-03 07:53:06+02;1389
2017-06-03 09:20:06+02;1379
2017-06-03 10:03:06+02;1329
2017-06-03 12:47:06+02;1359
2017-06-03 13:40:06+02;1339
2017-06-03 13:51:06+02;1329
2017-06-03 17:06:06+02;1349
2017-06-03 17:37:05+02;1349
2017-06-03 18:03:05+02;1339
2017-06-03 18:11:06+02;1329
2017-06-04 05:37:05+02;1399
2017-06-04 08:51:06+02;1379
2017-06-04 10:21:06+02;1339
2017-06-04 12:47:05+02;1369
2017-06-04 13:41:05+02;1349
2017-06-04 13:51:06+02;1339
2017-06-04 17:07:05+02;1359
2017-06-04 17:51:05+02;1349
2017-06-04 18:10:08+02;1339
2017-06-05 05:36:06+02;1419
2017-06-05 06:07:05+02;1409
2017-06-05 09:21:05+02;1339
2017-06-05 12:47:05+02;1369
2017-06-05 13:41:06+02;1349
2017-06-05 13:51:06+02;1339
2017-06-05 17:07:05+02;1359
2017-06-05 17:40:06+02;1339
2017-06-06 05:36:06+02;1409
2017-06-06 06:11:05+02;1379
2017-06-06 11:20:15+02;1339
2017-06-06 12:47:05+02;1369
2017-06-06 13:41:28+02;1339
2017-06-06 14:20:06+02;1319
2017-06-06 17:07:06+02;1339
2017-06-06 17:51:06+02;1329
2017-06-06 18:11:06+02;1319
2017-06-07 05:36:06+02;1389
2017-06-07 06:11:06+02;1389
2017-06-07 06:21:06+02;1359
2017-06-07 12:11:06+02;1329
2017-06-07 12:47:06+02;1359
2017-06-07 13:41:05+02;1339
2017-06-07 14:01:06+02;1329
2017-06-07 17:07:06+02;1349
2017-06-07 17:50:06+02;1339
2017-06-07 18:11:05+02;1329
2017-06-08 05:36:06+02;1399
2017-06-08 07:13:06+02;1349
2017-06-08 09:21:06+02;1329
2017-06-08 11:31:05+02;1329
2017-06-08 12:47:05+02;1359
2017-06-08 13:40:07+02;1329
2017-06-08 14:40:06+02;1319
2017-06-08 17:10:06+02;1339
2017-06-08 17:51:05+02;1329
2017-06-08 18:01:06+02;1329
2017-06-08 18:10:06+02;1319
2017-06-09 05:37:05+02;1409
2017-06-09 06:11:06+02;1349
2017-06-09 09:30:07+02;1319
2017-06-09 09:40:06+02;1319
2017-06-09 12:47:06+02;1349
2017-06-09 13:41:07+02;1329
2017-06-09 13:51:06+02;1319
2017-06-09 15:31:06+02;1309
2017-06-09 17:11:06+02;1329
2017-06-09 17:37:06+02;1309
2017-06-10 05:37:06+02;1389
2017-06-10 07:11:06+02;1379
2017-06-10 08:10:06+02;1349
2017-06-10 12:47:05+02;1379
2017-06-10 13:27:06+02;1349
2017-06-10 14:30:07+02;1329
2017-06-10 17:11:05+02;1349
2017-06-10 17:37:06+02;1329
2017-06-10 19:31:05+02;1309
2017-06-11 05:36:06+02;1399
2017-06-11 07:10:17+02;1379
2017-06-11 10:11:06+02;1369
2017-06-11 10:23:05+02;1309
2017-06-11 12:47:05+02;1339
2017-06-11 13:40:06+02;1319
2017-06-11 13:51:06+02;1309
2017-06-11 17:11:06+02;1329
2017-06-11 17:37:06+02;1309
2017-06-12 05:36:05+02;1389
2017-06-12 06:06:06+02;1369
2017-06-12 11:25:04+02;1369
2017-06-12 12:02:04+02;1369
2017-06-12 12:39:04+02;1369
2017-06-12 12:40:10+02;1339
2017-06-12 12:47:06+02;1369
2017-06-12 13:41:06+02;1369
2017-06-12 13:51:06+02;1349
2017-06-12 15:02:09+02;1339
2017-06-12 16:41:06+02;1319
2017-06-12 17:11:05+02;1339
2017-06-12 17:37:06+02;1319
2017-06-13 05:37:06+02;1399
2017-06-13 06:50:06+02;1389
2017-06-13 07:01:06+02;1379
2017-06-13 09:20:06+02;1339
2017-06-13 12:47:05+02;1369
2017-06-13 13:30:18+02;1349
2017-06-13 13:51:06+02;1339
2017-06-13 14:30:07+02;1329
2017-06-13 17:11:06+02;1349
2017-06-13 17:37:05+02;1329
2017-06-14 05:37:05+02;1409
2017-06-14 06:07:06+02;1399
2017-06-14 08:30:08+02;1389
2017-06-14 10:21:06+02;1329
2017-06-14 12:47:05+02;1359
2017-06-14 13:41:06+02;1339
2017-06-14 13:51:06+02;1329
2017-06-14 15:21:11+02;1319
2017-06-14 17:11:06+02;1339
2017-06-14 17:37:05+02;1319
2017-06-15 05:37:06+02;1399
2017-06-15 06:51:06+02;1379
2017-06-15 11:23:05+02;1359
2017-06-15 12:47:05+02;1389
2017-06-15 13:40:06+02;1369
2017-06-15 13:51:05+02;1359
2017-06-15 14:20:06+02;1349
2017-06-15 15:51:05+02;1339
2017-06-15 17:11:05+02;1359
2017-06-15 17:37:05+02;1339
2017-06-16 05:37:06+02;1409
2017-06-16 06:07:06+02;1399
2017-06-16 08:10:25+02;1389
2017-06-16 10:30:07+02;1359
2017-06-16 12:11:06+02;1349
2017-06-16 12:47:05+02;1379
2017-06-16 13:40:06+02;1359
2017-06-16 13:51:06+02;1349
2017-06-16 14:30:08+02;1339
2017-06-16 17:11:06+02;1359
2017-06-16 17:37:06+02;1339
2017-06-17 05:37:06+02;1409
2017-06-17 07:07:06+02;1389
2017-06-17 11:10:06+02;1369
2017-06-17 12:47:05+02;1399
2017-06-17 13:27:06+02;1389
2017-06-17 13:41:05+02;1379
2017-06-17 14:03:06+02;1369
2017-06-17 15:11:05+02;1339
2017-06-17 17:10:18+02;1359
2017-06-17 17:37:06+02;1339
2017-06-17 19:50:06+02;1329
2017-06-18 05:37:06+02;1409
2017-06-18 07:07:05+02;1389
2017-06-18 10:11:06+02;1369
2017-06-18 12:47:05+02;1399
2017-06-18 13:40:06+02;1369
2017-06-18 15:01:06+02;1349
2017-06-18 16:21:05+02;1349
2017-06-18 16:30:07+02;1339
2017-06-18 17:11:05+02;1359
2017-06-18 17:37:06+02;1349
2017-06-19 05:37:05+02;1409
2017-06-19 06:06:06+02;1389
2017-06-19 09:50:06+02;1379
2017-06-19 10:11:06+02;1339
2017-06-19 12:01:06+02;1329
2017-06-19 12:47:06+02;1359
2017-06-19 13:41:06+02;1339
2017-06-19 14:01:05+02;1329
2017-06-19 15:51:06+02;1319
2017-06-19 17:10:06+02;1329
2017-06-19 17:37:05+02;1309
2017-06-20 05:36:06+02;1369
2017-06-20 06:30:07+02;1359
2017-06-20 09:50:06+02;1329
2017-06-20 11:51:06+02;1319
2017-06-20 12:46:20+02;1349
2017-06-20 13:30:07+02;1319
2017-06-20 14:41:23+02;1309
2017-06-20 15:50:06+02;1299
2017-06-20 17:11:06+02;1319
2017-06-20 17:37:06+02;1299
2017-06-21 05:37:06+02;1369
2017-06-21 06:10:06+02;1339
2017-06-21 09:51:06+02;1329
2017-06-21 12:11:06+02;1319
2017-06-21 12:47:06+02;1349
2017-06-21 13:41:06+02;1319
2017-06-21 15:50:07+02;1309
2017-06-21 16:51:06+02;1299
2017-06-21 17:11:06+02;1319
2017-06-21 17:36:06+02;1299
2017-06-22 05:37:05+02;1369
2017-06-22 06:50:06+02;1359
2017-06-22 10:10:06+02;1329
2017-06-22 10:23:06+02;1329
2017-06-22 11:50:06+02;1319
2017-06-22 12:47:06+02;1349
2017-06-22 13:40:07+02;1329
2017-06-22 13:50:06+02;1319
2017-06-22 14:50:13+02;1309
2017-06-22 15:50:06+02;1299
2017-06-22 17:10:06+02;1319
2017-06-22 17:37:06+02;1299
2017-06-23 05:36:06+02;1369
2017-06-23 06:11:06+02;1349
2017-06-23 09:50:06+02;1339
2017-06-23 10:11:05+02;1319
2017-06-23 12:11:24+02;1309
2017-06-23 12:46:08+02;1339
2017-06-23 13:41:06+02;1319
2017-06-23 13:50:06+02;1309
2017-06-23 15:50:07+02;1299
2017-06-23 16:50:07+02;1289
2017-06-23 17:11:05+02;1309
2017-06-23 17:37:05+02;1289
2017-06-24 05:36:06+02;1369
2017-06-24 07:06:06+02;1359
2017-06-24 10:11:05+02;1329
2017-06-24 11:50:06+02;1319
2017-06-24 12:46:06+02;1349
2017-06-24 13:17:05+02;1319
2017-06-24 13:40:26+02;1319
2017-06-24 13:52:27+02;1319
2017-06-24 14:51:06+02;1309
2017-06-24 15:50:06+02;1299
2017-06-24 17:10:06+02;1319
2017-06-24 17:37:05+02;1299
2017-06-25 05:37:06+02;1369
2017-06-25 07:07:06+02;1359
2017-06-25 10:51:06+02;1319
2017-06-25 11:51:06+02;1309
2017-06-25 12:47:05+02;1339
2017-06-25 13:43:06+02;1319
2017-06-25 13:51:05+02;1309
2017-06-25 14:51:06+02;1299
2017-06-25 15:50:06+02;1289
2017-06-25 17:11:06+02;1309
2017-06-25 17:37:05+02;1289
2017-06-26 05:37:05+02;1369
2017-06-26 09:21:06+02;1339
2017-06-26 12:11:06+02;1329
2017-06-26 12:47:05+02;1359
2017-06-26 13:41:06+02;1339
2017-06-26 14:01:06+02;1329
2017-06-26 15:00:06+02;1309
2017-06-26 17:10:06+02;1329
2017-06-26 17:36:06+02;1299
2017-06-27 05:37:06+02;1359
2017-06-27 06:51:06+02;1359
2017-06-27 09:43:06+02;1329
2017-06-27 11:51:20+02;1319
2017-06-27 12:47:05+02;1349
2017-06-27 13:40:06+02;1329
2017-06-27 13:50:07+02;1319
2017-06-27 14:40:07+02;1309
2017-06-27 14:50:06+02;1309
2017-06-27 15:51:06+02;1299
2017-06-27 17:10:07+02;1319
2017-06-27 17:37:06+02;1299
2017-06-27 18:41:07+02;1299
2017-06-28 05:36:06+02;1359
2017-06-28 06:06:06+02;1359
2017-06-28 09:51:06+02;1359
2017-06-28 11:01:06+02;1309
2017-06-28 12:01:06+02;1299
2017-06-28 12:46:15+02;1329
2017-06-28 13:33:06+02;1299
2017-06-28 15:51:06+02;1289
2017-06-28 17:10:07+02;1299
2017-06-28 17:36:06+02;1279
2017-06-28 18:21:06+02;1269
2017-06-29 05:37:05+02;1349
2017-06-29 06:07:06+02;1339
2017-06-29 06:51:05+02;1329
2017-06-29 10:30:08+02;1299
2017-06-29 11:50:06+02;1289
2017-06-29 12:11:06+02;1289
2017-06-29 12:47:06+02;1319
2017-06-29 13:30:07+02;1289
2017-06-29 14:40:06+02;1289
2017-06-29 14:51:06+02;1279
2017-06-29 15:50:06+02;1269
2017-06-29 17:10:07+02;1289
2017-06-29 17:37:06+02;1249
2017-06-30 05:36:06+02;1359
2017-06-30 06:07:06+02;1339
2017-06-30 09:51:06+02;1329
2017-06-30 10:20:07+02;1289
2017-06-30 11:22:08+02;1279
2017-06-30 12:00:07+02;1279
2017-06-30 12:47:07+02;1309
2017-06-30 13:30:09+02;1289
2017-06-30 13:50:08+02;1279
2017-06-30 15:50:06+02;1279
2017-06-30 17:10:06+02;1299
2017-06-30 17:36:06+02;1279
2017-07-01 05:37:06+02;1359
2017-07-01 10:11:06+02;1299
2017-07-01 11:51:06+02;1289
2017-07-01 12:47:05+02;1319
2017-07-01 13:30:07+02;1299
2017-07-01 13:51:06+02;1289
2017-07-01 14:51:06+02;1279
2017-07-01 15:51:17+02;1279
2017-07-01 17:11:06+02;1299
2017-07-01 17:37:05+02;1279
2017-07-02 05:37:05+02;1359
2017-07-02 11:21:06+02;1299
2017-07-02 12:47:05+02;1329
2017-07-02 13:30:07+02;1309
2017-07-02 13:51:05+02;1299
2017-07-02 14:51:06+02;1289
2017-07-02 15:51:06+02;1279
2017-07-02 17:11:05+02;1299
2017-07-02 17:36:11+02;1279
2017-07-03 05:36:06+02;1359
2017-07-03 06:33:05+02;1359
2017-07-03 09:51:09+02;1349
2017-07-03 12:03:06+02;1339
2017-07-03 12:10:06+02;1309
2017-07-03 12:47:06+02;1339
2017-07-03 13:31:07+02;1319
2017-07-03 13:40:07+02;1309
2017-07-03 15:51:06+02;1299
2017-07-03 17:10:07+02;1309
2017-07-03 17:37:06+02;1289
2017-07-04 05:36:07+02;1369
2017-07-04 06:41:06+02;1289
2017-07-04 11:50:07+02;1279
2017-07-04 12:47:06+02;1309
2017-07-04 13:30:07+02;1289
2017-07-04 13:40:06+02;1279
2017-07-04 14:50:07+02;1279
2017-07-04 17:10:06+02;1299
2017-07-04 17:36:06+02;1279
2017-07-05 05:37:25+02;1369
2017-07-05 07:11:06+02;1319
2017-07-05 09:50:06+02;1309
2017-07-05 11:42:07+02;1309
2017-07-05 12:00:07+02;1299
2017-07-05 12:47:06+02;1329
2017-07-05 13:30:08+02;1309
2017-07-05 13:40:07+02;1309
2017-07-05 13:51:05+02;1299
2017-07-05 15:51:06+02;1289
2017-07-05 17:11:06+02;1299
2017-07-05 17:36:06+02;1279
2017-07-06 05:37:05+02;1379
2017-07-06 06:06:06+02;1369
2017-07-06 06:33:05+02;1369
2017-07-06 06:51:05+02;1339
2017-07-06 10:21:06+02;1309
2017-07-06 11:50:06+02;1299
2017-07-06 12:47:06+02;1329
2017-07-06 13:30:08+02;1309
2017-07-06 13:50:06+02;1299
2017-07-06 14:50:07+02;1289
2017-07-06 15:50:08+02;1279
2017-07-06 17:10:07+02;1299
2017-07-06 17:37:06+02;1279
2017-07-07 05:36:23+02;1379
2017-07-07 06:06:06+02;1369
2017-07-07 06:33:20+02;1369
2017-07-07 06:42:06+02;1349
2017-07-07 09:51:06+02;1339
2017-07-07 10:00:06+02;1309
2017-07-07 12:00:07+02;1299
2017-07-07 12:47:06+02;1329
2017-07-07 13:30:07+02;1309
2017-07-07 13:50:07+02;1299
2017-07-07 15:50:06+02;1289
2017-07-07 17:11:06+02;1309
2017-07-07 17:37:06+02;1279
2017-07-08 05:37:05+02;1369
2017-07-08 07:07:07+02;1359
2017-07-08 08:21:07+02;1359
2017-07-08 10:01:06+02;1319
2017-07-08 11:51:06+02;1309
2017-07-08 12:47:06+02;1339
2017-07-08 13:31:07+02;1319
2017-07-08 13:51:06+02;1309
2017-07-08 14:51:06+02;1299
2017-07-08 15:51:06+02;1289
2017-07-08 17:11:06+02;1309
2017-07-08 17:37:06+02;1289
2017-07-09 05:37:06+02;1369
2017-07-09 08:41:06+02;1349
2017-07-09 10:01:06+02;1299
2017-07-09 11:51:05+02;1289
2017-07-09 12:47:05+02;1319
2017-07-09 13:31:06+02;1299
2017-07-09 13:52:22+02;1289
2017-07-09 14:50:06+02;1279
2017-07-09 15:51:06+02;1279
2017-07-09 17:11:05+02;1299
2017-07-09 17:37:05+02;1279
2017-07-10 05:37:05+02;1369
2017-07-10 09:51:05+02;1359
2017-07-10 11:12:06+02;1339
2017-07-10 12:00:07+02;1329
2017-07-10 12:47:06+02;1359
2017-07-10 13:30:07+02;1339
2017-07-10 13:51:06+02;1329
2017-07-10 15:43:06+02;1289
2017-07-10 17:11:06+02;1299
2017-07-10 17:37:06+02;1279
2017-07-11 05:36:06+02;1369
2017-07-11 06:50:06+02;1359
2017-07-11 09:11:06+02;1299
2017-07-11 09:50:06+02;1289
2017-07-11 11:52:06+02;1279
2017-07-11 12:47:06+02;1309
2017-07-11 13:30:07+02;1289
2017-07-11 13:40:07+02;1279
2017-07-11 14:50:07+02;1269
2017-07-11 17:11:06+02;1289
2017-07-11 17:36:06+02;1269
2017-07-12 05:36:06+02;1349
2017-07-12 10:30:12+02;1309
2017-07-12 12:02:06+02;1299
2017-07-12 12:47:06+02;1329
2017-07-12 13:31:06+02;1309
2017-07-12 13:51:12+02;1299
2017-07-12 15:50:19+02;1289
2017-07-12 17:10:06+02;1299
2017-07-12 17:37:06+02;1279
2017-07-13 05:37:05+02;1359
2017-07-13 06:11:06+02;1339
2017-07-13 06:51:05+02;1329
2017-07-13 09:43:06+02;1309
2017-07-13 11:50:06+02;1299
2017-07-13 12:47:06+02;1329
2017-07-13 13:30:07+02;1309
2017-07-13 14:03:06+02;1299
2017-07-13 14:51:06+02;1289
2017-07-13 15:50:11+02;1279
2017-07-13 17:10:06+02;1299
2017-07-13 17:36:06+02;1279
2017-07-14 05:36:07+02;1359
2017-07-14 06:33:05+02;1349
2017-07-14 09:41:06+02;1309
2017-07-14 12:00:06+02;1299
2017-07-14 12:46:07+02;1329
2017-07-14 13:30:07+02;1309
2017-07-14 14:00:06+02;1299
2017-07-14 15:50:07+02;1289
2017-07-14 17:11:06+02;1299
2017-07-14 17:37:07+02;1279
2017-07-15 05:37:05+02;1379
2017-07-15 07:07:07+02;1359
2017-07-15 08:21:06+02;1349
2017-07-15 11:11:06+02;1339
2017-07-15 12:47:05+02;1369
2017-07-15 13:30:07+02;1349
2017-07-15 13:51:05+02;1339
2017-07-15 14:51:06+02;1329
2017-07-15 15:51:09+02;1319
2017-07-15 17:10:22+02;1339
2017-07-15 17:36:08+02;1319
2017-07-16 05:37:06+02;1409
2017-07-16 07:07:06+02;1369
2017-07-16 09:41:06+02;1339
2017-07-16 11:51:06+02;1329
2017-07-16 12:47:05+02;1359
2017-07-16 13:31:06+02;1339
2017-07-16 13:51:06+02;1329
2017-07-16 14:50:06+02;1319
2017-07-16 15:51:05+02;1309
2017-07-16 17:10:06+02;1329
2017-07-16 17:37:06+02;1309
2017-07-17 05:37:05+02;1379
2017-07-17 06:07:06+02;1369
2017-07-17 09:51:06+02;1359
2017-07-17 10:21:07+02;1339
2017-07-17 12:00:07+02;1329
2017-07-17 12:47:05+02;1359
2017-07-17 13:30:07+02;1339
2017-07-17 14:30:07+02;1329
2017-07-17 15:50:06+02;1319
2017-07-17 17:10:06+02;1329
2017-07-17 17:37:05+02;1309
2017-07-18 05:37:06+02;1369
2017-07-18 06:21:06+02;1359
2017-07-18 11:01:06+02;1329
2017-07-18 11:51:06+02;1319
2017-07-18 12:47:06+02;1349
2017-07-18 13:30:07+02;1329
2017-07-18 13:51:06+02;1319
2017-07-18 14:50:06+02;1309
2017-07-18 15:51:21+02;1299
2017-07-18 17:11:06+02;1319
2017-07-18 17:37:06+02;1299
2017-07-19 05:37:06+02;1369
2017-07-19 06:07:06+02;1299
2017-07-19 09:51:06+02;1289
2017-07-19 11:14:06+02;1289
2017-07-19 12:01:06+02;1279
2017-07-19 12:46:06+02;1309
2017-07-19 13:40:06+02;1289
2017-07-19 13:53:06+02;1279
2017-07-19 15:51:06+02;1279
2017-07-19 17:11:06+02;1299
2017-07-19 17:36:07+02;1279
2017-07-20 05:37:05+02;1369
2017-07-20 06:53:06+02;1359
2017-07-20 09:40:07+02;1319
2017-07-20 11:51:06+02;1309
2017-07-20 12:47:06+02;1339
2017-07-20 13:30:07+02;1319
2017-07-20 14:03:06+02;1309
2017-07-20 14:51:06+02;1299
2017-07-20 15:50:06+02;1289
2017-07-20 17:11:05+02;1309
2017-07-20 17:37:06+02;1289
2017-07-21 05:36:07+02;1379
2017-07-21 09:13:05+02;1299
2017-07-21 12:03:06+02;1289
2017-07-21 12:47:05+02;1319
2017-07-21 13:30:07+02;1299
2017-07-21 14:00:07+02;1289
2017-07-21 17:11:07+02;1309
2017-07-21 17:36:06+02;1289
2017-07-22 02:20:07+02;1289
2017-07-22 05:37:05+02;1369
2017-07-22 07:07:07+02;1359
2017-07-22 08:40:07+02;1329
2017-07-22 10:10:06+02;1309
2017-07-22 11:51:06+02;1299
2017-07-22 12:47:05+02;1329
2017-07-22 13:30:07+02;1309
2017-07-22 13:50:06+02;1299
2017-07-22 14:50:06+02;1289
2017-07-22 15:50:06+02;1279
2017-07-22 17:10:06+02;1299
2017-07-22 17:37:05+02;1279
2017-07-23 05:37:06+02;1369
2017-07-23 07:06:06+02;1359
2017-07-23 09:51:06+02;1289
2017-07-23 11:51:05+02;1279
2017-07-23 12:47:05+02;1309
2017-07-23 13:30:07+02;1289
2017-07-23 13:50:06+02;1279
2017-07-23 17:10:06+02;1299
2017-07-23 17:37:06+02;1279
2017-07-24 05:36:06+02;1369
2017-07-24 09:43:13+02;1299
2017-07-24 12:01:06+02;1289
2017-07-24 12:47:06+02;1319
2017-07-24 13:30:09+02;1299
2017-07-24 14:01:06+02;1289
2017-07-24 15:51:06+02;1279
2017-07-24 17:10:07+02;1299
2017-07-24 17:36:06+02;1279
2017-07-25 05:36:06+02;1369
2017-07-25 06:06:06+02;1329
2017-07-25 11:41:11+02;1299
2017-07-25 12:47:13+02;1329
2017-07-25 13:31:07+02;1299
2017-07-25 14:41:05+02;1289
2017-07-25 15:50:07+02;1279
2017-07-25 17:07:06+02;1299
2017-07-25 17:36:06+02;1279
2017-07-26 05:37:06+02;1369
2017-07-26 06:11:06+02;1339
2017-07-26 09:51:06+02;1329
2017-07-26 11:10:06+02;1309
2017-07-26 12:00:21+02;1299
2017-07-26 12:47:06+02;1329
2017-07-26 13:30:07+02;1309
2017-07-26 13:50:07+02;1299
2017-07-26 15:50:06+02;1289
2017-07-26 17:07:06+02;1309
2017-07-26 17:37:06+02;1279
2017-07-27 05:36:06+02;1369
2017-07-27 06:11:06+02;1329
2017-07-27 09:11:06+02;1299
2017-07-27 11:53:06+02;1289
2017-07-27 12:47:06+02;1319
2017-07-27 13:40:15+02;1299
2017-07-27 13:50:09+02;1289
2017-07-27 14:50:07+02;1279
2017-07-27 16:40:07+02;1279
2017-07-27 17:06:29+02;1299
2017-07-27 17:36:18+02;1279
2017-07-28 05:36:07+02;1369
2017-07-28 06:20:06+02;1329
2017-07-28 09:40:06+02;1309
2017-07-28 11:44:08+02;1309
2017-07-28 12:01:12+02;1309
2017-07-28 12:10:13+02;1299
2017-07-28 12:47:05+02;1329
2017-07-28 13:40:08+02;1309
2017-07-28 14:33:05+02;1299
2017-07-28 15:51:05+02;1289
2017-07-28 17:07:05+02;1309
2017-07-28 17:36:06+02;1289
2017-07-29 05:37:05+02;1369
2017-07-29 08:01:05+02;1339
2017-07-29 09:41:05+02;1319
2017-07-29 11:51:05+02;1309
2017-07-29 12:47:05+02;1339
2017-07-29 13:30:06+02;1309
2017-07-29 14:50:06+02;1299
2017-07-29 15:50:06+02;1289
2017-07-29 17:07:05+02;1309
2017-07-29 17:37:05+02;1289
2017-07-30 05:36:20+02;1369
2017-07-30 09:51:05+02;1319
2017-07-30 11:50:06+02;1309
2017-07-30 12:21:05+02;1299
2017-07-30 12:47:05+02;1329
2017-07-30 13:41:05+02;1319
2017-07-30 13:51:05+02;1309
2017-07-30 14:41:05+02;1289
2017-07-30 17:07:05+02;1309
2017-07-30 17:37:05+02;1289
2017-07-31 05:37:05+02;1369
2017-07-31 07:21:05+02;1339
2017-07-31 09:41:05+02;1309
2017-07-31 12:13:05+02;1299
2017-07-31 12:47:06+02;1329
2017-07-31 13:41:06+02;1309
2017-07-31 13:51:09+02;1299
2017-07-31 15:10:06+02;1299
2017-07-31 15:50:07+02;1289
2017-07-31 17:07:23+02;1309
2017-07-31 17:37:06+02;1289
2017-08-01 05:37:06+02;1369
2017-08-01 07:30:07+02;1359
2017-08-01 09:30:07+02;1349
2017-08-01 11:51:06+02;1339
2017-08-01 12:47:05+02;1369
2017-08-01 13:41:06+02;1349
2017-08-01 13:51:06+02;1339
2017-08-01 14:51:06+02;1329
2017-08-01 15:51:06+02;1319
2017-08-01 17:07:06+02;1339
2017-08-01 17:37:06+02;1319
2017-08-02 05:37:05+02;1369
2017-08-02 06:51:06+02;1339
2017-08-02 09:51:05+02;1329
2017-08-02 12:01:06+02;1319
2017-08-02 12:21:06+02;1309
2017-08-02 12:47:06+02;1339
2017-08-02 13:30:08+02;1329
2017-08-02 13:53:06+02;1319
2017-08-02 14:01:06+02;1309
2017-08-02 14:41:06+02;1289
2017-08-02 16:40:06+02;1289
2017-08-02 17:10:06+02;1309
2017-08-02 17:36:06+02;1289
2017-08-03 05:37:06+02;1389
2017-08-03 06:07:06+02;1379
2017-08-03 06:21:06+02;1339
2017-08-03 11:51:06+02;1309
2017-08-03 12:11:05+02;1299
2017-08-03 12:47:06+02;1329
2017-08-03 13:40:06+02;1289
2017-08-03 13:51:06+02;1279
2017-08-03 17:11:06+02;1299
2017-08-03 17:37:07+02;1279
2017-08-04 05:36:06+02;1379
2017-08-04 06:06:11+02;1369
2017-08-04 06:34:05+02;1339
2017-08-04 09:41:06+02;1319
2017-08-04 11:41:06+02;1309
2017-08-04 12:11:06+02;1299
2017-08-04 12:47:06+02;1329
2017-08-04 13:41:05+02;1309
2017-08-04 14:01:06+02;1299
2017-08-04 15:30:08+02;1289
2017-08-04 17:10:07+02;1309
2017-08-04 17:37:06+02;1289
2017-08-04 18:13:06+02;1279
2017-08-05 05:37:06+02;1379
2017-08-05 07:06:06+02;1339
2017-08-05 08:01:05+02;1339
2017-08-05 09:50:15+02;1309
2017-08-05 11:51:07+02;1299
2017-08-05 12:47:17+02;1329
2017-08-05 13:41:05+02;1309
2017-08-05 13:50:06+02;1299
2017-08-05 14:51:05+02;1289
2017-08-05 17:11:05+02;1309
2017-08-05 17:37:06+02;1289
2017-08-06 05:37:05+02;1379
2017-08-06 07:07:06+02;1369
2017-08-06 08:51:05+02;1359
2017-08-06 09:00:06+02;1349
2017-08-06 09:51:06+02;1289
2017-08-06 12:47:05+02;1319
2017-08-06 13:41:05+02;1299
2017-08-06 13:51:05+02;1289
2017-08-06 17:11:05+02;1309
2017-08-06 17:37:06+02;1289
2017-08-07 05:37:06+02;1379
2017-08-07 06:11:05+02;1369
2017-08-07 07:11:06+02;1369
2017-08-07 07:31:06+02;1359
2017-08-07 09:11:06+02;1349
2017-08-07 09:50:06+02;1349
2017-08-07 10:01:06+02;1339
2017-08-07 11:01:06+02;1339
2017-08-07 11:41:06+02;1329
2017-08-07 12:01:06+02;1329
2017-08-07 12:47:06+02;1359
2017-08-07 13:41:06+02;1319
2017-08-07 13:51:06+02;1309
2017-08-07 15:51:06+02;1299
2017-08-07 17:11:06+02;1309
2017-08-07 17:37:05+02;1289
2017-08-07 19:28:06+02;1279
2017-08-08 05:36:06+02;1379
2017-08-08 06:11:06+02;1349
2017-08-08 08:30:07+02;1349
2017-08-08 09:30:07+02;1349
2017-08-08 09:41:06+02;1309
2017-08-08 09:51:06+02;1299
2017-08-08 10:53:06+02;1289
2017-08-08 12:01:06+02;1279
2017-08-08 12:47:09+02;1309
2017-08-08 13:40:07+02;1289
2017-08-08 14:00:07+02;1279
2017-08-08 15:05:08+02;1269
2017-08-08 17:10:06+02;1289
2017-08-08 17:37:17+02;1279
2017-08-09 05:37:05+02;1379
2017-08-09 06:07:05+02;1369
2017-08-09 06:34:05+02;1339
2017-08-09 09:23:05+02;1309
2017-08-09 17:02:06+02;1299
2017-08-09 17:11:05+02;1319
2017-08-09 17:37:06+02;1299
2017-08-09 19:01:06+02;1289
2017-08-10 05:36:30+02;1379
2017-08-10 06:06:16+02;1359
2017-08-10 06:21:08+02;1349
2017-08-10 10:52:12+02;1309
2017-08-10 11:01:06+02;1299
2017-08-10 11:51:06+02;1289
2017-08-10 12:47:06+02;1319
2017-08-10 13:30:08+02;1279
2017-08-10 15:01:05+02;1269
2017-08-10 16:01:05+02;1269
2017-08-10 17:11:06+02;1289
2017-08-10 17:37:06+02;1269
2017-08-11 05:37:06+02;1369
2017-08-11 06:06:06+02;1359
2017-08-11 06:21:06+02;1329
2017-08-11 09:50:06+02;1319
2017-08-11 10:52:06+02;1309
2017-08-11 12:11:05+02;1299
2017-08-11 12:47:06+02;1329
2017-08-11 13:40:09+02;1289
2017-08-11 13:51:06+02;1279
2017-08-11 15:30:07+02;1269
2017-08-11 17:10:06+02;1289
2017-08-11 17:37:06+02;1269
2017-08-12 05:37:06+02;1369
2017-08-12 07:37:05+02;1349
2017-08-12 08:11:05+02;1339
2017-08-12 10:01:06+02;1309
2017-08-12 11:51:06+02;1299
2017-08-12 12:47:05+02;1329
2017-08-12 13:41:06+02;1289
2017-08-12 13:53:05+02;1279
2017-08-12 17:10:06+02;1299
2017-08-13 05:37:06+02;1389
2017-08-13 08:06:06+02;1359
2017-08-13 10:13:05+02;1309
2017-08-13 12:47:06+02;1339
2017-08-13 17:11:06+02;1359
2017-08-14 05:36:06+02;1439
2017-08-14 06:07:06+02;1389
2017-08-14 06:51:06+02;1379
2017-08-14 08:01:06+02;1369
2017-08-14 08:11:05+02;1339
2017-08-14 09:41:05+02;1329
2017-08-14 09:51:05+02;1319
2017-08-14 11:01:06+02;1309
2017-08-14 12:01:24+02;1299
2017-08-14 12:47:06+02;1329
2017-08-14 13:41:17+02;1289
2017-08-14 13:51:05+02;1279
2017-08-14 16:30:07+02;1269
2017-08-14 17:10:06+02;1289
2017-08-14 17:37:06+02;1269
2017-08-15 05:37:05+02;1369
2017-08-15 06:06:20+02;1329
2017-08-15 06:51:05+02;1319
2017-08-15 10:21:06+02;1309
2017-08-15 11:40:07+02;1289
2017-08-15 12:11:06+02;1279
2017-08-15 12:47:06+02;1309
2017-08-15 13:41:06+02;1279
2017-08-15 13:51:06+02;1269
2017-08-15 15:41:06+02;1259
2017-08-15 17:11:05+02;1279
2017-08-15 17:42:06+02;1259
2017-08-16 05:36:06+02;1359
2017-08-16 06:07:06+02;1319
2017-08-16 09:51:06+02;1309
2017-08-16 10:41:05+02;1299
2017-08-16 11:00:06+02;1289
2017-08-16 12:00:07+02;1279
2017-08-16 12:47:05+02;1309
2017-08-16 13:40:06+02;1279
2017-08-16 13:51:06+02;1269
2017-08-16 15:40:06+02;1259
2017-08-16 16:40:06+02;1259
2017-08-16 17:10:06+02;1279
2017-08-16 17:43:06+02;1259
2017-08-17 05:37:06+02;1359
2017-08-17 06:06:14+02;1319
2017-08-17 06:51:06+02;1309
2017-08-17 10:30:07+02;1299
2017-08-17 11:30:07+02;1289
2017-08-17 11:41:14+02;1279
2017-08-17 12:11:06+02;1269
2017-08-17 12:47:06+02;1299
2017-08-17 13:41:06+02;1279
2017-08-17 13:51:06+02;1269
2017-08-17 16:12:12+02;1259
2017-08-17 17:10:11+02;1279
2017-08-17 17:42:09+02;1259
2017-08-18 05:36:07+02;1359
2017-08-18 06:06:08+02;1349
2017-08-18 07:40:08+02;1329
2017-08-18 08:20:09+02;1319
2017-08-18 09:50:12+02;1309
2017-08-18 10:30:14+02;1299
2017-08-18 11:00:12+02;1289
2017-08-18 11:40:12+02;1279
2017-08-18 12:10:09+02;1269
2017-08-18 12:46:10+02;1299
2017-08-18 13:40:11+02;1279
2017-08-18 13:50:13+02;1269
2017-08-18 16:10:11+02;1259
2017-08-18 17:10:18+02;1279
2017-08-18 17:42:11+02;1259
2017-08-19 05:36:07+02;1359
2017-08-19 07:36:11+02;1339
2017-08-19 08:10:10+02;1319
2017-08-19 09:20:11+02;1309
2017-08-19 11:00:13+02;1299
2017-08-19 11:30:13+02;1289
2017-08-19 12:00:14+02;1279
2017-08-19 12:46:10+02;1299
2017-08-19 13:40:11+02;1279
2017-08-19 13:50:09+02;1269
2017-08-19 17:10:10+02;1289
2017-08-20 05:36:08+02;1379
2017-08-20 08:06:09+02;1349
2017-08-20 10:20:10+02;1299
2017-08-20 12:46:09+02;1329
2017-08-20 17:10:10+02;1349
2017-08-21 05:36:08+02;1439
2017-08-21 06:06:08+02;1359
2017-08-21 07:30:12+02;1329
2017-08-21 08:01:18+02;1299
2017-08-21 10:30:15+02;1289
2017-08-21 11:42:11+02;1279
2017-08-21 12:10:14+02;1269
2017-08-21 12:46:11+02;1299
2017-08-21 13:40:21+02;1279
2017-08-21 13:50:15+02;1269
2017-08-21 17:10:15+02;1289
2017-08-21 17:42:12+02;1269
2017-08-22 05:36:08+02;1359
2017-08-22 06:06:08+02;1359
2017-08-22 06:50:08+02;1349
2017-08-22 09:50:09+02;1309
2017-08-22 10:10:15+02;1309
2017-08-22 11:50:13+02;1299
2017-08-22 12:10:12+02;1289
2017-08-22 12:20:11+02;1289
2017-08-22 12:46:14+02;1319
2017-08-22 13:40:16+02;1289
2017-08-22 13:51:30+02;1279
2017-08-22 15:40:12+02;1269
2017-08-22 16:31:10+02;1259
2017-08-22 17:10:18+02;1279
2017-08-22 17:42:11+02;1259
2017-08-23 05:36:07+02;1359
2017-08-23 06:06:07+02;1349
2017-08-23 09:50:10+02;1339
2017-08-23 10:30:17+02;1329
2017-08-23 10:40:12+02;1329
2017-08-23 11:10:15+02;1319
2017-08-23 12:00:15+02;1299
2017-08-23 12:46:12+02;1329
2017-08-23 13:32:18+02;1309
2017-08-23 14:00:20+02;1299
2017-08-23 15:50:11+02;1289
2017-08-23 16:30:18+02;1279
2017-08-23 17:10:13+02;1299
2017-08-23 17:42:11+02;1269
2017-08-23 19:30:15+02;1269
2017-08-24 03:33:06+02;1269
2017-08-24 05:37:05+02;1359
2017-08-24 06:07:05+02;1359
2017-08-24 06:51:05+02;1349
2017-08-24 10:31:06+02;1349
2017-08-24 11:30:09+02;1339
2017-08-24 12:11:05+02;1319
2017-08-24 12:47:06+02;1349
2017-08-24 13:51:06+02;1329
2017-08-24 14:01:06+02;1319
2017-08-24 14:41:05+02;1309
2017-08-24 15:40:06+02;1299
2017-08-24 15:50:06+02;1289
2017-08-24 16:11:05+02;1289
2017-08-24 16:40:06+02;1279
2017-08-24 17:11:06+02;1299
2017-08-24 17:43:06+02;1279
2017-08-24 18:11:05+02;1269
2017-08-25 05:37:05+02;1359
2017-08-25 06:06:06+02;1359
2017-08-25 09:40:07+02;1349
2017-08-25 10:30:07+02;1339
2017-08-25 11:11:06+02;1329
2017-08-25 11:50:06+02;1319
2017-08-25 12:00:06+02;1309
2017-08-25 12:47:06+02;1339
2017-08-25 13:41:06+02;1309
2017-08-25 13:51:06+02;1299
2017-08-25 15:51:05+02;1289
2017-08-25 16:11:06+02;1279
2017-08-25 16:43:06+02;1269
2017-08-25 17:11:06+02;1289
2017-08-25 17:43:05+02;1269
2017-08-26 05:36:12+02;1359
2017-08-26 07:37:25+02;1349
2017-08-26 10:30:06+02;1339
2017-08-26 10:41:05+02;1309
2017-08-26 11:51:05+02;1299
2017-08-26 12:47:05+02;1329
2017-08-26 13:41:05+02;1299
2017-08-26 13:50:06+02;1289
2017-08-26 17:11:05+02;1309
2017-08-27 05:37:06+02;1399
2017-08-27 08:07:06+02;1359
2017-08-27 09:23:05+02;1309
2017-08-27 10:11:05+02;1299
2017-08-27 11:50:06+02;1289
2017-08-27 12:47:06+02;1319
2017-08-27 17:11:05+02;1339
2017-08-28 05:37:05+02;1429
2017-08-28 06:07:06+02;1369
2017-08-28 09:51:11+02;1359
2017-08-28 10:00:07+02;1309
2017-08-28 10:40:07+02;1299
2017-08-28 12:11:05+02;1289
2017-08-28 12:47:06+02;1319
2017-08-28 13:40:07+02;1299
2017-08-28 13:50:06+02;1289
2017-08-28 15:41:06+02;1289
2017-08-28 16:21:06+02;1289
2017-08-28 16:30:08+02;1279
2017-08-28 17:11:06+02;1299
2017-08-28 17:43:06+02;1279
2017-08-29 05:37:05+02;1369
2017-08-29 06:07:06+02;1369
2017-08-29 06:50:06+02;1359
2017-08-29 09:43:05+02;1329
2017-08-29 10:41:06+02;1309
2017-08-29 11:01:06+02;1289
2017-08-29 11:50:06+02;1289
2017-08-29 12:47:06+02;1309
2017-08-29 13:51:06+02;1279
2017-08-29 15:41:06+02;1269
2017-08-29 16:00:06+02;1269
2017-08-29 16:11:05+02;1269
2017-08-29 17:10:19+02;1289
2017-08-29 17:42:16+02;1269
2017-08-30 05:37:09+02;1369
2017-08-30 06:06:05+02;1359
2017-08-30 09:51:06+02;1349
2017-08-30 10:30:09+02;1339
2017-08-30 11:41:06+02;1319
2017-08-30 12:01:07+02;1309
2017-08-30 12:47:09+02;1339
2017-08-30 13:43:06+02;1309
2017-08-30 14:01:06+02;1299
2017-08-30 16:10:23+02;1289
2017-08-30 16:41:06+02;1269
2017-08-30 17:11:06+02;1289
2017-08-30 17:43:06+02;1269
2017-08-30 18:11:06+02;1269
2017-08-31 05:37:05+02;1369
2017-08-31 06:07:06+02;1359
2017-08-31 06:50:05+02;1349
2017-08-31 10:40:21+02;1339
2017-08-31 11:10:07+02;1329
2017-08-31 11:51:06+02;1319
2017-08-31 12:11:06+02;1309
2017-08-31 12:47:06+02;1339
2017-08-31 13:41:06+02;1309
2017-08-31 13:50:06+02;1299
2017-08-31 16:30:07+02;1299
2017-08-31 17:11:06+02;1319
2017-08-31 17:43:06+02;1299
2017-09-01 05:37:06+02;1389
2017-09-01 06:07:06+02;1379
2017-09-01 09:57:07+02;1319
2017-09-01 10:32:07+02;1319
2017-09-01 11:10:07+02;1319
2017-09-01 12:47:06+02;1349
2017-09-01 13:41:06+02;1329
2017-09-01 13:50:06+02;1319
2017-09-01 17:10:07+02;1339
2017-09-01 17:43:06+02;1319
2017-09-01 19:20:06+02;1309
2017-09-02 05:36:05+02;1399
2017-09-02 07:37:06+02;1389
2017-09-02 09:21:06+02;1339
2017-09-02 09:30:07+02;1339
2017-09-02 10:10:06+02;1339
2017-09-02 12:01:06+02;1329
2017-09-02 12:22:05+02;1319
2017-09-02 12:47:06+02;1349
2017-09-02 13:40:06+02;1329
2017-09-02 13:51:06+02;1319
2017-09-02 17:11:06+02;1339
2017-09-03 05:37:05+02;1429
2017-09-03 08:07:06+02;1389
2017-09-03 09:32:06+02;1349
2017-09-03 09:41:06+02;1339
2017-09-03 09:51:06+02;1339
2017-09-03 10:11:06+02;1339
2017-09-03 11:50:13+02;1329
2017-09-03 12:47:06+02;1359
2017-09-03 17:11:05+02;1379
2017-09-04 05:37:06+02;1469
2017-09-04 06:07:06+02;1379
2017-09-04 09:41:06+02;1359
2017-09-04 09:51:06+02;1359
2017-09-04 10:50:07+02;1349
2017-09-04 11:40:07+02;1339
2017-09-04 12:00:07+02;1339
2017-09-04 12:47:06+02;1359
2017-09-04 13:41:06+02;1329
2017-09-04 14:00:07+02;1319
2017-09-04 16:00:07+02;1309
2017-09-04 17:11:06+02;1329
2017-09-04 17:43:06+02;1309
2017-09-05 05:37:06+02;1399
2017-09-05 06:53:05+02;1389
2017-09-05 10:31:06+02;1379
2017-09-05 10:41:06+02;1369
2017-09-05 11:10:06+02;1359
2017-09-05 11:50:06+02;1349
2017-09-05 12:11:06+02;1339
2017-09-05 12:47:06+02;1359
2017-09-05 13:41:06+02;1339
2017-09-05 14:01:05+02;1329
2017-09-05 16:31:07+02;1309
2017-09-05 17:11:06+02;1329
2017-09-05 17:43:05+02;1309
2017-09-05 18:11:05+02;1299
2017-09-06 05:37:06+02;1389
2017-09-06 09:40:07+02;1359
2017-09-06 09:51:06+02;1329
2017-09-06 10:11:05+02;1319
2017-09-06 11:52:06+02;1319
2017-09-06 12:47:06+02;1349
2017-09-06 13:41:06+02;1329
2017-09-06 13:51:06+02;1319
2017-09-06 15:40:06+02;1309
2017-09-06 17:11:06+02;1329
2017-09-06 17:43:06+02;1309
2017-09-07 05:36:06+02;1399
2017-09-07 06:07:06+02;1399
2017-09-07 06:51:06+02;1389
2017-09-07 09:20:06+02;1339
2017-09-07 10:51:06+02;1339
2017-09-07 12:46:06+02;1349
2017-09-07 13:32:07+02;1339
2017-09-07 13:41:06+02;1329
2017-09-07 13:51:06+02;1319
2017-09-07 16:30:08+02;1309
2017-09-07 17:11:06+02;1329
2017-09-07 17:43:05+02;1309
2017-09-08 05:36:09+02;1409
2017-09-08 06:06:18+02;1389
2017-09-08 09:51:06+02;1379
2017-09-08 10:41:06+02;1309
2017-09-08 12:47:06+02;1339
2017-09-08 13:43:07+02;1319
2017-09-08 13:52:18+02;1309
2017-09-08 17:10:06+02;1329
2017-09-08 17:43:06+02;1309
2017-09-09 05:36:06+02;1419
2017-09-09 07:37:06+02;1389
2017-09-09 09:43:06+02;1339
2017-09-09 10:11:06+02;1329
2017-09-09 10:51:06+02;1319
2017-09-09 12:46:05+02;1349
2017-09-09 13:41:05+02;1329
2017-09-09 13:51:05+02;1319
2017-09-09 17:11:05+02;1339
2017-09-10 05:36:06+02;1429
2017-09-10 08:07:06+02;1389
2017-09-10 09:30:07+02;1359
2017-09-10 09:41:05+02;1349
2017-09-10 11:51:06+02;1339
2017-09-10 12:47:06+02;1369
2017-09-10 17:11:06+02;1389
2017-09-11 05:36:06+02;1479
2017-09-11 06:06:06+02;1389
2017-09-11 09:11:06+02;1369
2017-09-11 09:20:06+02;1369
2017-09-11 11:11:06+02;1359
2017-09-11 11:41:06+02;1349
2017-09-11 11:51:06+02;1349
2017-09-11 12:00:06+02;1339
2017-09-11 12:47:06+02;1369
2017-09-11 13:40:07+02;1339
2017-09-11 13:51:06+02;1329
2017-09-11 15:41:09+02;1319
2017-09-11 17:42:13+02;1299
2017-09-12 05:37:05+02;1419
2017-09-12 06:06:06+02;1399
2017-09-12 06:51:06+02;1389
2017-09-12 09:21:05+02;1379
2017-09-12 09:40:07+02;1369
2017-09-12 10:41:05+02;1359
2017-09-12 11:41:06+02;1349
2017-09-12 12:46:08+02;1379
2017-09-12 13:33:06+02;1349
2017-09-12 14:30:07+02;1339
2017-09-12 15:51:06+02;1329
2017-09-12 17:10:06+02;1349
2017-09-12 17:43:05+02;1309
2017-09-12 18:40:06+02;1299
2017-09-12 19:30:07+02;1289
2017-09-13 05:37:06+02;1409
2017-09-13 06:06:06+02;1389
2017-09-13 09:50:06+02;1369
2017-09-13 11:02:06+02;1359
2017-09-13 12:00:11+02;1339
2017-09-13 12:47:06+02;1369
2017-09-13 13:41:05+02;1349
2017-09-13 13:51:06+02;1339
2017-09-13 15:40:07+02;1329
2017-09-13 15:50:06+02;1319
2017-09-13 17:10:06+02;1339
2017-09-13 17:42:06+02;1309
2017-09-13 20:00:06+02;1289
2017-09-14 05:36:05+02;1419
2017-09-14 06:06:06+02;1399
2017-09-14 06:51:05+02;1389
2017-09-14 09:11:06+02;1389
2017-09-14 09:20:06+02;1339
2017-09-14 11:50:06+02;1329
2017-09-14 12:47:06+02;1359
2017-09-14 13:50:06+02;1329
2017-09-14 14:51:06+02;1319
2017-09-14 15:11:06+02;1309
2017-09-14 16:11:06+02;1299
2017-09-14 17:10:07+02;1319
2017-09-14 17:43:06+02;1289
2017-09-15 05:36:06+02;1429
2017-09-15 06:06:05+02;1389
2017-09-15 09:11:07+02;1379
2017-09-15 09:51:06+02;1379
2017-09-15 10:51:06+02;1369
2017-09-15 11:30:07+02;1369
2017-09-15 11:40:06+02;1359
2017-09-15 12:01:05+02;1349
2017-09-15 12:11:06+02;1339
2017-09-15 12:47:06+02;1369
2017-09-15 13:33:06+02;1349
2017-09-15 13:41:06+02;1339
2017-09-15 14:01:05+02;1329
2017-09-15 15:51:07+02;1319
2017-09-15 16:20:06+02;1299
2017-09-15 17:11:05+02;1319
2017-09-15 17:43:06+02;1299
2017-09-15 18:11:06+02;1289
2017-09-16 05:36:06+02;1419
2017-09-16 07:36:09+02;1379
2017-09-16 10:40:06+02;1339
2017-09-16 11:01:06+02;1339
2017-09-16 11:50:15+02;1329
2017-09-16 12:00:44+02;1329
2017-09-16 12:47:06+02;1359
2017-09-16 13:51:05+02;1329
2017-09-16 17:11:05+02;1349
2017-09-17 05:37:06+02;1439
2017-09-17 08:07:06+02;1389
2017-09-17 09:51:05+02;1329
2017-09-17 10:00:06+02;1329
2017-09-17 10:11:06+02;1319
2017-09-17 11:51:05+02;1309
2017-09-17 12:47:06+02;1339
2017-09-17 17:10:06+02;1359
2017-09-18 05:37:06+02;1449
2017-09-18 06:07:06+02;1389
2017-09-18 09:52:07+02;1379
2017-09-18 10:31:06+02;1369
2017-09-18 11:40:06+02;1349
2017-09-18 12:00:07+02;1339
2017-09-18 12:47:05+02;1369
2017-09-18 13:41:06+02;1349
2017-09-18 13:50:09+02;1339
2017-09-18 14:30:07+02;1329
2017-09-18 15:52:28+02;1319
2017-09-18 16:01:06+02;1319
2017-09-18 16:31:08+02;1309
2017-09-18 16:41:05+02;1299
2017-09-18 17:11:06+02;1319
2017-09-18 17:43:05+02;1299
2017-09-18 18:11:06+02;1289
2017-09-18 20:00:06+02;1279
2017-09-19 05:36:06+02;1419
2017-09-19 06:07:06+02;1379
2017-09-19 06:51:06+02;1369
2017-09-19 11:13:06+02;1359
2017-09-19 11:30:08+02;1349
2017-09-19 11:51:06+02;1339
2017-09-19 12:47:06+02;1369
2017-09-19 13:43:06+02;1329
2017-09-19 13:51:05+02;1319
2017-09-19 14:51:06+02;1309
2017-09-19 16:30:07+02;1299
2017-09-19 17:10:24+02;1319
2017-09-19 17:42:16+02;1299
2017-09-19 18:11:16+02;1289
2017-09-19 19:01:06+02;1279
2017-09-19 23:16:20+02;1279
2017-09-20 05:36:06+02;1399
2017-09-20 06:07:06+02;1379
2017-09-20 09:51:06+02;1369
2017-09-20 10:10:06+02;1299
2017-09-20 12:11:06+02;1289
2017-09-20 12:47:06+02;1319
2017-09-20 13:40:06+02;1299
2017-09-20 14:11:05+02;1289
2017-09-20 15:01:06+02;1279
2017-09-20 15:40:06+02;1279
2017-09-20 17:11:06+02;1299
2017-09-20 17:43:06+02;1279
2017-09-20 18:11:05+02;1269
2017-09-21 05:37:06+02;1389
2017-09-21 06:07:05+02;1369
2017-09-21 06:51:06+02;1359
2017-09-21 09:33:06+02;1349
2017-09-21 09:41:06+02;1339
2017-09-21 10:11:05+02;1329
2017-09-21 10:20:06+02;1329
2017-09-21 11:40:07+02;1319
2017-09-21 11:52:05+02;1309
2017-09-21 12:47:06+02;1339
2017-09-21 13:42:17+02;1319
2017-09-21 13:51:12+02;1309
2017-09-21 16:30:07+02;1269
2017-09-21 17:10:06+02;1289
2017-09-21 17:43:06+02;1269
