2014-06-08 09:50:01+02;1589
2014-06-08 13:02:01+02;1539
2014-06-08 16:06:01+02;1669
2014-06-09 00:02:01+02;1629
2014-06-09 00:26:01+02;1599
2014-06-09 06:58:01+02;1589
2014-06-09 07:42:01+02;1579
2014-06-09 11:14:01+02;1569
2014-06-09 11:42:01+02;1539
2014-06-09 13:42:01+02;1539
2014-06-09 16:06:01+02;1669
2014-06-09 16:30:01+02;1629
2014-06-10 03:14:01+02;1589
2014-06-10 06:26:01+02;1579
2014-06-10 07:26:01+02;1559
2014-06-10 08:58:01+02;1559
2014-06-10 12:26:01+02;1539
2014-06-10 16:06:01+02;1679
2014-06-11 00:14:01+02;1659
2014-06-11 00:26:01+02;1599
2014-06-11 05:26:01+02;1579
2014-06-11 08:26:01+02;1559
2014-06-11 13:02:01+02;1549
2014-06-11 16:06:01+02;1679
2014-06-11 23:58:01+02;1669
2014-06-12 00:42:01+02;1599
2014-06-12 02:14:01+02;1589
2014-06-12 03:42:01+02;1589
2014-06-12 07:58:01+02;1559
2014-06-12 12:14:01+02;1559
2014-06-12 16:06:02+02;1689
2014-06-13 00:14:01+02;1679
2014-06-13 01:14:01+02;1619
2014-06-13 03:14:01+02;1599
2014-06-13 05:14:01+02;1589
2014-06-13 08:26:01+02;1569
2014-06-13 09:30:01+02;1559
2014-06-13 16:06:01+02;1699
2014-06-14 00:14:01+02;1689
2014-06-14 01:42:01+02;1609
2014-06-14 03:02:01+02;1589
2014-06-14 13:30:01+02;1559
2014-06-14 13:58:01+02;1539
2014-06-14 16:06:01+02;1699
2014-06-14 16:30:01+02;1629
2014-06-15 01:58:01+02;1619
2014-06-15 06:42:01+02;1599
2014-06-15 14:14:01+02;1589
2014-06-15 15:02:01+02;1559
2014-06-15 16:06:01+02;1699
2014-06-15 16:26:01+02;1649
2014-06-15 23:58:01+02;1619
2014-06-16 02:30:01+02;1609
2014-06-16 07:14:01+02;1579
2014-06-16 13:14:01+02;1569
2014-06-16 16:06:01+02;1699
2014-06-16 23:58:01+02;1619
2014-06-17 07:42:01+02;1579
2014-06-17 14:26:01+02;1569
2014-06-17 16:06:01+02;1699
2014-06-18 00:14:01+02;1629
2014-06-18 06:58:01+02;1579
2014-06-18 15:30:01+02;1559
2014-06-18 16:06:01+02;1699
2014-06-18 23:58:01+02;1649
2014-06-19 00:42:01+02;1649
2014-06-19 01:42:01+02;1619
2014-06-19 03:42:01+02;1589
2014-06-19 08:42:01+02;1579
2014-06-19 16:06:01+02;1699
2014-06-20 00:02:01+02;1699
2014-06-20 00:14:01+02;1619
2014-06-20 03:58:01+02;1609
2014-06-20 16:06:01+02;1699
2014-06-21 00:02:01+02;1699
2014-06-21 02:26:01+02;1639
2014-06-21 02:42:01+02;1599
2014-06-21 08:06:01+02;1579
2014-06-21 14:58:01+02;1569
2014-06-21 16:06:01+02;1699
2014-06-21 16:26:01+02;1659
2014-06-22 01:42:01+02;1629
2014-06-22 05:58:01+02;1589
2014-06-22 16:06:01+02;1699
2014-06-22 16:26:01+02;1679
2014-06-23 01:14:01+02;1639
2014-06-23 02:58:01+02;1629
2014-06-23 07:26:01+02;1599
2014-06-23 11:42:01+02;1599
2014-06-23 14:02:01+02;1589
2014-06-23 14:14:01+02;1579
2014-06-23 16:06:01+02;1699
2014-06-23 23:26:01+02;1669
2014-06-24 02:14:01+02;1629
2014-06-24 03:42:01+02;1619
2014-06-24 14:26:01+02;1609
2014-06-24 16:06:01+02;1699
2014-06-24 23:26:01+02;1639
2014-06-24 23:58:01+02;1639
2014-06-25 02:26:01+02;1639
2014-06-25 03:14:01+02;1629
2014-06-25 07:58:01+02;1629
2014-06-25 12:42:01+02;1599
2014-06-25 16:06:01+02;1699
2014-06-25 23:54:01+02;1699
2014-06-26 01:42:01+02;1639
2014-06-26 03:58:01+02;1619
2014-06-26 05:42:01+02;1609
2014-06-26 10:26:01+02;1599
2014-06-26 12:30:01+02;1579
2014-06-26 13:58:01+02;1579
2014-06-26 16:06:01+02;1699
2014-06-26 23:30:01+02;1639
2014-06-27 02:58:01+02;1619
2014-06-27 03:58:01+02;1599
2014-06-27 10:14:01+02;1589
2014-06-27 13:02:01+02;1569
2014-06-27 16:06:01+02;1699
2014-06-28 00:14:01+02;1699
2014-06-28 01:42:01+02;1629
2014-06-28 03:26:01+02;1629
2014-06-28 03:42:01+02;1599
2014-06-28 04:02:01+02;1599
2014-06-28 11:58:01+02;1579
2014-06-28 14:14:01+02;1569
2014-06-28 16:06:01+02;1699
2014-06-28 16:26:01+02;1659
2014-06-29 03:38:01+02;1629
2014-06-29 03:42:01+02;1609
2014-06-29 07:26:01+02;1599
2014-06-29 07:58:01+02;1589
2014-06-29 12:58:01+02;1579
2014-06-29 15:26:01+02;1569
2014-06-29 16:06:02+02;1699
2014-06-29 16:26:01+02;1669
2014-06-29 23:58:01+02;1629
2014-06-30 03:58:01+02;1609
2014-06-30 10:30:01+02;1579
2014-06-30 12:26:01+02;1569
2014-06-30 16:06:01+02;1699
2014-07-01 00:14:01+02;1699
2014-07-01 00:26:01+02;1619
2014-07-01 05:42:01+02;1599
2014-07-01 06:18:01+02;1599
2014-07-01 11:02:01+02;1589
2014-07-01 11:14:01+02;1579
2014-07-01 13:02:01+02;1559
2014-07-01 16:06:01+02;1699
2014-07-01 23:58:01+02;1629
2014-07-02 01:14:01+02;1619
2014-07-02 03:30:01+02;1609
2014-07-02 04:42:01+02;1599
2014-07-02 06:18:02+02;1589
2014-07-02 09:14:01+02;1569
2014-07-02 09:58:01+02;1569
2014-07-02 16:06:01+02;1699
2014-07-02 23:58:01+02;1699
2014-07-03 01:14:01+02;1619
2014-07-03 04:10:01+02;1599
2014-07-03 08:58:01+02;1569
2014-07-03 12:14:01+02;1569
2014-07-03 16:06:01+02;1689
2014-07-03 23:42:01+02;1689
2014-07-04 01:18:01+02;1619
2014-07-04 04:42:01+02;1599
2014-07-04 08:54:01+02;1569
2014-07-04 10:26:01+02;1549
2014-07-04 17:06:01+02;1689
2014-07-04 23:58:01+02;1669
2014-07-05 02:14:01+02;1619
2014-07-05 03:42:01+02;1599
2014-07-05 07:14:01+02;1589
2014-07-05 09:42:01+02;1579
2014-07-05 17:06:01+02;1689
2014-07-05 23:58:01+02;1669
2014-07-06 00:42:01+02;1629
2014-07-06 00:58:01+02;1629
2014-07-06 02:58:01+02;1599
2014-07-06 09:42:01+02;1579
2014-07-06 17:06:01+02;1689
2014-07-06 23:58:01+02;1669
2014-07-07 00:14:01+02;1669
2014-07-07 01:02:01+02;1629
2014-07-07 03:58:01+02;1579
2014-07-07 07:26:01+02;1569
2014-07-07 13:14:01+02;1549
2014-07-07 17:06:01+02;1699
2014-07-08 00:42:01+02;1639
2014-07-08 00:58:01+02;1619
2014-07-08 02:14:01+02;1549
2014-07-08 13:26:01+02;1539
2014-07-08 17:06:01+02;1699
2014-07-08 23:46:01+02;1629
2014-07-09 00:58:01+02;1619
2014-07-09 02:58:01+02;1599
2014-07-09 06:14:01+02;1589
2014-07-09 06:58:01+02;1569
2014-07-09 12:58:01+02;1539
2014-07-09 17:06:01+02;1699
2014-07-09 23:42:01+02;1619
2014-07-10 04:02:01+02;1609
2014-07-10 07:14:01+02;1579
2014-07-10 17:06:01+02;1689
2014-07-10 23:58:01+02;1629
2014-07-11 03:26:01+02;1629
2014-07-11 06:42:01+02;1589
2014-07-11 09:58:01+02;1579
2014-07-11 17:06:01+02;1689
2014-07-12 00:58:01+02;1619
2014-07-12 02:42:01+02;1609
2014-07-12 05:26:01+02;1569
2014-07-12 13:42:01+02;1559
2014-07-12 17:06:01+02;1689
2014-07-12 23:42:01+02;1649
2014-07-13 01:14:01+02;1619
2014-07-13 02:30:01+02;1599
2014-07-13 07:02:01+02;1579
2014-07-13 07:26:01+02;1569
2014-07-13 17:06:01+02;1689
2014-07-13 23:42:01+02;1659
2014-07-14 01:02:01+02;1629
2014-07-14 02:14:01+02;1599
2014-07-14 06:58:01+02;1579
2014-07-14 10:42:01+02;1559
2014-07-14 10:58:01+02;1559
2014-07-14 17:06:01+02;1689
2014-07-14 23:42:01+02;1689
2014-07-15 01:42:01+02;1689
2014-07-15 01:58:01+02;1589
2014-07-15 03:58:01+02;1579
2014-07-15 06:30:01+02;1569
2014-07-15 07:30:01+02;1569
2014-07-15 17:06:01+02;1689
2014-07-15 23:42:01+02;1679
2014-07-16 01:26:01+02;1599
2014-07-16 01:58:01+02;1589
2014-07-16 02:30:01+02;1579
2014-07-16 12:10:01+02;1559
2014-07-16 14:26:01+02;1559
2014-07-16 16:06:01+02;1679
2014-07-16 23:54:01+02;1679
2014-07-17 01:22:01+02;1619
2014-07-17 02:30:01+02;1589
2014-07-17 08:30:01+02;1579
2014-07-17 12:30:01+02;1559
2014-07-17 16:06:01+02;1679
2014-07-17 23:42:01+02;1619
2014-07-17 23:58:01+02;1619
2014-07-18 01:26:01+02;1619
2014-07-18 02:58:01+02;1599
2014-07-18 07:26:01+02;1579
2014-07-18 10:58:01+02;1559
2014-07-18 11:42:01+02;1559
2014-07-18 12:26:01+02;1539
2014-07-18 13:42:01+02;1539
2014-07-18 17:06:01+02;1679
2014-07-18 23:42:01+02;1669
2014-07-19 00:26:01+02;1599
2014-07-19 04:58:01+02;1599
2014-07-19 06:58:01+02;1579
2014-07-19 10:58:01+02;1559
2014-07-19 11:58:01+02;1559
2014-07-19 17:06:01+02;1679
2014-07-20 00:14:01+02;1649
2014-07-20 00:58:01+02;1619
2014-07-20 03:58:01+02;1559
2014-07-20 06:30:01+02;1559
2014-07-20 17:06:01+02;1679
2014-07-20 23:10:01+02;1619
2014-07-21 03:42:01+02;1599
2014-07-21 07:10:01+02;1579
2014-07-21 10:26:01+02;1579
2014-07-21 13:58:01+02;1559
2014-07-21 17:06:01+02;1679
2014-07-21 23:42:01+02;1679
2014-07-22 00:10:01+02;1619
2014-07-22 03:42:01+02;1599
2014-07-22 08:30:01+02;1569
2014-07-22 11:14:01+02;1559
2014-07-22 17:06:01+02;1679
2014-07-22 23:42:01+02;1679
2014-07-22 23:58:01+02;1619
2014-07-23 03:10:01+02;1589
2014-07-23 08:14:01+02;1559
2014-07-23 17:38:01+02;1679
2014-07-23 23:42:01+02;1599
2014-07-24 00:02:01+02;1599
2014-07-24 02:42:01+02;1579
2014-07-24 07:26:01+02;1569
2014-07-24 11:42:01+02;1539
2014-07-24 12:58:01+02;1539
2014-07-24 16:06:01+02;1689
2014-07-25 00:02:01+02;1599
2014-07-25 04:58:01+02;1579
2014-07-25 07:14:01+02;1559
2014-07-25 16:06:01+02;1679
2014-07-25 16:10:01+02;1629
2014-07-26 01:42:01+02;1599
2014-07-26 07:26:01+02;1589
2014-07-26 09:14:01+02;1569
2014-07-26 14:58:01+02;1559
2014-07-26 16:06:01+02;1679
2014-07-26 16:30:01+02;1649
2014-07-27 01:42:01+02;1619
2014-07-27 04:58:01+02;1609
2014-07-27 07:58:01+02;1589
2014-07-27 16:06:01+02;1679
2014-07-28 00:02:01+02;1679
2014-07-28 00:26:01+02;1619
2014-07-28 01:58:01+02;1609
2014-07-28 06:26:01+02;1589
2014-07-28 07:54:01+02;1569
2014-07-28 09:42:01+02;1549
2014-07-28 16:06:01+02;1679
2014-07-28 23:42:01+02;1669
2014-07-29 00:26:01+02;1599
2014-07-29 02:10:01+02;1589
2014-07-29 02:46:01+02;1579
2014-07-29 07:42:01+02;1569
2014-07-29 09:14:01+02;1559
2014-07-29 13:26:01+02;1539
2014-07-29 16:06:01+02;1679
2014-07-29 23:26:01+02;1599
2014-07-30 01:26:01+02;1589
2014-07-30 03:14:01+02;1589
2014-07-30 06:58:01+02;1569
2014-07-30 11:26:01+02;1559
2014-07-30 13:26:01+02;1539
2014-07-30 16:06:01+02;1679
2014-07-30 23:30:01+02;1629
2014-07-31 00:30:01+02;1599
2014-07-31 02:10:01+02;1589
2014-07-31 06:58:01+02;1569
2014-07-31 12:42:01+02;1539
2014-07-31 16:06:01+02;1679
2014-07-31 23:42:01+02;1629
2014-08-01 00:42:01+02;1599
2014-08-01 07:58:01+02;1569
2014-08-01 10:54:01+02;1559
2014-08-01 13:26:01+02;1539
2014-08-01 16:06:01+02;1679
2014-08-01 23:42:01+02;1669
2014-08-02 00:42:01+02;1599
2014-08-02 01:26:01+02;1599
2014-08-02 02:58:01+02;1589
2014-08-02 08:14:01+02;1569
2014-08-02 11:42:01+02;1569
2014-08-02 16:06:01+02;1679
2014-08-02 16:30:01+02;1659
2014-08-03 01:26:01+02;1619
2014-08-03 02:42:01+02;1609
2014-08-03 06:58:01+02;1609
2014-08-03 10:26:01+02;1599
2014-08-03 16:06:01+02;1679
2014-08-03 16:30:01+02;1669
2014-08-04 00:58:01+02;1619
2014-08-04 03:26:01+02;1589
2014-08-04 07:10:01+02;1569
2014-08-04 09:10:01+02;1559
2014-08-04 16:06:01+02;1669
2014-08-05 05:42:01+02;1659
2014-08-05 06:42:01+02;1599
2014-08-05 08:58:01+02;1579
2014-08-05 13:42:01+02;1559
2014-08-05 16:10:01+02;1549
2014-08-05 18:10:01+02;1529
2014-08-05 18:46:01+02;1529
2014-08-05 22:06:01+02;1659
2014-08-06 05:42:01+02;1659
2014-08-06 06:58:01+02;1589
2014-08-06 08:02:01+02;1579
2014-08-06 08:42:01+02;1569
2014-08-06 13:02:01+02;1569
2014-08-06 16:26:01+02;1559
2014-08-06 20:26:01+02;1559
2014-08-06 22:06:01+02;1659
2014-08-07 05:42:01+02;1659
2014-08-07 06:26:01+02;1599
2014-08-07 08:10:01+02;1579
2014-08-07 09:26:01+02;1569
2014-08-07 11:54:01+02;1549
2014-08-07 19:18:01+02;1529
2014-08-07 22:02:01+02;1659
2014-08-08 05:42:01+02;1659
2014-08-08 06:26:01+02;1589
2014-08-08 12:26:01+02;1569
2014-08-08 13:42:01+02;1539
2014-08-08 18:42:02+02;1529
2014-08-08 21:10:01+02;1509
2014-08-08 22:06:01+02;1669
2014-08-09 05:42:01+02;1649
2014-08-09 07:26:01+02;1589
2014-08-09 09:14:01+02;1569
2014-08-09 13:10:01+02;1559
2014-08-09 14:26:01+02;1549
2014-08-09 15:58:01+02;1539
2014-08-09 22:10:01+02;1669
2014-08-09 22:26:01+02;1629
2014-08-10 07:30:01+02;1599
2014-08-10 08:42:01+02;1599
2014-08-10 12:42:01+02;1569
2014-08-10 14:26:01+02;1569
2014-08-10 16:10:01+02;1539
2014-08-10 22:06:01+02;1659
2014-08-10 22:30:01+02;1629
2014-08-11 05:30:01+02;1599
2014-08-11 08:42:01+02;1589
2014-08-11 09:26:01+02;1569
2014-08-11 13:42:01+02;1549
2014-08-11 19:10:01+02;1529
2014-08-11 22:06:01+02;1669
2014-08-12 05:26:01+02;1659
2014-08-12 05:42:01+02;1609
2014-08-12 06:10:01+02;1589
2014-08-12 06:58:01+02;1589
2014-08-12 12:58:01+02;1549
2014-08-12 14:14:01+02;1539
2014-08-12 16:42:01+02;1539
2014-08-12 20:30:01+02;1509
2014-08-12 22:06:01+02;1669
2014-08-13 05:42:01+02;1599
2014-08-13 07:10:01+02;1579
2014-08-13 07:58:01+02;1569
2014-08-13 13:26:01+02;1569
2014-08-13 19:30:01+02;1529
2014-08-13 20:42:01+02;1519
2014-08-13 22:06:01+02;1669
2014-08-14 05:26:01+02;1609
2014-08-14 07:10:01+02;1569
2014-08-14 14:14:01+02;1539
2014-08-14 19:14:01+02;1519
2014-08-14 22:06:01+02;1669
2014-08-15 05:42:01+02;1649
2014-08-15 06:42:01+02;1579
2014-08-15 13:14:01+02;1549
2014-08-15 19:10:01+02;1529
2014-08-15 22:06:01+02;1659
2014-08-16 05:42:01+02;1649
2014-08-16 07:10:01+02;1589
2014-08-16 12:14:01+02;1579
2014-08-16 12:30:01+02;1549
2014-08-16 22:10:01+02;1659
2014-08-16 22:30:01+02;1639
2014-08-17 06:26:01+02;1639
2014-08-17 08:14:01+02;1599
2014-08-17 09:42:01+02;1589
2014-08-17 12:26:01+02;1589
2014-08-17 14:58:01+02;1569
2014-08-17 17:10:01+02;1569
2014-08-17 20:18:01+02;1559
2014-08-17 22:10:01+02;1659
2014-08-17 22:30:01+02;1649
2014-08-18 05:14:01+02;1619
2014-08-18 09:42:01+02;1599
2014-08-18 13:10:01+02;1579
2014-08-18 13:42:01+02;1549
2014-08-18 16:58:01+02;1539
2014-08-18 20:10:01+02;1519
2014-08-18 22:06:01+02;1659
2014-08-19 05:42:01+02;1649
2014-08-19 06:10:01+02;1579
2014-08-19 09:10:01+02;1549
2014-08-19 14:06:01+02;1539
2014-08-19 20:58:01+02;1519
2014-08-19 22:06:01+02;1659
2014-08-20 05:42:01+02;1649
2014-08-20 06:30:01+02;1579
2014-08-20 09:58:01+02;1569
2014-08-20 13:42:01+02;1549
2014-08-20 14:58:01+02;1539
2014-08-20 17:58:01+02;1529
2014-08-20 19:26:01+02;1519
2014-08-20 22:06:01+02;1669
2014-08-21 05:42:01+02;1649
2014-08-21 06:26:01+02;1579
2014-08-21 13:30:01+02;1539
2014-08-21 14:14:01+02;1529
2014-08-21 16:38:01+02;1519
2014-08-21 22:06:01+02;1679
2014-08-22 05:42:01+02;1659
2014-08-22 06:30:01+02;1589
2014-08-22 07:42:01+02;1579
2014-08-22 14:42:01+02;1579
2014-08-22 15:18:01+02;1569
2014-08-22 16:26:01+02;1579
2014-08-22 17:26:01+02;1529
2014-08-22 19:42:01+02;1519
2014-08-22 22:06:01+02;1679
2014-08-23 05:42:01+02;1649
2014-08-23 06:58:01+02;1589
2014-08-23 10:42:01+02;1549
2014-08-23 12:58:01+02;1549
2014-08-23 14:30:01+02;1539
2014-08-23 18:58:01+02;1539
2014-08-23 22:06:01+02;1679
2014-08-23 22:30:01+02;1629
2014-08-24 07:42:01+02;1599
2014-08-24 09:42:01+02;1599
2014-08-24 10:42:01+02;1599
2014-08-24 12:42:01+02;1599
2014-08-24 13:42:01+02;1579
2014-08-24 16:54:01+02;1569
2014-08-24 19:42:01+02;1559
2014-08-24 22:06:01+02;1679
2014-08-24 22:30:01+02;1649
2014-08-25 05:26:01+02;1619
2014-08-25 10:10:01+02;1589
2014-08-25 12:10:01+02;1589
2014-08-25 12:58:01+02;1549
2014-08-25 14:58:01+02;1549
2014-08-25 16:42:01+02;1539
2014-08-25 18:26:01+02;1519
2014-08-25 22:06:01+02;1679
2014-08-26 05:42:01+02;1609
2014-08-26 06:10:01+02;1599
2014-08-26 06:58:01+02;1579
2014-08-26 09:42:01+02;1569
2014-08-26 13:14:01+02;1549
2014-08-26 14:14:01+02;1549
2014-08-26 22:06:01+02;1679
2014-08-27 05:42:01+02;1609
2014-08-27 10:14:01+02;1589
2014-08-27 13:10:01+02;1549
2014-08-27 16:26:01+02;1539
2014-08-27 18:42:01+02;1529
2014-08-27 20:10:01+02;1519
2014-08-27 22:06:01+02;1669
2014-08-28 05:42:01+02;1589
2014-08-28 09:58:01+02;1579
2014-08-28 13:58:01+02;1549
2014-08-28 15:58:01+02;1539
2014-08-28 22:06:01+02;1669
2014-08-29 05:42:01+02;1599
2014-08-29 13:14:01+02;1549
2014-08-29 15:26:01+02;1539
2014-08-29 16:26:01+02;1529
2014-08-29 19:42:01+02;1509
2014-08-29 22:06:01+02;1669
2014-08-30 05:42:01+02;1639
2014-08-30 06:58:01+02;1589
2014-08-30 08:10:01+02;1569
2014-08-30 13:14:01+02;1539
2014-08-30 13:42:01+02;1529
2014-08-30 14:58:01+02;1519
2014-08-30 20:14:01+02;1509
2014-08-30 22:06:01+02;1669
2014-08-30 22:30:01+02;1599
2014-08-31 07:42:01+02;1599
2014-08-31 08:42:01+02;1569
2014-08-31 22:06:01+02;1669
2014-08-31 22:26:01+02;1659
2014-09-01 06:30:01+02;1629
2014-09-01 10:10:01+02;1609
2014-09-01 11:10:01+02;1599
2014-09-01 11:18:01+02;1529
2014-09-01 14:58:01+02;1519
2014-09-01 18:34:01+02;1509
2014-09-01 22:06:01+02;1669
2014-09-02 05:42:01+02;1649
2014-09-02 06:26:01+02;1579
2014-09-02 09:26:01+02;1569
2014-09-02 12:42:01+02;1549
2014-09-02 15:10:01+02;1539
2014-09-02 16:58:01+02;1519
2014-09-02 22:06:01+02;1669
2014-09-03 05:42:01+02;1649
2014-09-03 06:58:01+02;1579
2014-09-03 12:58:01+02;1559
2014-09-03 15:26:01+02;1549
2014-09-03 16:58:01+02;1539
2014-09-03 20:30:01+02;1529
2014-09-03 22:06:01+02;1669
2014-09-04 05:14:01+02;1589
2014-09-04 10:42:01+02;1579
2014-09-04 12:54:01+02;1549
2014-09-04 15:42:01+02;1539
2014-09-04 22:06:01+02;1679
2014-09-04 22:14:01+02;1659
2014-09-05 05:14:01+02;1589
2014-09-05 09:46:01+02;1589
2014-09-05 11:10:01+02;1579
2014-09-05 12:42:01+02;1559
2014-09-05 13:10:01+02;1559
2014-09-05 17:42:01+02;1549
2014-09-05 22:06:01+02;1689
2014-09-06 05:42:01+02;1659
2014-09-06 07:26:01+02;1589
2014-09-06 09:58:01+02;1589
2014-09-06 13:42:01+02;1559
2014-09-06 14:46:01+02;1539
2014-09-06 22:06:01+02;1689
2014-09-06 22:30:01+02;1629
2014-09-07 07:58:01+02;1589
2014-09-07 14:42:01+02;1539
2014-09-07 22:06:01+02;1689
2014-09-07 22:30:01+02;1629
2014-09-08 06:30:01+02;1589
2014-09-08 10:14:01+02;1579
2014-09-08 13:26:01+02;1559
2014-09-08 16:42:01+02;1549
2014-09-08 20:02:01+02;1519
2014-09-08 22:06:01+02;1649
2014-09-09 05:46:01+02;1639
2014-09-09 06:42:01+02;1589
2014-09-09 07:26:01+02;1579
2014-09-09 13:58:01+02;1549
2014-09-09 14:26:01+02;1539
2014-09-09 22:06:01+02;1649
2014-09-10 05:14:01+02;1589
2014-09-10 12:02:01+02;1589
2014-09-10 13:14:01+02;1559
2014-09-10 13:42:01+02;1549
2014-09-10 19:30:01+02;1529
2014-09-10 22:10:01+02;1679
2014-09-11 05:14:01+02;1589
2014-09-11 09:58:01+02;1579
2014-09-11 13:14:01+02;1559
2014-09-11 22:06:01+02;1639
2014-09-12 07:42:01+02;1609
2014-09-12 11:42:01+02;1579
2014-09-12 12:58:01+02;1559
2014-09-12 18:42:01+02;1539
2014-09-12 22:06:01+02;1629
2014-09-13 08:14:01+02;1599
2014-09-13 10:30:01+02;1589
2014-09-13 13:42:01+02;1559
2014-09-13 16:30:01+02;1549
2014-09-13 22:06:01+02;1629
2014-09-14 02:02:01+02;1629
2014-09-14 08:14:01+02;1609
2014-09-14 13:58:01+02;1589
2014-09-14 16:14:01+02;1579
2014-09-14 18:58:01+02;1559
2014-09-14 22:06:01+02;1629
2014-09-15 08:10:01+02;1619
2014-09-15 13:58:01+02;1559
2014-09-15 18:14:01+02;1539
2014-09-15 22:06:01+02;1659
2014-09-16 05:30:01+02;1599
2014-09-16 12:42:01+02;1559
2014-09-16 14:30:01+02;1549
2014-09-16 19:26:01+02;1529
2014-09-16 22:06:01+02;1649
2014-09-17 05:42:01+02;1629
2014-09-17 05:58:01+02;1589
2014-09-17 11:14:01+02;1579
2014-09-17 14:14:01+02;1549
2014-09-17 15:42:01+02;1539
2014-09-17 22:06:01+02;1659
2014-09-18 05:42:01+02;1629
2014-09-18 08:14:01+02;1599
2014-09-18 13:10:01+02;1559
2014-09-18 16:42:01+02;1549
2014-09-18 20:42:01+02;1529
2014-09-18 22:06:01+02;1649
2014-09-19 05:42:01+02;1629
2014-09-19 06:42:01+02;1549
2014-09-19 13:42:01+02;1539
2014-09-19 17:10:01+02;1529
2014-09-19 22:06:01+02;1629
2014-09-20 06:42:01+02;1589
2014-09-20 13:14:01+02;1539
2014-09-20 17:30:01+02;1529
2014-09-20 18:58:01+02;1529
2014-09-20 22:06:01+02;1629
2014-09-20 22:26:01+02;1619
2014-09-21 06:58:01+02;1589
2014-09-21 09:14:01+02;1589
2014-09-21 09:42:01+02;1539
2014-09-21 13:30:01+02;1539
2014-09-21 19:14:01+02;1489
2014-09-21 23:10:01+02;1649
2014-09-22 05:42:01+02;1579
2014-09-22 12:58:01+02;1549
2014-09-22 16:30:01+02;1539
2014-09-22 19:34:01+02;1509
2014-09-22 22:06:01+02;1659
2014-09-23 05:42:01+02;1589
2014-09-23 06:58:01+02;1569
2014-09-23 13:30:01+02;1559
2014-09-23 17:14:01+02;1539
2014-09-23 19:14:01+02;1519
2014-09-23 22:06:01+02;1649
2014-09-24 05:58:01+02;1629
2014-09-24 06:42:01+02;1579
2014-09-24 11:42:01+02;1569
2014-09-24 13:58:01+02;1559
2014-09-24 14:42:01+02;1549
2014-09-24 16:18:01+02;1529
2014-09-24 16:30:01+02;1519
2014-09-24 22:02:01+02;1619
2014-09-25 06:42:01+02;1579
2014-09-25 09:42:01+02;1549
2014-09-25 17:14:01+02;1529
2014-09-25 22:06:01+02;1619
2014-09-26 06:30:01+02;1589
2014-09-26 09:58:01+02;1559
2014-09-26 12:42:01+02;1549
2014-09-26 15:30:01+02;1539
2014-09-26 16:30:01+02;1529
2014-09-26 18:14:01+02;1529
2014-09-26 19:58:01+02;1509
2014-09-26 22:06:01+02;1649
2014-09-27 05:58:01+02;1619
2014-09-27 07:26:01+02;1589
2014-09-27 07:58:01+02;1569
2014-09-27 14:42:01+02;1539
2014-09-28 09:34:01+02;1589
2014-09-28 13:14:01+02;1579
2014-09-28 14:58:01+02;1569
2014-09-28 18:42:01+02;1559
2014-09-28 22:06:01+02;1659
2014-09-28 22:30:01+02;1619
2014-09-29 05:14:01+02;1589
2014-09-29 06:14:01+02;1589
2014-09-29 13:42:01+02;1539
2014-09-29 22:06:01+02;1649
2014-09-30 05:42:01+02;1539
2014-09-30 18:14:01+02;1529
2014-09-30 21:14:01+02;1509
2014-09-30 22:06:01+02;1659
2014-10-01 06:14:01+02;1619
2014-10-01 06:58:01+02;1589
2014-10-01 09:30:01+02;1569
2014-10-01 12:42:01+02;1539
2014-10-01 22:06:01+02;1619
2014-10-02 05:42:01+02;1599
2014-10-02 10:42:01+02;1589
2014-10-02 13:58:01+02;1539
2014-10-02 17:42:01+02;1529
2014-10-02 22:06:01+02;1619
2014-10-03 06:58:01+02;1609
2014-10-03 07:30:01+02;1599
2014-10-03 13:14:01+02;1569
2014-10-03 14:30:01+02;1549
2014-10-03 16:14:01+02;1539
2014-10-03 22:10:01+02;1619
2014-10-04 06:58:01+02;1599
2014-10-04 09:30:01+02;1589
2014-10-04 14:14:01+02;1539
2014-10-04 15:58:02+02;1529
2014-10-04 22:06:01+02;1619
2014-10-05 06:14:01+02;1619
2014-10-05 07:58:01+02;1599
2014-10-05 11:42:01+02;1589
2014-10-05 13:58:01+02;1569
2014-10-05 14:58:01+02;1559
2014-10-05 15:30:01+02;1479
2014-10-05 17:14:01+02;1479
2014-10-05 22:06:01+02;1619
2014-10-06 06:14:01+02;1569
2014-10-06 07:14:01+02;1569
2014-10-06 09:42:01+02;1539
2014-10-06 12:58:01+02;1539
2014-10-06 13:42:01+02;1529
2014-10-06 16:14:01+02;1519
2014-10-06 18:42:01+02;1519
2014-10-06 20:18:01+02;1499
2014-10-06 22:10:01+02;1619
2014-10-07 05:42:01+02;1619
2014-10-07 06:42:01+02;1559
2014-10-07 13:54:01+02;1529
2014-10-07 18:54:01+02;1529
2014-10-07 19:30:01+02;1529
2014-10-07 21:30:01+02;1509
2014-10-07 22:06:01+02;1619
2014-10-08 06:42:01+02;1589
2014-10-08 10:10:01+02;1539
2014-10-08 14:42:01+02;1529
2014-10-08 22:06:01+02;1619
2014-10-09 05:10:01+02;1589
2014-10-09 09:26:01+02;1559
2014-10-09 14:10:01+02;1529
2014-10-09 15:10:01+02;1519
2014-10-09 22:06:01+02;1619
2014-10-10 05:26:01+02;1579
2014-10-10 14:26:01+02;1519
2014-10-10 22:06:01+02;1599
2014-10-11 07:10:01+02;1569
2014-10-11 13:10:01+02;1559
2014-10-11 15:22:01+02;1559
2014-10-11 15:58:01+02;1549
2014-10-11 16:06:01+02;1549
2014-10-11 18:14:01+02;1529
2014-10-11 22:06:01+02;1599
2014-10-12 07:26:01+02;1589
2014-10-12 08:26:01+02;1559
2014-10-12 18:42:01+02;1559
2014-10-12 22:06:01+02;1599
2014-10-13 06:42:01+02;1569
2014-10-13 11:42:01+02;1569
2014-10-13 13:42:01+02;1539
2014-10-13 16:10:01+02;1529
2014-10-13 16:42:01+02;1519
2014-10-13 19:26:01+02;1509
2014-10-13 22:06:01+02;1599
2014-10-14 05:54:01+02;1559
2014-10-14 14:14:01+02;1539
2014-10-14 16:26:01+02;1529
2014-10-14 22:06:01+02;1589
2014-10-15 05:58:01+02;1559
2014-10-15 06:42:01+02;1559
2014-10-15 13:26:01+02;1529
2014-10-15 18:42:01+02;1519
2014-10-15 22:06:01+02;1589
2014-10-16 05:42:01+02;1579
2014-10-16 06:10:01+02;1579
2014-10-16 07:58:01+02;1539
2014-10-16 12:42:01+02;1529
2014-10-16 13:58:01+02;1519
2014-10-16 16:42:01+02;1509
2014-10-16 22:06:01+02;1589
2014-10-17 05:42:01+02;1579
2014-10-17 06:14:02+02;1519
2014-10-17 09:42:01+02;1509
2014-10-17 12:58:02+02;1499
2014-10-17 22:42:01+02;1589
2014-10-18 05:58:01+02;1579
2014-10-18 06:42:01+02;1519
2014-10-18 13:26:01+02;1509
2014-10-18 22:06:01+02;1589
2014-10-18 22:26:01+02;1579
2014-10-19 07:58:01+02;1519
2014-10-19 09:46:01+02;1509
2014-10-19 18:10:01+02;1439
2014-10-19 22:06:01+02;1589
2014-10-19 22:26:01+02;1529
2014-10-20 06:42:01+02;1499
2014-10-20 10:42:01+02;1469
2014-10-20 14:42:01+02;1469
2014-10-20 16:58:01+02;1459
2014-10-20 18:42:01+02;1459
2014-10-20 22:06:01+02;1579
2014-10-21 06:42:01+02;1459
2014-10-21 22:06:01+02;1579
2014-10-21 22:26:01+02;1579
2014-10-22 07:42:01+02;1519
2014-10-22 12:50:01+02;1499
2014-10-22 13:10:01+02;1489
2014-10-22 14:42:01+02;1479
2014-10-22 15:10:01+02;1469
2014-10-22 22:06:01+02;1579
2014-10-23 06:42:01+02;1519
2014-10-23 10:10:01+02;1499
2014-10-23 12:58:01+02;1479
2014-10-23 16:42:01+02;1469
2014-10-23 22:06:01+02;1579
2014-10-24 06:42:01+02;1529
2014-10-24 14:58:01+02;1479
2014-10-24 18:42:01+02;1469
2014-10-24 22:06:01+02;1579
2014-10-24 22:26:01+02;1579
2014-10-25 07:58:01+02;1519
2014-10-25 12:26:01+02;1479
2014-10-25 14:26:01+02;1469
2014-10-25 18:42:01+02;1459
2014-10-25 22:06:01+02;1579
2014-10-25 22:30:01+02;1549
2014-10-26 07:42:01+01;1499
2014-10-26 11:42:01+01;1409
2014-10-26 12:58:01+01;1409
2014-10-26 16:58:01+01;1409
2014-10-26 22:06:01+01;1579
2014-10-26 22:26:01+01;1499
2014-10-27 07:42:01+01;1499
2014-10-27 09:58:01+01;1469
2014-10-27 11:10:01+01;1469
2014-10-27 14:10:01+01;1439
2014-10-27 16:42:01+01;1429
2014-10-27 22:06:01+01;1489
2014-10-28 14:14:01+01;1489
2014-10-28 15:10:01+01;1459
2014-10-28 16:10:01+01;1449
2014-10-28 22:02:01+01;1559
2014-10-29 06:42:01+01;1509
2014-10-29 10:58:01+01;1499
2014-10-29 13:46:01+01;1459
2014-10-29 14:42:01+01;1449
2014-10-29 18:42:01+01;1439
2014-10-29 22:06:01+01;1559
2014-10-30 06:42:01+01;1499
2014-10-30 13:10:01+01;1479
2014-10-30 14:10:01+01;1459
2014-10-30 18:42:01+01;1449
2014-10-30 22:06:01+01;1559
2014-10-30 22:26:01+01;1559
2014-10-31 07:58:01+01;1509
2014-10-31 11:10:01+01;1489
2014-10-31 13:46:01+01;1479
2014-10-31 20:30:01+01;1459
2014-10-31 22:06:01+01;1559
2014-10-31 22:22:01+01;1559
2014-11-01 07:54:01+01;1489
2014-11-01 13:46:01+01;1459
2014-11-01 14:22:01+01;1449
2014-11-01 22:06:01+01;1559
2014-11-01 22:26:01+01;1539
2014-11-02 07:02:01+01;1509
2014-11-02 10:26:01+01;1439
2014-11-02 14:46:01+01;1429
2014-11-02 21:02:01+01;1559
2014-11-02 21:38:01+01;1519
2014-11-03 05:54:01+01;1489
2014-11-03 10:50:01+01;1489
2014-11-03 12:06:01+01;1459
2014-11-03 13:06:01+01;1449
2014-11-03 21:02:01+01;1559
2014-11-03 21:17:00+01;1449
2014-11-03 22:01:00+01;1559
2014-11-04 06:09:00+01;1509
2014-11-04 13:29:00+01;1459
2014-11-04 22:13:00+01;1489
2014-11-04 22:21:00+01;1559
2014-11-05 06:25:00+01;1519
2014-11-05 10:13:00+01;1499
2014-11-05 12:29:00+01;1459
2014-11-05 22:17:00+01;1489
2014-11-05 22:25:00+01;1549
2014-11-06 13:29:00+01;1459
2014-11-06 22:17:00+01;1549
2014-11-07 07:21:00+01;1519
2014-11-07 09:53:00+01;1489
2014-11-07 12:57:00+01;1459
2014-11-07 16:33:00+01;1439
2014-11-07 22:17:00+01;1559
2014-11-08 07:17:00+01;1509
2014-11-08 08:53:00+01;1499
2014-11-08 12:53:00+01;1459
2014-11-08 14:21:00+01;1459
2014-11-08 22:13:00+01;1489
2014-11-08 22:21:00+01;1549
2014-11-09 07:17:00+01;1519
2014-11-09 11:41:00+01;1489
2014-11-09 13:57:00+01;1489
2014-11-09 14:13:00+01;1469
2014-11-09 16:41:00+01;1469
2014-11-09 22:13:00+01;1499
2014-11-09 22:21:00+01;1559
2014-11-10 06:53:00+01;1519
2014-11-10 11:25:00+01;1489
2014-11-10 13:57:00+01;1449
2014-11-10 15:33:00+01;1439
2014-11-10 19:25:00+01;1419
2014-11-10 22:53:00+01;1529
2014-11-11 07:01:00+01;1489
2014-11-11 13:17:00+01;1439
2014-11-11 18:21:00+01;1429
2014-11-11 22:21:00+01;1539
2014-11-12 06:17:00+01;1489
2014-11-12 13:41:00+01;1449
2014-11-12 14:45:00+01;1439
2014-11-12 20:09:00+01;1419
2014-11-12 22:09:00+01;1449
2014-11-12 22:17:00+01;1529
2014-11-13 06:49:00+01;1479
2014-11-13 14:13:00+01;1439
2014-11-13 20:33:00+01;1419
2014-11-13 22:09:00+01;1449
2014-11-13 22:17:00+01;1519
2014-11-14 13:21:00+01;1459
2014-11-14 15:21:00+01;1449
2014-11-14 17:21:00+01;1439
2014-11-14 18:21:00+01;1429
2014-11-14 22:25:00+01;1529
2014-11-15 07:09:00+01;1489
2014-11-15 11:41:00+01;1439
2014-11-16 01:09:00+01;1519
2014-11-16 07:17:00+01;1509
2014-11-16 08:21:00+01;1499
2014-11-16 12:45:00+01;1479
2014-11-16 13:17:00+01;1459
2014-11-16 22:13:00+01;1489
2014-11-16 22:21:00+01;1539
2014-11-17 06:53:00+01;1509
2014-11-17 09:41:00+01;1479
2014-11-17 13:33:00+01;1459
2014-11-17 15:25:00+01;1449
2014-11-17 16:37:00+01;1439
2014-11-17 17:01:00+01;1429
2014-11-17 22:17:00+01;1459
2014-11-17 22:25:00+01;1539
2014-11-18 09:45:00+01;1489
2014-11-18 16:37:00+01;1429
2014-11-18 22:17:00+01;1529
2014-11-19 08:13:00+01;1499
2014-11-19 11:37:00+01;1489
2014-11-19 14:33:00+01;1439
2014-11-19 16:33:00+01;1429
2014-11-19 17:49:00+01;1429
2014-11-19 19:41:00+01;1419
2014-11-19 22:17:00+01;1519
2014-11-20 06:29:00+01;1499
2014-11-20 10:05:00+01;1449
2014-11-20 13:49:00+01;1439
2014-11-20 17:41:00+01;1429
2014-11-20 22:13:00+01;1459
2014-11-20 22:21:00+01;1529
2014-11-21 08:41:00+01;1489
2014-11-21 13:21:00+01;1449
2014-11-21 14:01:00+01;1439
2014-11-21 16:57:00+01;1429
2014-11-21 22:09:00+01;1459
2014-11-21 22:17:00+01;1529
2014-11-22 06:21:00+01;1499
2014-11-22 07:17:00+01;1489
2014-11-22 14:21:00+01;1469
2014-11-22 22:13:00+01;1499
2014-11-22 22:21:00+01;1529
2014-11-23 07:41:00+01;1499
2014-11-23 14:05:00+01;1459
2014-11-23 22:13:00+01;1489
2014-11-23 22:21:00+01;1529
2014-11-24 06:53:00+01;1499
2014-11-24 10:21:00+01;1469
2014-11-24 12:53:00+01;1449
2014-11-24 19:17:00+01;1439
2014-11-24 22:13:00+01;1529
2014-11-25 06:45:00+01;1499
2014-11-25 17:25:00+01;1419
2014-11-25 22:17:00+01;1529
2014-11-26 06:45:00+01;1479
2014-11-26 14:13:00+01;1449
2014-11-26 22:13:00+01;1479
2014-11-26 22:21:00+01;1529
2014-11-27 05:01:00+01;1499
2014-11-27 11:41:00+01;1489
2014-11-27 12:37:00+01;1479
2014-11-27 12:53:00+01;1449
2014-11-27 14:49:00+01;1439
2014-11-27 17:21:00+01;1429
2014-11-27 22:29:00+01;1459
2014-11-27 22:37:00+01;1519
2014-11-28 05:01:00+01;1489
2014-11-28 06:21:00+01;1489
2014-11-28 09:37:00+01;1469
2014-11-28 13:21:00+01;1429
2014-11-28 15:37:00+01;1419
2014-11-28 17:37:00+01;1409
2014-11-28 22:17:00+01;1499
2014-11-29 07:41:00+01;1469
2014-11-29 14:21:00+01;1449
2014-11-29 22:13:00+01;1479
2014-11-29 22:24:00+01;1499
2014-11-30 09:13:00+01;1469
2014-11-30 11:57:00+01;1439
2014-11-30 13:57:00+01;1419
2014-11-30 22:13:00+01;1449
2014-11-30 22:57:00+01;1499
2014-12-01 06:53:00+01;1469
2014-12-01 12:29:00+01;1439
2014-12-01 19:34:00+01;1429
2014-12-01 19:57:00+01;1419
2014-12-01 22:13:00+01;1459
2014-12-01 22:21:00+01;1489
2014-12-02 06:53:00+01;1449
2014-12-02 13:41:00+01;1439
2014-12-02 14:37:00+01;1419
2014-12-02 15:09:00+01;1409
2014-12-02 22:13:00+01;1439
2014-12-02 22:21:00+01;1479
2014-12-03 08:53:00+01;1449
2014-12-03 10:57:00+01;1429
2014-12-03 16:41:00+01;1409
2014-12-03 22:21:00+01;1469
2014-12-04 06:29:00+01;1439
2014-12-04 09:41:00+01;1439
2014-12-04 12:17:00+01;1429
2014-12-04 13:21:00+01;1419
2014-12-04 17:01:00+01;1409
2014-12-04 22:17:00+01;1439
2014-12-04 22:21:00+01;1469
2014-12-05 06:57:00+01;1449
2014-12-05 12:21:00+01;1429
2014-12-05 15:25:00+01;1409
2014-12-05 22:17:00+01;1439
2014-12-05 22:21:00+01;1459
2014-12-06 07:49:00+01;1439
2014-12-06 14:17:00+01;1409
2014-12-06 22:17:00+01;1449
2014-12-07 12:49:00+01;1439
2014-12-07 14:57:00+01;1409
2014-12-07 17:37:00+01;1409
2014-12-07 22:09:00+01;1439
2014-12-07 22:21:00+01;1449
2014-12-08 08:01:00+01;1439
2014-12-08 13:53:00+01;1389
2014-12-08 16:57:00+01;1369
2014-12-08 22:09:00+01;1399
2014-12-08 22:21:00+01;1439
2014-12-09 07:37:00+01;1429
2014-12-09 14:29:00+01;1389
2014-12-09 17:33:00+01;1379
2014-12-09 22:13:00+01;1409
2014-12-09 22:21:00+01;1439
2014-12-10 07:01:00+01;1429
2014-12-10 10:33:00+01;1409
2014-12-10 12:53:00+01;1389
2014-12-10 14:25:00+01;1389
2014-12-10 19:57:00+01;1379
2014-12-10 22:13:00+01;1409
2014-12-10 22:25:00+01;1429
2014-12-11 10:01:00+01;1419
2014-12-11 13:13:00+01;1389
2014-12-11 14:57:00+01;1379
2014-12-11 20:13:00+01;1369
2014-12-11 20:53:00+01;1369
2014-12-11 22:13:00+01;1399
2014-12-11 22:21:00+01;1429
2014-12-12 07:37:00+01;1409
2014-12-12 13:33:00+01;1409
2014-12-12 14:21:00+01;1359
2014-12-12 19:53:00+01;1349
2014-12-12 22:09:00+01;1379
2014-12-12 22:21:00+01;1409
2014-12-13 09:09:00+01;1399
2014-12-13 13:41:00+01;1359
2014-12-13 22:13:00+01;1389
2014-12-13 22:29:00+01;1419
2014-12-14 11:53:00+01;1359
2014-12-14 13:29:00+01;1359
2014-12-14 16:30:01+01;1359
2014-12-14 20:18:01+01;1339
2014-12-14 22:14:01+01;1369
2014-12-14 22:26:01+01;1419
2014-12-15 07:10:01+01;1399
2014-12-15 10:42:01+01;1379
2014-12-15 12:14:01+01;1369
2014-12-15 17:18:01+01;1349
2014-12-15 22:18:01+01;1379
2014-12-15 22:26:01+01;1399
2014-12-16 06:18:01+01;1389
2014-12-16 10:50:01+01;1359
2014-12-16 13:54:01+01;1339
2014-12-16 14:58:01+01;1329
2014-12-16 22:18:01+01;1399
2014-12-17 07:22:01+01;1389
2014-12-17 12:34:01+01;1339
2014-12-17 22:14:01+01;1369
2014-12-17 22:26:01+01;1399
2014-12-18 07:02:01+01;1359
2014-12-18 12:26:01+01;1319
2014-12-18 20:02:01+01;1299
2014-12-18 22:14:01+01;1329
2014-12-18 22:26:01+01;1399
2014-12-19 07:58:01+01;1359
2014-12-19 12:38:01+01;1329
2014-12-19 18:02:01+01;1309
2014-12-19 22:22:01+01;1399
2014-12-20 09:06:01+01;1369
2014-12-20 13:34:01+01;1299
2014-12-20 22:18:01+01;1329
2014-12-20 22:26:01+01;1389
2014-12-21 08:22:01+01;1359
2014-12-21 13:42:01+01;1339
2014-12-21 13:58:01+01;1329
2014-12-21 16:30:01+01;1299
2014-12-21 22:14:01+01;1329
2014-12-21 22:22:01+01;1389
2014-12-22 06:38:01+01;1349
2014-12-22 09:58:01+01;1329
2014-12-22 17:26:01+01;1329
2014-12-22 22:18:01+01;1399
2014-12-23 06:58:01+01;1369
2014-12-23 08:02:01+01;1339
2014-12-23 12:10:01+01;1329
2014-12-23 15:54:01+01;1319
2014-12-23 22:14:01+01;1349
2014-12-23 22:22:01+01;1399
2014-12-24 05:54:01+01;1379
2014-12-24 11:54:01+01;1329
2014-12-24 15:22:01+01;1329
2014-12-24 17:10:01+01;1319
2014-12-24 22:18:01+01;1349
2014-12-24 22:26:01+01;1399
2014-12-25 07:38:01+01;1369
2014-12-25 10:54:01+01;1359
2014-12-25 14:46:01+01;1329
2014-12-25 22:14:01+01;1359
2014-12-25 22:22:01+01;1399
2014-12-26 08:54:01+01;1369
2014-12-26 10:58:01+01;1359
2014-12-26 11:38:01+01;1329
2014-12-26 22:18:01+01;1399
2014-12-27 07:10:01+01;1369
2014-12-27 09:54:01+01;1359
2014-12-27 12:34:01+01;1319
2014-12-27 17:22:01+01;1309
2014-12-27 22:18:01+01;1399
2014-12-28 08:14:01+01;1369
2014-12-28 11:46:01+01;1349
2014-12-28 12:02:01+01;1309
2014-12-28 18:10:01+01;1299
2014-12-28 22:18:01+01;1389
2014-12-29 07:02:01+01;1359
2014-12-29 12:22:01+01;1309
2014-12-29 15:34:01+01;1299
2014-12-29 22:18:01+01;1399
2014-12-30 09:34:01+01;1349
2014-12-30 13:34:01+01;1319
2014-12-30 22:18:01+01;1389
2014-12-31 09:50:01+01;1369
2014-12-31 12:54:01+01;1339
2014-12-31 19:46:01+01;1339
2014-12-31 21:22:01+01;1319
2014-12-31 22:18:01+01;1379
2015-01-01 14:38:01+01;1339
2015-01-01 22:14:01+01;1369
2015-01-01 22:22:01+01;1379
2015-01-02 06:18:01+01;1359
2015-01-02 10:38:01+01;1339
2015-01-02 13:26:01+01;1329
2015-01-02 18:06:01+01;1329
2015-01-02 18:30:01+01;1309
2015-01-02 22:14:01+01;1339
2015-01-02 22:22:01+01;1379
2015-01-03 06:38:01+01;1349
2015-01-03 19:18:01+01;1349
2015-01-03 21:18:01+01;1329
2015-01-03 22:18:01+01;1379
2015-01-03 22:26:01+01;1379
2015-01-04 07:58:01+01;1359
2015-01-04 18:22:01+01;1319
2015-01-04 22:14:01+01;1349
2015-01-04 22:26:01+01;1379
2015-01-05 06:54:01+01;1319
2015-01-05 11:18:01+01;1319
2015-01-05 12:42:01+01;1319
2015-01-05 18:18:01+01;1259
2015-01-05 22:10:01+01;1319
2015-01-05 22:22:01+01;1349
2015-01-06 07:50:01+01;1339
2015-01-06 08:30:01+01;1329
2015-01-06 12:58:01+01;1309
2015-01-06 22:10:01+01;1339
2015-01-06 22:22:01+01;1359
2015-01-07 05:58:01+01;1349
2015-01-07 09:38:01+01;1329
2015-01-07 11:14:01+01;1309
2015-01-07 22:14:01+01;1339
2015-01-07 22:22:01+01;1349
2015-01-08 05:46:01+01;1349
2015-01-08 10:14:01+01;1309
2015-01-08 14:58:01+01;1299
2015-01-08 22:14:01+01;1329
2015-01-08 22:22:01+01;1349
2015-01-09 05:38:01+01;1349
2015-01-09 12:18:01+01;1319
2015-01-09 12:34:01+01;1299
2015-01-09 16:54:01+01;1279
2015-01-09 17:58:01+01;1259
2015-01-09 18:38:01+01;1259
2015-01-09 22:18:01+01;1309
2015-01-09 22:26:01+01;1349
2015-01-10 09:02:01+01;1319
2015-01-10 14:18:01+01;1299
2015-01-10 14:34:01+01;1289
2015-01-10 19:14:01+01;1279
2015-01-10 22:18:01+01;1339
2015-01-11 08:22:01+01;1339
2015-01-11 19:34:01+01;1319
2015-01-11 22:14:01+01;1339
2015-01-12 07:18:01+01;1339
2015-01-12 13:42:01+01;1299
2015-01-12 14:54:01+01;1279
2015-01-12 18:22:01+01;1259
2015-01-12 22:18:01+01;1289
2015-01-12 22:22:01+01;1339
2015-01-13 07:06:01+01;1319
2015-01-13 08:54:01+01;1299
2015-01-13 09:50:01+01;1289
2015-01-13 14:54:01+01;1289
2015-01-13 22:18:01+01;1339
2015-01-14 06:22:01+01;1329
2015-01-14 09:02:01+01;1309
2015-01-14 11:38:01+01;1289
2015-01-14 13:10:01+01;1289
2015-01-14 16:38:01+01;1269
2015-01-14 16:46:01+01;1269
2015-01-14 18:26:01+01;1249
2015-01-14 22:10:01+01;1279
2015-01-14 22:18:01+01;1329
2015-01-15 06:42:01+01;1309
2015-01-15 13:38:01+01;1279
2015-01-15 14:26:01+01;1269
2015-01-15 15:38:01+01;1249
2015-01-15 19:22:01+01;1229
2015-01-15 22:14:01+01;1259
2015-01-15 22:22:01+01;1339
2015-01-16 07:50:01+01;1289
2015-01-16 19:58:01+01;1239
2015-01-16 22:18:01+01;1339
2015-01-17 08:14:01+01;1309
2015-01-17 13:50:01+01;1269
2015-01-17 15:42:01+01;1259
2015-01-17 18:54:01+01;1249
2015-01-17 22:14:01+01;1279
2015-01-17 22:22:01+01;1339
2015-01-18 11:46:01+01;1289
2015-01-18 13:46:01+01;1269
2015-01-18 19:38:01+01;1259
2015-01-18 22:18:01+01;1339
2015-01-19 07:26:01+01;1319
2015-01-19 09:18:01+01;1309
2015-01-19 19:14:01+01;1239
2015-01-19 22:10:01+01;1269
2015-01-19 22:22:01+01;1339
2015-01-20 06:42:01+01;1299
2015-01-20 12:22:01+01;1259
2015-01-20 13:42:01+01;1249
2015-01-20 14:30:01+01;1239
2015-01-20 22:10:01+01;1269
2015-01-20 22:18:01+01;1339
2015-01-21 06:10:01+01;1299
2015-01-21 12:38:01+01;1289
2015-01-21 13:10:01+01;1239
2015-01-21 22:10:01+01;1269
2015-01-21 22:22:01+01;1339
2015-01-22 07:10:01+01;1299
2015-01-22 13:22:01+01;1229
2015-01-22 22:14:01+01;1259
2015-01-22 22:22:01+01;1339
2015-01-23 07:42:01+01;1289
2015-01-23 12:22:01+01;1249
2015-01-23 13:46:01+01;1239
2015-01-23 22:14:01+01;1269
2015-01-23 22:22:01+01;1349
2015-01-24 09:30:01+01;1299
2015-01-24 13:46:01+01;1279
2015-01-24 14:34:01+01;1259
2015-01-24 16:42:01+01;1249
2015-01-24 22:18:01+01;1339
2015-01-25 09:10:01+01;1309
2015-01-25 14:14:01+01;1289
2015-01-25 15:18:01+01;1279
2015-01-25 17:58:01+01;1269
2015-01-25 22:14:01+01;1299
2015-01-25 22:22:01+01;1339
2015-01-26 06:42:01+01;1329
2015-01-26 12:22:01+01;1319
2015-01-26 13:02:01+01;1299
2015-01-26 14:26:01+01;1269
2015-01-26 17:58:01+01;1259
2015-01-26 22:14:01+01;1339
2015-01-27 06:14:01+01;1319
2015-01-27 13:34:01+01;1289
2015-01-27 14:14:01+01;1279
2015-01-27 16:14:01+01;1269
2015-01-27 20:18:01+01;1249
2015-01-27 22:14:01+01;1339
2015-01-28 06:22:01+01;1309
2015-01-28 13:42:01+01;1279
2015-01-28 14:22:01+01;1269
2015-01-28 18:54:01+01;1259
2015-01-28 22:10:01+01;1289
2015-01-28 22:18:01+01;1349
2015-01-29 06:58:01+01;1319
2015-01-29 11:18:01+01;1299
2015-01-29 12:34:01+01;1289
2015-01-29 16:02:01+01;1279
2015-01-29 18:18:01+01;1259
2015-01-29 22:14:01+01;1289
2015-01-29 22:22:01+01;1349
2015-01-30 05:42:01+01;1319
2015-01-30 13:26:01+01;1309
2015-01-30 14:06:01+01;1279
2015-01-30 18:22:01+01;1269
2015-01-30 22:14:01+01;1299
2015-01-30 22:22:01+01;1349
2015-01-31 06:30:01+01;1329
2015-01-31 09:10:01+01;1299
2015-01-31 11:38:01+01;1289
2015-01-31 13:38:01+01;1269
2015-01-31 14:34:01+01;1259
2015-01-31 22:18:01+01;1349
2015-02-01 07:06:01+01;1329
2015-02-01 11:10:01+01;1319
2015-02-01 14:14:01+01;1299
2015-02-01 17:58:01+01;1289
2015-02-01 22:14:01+01;1319
2015-02-01 22:22:01+01;1349
2015-02-02 06:14:01+01;1349
2015-02-02 09:42:01+01;1309
2015-02-02 11:50:01+01;1299
2015-02-02 14:02:01+01;1269
2015-02-02 16:18:01+01;1259
2015-02-02 22:18:01+01;1369
2015-02-03 07:02:02+01;1329
2015-02-03 08:30:01+01;1299
2015-02-03 12:26:01+01;1279
2015-02-03 12:42:01+01;1279
2015-02-03 13:42:01+01;1269
2015-02-03 22:18:01+01;1319
2015-02-03 22:22:01+01;1389
2015-02-04 06:38:01+01;1339
2015-02-04 10:42:01+01;1309
2015-02-04 12:42:01+01;1289
2015-02-04 22:54:01+01;1399
2015-02-05 06:54:01+01;1349
2015-02-05 09:06:01+01;1339
2015-02-05 12:38:01+01;1309
2015-02-05 14:26:01+01;1299
2015-02-05 17:02:01+01;1289
2015-02-05 18:46:01+01;1279
2015-02-05 19:42:01+01;1279
2015-02-05 22:10:01+01;1289
2015-02-05 22:38:01+01;1409
2015-02-06 06:06:01+01;1329
2015-02-06 13:46:01+01;1289
2015-02-06 22:18:01+01;1319
2015-02-06 22:22:01+01;1399
2015-02-07 07:02:01+01;1349
2015-02-07 13:30:01+01;1319
2015-02-07 15:22:01+01;1309
2015-02-07 22:18:01+01;1339
2015-02-07 22:30:01+01;1399
2015-02-08 07:46:01+01;1389
2015-02-08 08:02:01+01;1369
2015-02-08 13:34:01+01;1339
2015-02-08 13:54:01+01;1329
2015-02-09 10:30:01+01;1389
2015-02-09 13:18:01+01;1339
2015-02-09 14:18:01+01;1329
2015-02-09 15:50:01+01;1319
2015-02-09 17:22:01+01;1309
2015-02-09 22:22:01+01;1429
2015-02-10 07:06:01+01;1369
2015-02-10 09:42:01+01;1359
2015-02-10 12:54:01+01;1349
2015-02-10 13:38:01+01;1339
2015-02-10 14:42:01+01;1329
2015-02-10 16:30:01+01;1319
2015-02-11 00:30:01+01;1429
2015-02-11 06:26:01+01;1379
2015-02-11 12:38:01+01;1339
2015-02-11 14:42:01+01;1329
2015-02-11 16:38:01+01;1319
2015-02-11 22:18:01+01;1349
2015-02-11 22:22:01+01;1429
2015-02-12 06:26:01+01;1379
2015-02-12 13:06:01+01;1349
2015-02-12 15:18:01+01;1339
2015-02-12 22:10:01+01;1369
2015-02-12 23:54:01+01;1429
2015-02-13 05:42:01+01;1399
2015-02-13 11:38:02+01;1369
2015-02-13 13:02:01+01;1359
2015-02-13 14:22:01+01;1349
2015-02-13 22:22:01+01;1379
2015-02-13 22:38:01+01;1429
2015-02-14 07:38:01+01;1409
2015-02-14 12:30:01+01;1349
2015-02-14 19:06:01+01;1339
2015-02-14 22:22:01+01;1429
2015-02-15 09:18:01+01;1399
2015-02-15 13:58:01+01;1349
2015-02-15 14:38:01+01;1339
2015-02-15 17:46:01+01;1329
2015-02-15 20:22:01+01;1319
2015-02-15 22:18:01+01;1349
2015-02-15 22:22:01+01;1409
2015-02-16 07:06:01+01;1379
2015-02-16 13:14:01+01;1359
2015-02-16 16:42:01+01;1339
2015-02-16 22:22:01+01;1439
2015-02-17 07:22:01+01;1399
2015-02-17 12:42:01+01;1369
2015-02-17 17:02:01+01;1359
2015-02-17 22:22:01+01;1439
2015-02-18 07:02:01+01;1419
2015-02-18 12:54:01+01;1349
2015-02-18 16:54:01+01;1339
2015-02-18 22:18:01+01;1379
2015-02-18 22:26:01+01;1439
2015-02-19 05:26:01+01;1409
2015-02-19 06:02:01+01;1399
2015-02-19 09:58:01+01;1389
2015-02-19 11:30:01+01;1379
2015-02-19 13:02:01+01;1349
2015-02-19 17:18:01+01;1339
2015-02-19 22:30:01+01;1439
2015-02-20 05:22:01+01;1399
2015-02-20 06:46:01+01;1399
2015-02-20 10:38:01+01;1399
2015-02-20 12:38:01+01;1359
2015-02-20 14:54:01+01;1349
2015-02-20 22:18:01+01;1379
2015-02-20 22:22:01+01;1429
2015-02-21 06:02:01+01;1409
2015-02-21 12:58:01+01;1359
2015-02-21 15:42:01+01;1349
2015-02-21 22:22:01+01;1429
2015-02-22 07:22:01+01;1409
2015-02-22 12:22:01+01;1389
2015-02-22 13:02:01+01;1379
2015-02-22 22:18:01+01;1409
2015-02-22 22:22:01+01;1429
2015-02-23 06:06:01+01;1429
2015-02-23 10:46:01+01;1389
2015-02-23 13:18:01+01;1349
2015-02-23 18:42:01+01;1339
2015-02-23 22:18:01+01;1439
2015-02-24 08:02:01+01;1409
2015-02-24 16:58:01+01;1349
2015-02-24 18:26:01+01;1339
2015-02-24 22:22:01+01;1439
2015-02-25 01:26:01+01;1439
2015-02-25 05:42:01+01;1399
2015-02-25 09:46:01+01;1399
2015-02-25 13:02:01+01;1359
2015-02-25 13:18:01+01;1359
2015-02-25 13:58:01+01;1349
2015-02-25 22:18:01+01;1439
2015-02-26 07:14:01+01;1409
2015-02-26 09:30:01+01;1409
2015-02-26 17:34:01+01;1349
2015-02-26 23:18:01+01;1449
2015-02-27 07:22:01+01;1409
2015-02-27 13:30:01+01;1379
2015-02-27 14:46:01+01;1369
2015-02-27 19:02:01+01;1339
2015-02-27 22:18:02+01;1369
2015-02-27 22:22:01+01;1469
2015-02-28 07:58:01+01;1399
2015-02-28 14:06:01+01;1359
2015-02-28 15:30:01+01;1359
2015-02-28 22:18:01+01;1389
2015-02-28 22:30:01+01;1449
2015-03-01 09:22:01+01;1399
2015-03-01 14:14:01+01;1379
2015-03-01 15:18:01+01;1359
2015-03-01 19:26:01+01;1359
2015-03-01 22:18:01+01;1389
2015-03-01 22:22:01+01;1459
2015-03-02 06:22:01+01;1419
2015-03-02 16:54:01+01;1369
2015-03-02 22:18:01+01;1399
2015-03-02 22:26:01+01;1459
2015-03-03 06:38:01+01;1429
2015-03-03 10:34:01+01;1419
2015-03-03 13:02:01+01;1379
2015-03-03 15:18:01+01;1369
2015-03-03 22:18:01+01;1399
2015-03-03 22:30:01+01;1469
2015-03-04 07:54:01+01;1429
2015-03-04 13:02:01+01;1369
2015-03-04 13:42:01+01;1369
2015-03-04 22:18:01+01;1399
2015-03-04 22:54:01+01;1469
2015-03-05 07:06:01+01;1429
2015-03-05 13:02:01+01;1379
2015-03-05 16:46:01+01;1369
2015-03-05 22:22:01+01;1479
2015-03-06 07:06:01+01;1429
2015-03-06 13:18:01+01;1379
2015-03-06 22:18:01+01;1409
2015-03-06 22:22:01+01;1479
2015-03-07 07:30:01+01;1479
2015-03-07 07:42:01+01;1439
2015-03-07 13:26:01+01;1399
2015-03-07 16:46:01+01;1399
2015-03-07 18:42:01+01;1389
2015-03-07 22:18:01+01;1419
2015-03-07 22:26:01+01;1479
2015-03-08 08:54:01+01;1449
2015-03-08 19:02:01+01;1379
2015-03-08 22:18:01+01;1409
2015-03-08 22:22:01+01;1479
2015-03-09 06:30:01+01;1459
2015-03-09 07:50:01+01;1459
2015-03-09 10:46:01+01;1429
2015-03-09 12:18:01+01;1389
2015-03-09 14:46:01+01;1379
2015-03-09 16:18:01+01;1369
2015-03-09 22:18:01+01;1479
2015-03-10 05:30:01+01;1429
2015-03-10 10:42:01+01;1429
2015-03-10 13:06:01+01;1399
2015-03-10 14:22:01+01;1389
2015-03-10 17:14:01+01;1379
2015-03-10 22:18:01+01;1409
2015-03-10 22:22:01+01;1479
2015-03-11 05:46:01+01;1439
2015-03-11 13:18:01+01;1369
2015-03-11 15:02:01+01;1359
2015-03-11 22:18:01+01;1389
2015-03-11 22:54:01+01;1469
2015-03-12 06:46:01+01;1419
2015-03-12 09:18:01+01;1409
2015-03-12 13:06:01+01;1389
2015-03-12 14:02:01+01;1379
2015-03-12 22:18:01+01;1479
2015-03-13 05:26:01+01;1439
2015-03-13 12:26:01+01;1389
2015-03-13 15:42:01+01;1379
2015-03-13 22:22:01+01;1489
2015-03-14 06:18:01+01;1439
2015-03-14 13:18:01+01;1439
2015-03-14 18:06:01+01;1399
2015-03-14 22:18:01+01;1429
2015-03-14 22:22:01+01;1489
2015-03-15 07:18:01+01;1459
2015-03-15 14:34:01+01;1419
2015-03-15 22:18:01+01;1449
2015-03-15 22:22:01+01;1489
2015-03-16 05:26:01+01;1479
2015-03-16 11:02:01+01;1469
2015-03-16 12:46:01+01;1409
2015-03-16 15:06:01+01;1399
2015-03-16 18:06:01+01;1389
2015-03-16 22:18:01+01;1419
2015-03-16 22:30:01+01;1489
2015-03-17 05:38:01+01;1449
2015-03-17 12:46:01+01;1409
2015-03-17 17:02:01+01;1399
2015-03-17 22:18:01+01;1429
2015-03-17 22:26:01+01;1479
2015-03-18 05:50:01+01;1459
2015-03-18 10:34:01+01;1449
2015-03-18 13:02:01+01;1419
2015-03-18 14:26:01+01;1409
2015-03-18 22:18:01+01;1439
2015-03-18 22:22:01+01;1479
2015-03-19 05:42:01+01;1469
2015-03-19 12:02:01+01;1459
2015-03-19 12:54:01+01;1409
2015-03-19 15:26:01+01;1399
2015-03-19 22:18:01+01;1429
2015-03-19 22:26:01+01;1479
2015-03-20 05:30:01+01;1459
2015-03-20 13:06:01+01;1399
2015-03-20 18:18:01+01;1389
2015-03-20 22:22:01+01;1479
2015-03-21 06:26:01+01;1449
2015-03-21 09:42:01+01;1439
2015-03-21 12:46:01+01;1399
2015-03-21 14:42:01+01;1389
2015-03-21 18:26:01+01;1379
2015-03-21 22:22:01+01;1409
2015-03-21 22:42:01+01;1469
2015-03-22 08:02:01+01;1439
2015-03-22 13:22:01+01;1409
2015-03-22 14:54:01+01;1389
2015-03-22 22:18:01+01;1419
2015-03-22 22:22:01+01;1479
2015-03-23 07:18:01+01;1389
2015-03-24 07:54:01+01;1429
2015-03-24 13:18:01+01;1389
2015-03-24 17:34:01+01;1369
2015-03-24 22:14:01+01;1399
2015-03-24 22:26:01+01;1469
2015-03-25 07:22:01+01;1439
2015-03-25 13:38:01+01;1389
2015-03-25 14:06:01+01;1369
2015-03-25 22:14:01+01;1399
2015-03-25 22:26:01+01;1479
2015-03-26 07:14:01+01;1429
2015-03-26 09:02:01+01;1429
2015-03-26 13:02:01+01;1369
2015-03-26 14:14:01+01;1369
2015-03-26 22:14:01+01;1399
2015-03-26 22:26:01+01;1489
2015-03-27 07:10:01+01;1459
2015-03-27 10:54:01+01;1449
2015-03-27 12:38:01+01;1419
2015-03-27 13:02:01+01;1389
2015-03-27 19:02:01+01;1389
2015-03-27 22:38:01+01;1499
2015-03-28 06:46:01+01;1469
2015-03-28 13:46:01+01;1379
2015-03-28 14:18:01+01;1379
2015-03-28 22:14:01+01;1419
2015-03-28 22:30:01+01;1469
2015-03-29 07:26:01+02;1469
2015-03-29 09:02:01+02;1379
2015-03-29 22:14:01+02;1419
2015-03-29 22:26:01+02;1489
2015-03-30 05:54:01+02;1469
2015-03-30 10:02:01+02;1369
2015-03-30 15:18:01+02;1369
2015-03-30 22:14:01+02;1419
2015-03-30 22:22:01+02;1489
2015-03-31 05:34:01+02;1449
2015-03-31 12:54:01+02;1409
2015-03-31 16:38:01+02;1369
2015-03-31 22:22:01+02;1419
2015-03-31 22:38:01+02;1489
2015-04-01 05:38:01+02;1449
2015-04-01 12:26:01+02;1399
2015-04-01 18:02:02+02;1369
2015-04-01 22:18:01+02;1419
2015-04-01 22:30:01+02;1499
2015-04-02 05:46:01+02;1449
2015-04-02 13:06:01+02;1369
2015-04-02 16:06:01+02;1369
2015-04-02 22:14:01+02;1379
2015-04-03 01:50:01+02;1479
2015-04-03 07:46:01+02;1449
2015-04-03 12:54:01+02;1419
2015-04-03 15:30:01+02;1359
2015-04-03 22:22:01+02;1449
2015-04-04 09:38:01+02;1449
2015-04-04 13:54:01+02;1369
2015-04-04 20:06:01+02;1359
2015-04-04 22:22:01+02;1449
2015-04-05 08:54:02+02;1449
2015-04-05 13:14:01+02;1359
2015-04-05 16:06:01+02;1359
2015-04-05 20:14:01+02;1359
2015-04-05 22:14:01+02;1389
2015-04-05 22:22:01+02;1449
2015-04-06 09:38:01+02;1449
2015-04-06 13:46:01+02;1359
2015-04-06 18:38:01+02;1359
2015-04-06 22:22:01+02;1469
2015-04-07 06:54:01+02;1449
2015-04-07 13:02:01+02;1359
2015-04-07 17:22:01+02;1359
2015-04-07 22:10:01+02;1409
2015-04-07 22:30:01+02;1479
2015-04-08 05:54:01+02;1449
2015-04-08 13:10:01+02;1389
2015-04-08 22:14:01+02;1419
2015-04-08 22:22:01+02;1499
2015-04-09 05:22:01+02;1449
2015-04-09 13:14:01+02;1399
2015-04-09 15:02:01+02;1399
2015-04-09 22:22:01+02;1499
2015-04-10 05:22:01+02;1459
2015-04-10 13:14:01+02;1379
2015-04-10 14:42:01+02;1379
2015-04-10 22:22:01+02;1509
2015-04-11 06:22:01+02;1449
2015-04-11 12:54:01+02;1409
2015-04-11 15:38:01+02;1399
2015-04-11 22:14:01+02;1429
2015-04-11 22:26:01+02;1489
2015-04-12 09:38:01+02;1459
2015-04-12 14:22:01+02;1399
2015-04-12 19:26:01+02;1399
2015-04-12 22:14:01+02;1429
2015-04-12 22:22:01+02;1509
2015-04-13 06:30:01+02;1459
2015-04-13 13:06:01+02;1409
2015-04-13 16:26:01+02;1399
2015-04-13 22:14:01+02;1429
2015-04-13 22:22:01+02;1519
2015-04-14 05:14:01+02;1459
2015-04-14 12:54:01+02;1419
2015-04-14 15:38:01+02;1409
2015-04-14 22:14:01+02;1439
2015-04-14 22:22:01+02;1529
2015-04-15 05:06:01+02;1469
2015-04-15 12:46:01+02;1439
2015-04-15 14:38:01+02;1429
2015-04-15 22:14:01+02;1459
2015-04-15 22:26:01+02;1529
2015-04-16 07:06:01+02;1489
2015-04-16 13:02:01+02;1409
2015-04-16 22:14:01+02;1439
2015-04-16 22:22:01+02;1539
2015-04-17 07:06:01+02;1479
2015-04-17 13:02:01+02;1439
2015-04-17 15:46:01+02;1429
2015-04-17 22:22:01+02;1459
2015-04-17 22:30:01+02;1549
2015-04-18 07:06:01+02;1489
2015-04-18 12:38:01+02;1469
2015-04-18 13:14:01+02;1449
2015-04-18 22:14:02+02;1479
2015-04-18 22:22:01+02;1539
2015-04-19 08:14:01+02;1509
2015-04-19 13:54:01+02;1469
2015-04-19 22:14:01+02;1499
2015-04-19 22:22:01+02;1549
2015-04-20 07:02:01+02;1529
2015-04-20 08:38:01+02;1509
2015-04-20 13:02:01+02;1459
2015-04-20 16:22:01+02;1449
2015-04-20 16:42:01+02;1439
2015-04-20 19:38:01+02;1429
2015-04-20 22:22:01+02;1549
2015-04-21 05:22:01+02;1489
2015-04-21 13:54:01+02;1459
2015-04-21 14:38:01+02;1449
2015-04-21 15:54:01+02;1419
2015-04-21 18:14:01+02;1419
2015-04-21 22:14:01+02;1449
2015-04-21 22:26:01+02;1549
2015-04-22 07:14:01+02;1489
2015-04-22 14:38:01+02;1439
2015-04-22 22:14:01+02;1469
2015-04-22 22:26:01+02;1549
2015-04-23 07:14:01+02;1499
2015-04-23 13:02:01+02;1459
2015-04-23 22:14:01+02;1489
2015-04-23 22:30:01+02;1559
2015-04-24 07:06:01+02;1519
2015-04-24 13:38:01+02;1469
2015-04-24 22:14:01+02;1499
2015-04-24 22:26:01+02;1559
2015-04-25 06:30:01+02;1529
2015-04-25 12:38:01+02;1519
2015-04-25 13:06:01+02;1479
2015-04-25 15:38:01+02;1479
2015-04-25 18:06:01+02;1449
2015-04-25 22:14:01+02;1479
2015-04-25 22:22:01+02;1539
2015-04-26 07:38:01+02;1509
2015-04-26 14:22:01+02;1479
2015-04-26 22:18:01+02;1509
2015-04-26 22:26:01+02;1559
2015-04-27 05:22:01+02;1539
2015-04-27 13:02:01+02;1479
2015-04-27 18:06:02+02;1459
2015-04-27 22:18:01+02;1489
2015-04-27 22:22:01+02;1559
2015-04-28 07:22:01+02;1519
2015-04-28 13:02:01+02;1479
2015-04-28 14:38:01+02;1469
2015-04-28 22:14:01+02;1499
2015-04-28 22:26:01+02;1569
2015-04-29 07:22:01+02;1529
2015-04-29 13:02:01+02;1459
2015-04-29 22:14:01+02;1489
2015-04-29 22:26:01+02;1569
2015-04-30 06:38:01+02;1519
2015-04-30 12:46:01+02;1459
2015-04-30 21:26:01+02;1439
2015-04-30 22:14:01+02;1489
2015-04-30 22:30:01+02;1579
2015-05-01 08:22:01+02;1419
2015-05-01 22:22:01+02;1509
2015-05-02 07:14:01+02;1509
2015-05-02 12:46:01+02;1469
2015-05-02 14:38:01+02;1459
2015-05-02 22:22:01+02;1549
2015-05-03 07:22:01+02;1509
2015-05-03 12:58:01+02;1489
2015-05-03 14:02:01+02;1479
2015-05-03 16:02:01+02;1469
2015-05-03 16:26:01+02;1469
2015-05-03 22:14:01+02;1579
2015-05-04 05:22:01+02;1579
2015-05-04 07:14:01+02;1519
2015-05-04 12:42:01+02;1489
2015-05-04 14:02:01+02;1469
2015-05-04 17:22:01+02;1459
2015-05-04 22:14:01+02;1489
2015-05-04 22:26:01+02;1589
2015-05-05 06:06:01+02;1519
2015-05-05 13:30:01+02;1479
2015-05-05 16:42:01+02;1469
2015-05-05 19:38:01+02;1449
2015-05-05 22:14:01+02;1479
2015-05-05 22:22:01+02;1589
2015-05-06 07:02:01+02;1519
2015-05-06 12:30:01+02;1469
2015-05-06 19:38:01+02;1449
2015-05-06 22:14:01+02;1589
2015-05-07 06:38:01+02;1529
2015-05-07 12:46:01+02;1479
2015-05-07 15:14:01+02;1459
2015-05-07 15:58:01+02;1449
2015-05-07 22:18:01+02;1489
2015-05-07 22:22:01+02;1589
2015-05-08 06:58:01+02;1519
2015-05-08 12:22:01+02;1479
2015-05-08 21:14:01+02;1439
2015-05-08 22:18:01+02;1509
2015-05-08 22:22:01+02;1579
2015-05-09 07:38:01+02;1499
2015-05-09 12:38:01+02;1479
2015-05-09 17:42:01+02;1469
2015-05-09 19:02:01+02;1459
2015-05-09 22:18:01+02;1489
2015-05-09 22:22:01+02;1549
2015-05-10 08:26:01+02;1519
2015-05-10 13:38:01+02;1479
2015-05-10 15:02:01+02;1469
2015-05-10 22:14:01+02;1499
2015-05-10 22:22:01+02;1579
2015-05-11 07:02:01+02;1529
2015-05-11 11:30:01+02;1509
2015-05-11 13:26:01+02;1489
2015-05-11 13:54:01+02;1479
2015-05-11 16:46:01+02;1449
2015-05-11 17:38:01+02;1449
2015-05-11 22:18:01+02;1479
2015-05-11 22:22:01+02;1579
2015-05-12 07:02:01+02;1499
2015-05-12 13:02:01+02;1479
2015-05-12 13:54:01+02;1469
2015-05-12 14:54:01+02;1459
2015-05-12 16:34:01+02;1449
2015-05-12 18:38:01+02;1429
2015-05-12 22:22:01+02;1569
2015-05-13 07:02:01+02;1499
2015-05-13 12:02:01+02;1459
2015-05-13 14:02:01+02;1449
2015-05-13 14:18:01+02;1449
2015-05-13 22:14:01+02;1479
2015-05-13 22:26:01+02;1589
2015-05-14 08:38:01+02;1509
2015-05-14 11:46:01+02;1429
2015-05-14 14:06:01+02;1419
2015-05-14 20:14:01+02;1419
2015-05-14 22:14:01+02;1469
2015-05-14 22:26:01+02;1529
2015-05-15 05:14:02+02;1509
2015-05-15 12:26:01+02;1479
2015-05-15 13:06:01+02;1469
2015-05-15 14:50:01+02;1429
2015-05-15 19:30:01+02;1419
2015-05-15 22:10:01+02;1479
2015-05-15 22:22:01+02;1559
2015-05-16 06:14:02+02;1509
2015-05-16 13:38:01+02;1459
2015-05-16 17:30:01+02;1449
2015-05-17 01:02:01+02;1539
2015-05-17 07:14:01+02;1509
2015-05-17 12:26:01+02;1499
2015-05-17 12:38:01+02;1479
2015-05-17 15:14:01+02;1469
2015-05-17 22:14:01+02;1499
2015-05-17 22:22:01+02;1579
2015-05-18 06:06:01+02;1519
2015-05-18 15:58:01+02;1459
2015-05-18 17:02:01+02;1449
2015-05-18 22:14:01+02;1479
2015-05-18 22:22:01+02;1579
2015-05-19 05:30:01+02;1509
2015-05-19 10:26:01+02;1459
2015-05-19 13:14:01+02;1449
2015-05-19 17:02:01+02;1449
2015-05-19 18:22:01+02;1429
2015-05-19 22:14:01+02;1479
2015-05-19 22:26:01+02;1579
2015-05-20 06:46:01+02;1499
2015-05-20 11:26:01+02;1469
2015-05-20 15:54:01+02;1459
2015-05-20 19:38:01+02;1439
2015-05-20 19:54:01+02;1429
2015-05-20 22:14:01+02;1469
2015-05-20 22:22:01+02;1579
2015-05-21 06:46:01+02;1499
2015-05-21 09:46:01+02;1499
2015-05-21 12:26:01+02;1479
2015-05-21 13:06:01+02;1469
2015-05-21 14:50:01+02;1459
2015-05-21 20:02:01+02;1449
2015-05-21 22:14:01+02;1479
2015-05-21 22:22:01+02;1599
2015-05-22 05:22:01+02;1509
2015-05-22 11:22:01+02;1469
2015-05-22 17:14:01+02;1459
2015-05-22 19:54:01+02;1449
2015-05-22 22:22:01+02;1589
2015-05-23 07:38:01+02;1509
2015-05-23 13:26:01+02;1489
2015-05-23 19:38:01+02;1449
2015-05-23 22:14:01+02;1519
2015-05-24 07:54:01+02;1509
2015-05-24 08:14:01+02;1509
2015-05-24 08:38:01+02;1509
2015-05-24 10:02:01+02;1499
2015-05-24 13:46:01+02;1489
2015-05-24 16:46:01+02;1479
2015-05-24 18:38:01+02;1449
2015-05-24 22:14:01+02;1479
2015-05-24 22:22:01+02;1519
2015-05-25 07:50:01+02;1509
2015-05-25 11:38:01+02;1499
2015-05-25 12:26:01+02;1479
2015-05-25 15:06:01+02;1469
2015-05-25 15:46:01+02;1459
2015-05-25 18:38:01+02;1439
2015-05-25 22:10:01+02;1469
2015-05-25 22:22:01+02;1519
2015-05-26 05:26:01+02;1509
2015-05-26 12:54:01+02;1479
2015-05-26 17:14:01+02;1469
2015-05-26 22:22:01+02;1589
2015-05-27 05:38:01+02;1529
2015-05-27 06:02:01+02;1529
2015-05-27 06:46:01+02;1479
2015-05-27 09:38:01+02;1479
2015-05-27 10:38:01+02;1459
2015-05-27 17:10:01+02;1449
2015-05-27 18:02:01+02;1429
2015-05-27 22:14:01+02;1479
2015-05-27 22:22:01+02;1569
2015-05-28 06:50:01+02;1519
2015-05-28 07:54:01+02;1469
2015-05-28 18:06:01+02;1429
2015-05-28 22:14:01+02;1479
2015-05-28 22:22:01+02;1569
2015-05-29 07:06:02+02;1509
2015-05-29 08:22:01+02;1439
2015-05-29 18:38:01+02;1419
2015-05-29 22:14:01+02;1479
2015-05-29 22:22:01+02;1569
2015-05-30 06:38:01+02;1509
2015-05-30 10:06:01+02;1499
2015-05-30 10:38:01+02;1479
2015-05-30 13:02:02+02;1469
2015-05-30 15:54:01+02;1459
2015-05-30 18:38:01+02;1439
2015-05-30 22:14:01+02;1479
2015-05-30 22:22:01+02;1529
2015-05-31 07:30:01+02;1519
2015-05-31 09:26:01+02;1479
2015-05-31 10:14:01+02;1449
2015-05-31 15:02:01+02;1439
2015-05-31 19:02:01+02;1429
2015-05-31 22:10:01+02;1479
2015-05-31 22:22:01+02;1539
2015-06-01 05:38:01+02;1529
2015-06-01 07:38:01+02;1479
2015-06-01 13:46:01+02;1459
2015-06-01 17:14:01+02;1439
2015-06-01 19:02:01+02;1429
2015-06-01 22:22:01+02;1579
2015-06-02 05:54:01+02;1539
2015-06-02 07:38:01+02;1499
2015-06-02 12:38:01+02;1479
2015-06-02 15:46:02+02;1469
2015-06-02 18:14:01+02;1449
2015-06-02 22:14:01+02;1599
2015-06-03 06:26:01+02;1539
2015-06-03 08:02:01+02;1499
2015-06-03 10:26:01+02;1499
2015-06-03 15:22:01+02;1499
2015-06-03 15:46:01+02;1479
2015-06-03 18:18:01+02;1469
2015-06-03 20:42:01+02;1429
2015-06-03 22:18:01+02;1569
2015-06-04 07:10:01+02;1529
2015-06-04 08:34:01+02;1499
2015-06-04 13:02:01+02;1489
2015-06-04 14:18:01+02;1479
2015-06-04 17:18:01+02;1449
2015-06-04 19:02:01+02;1439
2015-06-04 22:22:01+02;1579
2015-06-05 07:02:01+02;1519
2015-06-05 08:18:01+02;1489
2015-06-05 16:18:02+02;1439
2015-06-05 17:26:01+02;1419
2015-06-05 17:54:01+02;1419
2015-06-05 22:14:02+02;1479
2015-06-05 22:26:01+02;1569
2015-06-06 07:14:01+02;1509
2015-06-06 08:02:01+02;1419
2015-06-06 08:42:01+02;1399
2015-06-06 22:18:01+02;1489
2015-06-07 10:34:01+02;1479
2015-06-07 12:06:01+02;1459
2015-06-07 13:06:01+02;1449
2015-06-07 14:34:01+02;1439
2015-06-07 15:26:01+02;1429
2015-06-07 18:50:01+02;1409
2015-06-07 22:18:01+02;1519
2015-06-08 06:46:01+02;1509
2015-06-08 07:34:01+02;1489
2015-06-08 13:06:01+02;1459
2015-06-08 18:30:01+02;1449
2015-06-08 22:18:01+02;1589
2015-06-09 06:34:01+02;1509
2015-06-09 07:18:01+02;1479
2015-06-10 11:30:01+02;1519
2015-06-10 13:06:01+02;1459
2015-06-10 15:54:01+02;1449
2015-06-10 18:18:01+02;1439
2015-06-10 22:18:01+02;1479
2015-06-10 22:26:01+02;1589
2015-06-11 05:02:01+02;1539
2015-06-11 08:26:01+02;1479
2015-06-11 10:30:01+02;1479
2015-06-11 13:30:01+02;1459
2015-06-11 16:54:01+02;1439
2015-06-11 18:42:01+02;1429
2015-06-11 22:18:01+02;1579
2015-06-12 05:18:01+02;1539
2015-06-12 07:30:01+02;1519
2015-06-12 10:50:01+02;1509
2015-06-12 13:54:01+02;1469
2015-06-12 18:46:01+02;1459
2015-06-12 22:18:01+02;1509
2015-06-12 22:42:01+02;1599
2015-06-13 07:46:01+02;1529
2015-06-13 08:42:01+02;1509
2015-06-13 12:46:01+02;1479
2015-06-13 15:38:01+02;1469
2015-06-13 17:42:01+02;1469
2015-06-14 02:06:01+02;1559
2015-06-14 05:54:01+02;1559
2015-06-14 09:46:01+02;1509
2015-06-14 12:26:01+02;1489
2015-06-14 14:02:01+02;1479
2015-06-14 15:06:02+02;1469
2015-06-14 16:26:01+02;1459
2015-06-14 19:54:01+02;1439
2015-06-14 22:14:01+02;1479
2015-06-14 22:22:01+02;1559
2015-06-15 07:18:01+02;1509
2015-06-15 13:14:01+02;1479
2015-06-15 15:30:01+02;1479
2015-06-15 17:26:01+02;1469
2015-06-15 19:06:01+02;1459
2015-06-15 22:18:01+02;1499
2015-06-15 22:26:01+02;1589
2015-06-16 06:46:01+02;1539
2015-06-16 09:42:01+02;1509
2015-06-16 13:18:01+02;1499
2015-06-16 14:14:01+02;1489
2015-06-16 18:18:01+02;1469
2015-06-16 22:18:01+02;1599
2015-06-17 07:06:01+02;1529
2015-06-17 10:34:01+02;1529
2015-06-17 11:54:01+02;1509
2015-06-17 14:10:01+02;1489
2015-06-17 17:26:01+02;1479
2015-06-17 22:18:01+02;1509
2015-06-17 22:22:01+02;1599
2015-06-18 05:38:01+02;1549
2015-06-18 08:38:01+02;1539
2015-06-18 12:02:01+02;1519
2015-06-18 13:26:01+02;1509
2015-06-18 14:34:01+02;1489
2015-06-18 17:34:01+02;1489
2015-06-18 19:54:01+02;1479
2015-06-18 22:14:02+02;1509
2015-06-18 22:18:01+02;1599
2015-06-19 05:34:01+02;1549
2015-06-19 06:38:01+02;1549
2015-06-19 10:06:01+02;1549
2015-06-19 10:18:01+02;1539
2015-06-19 11:14:01+02;1479
2015-06-19 17:46:01+02;1459
2015-06-19 22:18:01+02;1599
2015-06-20 06:18:01+02;1539
2015-06-20 07:02:01+02;1539
2015-06-20 08:06:01+02;1509
2015-06-20 12:34:01+02;1499
2015-06-20 13:02:01+02;1499
2015-06-20 13:26:01+02;1489
2015-06-20 13:54:01+02;1479
2015-06-20 17:26:01+02;1459
2015-06-20 18:30:01+02;1459
2015-06-20 22:18:01+02;1499
2015-06-20 22:26:01+02;1549
2015-06-21 09:46:01+02;1509
2015-06-21 10:02:01+02;1509
2015-06-21 12:02:01+02;1499
2015-06-21 13:02:01+02;1489
2015-06-21 15:02:01+02;1479
2015-06-21 18:34:01+02;1469
2015-06-21 22:14:01+02;1499
2015-06-21 22:22:01+02;1589
2015-06-22 05:22:01+02;1539
2015-06-22 09:46:01+02;1519
2015-06-22 12:50:01+02;1489
2015-06-22 14:34:01+02;1479
2015-06-22 17:18:01+02;1469
2015-06-23 07:02:01+02;1529
2015-06-23 12:06:01+02;1509
2015-06-23 13:18:01+02;1499
2015-06-23 14:18:01+02;1499
2015-06-23 15:10:01+02;1489
2015-06-23 18:42:01+02;1459
2015-06-23 22:18:01+02;1489
2015-06-23 22:26:01+02;1599
2015-06-24 06:54:01+02;1509
2015-06-24 11:46:01+02;1499
2015-06-24 13:06:01+02;1479
2015-06-24 18:54:01+02;1459
2015-06-24 22:18:01+02;1519
2015-06-24 22:26:01+02;1599
2015-06-25 06:34:01+02;1519
2015-06-25 11:46:01+02;1519
2015-06-25 12:26:01+02;1489
2015-06-25 17:34:01+02;1469
2015-06-25 19:10:01+02;1459
2015-06-25 22:18:01+02;1599
2015-06-26 06:34:01+02;1529
2015-06-26 09:46:01+02;1509
2015-06-26 12:42:01+02;1529
2015-06-26 13:18:01+02;1499
2015-06-26 13:42:01+02;1489
2015-06-26 17:02:01+02;1469
2015-06-26 18:02:01+02;1459
2015-06-26 20:02:01+02;1439
2015-06-26 22:14:01+02;1469
2015-06-26 22:26:01+02;1589
2015-06-27 07:18:01+02;1499
2015-06-27 13:06:01+02;1489
2015-06-27 17:30:01+02;1479
2015-06-27 19:18:01+02;1469
2015-06-27 20:34:01+02;1439
2015-06-27 22:18:01+02;1499
2015-06-27 22:22:01+02;1529
2015-06-28 09:46:01+02;1499
2015-06-28 11:06:01+02;1439
2015-06-28 14:18:01+02;1429
2015-06-28 22:18:01+02;1489
2015-06-28 22:22:01+02;1549
2015-06-29 06:14:01+02;1519
2015-06-29 10:02:01+02;1489
2015-06-29 12:54:01+02;1499
2015-06-29 13:42:01+02;1479
2015-06-29 14:46:01+02;1469
2015-06-29 16:34:01+02;1459
2015-06-29 17:26:01+02;1449
2015-06-29 19:10:01+02;1439
2015-06-29 22:22:01+02;1589
2015-06-30 06:46:01+02;1519
2015-06-30 08:38:01+02;1509
2015-06-30 09:02:01+02;1499
2015-06-30 12:22:01+02;1519
2015-06-30 12:46:01+02;1529
2015-06-30 14:18:01+02;1469
2015-06-30 16:26:01+02;1459
2015-06-30 17:46:01+02;1449
2015-06-30 19:38:01+02;1439
2015-06-30 22:22:01+02;1469
2015-06-30 22:38:01+02;1589
2015-07-01 05:26:01+02;1519
2015-07-01 08:22:01+02;1509
2015-07-01 12:22:01+02;1489
2015-07-01 12:30:01+02;1519
2015-07-01 13:54:01+02;1479
2015-07-01 16:38:01+02;1449
2015-07-01 17:42:01+02;1449
2015-07-01 18:34:01+02;1439
2015-07-01 22:14:01+02;1489
2015-07-01 22:22:02+02;1589
2015-07-02 05:14:01+02;1519
2015-07-02 08:26:01+02;1509
2015-07-02 09:22:01+02;1499
2015-07-02 12:26:01+02;1519
2015-07-02 12:46:01+02;1529
2015-07-02 15:02:01+02;1469
2015-07-02 16:22:01+02;1469
2015-07-02 17:10:01+02;1459
2015-07-02 18:02:01+02;1449
2015-07-02 22:22:01+02;1479
2015-07-02 22:42:01+02;1599
2015-07-03 05:34:01+02;1539
2015-07-03 06:02:01+02;1519
2015-07-03 09:02:01+02;1509
2015-07-03 11:54:01+02;1499
2015-07-03 12:30:01+02;1519
2015-07-03 12:46:01+02;1529
2015-07-03 15:18:01+02;1469
2015-07-03 18:06:01+02;1449
2015-07-03 22:22:01+02;1599
2015-07-04 06:18:01+02;1529
2015-07-04 08:54:01+02;1509
2015-07-04 10:50:01+02;1509
2015-07-04 12:14:01+02;1499
2015-07-04 12:42:01+02;1529
2015-07-04 14:22:01+02;1489
2015-07-04 16:54:01+02;1479
2015-07-04 18:22:01+02;1479
2015-07-04 22:14:01+02;1509
2015-07-04 22:30:01+02;1569
2015-07-05 08:38:01+02;1529
2015-07-05 11:26:01+02;1519
2015-07-05 12:26:01+02;1539
2015-07-05 13:14:01+02;1519
2015-07-05 16:26:01+02;1499
2015-07-05 18:18:01+02;1459
2015-07-05 22:18:01+02;1489
2015-07-05 22:26:01+02;1579
2015-07-06 06:18:01+02;1529
2015-07-06 09:38:01+02;1519
2015-07-06 12:22:01+02;1549
2015-07-06 14:02:01+02;1509
2015-07-06 14:26:01+02;1489
2015-07-06 18:26:01+02;1469
2015-07-06 22:22:01+02;1499
2015-07-06 22:30:01+02;1599
2015-07-07 07:02:01+02;1529
2015-07-07 07:30:01+02;1519
2015-07-07 10:06:01+02;1499
2015-07-07 11:30:01+02;1489
2015-07-07 12:46:01+02;1519
2015-07-07 14:06:01+02;1479
2015-07-07 16:30:01+02;1459
2015-07-07 18:46:01+02;1459
2015-07-07 22:14:01+02;1489
2015-07-07 22:26:01+02;1599
2015-07-08 05:38:01+02;1529
2015-07-08 07:38:01+02;1519
2015-07-08 12:02:01+02;1499
2015-07-08 12:14:01+02;1489
2015-07-08 12:42:01+02;1519
2015-07-08 14:10:01+02;1479
2015-07-08 17:02:01+02;1469
2015-07-08 18:46:01+02;1459
2015-07-08 22:14:01+02;1489
2015-07-08 22:30:01+02;1599
2015-07-09 06:46:01+02;1549
2015-07-09 11:06:01+02;1509
2015-07-09 12:22:01+02;1539
2015-07-09 13:30:01+02;1489
2015-07-09 15:14:01+02;1479
2015-07-09 17:30:01+02;1469
2015-07-09 18:50:01+02;1459
2015-07-09 22:22:01+02;1499
2015-07-09 22:26:01+02;1599
2015-07-10 06:38:01+02;1519
2015-07-10 08:26:01+02;1519
2015-07-10 09:06:01+02;1499
2015-07-10 11:18:01+02;1489
2015-07-10 12:26:01+02;1519
2015-07-10 14:14:01+02;1489
2015-07-10 15:26:01+02;1479
2015-07-10 18:18:01+02;1479
2015-07-10 18:54:01+02;1469
2015-07-10 22:22:01+02;1499
2015-07-10 22:26:01+02;1599
2015-07-11 07:30:01+02;1529
2015-07-11 10:22:01+02;1509
2015-07-11 11:14:01+02;1439
2015-07-11 12:46:01+02;1469
2015-07-11 15:26:01+02;1439
2015-07-11 16:06:01+02;1439
2015-07-11 19:06:01+02;1439
2015-07-11 22:22:01+02;1479
2015-07-11 22:38:01+02;1529
2015-07-12 08:38:01+02;1519
2015-07-12 12:10:01+02;1499
2015-07-12 12:26:01+02;1549
2015-07-12 12:46:01+02;1529
2015-07-12 14:14:01+02;1509
2015-07-12 14:34:01+02;1479
2015-07-12 15:02:01+02;1469
2015-07-12 22:22:01+02;1499
2015-07-12 22:30:01+02;1589
2015-07-13 07:10:01+02;1529
2015-07-13 11:06:01+02;1489
2015-07-13 11:34:01+02;1489
2015-07-13 12:30:01+02;1519
2015-07-13 14:10:02+02;1509
2015-07-13 15:26:01+02;1489
2015-07-13 19:14:01+02;1469
2015-07-13 22:18:01+02;1509
2015-07-13 22:34:01+02;1599
2015-07-14 05:02:01+02;1539
2015-07-14 06:18:01+02;1529
2015-07-14 08:02:01+02;1519
2015-07-14 09:02:01+02;1509
2015-07-14 10:18:01+02;1499
2015-07-14 12:30:01+02;1539
2015-07-14 12:46:01+02;1529
2015-07-14 14:18:01+02;1489
2015-07-14 17:18:01+02;1479
2015-07-14 18:18:02+02;1469
2015-07-14 22:14:01+02;1499
2015-07-14 22:18:01+02;1599
2015-07-15 05:42:01+02;1529
2015-07-15 08:06:01+02;1519
2015-07-15 10:06:01+02;1509
2015-07-15 12:18:01+02;1499
2015-07-15 12:46:01+02;1529
2015-07-15 15:30:01+02;1499
2015-07-15 22:22:01+02;1529
2015-07-15 22:30:01+02;1579
2015-07-16 05:34:01+02;1579
2015-07-16 07:38:01+02;1509
2015-07-16 10:02:01+02;1499
2015-07-16 12:06:01+02;1499
2015-07-16 12:30:01+02;1529
2015-07-16 12:46:01+02;1529
2015-07-16 14:54:01+02;1499
2015-07-16 15:30:01+02;1499
2015-07-16 16:10:01+02;1489
2015-07-16 20:02:02+02;1469
2015-07-16 20:50:01+02;1469
2015-07-16 22:18:01+02;1579
2015-07-17 05:30:01+02;1539
2015-07-17 06:30:01+02;1489
2015-07-17 12:30:01+02;1489
2015-07-17 12:54:01+02;1519
2015-07-17 14:50:01+02;1489
2015-07-17 16:02:01+02;1469
2015-07-17 22:18:01+02;1499
2015-07-17 22:26:01+02;1579
2015-07-18 06:30:01+02;1529
2015-07-18 07:14:01+02;1499
2015-07-18 11:50:01+02;1489
2015-07-18 13:30:01+02;1519
2015-07-18 15:06:01+02;1499
2015-07-18 15:34:01+02;1469
2015-07-18 17:22:01+02;1469
2015-07-18 17:34:01+02;1469
2015-07-18 22:22:01+02;1499
2015-07-18 22:26:01+02;1559
2015-07-19 07:46:01+02;1499
2015-07-19 08:34:01+02;1499
2015-07-19 09:30:01+02;1499
2015-07-19 11:46:01+02;1469
2015-07-19 12:54:01+02;1499
2015-07-19 14:18:01+02;1469
2015-07-19 14:30:01+02;1449
2015-07-19 16:54:01+02;1439
2015-07-19 18:30:01+02;1439
2015-07-19 19:18:01+02;1439
2015-07-19 22:18:01+02;1479
2015-07-19 22:26:01+02;1529
2015-07-20 06:54:01+02;1499
2015-07-20 12:26:01+02;1489
2015-07-20 12:54:01+02;1519
2015-07-20 14:18:01+02;1499
2015-07-20 15:54:01+02;1479
2015-07-20 18:02:01+02;1469
2015-07-20 18:38:01+02;1459
2015-07-20 20:34:01+02;1459
2015-07-20 22:14:01+02;1489
2015-07-20 22:30:01+02;1579
2015-07-21 07:14:01+02;1499
2015-07-21 10:02:01+02;1479
2015-07-21 12:54:01+02;1509
2015-07-21 14:06:01+02;1509
2015-07-21 15:26:01+02;1459
2015-07-21 20:02:01+02;1459
2015-07-21 22:18:01+02;1489
2015-07-21 22:38:01+02;1579
2015-07-22 07:02:01+02;1519
2015-07-22 09:26:01+02;1459
2015-07-22 09:54:01+02;1459
2015-07-22 11:10:01+02;1459
2015-07-22 12:18:01+02;1459
2015-07-22 12:30:01+02;1489
2015-07-22 12:46:01+02;1489
2015-07-22 16:30:01+02;1459
2015-07-22 19:10:01+02;1449
2015-07-22 22:18:01+02;1479
2015-07-22 22:30:01+02;1569
2015-07-23 05:30:01+02;1519
2015-07-23 07:02:01+02;1509
2015-07-23 08:30:01+02;1509
2015-07-23 10:50:01+02;1479
2015-07-23 12:10:01+02;1469
2015-07-23 12:26:01+02;1499
2015-07-23 12:38:01+02;1469
2015-07-23 12:46:01+02;1509
2015-07-23 12:54:01+02;1499
2015-07-23 15:18:01+02;1469
2015-07-23 19:34:01+02;1459
2015-07-23 22:26:01+02;1489
2015-07-23 22:30:01+02;1569
2015-07-24 05:22:01+02;1509
2015-07-24 07:02:01+02;1499
2015-07-24 09:30:01+02;1469
2015-07-24 12:26:01+02;1499
2015-07-24 14:18:01+02;1469
2015-07-24 18:26:01+02;1449
2015-07-24 19:30:01+02;1439
2015-07-24 21:02:01+02;1409
2015-07-24 22:22:01+02;1469
2015-07-24 22:26:01+02;1529
2015-07-25 06:18:01+02;1479
2015-07-25 07:18:01+02;1469
2015-07-25 12:50:02+02;1499
2015-07-25 15:18:01+02;1459
2015-07-25 16:02:01+02;1449
2015-07-25 18:18:01+02;1439
2015-07-25 20:30:01+02;1429
2015-07-25 22:18:01+02;1469
2015-07-25 22:26:01+02;1519
2015-07-26 07:30:01+02;1479
2015-07-26 12:02:01+02;1459
2015-07-26 12:38:01+02;1479
2015-07-26 13:06:01+02;1489
2015-07-26 15:26:01+02;1459
2015-07-26 15:50:01+02;1449
2015-07-26 19:06:01+02;1439
2015-07-26 22:14:01+02;1469
2015-07-26 22:26:01+02;1529
2015-07-27 07:02:01+02;1479
2015-07-27 09:34:01+02;1429
2015-07-27 12:26:01+02;1459
2015-07-27 12:46:01+02;1459
2015-07-27 15:26:01+02;1429
2015-07-27 19:06:01+02;1409
2015-07-27 22:18:01+02;1449
2015-07-27 22:26:01+02;1539
2015-07-28 07:02:02+02;1469
2015-07-28 10:02:01+02;1459
2015-07-28 12:34:01+02;1489
2015-07-28 14:26:01+02;1479
2015-07-28 14:50:01+02;1439
2015-07-28 18:18:01+02;1429
2015-07-28 19:10:01+02;1419
2015-07-28 22:18:01+02;1449
2015-07-28 22:26:01+02;1549
2015-07-29 07:02:01+02;1479
2015-07-29 10:18:01+02;1469
2015-07-29 12:02:01+02;1449
2015-07-29 12:34:01+02;1469
2015-07-29 12:50:01+02;1479
2015-07-29 14:06:01+02;1459
2015-07-29 17:10:01+02;1439
2015-07-29 20:18:01+02;1439
2015-07-29 22:14:01+02;1469
2015-07-29 22:26:01+02;1559
2015-07-30 07:02:01+02;1469
2015-07-30 10:14:01+02;1459
2015-07-30 12:18:01+02;1449
2015-07-30 12:30:01+02;1489
2015-07-30 12:38:01+02;1479
2015-07-30 14:30:01+02;1469
2015-07-30 14:58:01+02;1449
2015-07-30 17:30:01+02;1439
2015-07-30 17:50:01+02;1429
2015-07-30 22:14:01+02;1459
2015-07-30 22:26:01+02;1559
2015-07-31 05:18:01+02;1499
2015-07-31 06:30:02+02;1479
2015-07-31 09:50:01+02;1459
2015-07-31 12:46:01+02;1489
2015-07-31 14:34:01+02;1479
2015-07-31 15:18:01+02;1459
2015-07-31 19:50:01+02;1459
2015-07-31 20:34:01+02;1439
2015-07-31 21:02:01+02;1439
2015-07-31 22:22:01+02;1569
2015-08-01 06:14:01+02;1499
2015-08-01 09:18:01+02;1489
2015-08-01 11:02:01+02;1479
2015-08-01 11:46:01+02;1469
2015-08-01 12:46:01+02;1499
2015-08-01 15:02:01+02;1489
2015-08-01 15:30:01+02;1459
2015-08-01 22:18:01+02;1519
2015-08-01 22:26:01+02;1549
2015-08-02 08:18:01+02;1489
2015-08-02 12:18:01+02;1459
2015-08-02 12:50:01+02;1489
2015-08-02 16:22:01+02;1459
2015-08-02 17:42:01+02;1459
2015-08-02 19:14:01+02;1429
2015-08-02 22:18:01+02;1459
2015-08-02 22:26:01+02;1519
2015-08-03 06:38:01+02;1469
2015-08-03 12:46:01+02;1499
2015-08-03 14:02:01+02;1489
2015-08-03 14:34:01+02;1459
2015-08-03 18:34:01+02;1429
2015-08-03 22:14:01+02;1459
2015-08-03 22:22:01+02;1559
2015-08-04 05:30:01+02;1489
2015-08-04 08:26:01+02;1489
2015-08-04 10:02:01+02;1479
2015-08-04 11:02:01+02;1469
2015-08-04 12:46:01+02;1499
2015-08-04 14:38:01+02;1459
2015-08-04 18:26:01+02;1439
2015-08-04 22:22:01+02;1559
2015-08-05 08:18:01+02;1489
2015-08-05 10:46:01+02;1469
2015-08-05 12:46:01+02;1499
2015-08-05 15:02:01+02;1479
2015-08-05 16:02:01+02;1449
2015-08-05 18:06:01+02;1429
2015-08-05 22:22:01+02;1459
2015-08-05 22:26:01+02;1559
2015-08-06 05:18:01+02;1489
2015-08-06 09:02:01+02;1469
2015-08-06 10:34:01+02;1459
2015-08-06 12:46:01+02;1489
2015-08-06 13:46:01+02;1479
2015-08-06 15:10:01+02;1459
2015-08-06 15:50:01+02;1439
2015-08-06 18:18:01+02;1429
2015-08-06 22:18:01+02;1459
2015-08-06 22:26:01+02;1559
2015-08-07 05:30:01+02;1489
2015-08-07 09:46:01+02;1479
2015-08-07 12:46:01+02;1509
2015-08-07 13:54:01+02;1479
2015-08-07 15:06:01+02;1469
2015-08-07 17:18:01+02;1459
2015-08-07 18:54:01+02;1429
2015-08-07 22:18:01+02;1459
2015-08-07 22:26:01+02;1549
2015-08-08 06:38:01+02;1479
2015-08-08 07:06:01+02;1479
2015-08-08 11:54:01+02;1469
2015-08-08 12:54:01+02;1499
2015-08-08 14:38:01+02;1469
2015-08-08 15:34:01+02;1469
2015-08-08 17:10:01+02;1449
2015-08-08 18:42:01+02;1389
2015-08-08 22:18:01+02;1419
2015-08-08 22:26:01+02;1479
2015-08-09 07:30:01+02;1459
2015-08-09 08:18:02+02;1449
2015-08-09 12:38:01+02;1429
2015-08-09 12:54:01+02;1459
2015-08-09 15:18:01+02;1419
2015-08-09 19:10:01+02;1409
2015-08-09 22:18:01+02;1439
2015-08-09 22:22:01+02;1529
2015-08-10 05:38:01+02;1459
2015-08-10 09:46:01+02;1459
2015-08-10 12:54:01+02;1489
2015-08-10 14:46:01+02;1469
2015-08-10 15:18:01+02;1459
2015-08-10 18:02:01+02;1439
2015-08-10 21:06:01+02;1419
2015-08-10 22:18:01+02;1469
2015-08-10 22:26:01+02;1549
2015-08-10 23:06:01+02;1469
2015-08-11 09:22:01+02;1459
2015-08-11 09:30:01+02;1449
2015-08-11 12:54:01+02;1479
2015-08-11 13:54:01+02;1449
2015-08-11 15:54:01+02;1439
2015-08-11 18:30:01+02;1429
2015-08-11 22:42:01+02;1539
2015-08-12 05:38:01+02;1469
2015-08-12 07:46:01+02;1409
2015-08-12 12:54:01+02;1439
2015-08-12 15:02:01+02;1409
2015-08-12 22:18:01+02;1439
2015-08-12 22:30:01+02;1539
2015-08-13 06:50:01+02;1439
2015-08-13 10:06:01+02;1429
2015-08-13 12:02:01+02;1419
2015-08-13 12:42:01+02;1449
2015-08-13 14:54:01+02;1439
2015-08-13 15:18:01+02;1419
2015-08-13 19:02:01+02;1399
2015-08-13 22:26:01+02;1529
2015-08-13 23:22:01+02;1439
2015-08-14 05:22:01+02;1529
2015-08-14 05:38:01+02;1439
2015-08-14 07:38:01+02;1439
2015-08-14 08:34:01+02;1429
2015-08-14 10:26:01+02;1419
2015-08-14 12:30:01+02;1409
2015-08-14 12:46:01+02;1439
2015-08-14 14:38:01+02;1409
2015-08-14 17:38:01+02;1389
2015-08-14 19:02:01+02;1379
2015-08-14 20:46:01+02;1369
2015-08-14 22:18:01+02;1379
2015-08-14 22:22:01+02;1499
2015-08-15 07:42:01+02;1409
2015-08-15 12:30:01+02;1399
2015-08-15 12:54:01+02;1429
2015-08-15 14:54:01+02;1409
2015-08-15 16:22:01+02;1399
2015-08-15 20:06:01+02;1379
2015-08-15 22:18:01+02;1379
2015-08-15 22:22:01+02;1469
2015-08-16 08:38:01+02;1439
2015-08-16 11:02:01+02;1379
2015-08-16 12:54:01+02;1409
2015-08-16 14:34:01+02;1369
2015-08-16 22:18:01+02;1369
2015-08-16 22:22:01+02;1479
2015-08-17 05:06:01+02;1439
2015-08-17 06:10:01+02;1439
2015-08-17 09:18:01+02;1439
2015-08-17 10:22:01+02;1419
2015-08-17 11:30:01+02;1409
2015-08-17 12:46:01+02;1439
2015-08-17 15:18:01+02;1419
2015-08-17 15:54:01+02;1399
2015-08-17 18:10:01+02;1379
2015-08-17 22:18:01+02;1379
2015-08-17 22:26:01+02;1519
2015-08-17 22:42:01+02;1439
2015-08-18 06:30:01+02;1429
2015-08-18 12:10:01+02;1409
2015-08-18 12:38:01+02;1439
2015-08-18 15:02:01+02;1419
2015-08-18 17:22:01+02;1399
2015-08-18 22:26:01+02;1529
2015-08-19 05:22:01+02;1449
2015-08-19 08:22:01+02;1429
2015-08-19 10:22:01+02;1389
2015-08-19 11:02:01+02;1389
2015-08-19 12:46:01+02;1419
2015-08-19 14:42:01+02;1409
2015-08-19 16:54:01+02;1389
2015-08-19 18:26:01+02;1389
2015-08-19 19:22:01+02;1379
2015-08-19 22:26:01+02;1519
2015-08-20 05:26:01+02;1439
2015-08-20 09:54:01+02;1419
2015-08-20 11:46:01+02;1409
2015-08-20 12:46:01+02;1439
2015-08-20 15:18:01+02;1409
2015-08-20 22:22:01+02;1519
2015-08-21 05:22:01+02;1459
2015-08-21 06:22:01+02;1419
2015-08-21 07:46:01+02;1419
2015-08-21 09:46:01+02;1409
2015-08-21 11:22:01+02;1399
2015-08-21 12:38:01+02;1429
2015-08-21 17:18:01+02;1389
2015-08-21 18:46:01+02;1389
2015-08-21 22:22:01+02;1499
2015-08-22 06:38:01+02;1399
2015-08-22 09:46:01+02;1399
2015-08-22 11:38:01+02;1389
2015-08-22 12:06:01+02;1419
2015-08-22 14:46:01+02;1389
2015-08-22 18:42:01+02;1359
2015-08-22 22:26:01+02;1449
2015-08-23 07:42:01+02;1419
2015-08-23 08:06:01+02;1389
2015-08-23 12:42:01+02;1379
2015-08-23 12:46:01+02;1409
2015-08-23 13:54:01+02;1389
2015-08-23 16:38:01+02;1379
2015-08-23 20:54:01+02;1369
2015-08-23 22:18:01+02;1379
2015-08-23 22:22:01+02;1479
2015-08-24 05:26:01+02;1429
2015-08-24 06:30:01+02;1389
2015-08-24 08:02:01+02;1389
2015-08-24 11:54:01+02;1419
2015-08-24 14:26:01+02;1419
2015-08-24 14:42:01+02;1389
2015-08-24 15:18:01+02;1379
2015-08-24 22:22:01+02;1479
2015-08-25 05:38:01+02;1429
2015-08-25 06:18:01+02;1389
2015-08-25 09:46:01+02;1389
2015-08-25 11:42:01+02;1379
2015-08-25 11:58:01+02;1409
2015-08-25 15:54:01+02;1359
2015-08-25 16:54:01+02;1349
2015-08-25 22:22:01+02;1469
2015-08-26 00:26:01+02;1469
2015-08-26 00:42:01+02;1469
2015-08-26 06:38:01+02;1369
2015-08-26 12:10:01+02;1399
2015-08-26 12:42:01+02;1359
2015-08-26 12:46:01+02;1389
2015-08-26 15:22:01+02;1349
2015-08-26 19:18:01+02;1329
2015-08-26 22:34:01+02;1459
2015-08-27 06:42:01+02;1359
2015-08-27 11:18:01+02;1349
2015-08-27 12:26:01+02;1379
2015-08-27 14:18:01+02;1349
2015-08-27 15:54:01+02;1339
2015-08-27 19:10:02+02;1329
2015-08-27 22:18:01+02;1459
2015-08-28 06:46:01+02;1349
2015-08-28 12:06:01+02;1379
2015-08-28 14:06:01+02;1369
2015-08-28 15:50:01+02;1349
2015-08-28 19:18:01+02;1339
2015-08-28 22:22:01+02;1469
2015-08-29 07:42:01+02;1379
2015-08-29 09:46:01+02;1369
2015-08-29 12:06:01+02;1399
2015-08-29 13:54:01+02;1399
2015-08-29 14:06:01+02;1379
2015-08-29 14:46:01+02;1369
2015-08-29 15:54:01+02;1339
2015-08-29 20:34:01+02;1319
2015-08-29 22:18:01+02;1339
2015-08-29 22:22:01+02;1409
2015-08-30 08:02:01+02;1379
2015-08-30 10:42:01+02;1369
2015-08-30 11:46:01+02;1349
2015-08-30 12:06:01+02;1399
2015-08-30 12:10:01+02;1379
2015-08-30 14:02:01+02;1349
2015-08-30 14:26:01+02;1309
2015-08-30 19:42:01+02;1309
2015-08-30 22:22:01+02;1419
2015-08-31 05:18:01+02;1369
2015-08-31 09:02:01+02;1359
2015-08-31 11:26:01+02;1349
2015-08-31 11:54:01+02;1359
2015-08-31 12:30:01+02;1379
2015-08-31 16:30:01+02;1349
2015-08-31 19:02:01+02;1339
2015-08-31 22:22:01+02;1479
2015-09-01 05:18:01+02;1399
2015-09-01 06:34:01+02;1379
2015-09-01 10:02:01+02;1369
2015-09-01 12:42:01+02;1399
2015-09-01 15:50:01+02;1359
2015-09-01 19:34:01+02;1339
2015-09-01 22:26:01+02;1479
2015-09-02 05:42:01+02;1389
2015-09-02 09:02:01+02;1369
2015-09-02 11:18:01+02;1359
2015-09-02 11:54:01+02;1359
2015-09-02 12:30:02+02;1389
2015-09-02 12:38:01+02;1389
2015-09-02 13:34:01+02;1359
2015-09-02 16:18:01+02;1349
2015-09-02 18:26:01+02;1329
2015-09-02 22:22:01+02;1469
2015-09-03 05:34:01+02;1379
2015-09-03 06:10:01+02;1399
2015-09-03 10:34:01+02;1379
2015-09-03 11:54:01+02;1369
2015-09-03 12:38:01+02;1399
2015-09-03 15:02:01+02;1369
2015-09-03 16:06:01+02;1359
2015-09-03 18:18:01+02;1349
2015-09-03 22:26:01+02;1489
2015-09-04 05:34:01+02;1379
2015-09-04 06:06:01+02;1379
2015-09-04 11:42:01+02;1369
2015-09-04 12:38:01+02;1399
2015-09-04 14:46:02+02;1349
2015-09-04 17:54:01+02;1329
2015-09-04 22:22:01+02;1469
2015-09-05 06:42:01+02;1389
2015-09-05 11:06:01+02;1359
2015-09-05 12:06:01+02;1359
2015-09-05 12:50:01+02;1389
2015-09-05 13:06:02+02;1359
2015-09-05 13:26:01+02;1389
2015-09-05 13:42:01+02;1359
2015-09-05 15:06:01+02;1359
2015-09-05 18:46:01+02;1319
2015-09-05 22:18:01+02;1319
2015-09-05 22:22:01+02;1409
2015-09-06 07:46:01+02;1379
2015-09-06 10:26:01+02;1329
2015-09-06 12:26:01+02;1359
2015-09-06 14:34:01+02;1319
2015-09-06 16:34:01+02;1309
2015-09-06 22:18:01+02;1359
2015-09-06 22:22:01+02;1419
2015-09-07 06:46:01+02;1369
2015-09-07 10:10:01+02;1319
2015-09-07 12:30:01+02;1349
2015-09-07 14:02:01+02;1349
2015-09-07 15:18:01+02;1309
2015-09-07 22:18:01+02;1449
2015-09-08 06:42:01+02;1369
2015-09-08 11:18:01+02;1349
2015-09-08 12:38:01+02;1379
2015-09-08 13:46:01+02;1369
2015-09-08 15:18:01+02;1339
2015-09-08 18:42:01+02;1339
2015-09-08 22:22:01+02;1479
2015-09-09 07:18:01+02;1379
2015-09-09 09:54:01+02;1369
2015-09-09 12:30:01+02;1399
2015-09-09 13:46:01+02;1349
2015-09-09 17:46:02+02;1329
2015-09-09 22:18:01+02;1469
2015-09-10 07:18:01+02;1379
2015-09-10 10:18:01+02;1359
2015-09-10 12:34:01+02;1379
2015-09-10 14:26:01+02;1369
2015-09-10 15:18:01+02;1339
2015-09-10 17:46:01+02;1329
2015-09-10 19:42:01+02;1309
2015-09-10 22:22:01+02;1449
2015-09-11 07:06:01+02;1369
2015-09-11 12:18:01+02;1349
2015-09-11 12:38:01+02;1399
2015-09-11 12:46:01+02;1379
2015-09-11 14:06:01+02;1369
2015-09-11 15:26:01+02;1359
2015-09-11 15:42:01+02;1349
2015-09-11 17:02:01+02;1339
2015-09-11 22:26:01+02;1469
2015-09-12 06:46:01+02;1369
2015-09-12 10:10:01+02;1359
2015-09-12 12:46:01+02;1389
2015-09-12 13:54:01+02;1299
2015-09-12 15:26:01+02;1299
2015-09-12 16:18:01+02;1299
2015-09-12 16:46:01+02;1299
2015-09-12 22:18:01+02;1299
2015-09-12 22:22:01+02;1389
2015-09-13 07:18:01+02;1359
2015-09-13 12:38:01+02;1389
2015-09-13 13:06:01+02;1349
2015-09-13 14:46:01+02;1309
2015-09-13 15:42:01+02;1299
2015-09-13 22:26:01+02;1409
2015-09-14 05:42:01+02;1359
2015-09-14 06:06:01+02;1369
2015-09-14 12:02:01+02;1349
2015-09-14 12:30:01+02;1389
2015-09-14 12:38:02+02;1379
2015-09-14 13:54:01+02;1369
2015-09-14 15:18:01+02;1349
2015-09-14 16:06:01+02;1339
2015-09-14 17:22:01+02;1339
2015-09-14 18:38:01+02;1329
2015-09-14 22:22:01+02;1469
2015-09-15 05:02:01+02;1369
2015-09-15 12:18:01+02;1359
2015-09-15 12:30:01+02;1399
2015-09-15 12:34:01+02;1389
2015-09-15 14:02:01+02;1369
2015-09-15 15:02:01+02;1359
2015-09-15 15:22:01+02;1349
2015-09-15 16:30:01+02;1339
2015-09-15 18:22:01+02;1329
2015-09-15 21:18:01+02;1309
2015-09-15 22:18:01+02;1329
2015-09-15 22:22:01+02;1459
2015-09-16 05:34:01+02;1459
2015-09-16 07:46:01+02;1369
2015-09-16 11:06:01+02;1349
2015-09-16 11:54:01+02;1329
2015-09-16 12:30:01+02;1359
2015-09-16 14:06:01+02;1359
2015-09-16 15:42:01+02;1319
2015-09-16 18:30:01+02;1299
2015-09-16 22:22:01+02;1439
2015-09-17 05:34:01+02;1359
2015-09-17 11:18:01+02;1349
2015-09-17 12:18:01+02;1339
2015-09-17 12:26:01+02;1379
2015-09-17 13:02:01+02;1369
2015-09-17 15:26:01+02;1349
2015-09-17 18:06:01+02;1319
2015-09-17 21:06:01+02;1309
2015-09-17 22:18:01+02;1319
2015-09-17 22:26:01+02;1449
2015-09-18 05:34:01+02;1369
2015-09-18 12:30:01+02;1399
2015-09-18 14:18:01+02;1389
2015-09-18 15:06:01+02;1359
2015-09-18 16:42:01+02;1349
2015-09-18 17:02:01+02;1339
2015-09-18 18:26:01+02;1319
2015-09-18 22:26:01+02;1459
2015-09-19 06:26:01+02;1369
2015-09-19 11:54:01+02;1359
2015-09-19 12:30:01+02;1389
2015-09-19 13:50:01+02;1369
2015-09-19 15:46:01+02;1359
2015-09-19 16:26:01+02;1349
2015-09-19 18:02:01+02;1319
2015-09-19 18:54:01+02;1299
2015-09-19 22:18:01+02;1299
2015-09-19 22:26:01+02;1389
2015-09-20 09:06:01+02;1349
2015-09-20 12:26:01+02;1379
2015-09-20 12:46:01+02;1379
2015-09-20 14:06:01+02;1319
2015-09-20 14:54:01+02;1309
2015-09-20 15:26:01+02;1299
2015-09-20 22:18:01+02;1299
2015-09-20 22:26:01+02;1409
2015-09-21 06:54:01+02;1359
2015-09-21 10:42:02+02;1349
2015-09-21 12:26:01+02;1379
2015-09-21 14:34:01+02;1369
2015-09-21 16:46:01+02;1319
2015-09-21 20:34:01+02;1309
2015-09-21 22:18:01+02;1449
2015-09-22 07:02:01+02;1369
2015-09-22 08:34:01+02;1359
2015-09-22 10:46:01+02;1349
2015-09-22 12:26:01+02;1379
2015-09-22 16:54:02+02;1319
2015-09-22 20:30:01+02;1319
2015-09-22 22:18:01+02;1319
2015-09-22 22:22:01+02;1459
2015-09-23 05:30:01+02;1359
2015-09-23 09:50:01+02;1329
2015-09-23 11:50:01+02;1319
2015-09-23 12:30:01+02;1349
2015-09-23 16:18:01+02;1309
2015-09-23 20:54:01+02;1299
2015-09-23 22:18:01+02;1349
2015-09-23 22:26:01+02;1439
2015-09-24 06:22:01+02;1359
2015-09-24 08:46:01+02;1329
2015-09-24 10:06:01+02;1319
2015-09-24 10:22:01+02;1309
2015-09-24 12:26:01+02;1309
2015-09-24 13:22:01+02;1339
2015-09-24 15:26:01+02;1319
2015-09-24 20:42:01+02;1299
2015-09-24 22:26:01+02;1439
2015-09-25 04:54:01+02;1359
2015-09-25 06:18:01+02;1369
2015-09-25 09:46:01+02;1339
2015-09-25 12:26:01+02;1369
2015-09-25 14:02:01+02;1349
2015-09-25 15:18:01+02;1329
2015-09-25 18:18:01+02;1319
2015-09-25 22:26:01+02;1449
2015-09-26 06:42:01+02;1379
2015-09-26 07:18:01+02;1359
2015-09-26 10:10:02+02;1349
2015-09-26 11:06:01+02;1349
2015-09-26 12:30:01+02;1389
2015-09-26 12:46:02+02;1379
2015-09-26 14:18:01+02;1359
2015-09-26 15:18:01+02;1329
2015-09-26 18:30:01+02;1309
2015-09-26 21:10:01+02;1299
2015-09-26 22:22:01+02;1309
2015-09-26 22:30:02+02;1389
2015-09-27 07:34:01+02;1359
2015-09-27 11:46:01+02;1329
2015-09-27 12:26:01+02;1399
2015-09-27 12:46:01+02;1359
2015-09-27 15:26:01+02;1309
2015-09-27 16:10:01+02;1309
2015-09-27 17:18:01+02;1299
2015-09-27 22:26:01+02;1409
2015-09-28 05:46:01+02;1359
2015-09-28 06:54:01+02;1349
2015-09-28 09:22:01+02;1339
2015-09-28 12:26:01+02;1379
2015-09-28 12:42:01+02;1369
2015-09-28 15:54:01+02;1329
2015-09-28 19:02:01+02;1299
2015-09-28 22:22:01+02;1439
2015-09-29 05:34:01+02;1349
2015-09-29 06:02:01+02;1349
2015-09-29 10:18:01+02;1349
2015-09-29 12:30:01+02;1389
2015-09-29 12:42:01+02;1379
2015-09-29 12:50:01+02;1369
2015-09-29 14:50:01+02;1359
2015-09-29 16:02:01+02;1339
2015-09-29 16:18:01+02;1329
2015-09-29 18:10:01+02;1309
2015-09-29 22:22:01+02;1449
2015-09-30 05:34:01+02;1369
2015-09-30 11:26:01+02;1359
2015-09-30 12:30:01+02;1399
2015-09-30 12:46:01+02;1389
2015-09-30 14:42:01+02;1349
2015-09-30 15:02:01+02;1339
2015-09-30 16:46:01+02;1329
2015-09-30 18:30:01+02;1309
2015-09-30 22:26:01+02;1439
2015-10-01 04:54:01+02;1369
2015-10-01 12:26:01+02;1409
2015-10-01 12:46:01+02;1399
2015-10-01 13:02:01+02;1389
2015-10-01 13:18:01+02;1369
2015-10-01 16:46:01+02;1329
2015-10-01 20:54:01+02;1299
2015-10-01 22:18:01+02;1369
2015-10-01 22:22:01+02;1439
2015-10-02 05:06:01+02;1349
2015-10-02 10:06:01+02;1349
2015-10-02 11:54:01+02;1339
2015-10-02 12:26:01+02;1379
2015-10-02 12:46:01+02;1369
2015-10-02 19:50:01+02;1299
2015-10-02 22:22:01+02;1439
2015-10-03 08:26:01+02;1359
2015-10-03 11:54:01+02;1339
2015-10-03 12:18:01+02;1369
2015-10-03 12:30:01+02;1399
2015-10-03 12:46:01+02;1379
2015-10-03 12:50:01+02;1369
2015-10-03 13:54:01+02;1359
2015-10-03 16:06:01+02;1329
2015-10-03 19:54:01+02;1289
2015-10-03 22:18:01+02;1289
2015-10-03 22:22:01+02;1399
2015-10-04 07:10:01+02;1349
2015-10-04 11:34:01+02;1339
2015-10-04 12:30:01+02;1389
2015-10-04 12:46:01+02;1339
2015-10-04 13:46:01+02;1329
2015-10-04 20:06:01+02;1289
2015-10-04 22:22:01+02;1399
2015-10-05 05:26:01+02;1349
2015-10-05 10:34:01+02;1339
2015-10-05 12:18:01+02;1329
2015-10-05 12:30:01+02;1379
2015-10-05 12:38:01+02;1359
2015-10-05 13:54:01+02;1349
2015-10-05 15:26:01+02;1329
2015-10-05 16:34:01+02;1319
2015-10-05 18:18:01+02;1299
2015-10-05 22:22:01+02;1439
2015-10-06 07:06:01+02;1349
2015-10-06 09:46:01+02;1339
2015-10-06 12:30:01+02;1369
2015-10-06 15:02:01+02;1329
2015-10-06 15:18:01+02;1339
2015-10-06 16:30:01+02;1319
2015-10-06 22:22:01+02;1449
2015-10-07 07:02:01+02;1349
2015-10-07 08:30:01+02;1339
2015-10-07 10:42:01+02;1279
2015-10-07 12:30:01+02;1319
2015-10-07 12:38:01+02;1309
2015-10-07 16:06:01+02;1279
2015-10-07 22:22:01+02;1419
2015-10-08 05:26:01+02;1359
2015-10-08 09:18:01+02;1339
2015-10-08 09:46:01+02;1329
2015-10-08 11:18:01+02;1319
2015-10-08 12:30:01+02;1359
2015-10-08 12:46:01+02;1349
2015-10-08 16:22:01+02;1299
2015-10-08 22:18:01+02;1349
2015-10-08 22:22:01+02;1439
2015-10-09 05:22:01+02;1359
2015-10-09 12:18:01+02;1339
2015-10-09 12:30:01+02;1369
2015-10-09 19:26:01+02;1319
2015-10-09 22:22:01+02;1439
2015-10-10 07:18:01+02;1359
2015-10-10 11:18:01+02;1359
2015-10-10 12:02:02+02;1339
2015-10-10 12:30:01+02;1399
2015-10-10 12:42:01+02;1369
2015-10-10 15:54:01+02;1309
2015-10-10 18:06:01+02;1309
2015-10-10 19:26:01+02;1299
2015-10-10 22:18:01+02;1299
2015-10-10 22:26:01+02;1389
2015-10-11 08:30:01+02;1349
2015-10-11 12:18:01+02;1329
2015-10-11 12:26:01+02;1389
2015-10-11 12:54:01+02;1359
2015-10-11 14:22:01+02;1319
2015-10-11 15:42:01+02;1309
2015-10-11 17:42:01+02;1299
2015-10-11 22:18:01+02;1299
2015-10-11 22:22:01+02;1409
2015-10-12 07:22:01+02;1359
2015-10-12 10:42:01+02;1339
2015-10-12 12:26:01+02;1379
2015-10-12 12:42:01+02;1369
2015-10-12 14:34:01+02;1349
2015-10-12 16:18:01+02;1329
2015-10-12 17:02:01+02;1319
2015-10-12 18:02:01+02;1309
2015-10-12 20:06:01+02;1269
2015-10-12 22:22:01+02;1409
2015-10-13 07:06:01+02;1339
2015-10-13 12:30:01+02;1369
2015-10-13 14:18:01+02;1349
2015-10-13 14:54:01+02;1329
2015-10-13 16:06:01+02;1319
2015-10-13 17:06:01+02;1309
2015-10-13 18:18:01+02;1299
2015-10-13 22:30:01+02;1439
2015-10-14 07:02:01+02;1349
2015-10-14 11:18:01+02;1319
2015-10-14 12:18:01+02;1299
2015-10-14 12:30:01+02;1359
2015-10-14 12:38:01+02;1329
2015-10-14 15:18:01+02;1299
2015-10-14 16:18:01+02;1289
2015-10-14 18:46:01+02;1269
2015-10-14 22:22:01+02;1409
2015-10-15 06:46:01+02;1329
2015-10-15 11:22:01+02;1309
2015-10-15 12:30:01+02;1349
2015-10-15 12:38:01+02;1339
2015-10-15 14:02:01+02;1309
2015-10-15 16:02:01+02;1299
2015-10-15 17:06:01+02;1289
2015-10-15 17:42:01+02;1279
2015-10-15 20:22:01+02;1279
2015-10-15 22:22:01+02;1419
2015-10-16 06:54:01+02;1339
2015-10-16 12:30:01+02;1369
2015-10-16 14:06:01+02;1339
2015-10-16 14:50:01+02;1319
2015-10-16 17:02:01+02;1289
2015-10-16 18:06:01+02;1279
2015-10-16 22:22:01+02;1419
2015-10-17 06:02:01+02;1339
2015-10-17 10:22:01+02;1329
2015-10-17 10:30:01+02;1339
2015-10-17 11:54:01+02;1319
2015-10-17 12:30:01+02;1359
2015-10-17 12:46:01+02;1349
2015-10-17 15:10:01+02;1309
2015-10-17 15:18:01+02;1329
2015-10-17 15:30:01+02;1309
2015-10-17 17:02:01+02;1299
2015-10-17 18:06:01+02;1279
2015-10-17 22:22:01+02;1369
2015-10-18 07:06:01+02;1339
2015-10-18 09:38:01+02;1289
2015-10-18 12:30:01+02;1329
2015-10-18 12:42:01+02;1319
2015-10-18 14:02:01+02;1269
2015-10-18 16:42:01+02;1259
2015-10-18 22:22:01+02;1359
2015-10-19 05:26:01+02;1339
2015-10-19 11:46:01+02;1309
2015-10-19 12:30:01+02;1349
2015-10-19 12:42:01+02;1329
2015-10-19 14:26:01+02;1319
2015-10-19 15:06:01+02;1289
2015-10-19 17:18:01+02;1269
2015-10-19 18:18:01+02;1269
2015-10-19 22:22:01+02;1409
2015-10-20 05:06:01+02;1339
2015-10-20 11:22:01+02;1319
2015-10-20 12:30:01+02;1359
2015-10-20 12:42:01+02;1349
2015-10-20 14:02:01+02;1339
2015-10-20 15:06:01+02;1309
2015-10-20 16:46:01+02;1289
2015-10-20 18:22:01+02;1279
2015-10-20 22:22:01+02;1419
2015-10-21 05:38:01+02;1349
2015-10-21 06:22:01+02;1339
2015-10-21 09:38:01+02;1339
2015-10-21 10:18:01+02;1329
2015-10-21 11:18:01+02;1329
2015-10-21 11:54:01+02;1319
2015-10-21 12:30:01+02;1359
2015-10-21 12:46:01+02;1349
2015-10-21 14:46:01+02;1319
2015-10-21 16:42:01+02;1309
2015-10-21 17:42:01+02;1289
2015-10-21 22:26:01+02;1419
2015-10-22 06:06:01+02;1329
2015-10-22 10:54:01+02;1329
2015-10-22 12:06:01+02;1319
2015-10-22 12:30:01+02;1369
2015-10-22 12:46:01+02;1349
2015-10-22 15:02:01+02;1329
2015-10-22 17:26:01+02;1299
2015-10-22 18:06:01+02;1289
2015-10-22 22:18:01+02;1289
2015-10-22 22:26:01+02;1419
2015-10-23 05:38:01+02;1349
2015-10-23 06:18:01+02;1329
2015-10-23 11:18:01+02;1319
2015-10-23 12:30:01+02;1359
2015-10-23 12:46:01+02;1339
2015-10-23 15:54:01+02;1309
2015-10-23 18:18:01+02;1279
2015-10-23 19:42:01+02;1259
2015-10-23 22:18:01+02;1259
2015-10-23 22:26:01+02;1399
2015-10-24 06:50:01+02;1329
2015-10-24 07:02:01+02;1259
2015-10-24 12:26:01+02;1299
2015-10-24 12:46:01+02;1289
2015-10-24 13:42:01+02;1259
2015-10-24 15:38:01+02;1249
2015-10-24 19:54:01+02;1239
2015-10-24 22:22:01+02;1239
2015-10-24 22:30:01+02;1329
2015-10-25 07:42:01+01;1319
2015-10-25 11:26:01+01;1299
2015-10-25 12:30:01+01;1339
2015-10-25 12:46:01+01;1329
2015-10-25 13:54:01+01;1279
2015-10-25 14:46:01+01;1259
2015-10-25 16:18:01+01;1259
2015-10-25 22:18:01+01;1279
2015-10-25 22:26:01+01;1369
2015-10-26 05:46:01+01;1319
2015-10-26 12:30:01+01;1349
2015-10-26 14:22:01+01;1339
2015-10-26 15:22:01+01;1309
2015-10-26 15:30:01+01;1329
2015-10-26 15:54:01+01;1309
2015-10-26 18:06:01+01;1289
2015-10-26 19:06:01+01;1279
2015-10-26 19:18:01+01;1279
2015-10-26 22:18:01+01;1419
2015-10-27 07:02:01+01;1339
2015-10-27 11:42:01+01;1329
2015-10-27 12:26:01+01;1379
2015-10-27 12:30:01+01;1299
2015-10-27 15:18:01+01;1269
2015-10-27 16:10:01+01;1269
2015-10-27 16:18:01+01;1269
2015-10-27 16:38:01+01;1269
2015-10-27 17:22:01+01;1269
2015-10-27 22:22:02+01;1409
2015-10-28 07:06:01+01;1329
2015-10-28 10:34:01+01;1319
2015-10-28 11:54:01+01;1309
2015-10-28 12:30:02+01;1349
2015-10-28 12:38:01+01;1339
2015-10-28 15:06:01+01;1319
2015-10-28 17:18:01+01;1299
2015-10-28 17:46:02+01;1289
2015-10-28 19:22:01+01;1259
2015-10-28 22:26:01+01;1409
2015-10-29 05:22:01+01;1329
2015-10-29 06:26:01+01;1309
2015-10-29 12:30:01+01;1349
2015-10-29 12:42:01+01;1339
2015-10-29 14:26:01+01;1329
2015-10-29 15:46:01+01;1309
2015-10-29 17:38:01+01;1299
2015-10-29 19:02:01+01;1289
2015-10-29 19:54:01+01;1279
2015-10-29 22:22:01+01;1429
2015-10-30 05:22:01+01;1339
2015-10-30 10:26:01+01;1339
2015-10-30 12:30:01+01;1369
2015-10-30 15:54:01+01;1289
2015-10-30 22:18:01+01;1269
2015-10-30 22:22:01+01;1419
2015-10-31 07:18:01+01;1339
2015-10-31 12:14:01+01;1339
2015-10-31 12:30:02+01;1379
2015-10-31 13:02:02+01;1369
2015-10-31 14:38:01+01;1329
2015-10-31 16:02:01+01;1309
2015-10-31 16:10:01+01;1329
2015-10-31 16:38:01+01;1309
2015-10-31 18:46:01+01;1299
2015-10-31 20:38:01+01;1279
2015-10-31 22:22:01+01;1369
2015-11-01 07:54:01+01;1339
2015-11-01 12:26:01+01;1379
2015-11-01 12:46:01+01;1369
2015-11-01 15:18:01+01;1299
2015-11-01 17:06:01+01;1279
2015-11-01 18:38:01+01;1279
2015-11-01 22:22:01+01;1389
2015-11-02 05:26:01+01;1339
2015-11-02 06:10:01+01;1339
2015-11-02 10:38:01+01;1319
2015-11-02 12:30:01+01;1349
2015-11-02 14:38:01+01;1339
2015-11-02 14:46:01+01;1339
2015-11-02 16:06:01+01;1309
2015-11-02 16:10:01+01;1329
2015-11-02 16:46:01+01;1309
2015-11-02 17:46:01+01;1289
2015-11-02 22:30:01+01;1439
2015-11-03 05:30:01+01;1349
2015-11-03 06:02:01+01;1349
2015-11-03 08:42:01+01;1289
2015-11-03 12:26:01+01;1329
2015-11-03 12:42:01+01;1319
2015-11-03 15:42:01+01;1289
2015-11-03 22:26:01+01;1439
2015-11-04 05:26:01+01;1349
2015-11-04 06:06:01+01;1349
2015-11-04 06:30:01+01;1349
2015-11-04 10:38:01+01;1289
2015-11-04 12:30:01+01;1329
2015-11-04 12:46:01+01;1319
2015-11-04 12:54:01+01;1329
2015-11-04 13:58:01+01;1319
2015-11-04 15:30:01+01;1289
2015-11-04 15:38:01+01;1309
2015-11-04 15:54:01+01;1289
2015-11-04 19:18:01+01;1289
2015-11-04 22:10:01+01;1289
2015-11-04 22:22:01+01;1439
2015-11-05 05:38:01+01;1359
2015-11-05 08:38:01+01;1349
2015-11-05 10:38:01+01;1339
2015-11-05 11:42:01+01;1329
2015-11-05 12:30:01+01;1369
2015-11-05 12:46:01+01;1359
2015-11-05 14:42:01+01;1349
2015-11-05 15:42:01+01;1329
2015-11-05 16:46:01+01;1319
2015-11-05 17:02:01+01;1319
2015-11-05 19:42:01+01;1309
2015-11-05 22:18:01+01;1309
2015-11-05 22:22:01+01;1459
2015-11-06 07:18:01+01;1359
2015-11-06 11:02:01+01;1329
2015-11-06 12:30:01+01;1369
2015-11-06 12:42:01+01;1359
2015-11-06 15:02:01+01;1349
2015-11-06 15:18:01+01;1319
2015-11-06 18:02:01+01;1309
2015-11-06 22:22:01+01;1459
2015-11-07 07:38:01+01;1359
2015-11-07 11:46:01+01;1339
2015-11-07 12:30:01+01;1399
2015-11-07 12:42:01+01;1369
2015-11-07 15:02:02+01;1319
2015-11-07 15:30:01+01;1319
2015-11-07 19:54:01+01;1299
2015-11-07 20:06:01+01;1289
2015-11-07 22:22:01+01;1389
2015-11-08 08:54:01+01;1359
2015-11-08 12:30:01+01;1399
2015-11-08 12:42:01+01;1389
2015-11-08 14:06:01+01;1329
2015-11-08 15:42:01+01;1319
2015-11-08 18:06:01+01;1309
2015-11-08 20:30:01+01;1279
2015-11-08 22:14:01+01;1309
2015-11-08 22:22:01+01;1389
2015-11-09 07:10:01+01;1359
2015-11-09 10:02:01+01;1349
2015-11-09 12:22:01+01;1329
2015-11-09 12:30:01+01;1359
2015-11-09 13:46:01+01;1349
2015-11-09 14:54:01+01;1319
2015-11-09 16:26:01+01;1319
2015-11-09 18:06:01+01;1309
2015-11-09 20:30:01+01;1309
2015-11-09 22:22:01+01;1459
2015-11-10 05:06:01+01;1369
2015-11-10 10:42:01+01;1349
2015-11-10 11:42:01+01;1329
2015-11-10 12:30:01+01;1369
2015-11-10 12:42:01+01;1349
2015-11-10 12:54:01+01;1329
2015-11-10 13:06:01+01;1319
2015-11-10 15:54:01+01;1319
2015-11-10 18:38:01+01;1309
2015-11-10 19:30:01+01;1309
2015-11-10 22:22:01+01;1459
2015-11-11 05:02:01+01;1359
2015-11-11 06:42:01+01;1359
2015-11-11 10:46:01+01;1339
2015-11-11 12:30:01+01;1379
2015-11-11 12:38:01+01;1369
2015-11-11 12:46:01+01;1349
2015-11-11 15:02:01+01;1339
2015-11-11 16:54:01+01;1329
2015-11-11 17:02:01+01;1329
2015-11-11 19:18:01+01;1319
2015-11-11 22:22:01+01;1469
2015-11-12 04:54:01+01;1369
2015-11-12 06:42:01+01;1369
2015-11-12 12:06:01+01;1349
2015-11-12 12:30:02+01;1409
2015-11-12 12:46:01+01;1379
2015-11-12 14:22:01+01;1369
2015-11-12 15:18:01+01;1349
2015-11-12 16:30:01+01;1339
2015-11-12 17:26:01+01;1329
2015-11-12 22:22:01+01;1469
2015-11-13 04:54:01+01;1379
2015-11-13 10:06:02+01;1319
2015-11-13 12:26:01+01;1359
2015-11-13 12:30:01+01;1349
2015-11-13 15:30:01+01;1299
2015-11-13 17:06:01+01;1289
2015-11-13 18:26:01+01;1279
2015-11-13 19:22:01+01;1269
2015-11-13 22:18:01+01;1279
2015-11-13 22:30:01+01;1419
2015-11-14 07:46:01+01;1349
2015-11-14 09:22:01+01;1279
2015-11-14 13:30:01+01;1309
2015-11-14 15:18:01+01;1279
2015-11-14 22:26:01+01;1369
2015-11-15 09:14:01+01;1339
2015-11-15 12:30:01+01;1379
2015-11-15 12:42:01+01;1369
2015-11-15 13:54:01+01;1299
2015-11-15 15:18:01+01;1289
2015-11-15 22:22:01+01;1399
2015-11-16 05:22:01+01;1359
2015-11-16 06:38:01+01;1349
2015-11-16 10:02:01+01;1339
2015-11-16 11:22:01+01;1329
2015-11-16 12:30:01+01;1369
2015-11-16 12:34:01+01;1359
2015-11-16 14:38:01+01;1339
2015-11-16 15:58:01+01;1329
2015-11-16 17:06:01+01;1309
2015-11-16 22:30:01+01;1449
2015-11-17 05:30:01+01;1359
2015-11-17 08:02:01+01;1299
2015-11-17 09:38:01+01;1289
2015-11-17 11:06:01+01;1279
2015-11-17 12:22:01+01;1269
2015-11-17 12:50:01+01;1299
2015-11-17 14:38:01+01;1269
2015-11-17 22:22:01+01;1419
2015-11-18 11:38:01+01;1309
2015-11-18 12:46:01+01;1339
2015-11-18 14:30:01+01;1289
2015-11-18 18:30:01+01;1279
2015-11-18 22:30:01+01;1429
2015-11-19 05:38:01+01;1339
2015-11-19 09:46:01+01;1329
2015-11-19 10:22:01+01;1319
2015-11-19 12:30:01+01;1349
2015-11-19 12:38:01+01;1309
2015-11-19 12:46:01+01;1339
2015-11-19 14:14:01+01;1309
2015-11-19 15:14:01+01;1299
2015-11-19 18:54:01+01;1289
2015-11-19 22:22:01+01;1439
2015-11-20 04:58:01+01;1349
2015-11-20 08:54:01+01;1329
2015-11-20 10:38:01+01;1299
2015-11-20 12:30:01+01;1329
2015-11-20 14:58:01+01;1289
2015-11-20 19:22:01+01;1279
2015-11-20 20:02:01+01;1269
2015-11-20 20:18:01+01;1259
2015-11-20 22:18:02+01;1259
2015-11-20 22:30:01+01;1409
2015-11-21 08:06:01+01;1329
2015-11-21 13:30:01+01;1349
2015-11-21 13:42:01+01;1359
2015-11-21 13:58:01+01;1329
2015-11-21 14:22:01+01;1319
2015-11-21 17:42:01+01;1289
2015-11-21 18:42:01+01;1279
2015-11-21 20:18:01+01;1269
2015-11-21 22:22:01+01;1359
2015-11-22 07:06:01+01;1339
2015-11-22 09:38:01+01;1329
2015-11-22 11:22:01+01;1299
2015-11-22 12:30:01+01;1339
2015-11-22 12:46:01+01;1329
2015-11-22 14:42:01+01;1279
2015-11-22 15:06:01+01;1269
2015-11-22 15:42:01+01;1259
2015-11-22 22:18:01+01;1259
2015-11-22 22:26:01+01;1369
2015-11-23 05:18:01+01;1339
2015-11-23 05:38:01+01;1329
2015-11-23 10:30:01+01;1309
2015-11-23 11:42:01+01;1299
2015-11-23 12:22:01+01;1329
2015-11-23 12:46:01+01;1299
2015-11-23 12:58:01+01;1329
2015-11-23 14:18:01+01;1319
2015-11-23 15:06:01+01;1299
2015-11-23 17:46:01+01;1289
2015-11-23 22:22:01+01;1439
2015-11-24 05:02:01+01;1349
2015-11-24 10:42:01+01;1329
2015-11-24 11:38:01+01;1319
2015-11-24 12:30:01+01;1359
2015-11-24 12:38:01+01;1319
2015-11-24 12:46:01+01;1349
2015-11-24 13:58:01+01;1339
2015-11-24 14:38:01+01;1329
2015-11-24 16:06:01+01;1319
2015-11-24 17:18:01+01;1309
2015-11-24 18:06:01+01;1299
2015-11-24 18:46:01+01;1289
2015-11-24 19:26:01+01;1279
2015-11-24 22:30:01+01;1429
2015-11-25 05:02:01+01;1339
2015-11-25 06:38:01+01;1339
2015-11-25 10:38:01+01;1319
2015-11-25 12:30:01+01;1359
2015-11-25 12:42:01+01;1349
2015-11-25 14:22:01+01;1339
2015-11-25 15:30:01+01;1309
2015-11-25 16:42:01+01;1299
2015-11-25 17:30:01+01;1289
2015-11-25 22:22:01+01;1439
2015-11-26 07:30:01+01;1349
2015-11-26 08:30:01+01;1329
2015-11-26 11:30:01+01;1319
2015-11-26 12:30:01+01;1359
2015-11-26 12:38:01+01;1319
2015-11-26 12:46:01+01;1349
2015-11-26 14:22:01+01;1339
2015-11-26 14:54:01+01;1319
2015-11-26 16:06:01+01;1309
2015-11-26 16:58:01+01;1299
2015-11-26 18:06:01+01;1289
2015-11-26 20:22:01+01;1289
2015-11-26 22:22:01+01;1439
2015-11-27 05:38:01+01;1349
2015-11-27 09:22:01+01;1339
2015-11-27 11:38:01+01;1319
2015-11-27 12:30:01+01;1359
2015-11-27 12:46:01+01;1349
2015-11-27 14:18:01+01;1339
2015-11-27 16:30:01+01;1299
2015-11-27 17:18:01+01;1289
2015-11-27 19:42:01+01;1289
2015-11-27 22:22:01+01;1439
2015-11-28 06:30:01+01;1349
2015-11-28 08:38:02+01;1339
2015-11-28 12:18:01+01;1339
2015-11-28 12:30:01+01;1379
2015-11-28 12:42:01+01;1339
2015-11-28 12:54:01+01;1369
2015-11-28 14:22:01+01;1349
2015-11-28 14:46:01+01;1319
2015-11-28 17:42:01+01;1309
2015-11-28 18:30:01+01;1299
2015-11-28 22:18:01+01;1389
2015-11-29 08:18:01+01;1349
2015-11-29 11:30:01+01;1329
2015-11-29 12:30:01+01;1369
2015-11-29 12:54:01+01;1349
2015-11-29 13:58:01+01;1309
2015-11-29 16:54:01+01;1289
2015-11-29 18:46:01+01;1279
2015-11-29 20:54:01+01;1269
2015-11-29 22:18:01+01;1269
2015-11-29 22:26:01+01;1379
2015-11-30 07:02:01+01;1339
2015-11-30 12:06:01+01;1309
2015-11-30 12:30:01+01;1349
2015-11-30 12:46:01+01;1339
2015-11-30 14:30:01+01;1329
2015-11-30 14:42:01+01;1299
2015-11-30 20:06:01+01;1289
2015-12-01 00:42:01+01;1439
2015-12-01 06:54:01+01;1349
2015-12-01 10:18:01+01;1339
2015-12-01 11:14:01+01;1319
2015-12-01 12:30:01+01;1359
2015-12-01 12:54:01+01;1349
2015-12-01 14:14:01+01;1339
2015-12-01 14:46:01+01;1319
2015-12-01 15:58:01+01;1299
2015-12-01 16:58:01+01;1289
2015-12-01 18:18:01+01;1289
2015-12-01 22:22:01+01;1439
2015-12-02 06:46:01+01;1349
2015-12-02 09:18:01+01;1339
2015-12-02 12:30:01+01;1379
2015-12-02 12:46:01+01;1369
2015-12-02 14:30:01+01;1349
2015-12-02 15:18:01+01;1329
2015-12-02 16:22:01+01;1319
2015-12-02 17:42:01+01;1309
2015-12-02 19:30:01+01;1289
2015-12-02 22:22:01+01;1439
2015-12-03 07:30:01+01;1349
2015-12-03 08:38:01+01;1329
2015-12-03 09:30:01+01;1319
2015-12-03 11:30:01+01;1309
2015-12-03 12:30:01+01;1349
2015-12-03 12:50:01+01;1339
2015-12-03 13:58:01+01;1319
2015-12-03 15:30:01+01;1299
2015-12-03 16:42:01+01;1279
2015-12-03 20:30:01+01;1269
2015-12-03 22:30:01+01;1419
2015-12-04 05:06:01+01;1339
2015-12-04 08:38:01+01;1299
2015-12-04 12:30:01+01;1339
2015-12-04 12:46:01+01;1329
2015-12-04 14:14:01+01;1309
2015-12-04 15:38:01+01;1289
2015-12-04 16:58:01+01;1279
2015-12-04 17:22:01+01;1279
2015-12-04 22:22:01+01;1429
2015-12-05 06:14:01+01;1339
2015-12-05 09:14:01+01;1279
2015-12-05 12:30:01+01;1319
2015-12-05 12:42:01+01;1309
2015-12-05 14:14:01+01;1279
2015-12-05 16:06:01+01;1279
2015-12-05 22:22:01+01;1369
2015-12-06 08:54:01+01;1329
2015-12-06 10:42:01+01;1299
2015-12-06 12:30:01+01;1339
2015-12-06 12:54:01+01;1329
2015-12-06 14:30:01+01;1279
2015-12-06 22:30:01+01;1389
2015-12-07 06:38:01+01;1339
2015-12-07 07:54:01+01;1299
2015-12-07 12:30:01+01;1339
2015-12-07 12:42:01+01;1329
2015-12-07 14:10:01+01;1309
2015-12-07 15:26:01+01;1279
2015-12-07 15:54:01+01;1269
2015-12-07 17:26:01+01;1259
2015-12-07 22:22:01+01;1409
2015-12-08 06:30:01+01;1319
2015-12-08 10:42:01+01;1299
2015-12-08 12:30:01+01;1339
2015-12-08 12:42:01+01;1329
2015-12-08 13:54:01+01;1319
2015-12-08 15:02:01+01;1309
2015-12-08 17:30:01+01;1289
2015-12-08 18:22:01+01;1279
2015-12-08 20:18:01+01;1269
2015-12-08 22:22:01+01;1419
2015-12-09 06:42:01+01;1319
2015-12-09 10:22:01+01;1299
2015-12-09 12:02:01+01;1289
2015-12-09 12:26:01+01;1329
2015-12-09 12:42:01+01;1309
2015-12-09 15:18:01+01;1299
2015-12-09 17:02:01+01;1289
2015-12-09 18:18:01+01;1269
2015-12-09 22:26:01+01;1419
2015-12-10 04:54:01+01;1329
2015-12-10 06:54:01+01;1319
2015-12-10 09:30:01+01;1309
2015-12-10 11:06:01+01;1299
2015-12-10 12:30:01+01;1339
2015-12-10 12:42:01+01;1329
2015-12-10 14:22:01+01;1319
2015-12-10 15:18:01+01;1289
2015-12-10 16:54:01+01;1279
2015-12-10 20:26:02+01;1259
2015-12-10 22:26:01+01;1409
2015-12-11 04:54:01+01;1319
2015-12-11 06:42:01+01;1319
2015-12-11 07:02:01+01;1309
2015-12-11 12:26:01+01;1349
2015-12-11 12:50:01+01;1339
2015-12-11 14:46:01+01;1309
2015-12-11 16:46:01+01;1279
2015-12-11 17:26:01+01;1269
2015-12-11 19:38:01+01;1259
2015-12-11 22:26:01+01;1409
2015-12-12 07:18:01+01;1319
2015-12-12 07:30:01+01;1319
2015-12-12 08:02:01+01;1319
2015-12-12 11:02:01+01;1279
2015-12-12 12:30:01+01;1319
2015-12-12 12:42:01+01;1309
2015-12-12 13:46:01+01;1309
2015-12-12 15:18:01+01;1259
2015-12-12 17:42:01+01;1259
2015-12-12 19:38:01+01;1249
2015-12-12 20:30:01+01;1239
2015-12-12 21:18:01+01;1239
2015-12-12 22:22:01+01;1329
2015-12-13 08:02:01+01;1299
2015-12-13 10:06:01+01;1299
2015-12-13 12:30:01+01;1339
2015-12-13 12:42:01+01;1329
2015-12-13 13:54:01+01;1329
2015-12-13 19:38:01+01;1259
2015-12-13 22:22:01+01;1369
2015-12-14 06:54:01+01;1299
2015-12-14 12:18:01+01;1289
2015-12-14 12:30:01+01;1339
2015-12-14 12:46:02+01;1319
2015-12-14 14:38:01+01;1299
2015-12-14 15:18:01+01;1289
2015-12-14 16:18:01+01;1279
2015-12-14 17:38:01+01;1279
2015-12-14 18:18:01+01;1269
2015-12-14 18:58:01+01;1269
2015-12-14 22:26:01+01;1419
2015-12-15 06:54:01+01;1329
2015-12-15 07:46:01+01;1319
2015-12-15 09:58:01+01;1309
2015-12-15 11:42:01+01;1289
2015-12-15 12:30:01+01;1329
2015-12-15 12:46:01+01;1319
2015-12-15 13:54:01+01;1309
2015-12-15 15:02:01+01;1279
2015-12-15 17:22:01+01;1279
2015-12-15 18:06:01+01;1259
2015-12-15 20:02:01+01;1249
2015-12-15 22:26:01+01;1399
2015-12-16 05:02:01+01;1309
2015-12-16 06:18:01+01;1309
2015-12-16 11:02:01+01;1289
2015-12-16 12:30:01+01;1329
2015-12-16 12:42:01+01;1319
2015-12-16 14:18:01+01;1299
2015-12-16 15:02:01+01;1289
2015-12-16 15:54:01+01;1279
2015-12-16 17:18:01+01;1259
2015-12-16 17:42:01+01;1259
2015-12-16 19:54:02+01;1239
2015-12-16 22:22:01+01;1389
2015-12-17 05:22:01+01;1299
2015-12-17 09:06:01+01;1289
2015-12-17 09:42:01+01;1289
2015-12-17 12:30:01+01;1329
2015-12-17 12:46:02+01;1299
2015-12-17 14:38:01+01;1269
2015-12-17 17:26:01+01;1249
2015-12-17 22:30:01+01;1399
2015-12-18 05:22:01+01;1309
2015-12-18 11:02:01+01;1289
2015-12-18 11:42:01+01;1279
2015-12-18 12:06:01+01;1279
2015-12-18 12:30:02+01;1319
2015-12-18 12:46:01+01;1309
2015-12-18 13:54:01+01;1289
2015-12-18 14:58:02+01;1289
2015-12-18 15:02:01+01;1259
2015-12-18 18:18:01+01;1249
2015-12-18 22:30:02+01;1399
2015-12-19 06:06:01+01;1309
2015-12-19 09:18:01+01;1289
2015-12-19 11:02:01+01;1279
2015-12-19 12:30:01+01;1319
2015-12-19 12:46:01+01;1299
2015-12-19 14:38:01+01;1279
2015-12-19 16:02:01+01;1269
2015-12-19 18:06:01+01;1259
2015-12-19 22:26:01+01;1349
2015-12-20 07:06:01+01;1299
2015-12-20 11:18:01+01;1279
2015-12-20 12:30:01+01;1319
2015-12-20 12:42:01+01;1309
2015-12-20 14:06:01+01;1259
2015-12-20 15:42:01+01;1249
2015-12-20 18:54:01+01;1249
2015-12-20 22:22:01+01;1359
2015-12-21 05:26:01+01;1309
2015-12-21 06:10:01+01;1289
2015-12-21 08:02:01+01;1269
2015-12-21 10:38:01+01;1259
2015-12-21 12:30:01+01;1299
2015-12-21 12:42:01+01;1289
2015-12-21 15:26:01+01;1259
2015-12-21 18:18:01+01;1249
2015-12-21 20:30:01+01;1239
2015-12-21 22:30:01+01;1389
2015-12-22 05:26:01+01;1309
2015-12-22 06:30:02+01;1299
2015-12-22 11:10:01+01;1289
2015-12-22 12:06:01+01;1279
2015-12-22 12:30:01+01;1319
2015-12-22 12:50:01+01;1309
2015-12-22 14:30:01+01;1279
2015-12-22 16:46:01+01;1259
2015-12-22 19:02:01+01;1249
2015-12-22 20:18:01+01;1239
2015-12-22 22:22:01+01;1389
2015-12-23 04:58:01+01;1309
2015-12-23 07:22:01+01;1289
2015-12-23 09:22:02+01;1279
2015-12-23 10:06:01+01;1269
2015-12-23 12:30:01+01;1309
2015-12-23 12:46:01+01;1299
2015-12-23 15:38:01+01;1269
2015-12-23 17:30:01+01;1249
2015-12-23 19:22:01+01;1239
2015-12-23 20:02:01+01;1239
2015-12-23 21:06:01+01;1219
2015-12-23 22:18:01+01;1389
2015-12-24 05:06:01+01;1299
2015-12-24 10:38:01+01;1269
2015-12-24 12:38:01+01;1309
2015-12-24 12:46:01+01;1299
2015-12-24 14:42:01+01;1249
2015-12-24 16:42:01+01;1249
2015-12-24 22:30:01+01;1339
2015-12-25 07:10:01+01;1309
2015-12-25 09:46:01+01;1279
2015-12-25 12:30:01+01;1319
2015-12-25 12:46:01+01;1309
2015-12-25 14:22:01+01;1269
2015-12-25 17:30:01+01;1249
2015-12-25 22:26:01+01;1339
2015-12-26 08:46:01+01;1279
2015-12-26 12:30:01+01;1319
2015-12-26 12:46:01+01;1309
2015-12-26 14:06:01+01;1279
2015-12-26 15:02:01+01;1249
2015-12-26 18:18:01+01;1249
2015-12-26 20:22:01+01;1249
2015-12-26 22:30:01+01;1339
2015-12-27 08:42:01+01;1279
2015-12-27 12:30:01+01;1319
2015-12-27 12:46:01+01;1309
2015-12-27 14:06:01+01;1259
2015-12-27 15:30:01+01;1249
2015-12-27 18:54:01+01;1249
2015-12-27 22:30:01+01;1359
2015-12-28 05:22:01+01;1309
2015-12-28 07:06:01+01;1279
2015-12-28 10:06:01+01;1279
2015-12-28 10:46:01+01;1279
2015-12-28 12:22:01+01;1259
2015-12-28 12:30:01+01;1319
2015-12-28 12:46:01+01;1289
2015-12-28 15:42:01+01;1269
2015-12-28 16:58:01+01;1259
2015-12-28 18:30:01+01;1249
2015-12-28 22:30:01+01;1399
2015-12-29 07:06:01+01;1309
2015-12-29 07:38:01+01;1289
2015-12-29 08:58:01+01;1289
2015-12-29 09:38:01+01;1279
2015-12-29 11:54:01+01;1259
2015-12-29 12:30:01+01;1299
2015-12-29 12:46:01+01;1289
2015-12-29 15:02:01+01;1259
2015-12-29 18:18:01+01;1249
2015-12-29 22:30:01+01;1399
2015-12-30 05:18:01+01;1309
2015-12-30 08:30:01+01;1289
2015-12-30 10:30:01+01;1279
2015-12-30 12:30:01+01;1319
2015-12-30 12:38:02+01;1269
2015-12-30 12:46:01+01;1299
2015-12-30 15:42:01+01;1269
2015-12-30 18:30:01+01;1239
2015-12-30 22:30:01+01;1389
2015-12-31 05:02:01+01;1299
2015-12-31 06:02:01+01;1309
2015-12-31 08:30:01+01;1299
2015-12-31 12:30:01+01;1339
2015-12-31 12:58:01+01;1329
2015-12-31 15:14:01+01;1279
2015-12-31 19:22:01+01;1259
2015-12-31 22:38:01+01;1349
2016-01-01 09:06:01+01;1309
2016-01-01 11:42:01+01;1299
2016-01-01 12:42:01+01;1329
2016-01-01 14:02:01+01;1309
2016-01-01 14:30:01+01;1279
2016-01-01 14:46:01+01;1269
2016-01-01 19:42:01+01;1249
2016-01-01 22:22:01+01;1339
2016-01-02 05:58:01+01;1309
2016-01-02 06:58:01+01;1309
2016-01-02 07:26:01+01;1299
2016-01-02 10:18:01+01;1259
2016-01-02 12:30:01+01;1299
2016-01-02 12:46:01+01;1289
2016-01-02 14:06:01+01;1279
2016-01-02 15:06:01+01;1259
2016-01-02 18:30:01+01;1239
2016-01-02 22:22:01+01;1329
2016-01-02 22:26:01+01;1329
2016-01-03 07:38:01+01;1299
2016-01-03 09:22:01+01;1299
2016-01-03 11:18:01+01;1289
2016-01-03 12:22:01+01;1289
2016-01-03 12:30:01+01;1329
2016-01-03 12:46:01+01;1319
2016-01-03 14:22:01+01;1279
2016-01-03 18:42:01+01;1269
2016-01-03 20:30:01+01;1239
2016-01-03 22:22:01+01;1349
2016-01-04 05:22:01+01;1299
2016-01-04 06:58:01+01;1299
2016-01-04 07:38:01+01;1299
2016-01-04 11:02:01+01;1279
2016-01-04 12:30:01+01;1319
2016-01-04 12:42:02+01;1309
2016-01-04 14:50:01+01;1289
2016-01-04 16:06:01+01;1279
2016-01-04 18:02:01+01;1269
2016-01-04 19:18:01+01;1259
2016-01-04 20:30:01+01;1259
2016-01-04 22:22:01+01;1399
2016-01-05 05:18:01+01;1399
2016-01-05 07:18:01+01;1399
2016-01-05 07:22:01+01;1289
2016-01-05 11:58:01+01;1279
2016-01-05 12:30:01+01;1319
2016-01-05 12:42:01+01;1309
2016-01-05 16:06:01+01;1289
2016-01-05 16:18:01+01;1269
2016-01-05 19:42:01+01;1259
2016-01-05 22:22:01+01;1399
2016-01-06 05:18:01+01;1309
2016-01-06 07:18:01+01;1299
2016-01-06 09:18:01+01;1289
2016-01-06 12:30:01+01;1329
2016-01-06 12:46:01+01;1319
2016-01-06 14:22:01+01;1289
2016-01-06 15:30:01+01;1289
2016-01-06 16:54:01+01;1269
2016-01-06 18:18:01+01;1259
2016-01-06 19:30:01+01;1249
2016-01-06 22:26:01+01;1399
2016-01-07 06:38:01+01;1309
2016-01-07 10:22:01+01;1289
2016-01-07 11:46:01+01;1279
2016-01-07 12:30:01+01;1319
2016-01-07 12:58:01+01;1289
2016-01-07 13:06:01+01;1309
2016-01-07 14:22:01+01;1279
2016-01-07 15:30:01+01;1269
2016-01-07 17:22:01+01;1269
2016-01-07 17:38:01+01;1269
2016-01-07 20:22:01+01;1249
2016-01-07 22:30:01+01;1399
2016-01-08 06:18:01+01;1309
2016-01-08 07:18:01+01;1289
2016-01-08 12:46:01+01;1319
2016-01-08 14:10:01+01;1299
2016-01-08 15:54:01+01;1289
2016-01-08 17:26:01+01;1259
2016-01-08 20:30:01+01;1219
2016-01-08 22:30:01+01;1369
2016-01-09 06:18:01+01;1289
2016-01-09 07:18:01+01;1269
2016-01-09 11:18:01+01;1259
2016-01-09 12:30:01+01;1299
2016-01-09 12:42:01+01;1289
2016-01-09 14:30:02+01;1279
2016-01-09 15:14:01+01;1259
2016-01-09 16:30:02+01;1249
2016-01-09 17:26:01+01;1229
2016-01-09 19:38:01+01;1229
2016-01-09 22:22:01+01;1319
2016-01-10 08:02:01+01;1289
2016-01-10 10:42:01+01;1279
2016-01-10 11:30:02+01;1269
2016-01-10 12:30:02+01;1309
2016-01-10 12:42:01+01;1269
2016-01-10 14:14:01+01;1269
2016-01-10 14:38:01+01;1259
2016-01-10 18:18:01+01;1249
2016-01-10 20:38:01+01;1239
2016-01-10 22:22:01+01;1349
2016-01-11 05:22:01+01;1299
2016-01-11 10:06:01+01;1279
2016-01-11 12:30:01+01;1319
2016-01-11 12:42:01+01;1309
2016-01-11 13:58:01+01;1289
2016-01-11 14:46:01+01;1239
2016-01-11 16:46:01+01;1229
2016-01-11 22:30:01+01;1379
2016-01-12 04:54:01+01;1289
2016-01-12 09:42:01+01;1219
2016-01-12 12:30:03+01;1259
2016-01-12 12:54:01+01;1249
2016-01-12 14:22:01+01;1219
2016-01-12 22:30:02+01;1369
2016-01-13 04:58:01+01;1279
2016-01-13 08:30:02+01;1259
2016-01-13 11:54:01+01;1239
2016-01-13 12:30:02+01;1279
2016-01-13 12:50:02+01;1269
2016-01-13 14:46:01+01;1239
2016-01-13 17:14:01+01;1229
2016-01-13 22:30:02+01;1379
2016-01-14 05:14:01+01;1289
2016-01-14 06:38:01+01;1279
2016-01-14 07:06:01+01;1259
2016-01-14 11:18:01+01;1249
2016-01-14 12:30:01+01;1289
2016-01-14 12:46:01+01;1279
2016-01-14 13:58:01+01;1269
2016-01-14 14:58:01+01;1259
2016-01-14 15:46:02+01;1239
2016-01-14 18:02:02+01;1229
2016-01-14 22:30:02+01;1379
2016-01-15 05:22:01+01;1269
2016-01-15 06:30:02+01;1259
2016-01-15 11:06:01+01;1249
2016-01-15 12:30:02+01;1289
2016-01-15 12:42:01+01;1269
2016-01-15 14:38:01+01;1249
2016-01-15 15:58:01+01;1239
2016-01-15 16:46:01+01;1229
2016-01-15 18:02:01+01;1209
2016-01-15 22:22:01+01;1359
2016-01-16 06:06:01+01;1269
2016-01-16 08:02:01+01;1259
2016-01-16 11:14:01+01;1239
2016-01-16 12:30:02+01;1279
2016-01-16 12:50:02+01;1269
2016-01-16 14:22:01+01;1259
2016-01-16 15:06:01+01;1239
2016-01-16 18:22:01+01;1229
2016-01-16 22:26:01+01;1319
2016-01-17 07:54:01+01;1279
2016-01-17 08:02:01+01;1269
2016-01-17 09:14:01+01;1259
2016-01-17 11:02:01+01;1249
2016-01-17 11:06:01+01;1239
2016-01-17 12:30:01+01;1279
2016-01-17 12:42:01+01;1269
2016-01-17 14:38:01+01;1239
2016-01-17 14:54:01+01;1229
2016-01-18 05:54:01+01;1279
2016-01-18 06:54:01+01;1229
2016-01-18 12:30:02+01;1269
2016-01-18 12:42:01+01;1259
2016-01-18 14:46:01+01;1229
2016-01-18 20:22:01+01;1219
2016-01-18 20:26:01+01;1209
2016-01-18 20:30:02+01;1219
2016-01-18 20:54:01+01;1209
2016-01-18 22:22:01+01;1359
2016-01-19 04:54:01+01;1269
2016-01-19 12:30:02+01;1309
2016-01-19 12:42:01+01;1299
2016-01-19 14:06:01+01;1259
2016-01-19 14:38:01+01;1249
2016-01-19 16:06:01+01;1239
2016-01-19 17:42:01+01;1229
2016-01-19 19:38:01+01;1209
2016-01-19 22:18:01+01;1229
2016-01-19 22:30:01+01;1369
2016-01-20 05:06:01+01;1269
2016-01-20 07:18:01+01;1259
2016-01-20 12:06:01+01;1249
2016-01-20 12:30:02+01;1289
2016-01-20 12:46:01+01;1279
2016-01-20 14:18:01+01;1269
2016-01-20 14:38:01+01;1259
2016-01-20 15:42:01+01;1249
2016-01-20 16:30:02+01;1239
2016-01-20 16:54:01+01;1229
2016-01-20 18:46:01+01;1219
2016-01-20 22:26:01+01;1359
2016-01-21 05:06:01+01;1269
2016-01-21 07:46:01+01;1259
2016-01-21 12:30:01+01;1299
2016-01-21 12:54:01+01;1289
2016-01-21 13:54:01+01;1259
2016-01-21 15:18:01+01;1249
2016-01-21 17:02:02+01;1229
2016-01-21 17:38:01+01;1219
2016-01-21 18:54:01+01;1209
2016-01-21 22:26:01+01;1359
2016-01-22 04:54:01+01;1269
2016-01-22 08:18:01+01;1269
2016-01-22 12:30:01+01;1309
2016-01-22 12:42:01+01;1299
2016-01-22 14:22:01+01;1269
2016-01-22 14:54:01+01;1249
2016-01-22 16:18:01+01;1239
2016-01-22 17:22:01+01;1229
2016-01-22 18:18:01+01;1209
2016-01-22 18:54:01+01;1199
2016-01-22 19:22:01+01;1189
2016-01-22 19:54:01+01;1189
2016-01-22 20:18:01+01;1179
2016-01-22 22:26:01+01;1329
2016-01-23 06:02:01+01;1259
2016-01-23 06:46:01+01;1239
2016-01-23 11:30:02+01;1229
2016-01-23 12:26:01+01;1269
2016-01-23 12:42:01+01;1259
2016-01-23 14:38:01+01;1229
2016-01-23 18:18:01+01;1219
2016-01-23 22:22:01+01;1309
2016-01-24 07:06:01+01;1269
2016-01-24 10:06:01+01;1259
2016-01-24 11:26:01+01;1249
2016-01-24 12:30:02+01;1289
2016-01-24 12:46:01+01;1279
2016-01-24 14:38:01+01;1249
2016-01-24 14:54:01+01;1229
2016-01-24 17:30:01+01;1219
2016-01-24 22:22:01+01;1329
2016-01-25 05:02:01+01;1259
2016-01-25 08:02:01+01;1249
2016-01-25 12:30:01+01;1289
2016-01-25 12:46:01+01;1279
2016-01-25 14:38:01+01;1269
2016-01-25 16:02:01+01;1239
2016-01-25 16:38:01+01;1229
2016-01-25 18:18:01+01;1219
2016-01-25 22:30:01+01;1369
2016-01-26 04:54:01+01;1269
2016-01-26 10:18:01+01;1259
2016-01-26 12:02:01+01;1239
2016-01-26 12:26:01+01;1279
2016-01-26 13:58:01+01;1239
2016-01-26 16:58:01+01;1229
2016-01-26 17:10:01+01;1209
2016-01-26 22:30:01+01;1359
2016-01-27 05:10:01+01;1269
2016-01-27 10:22:01+01;1269
2016-01-27 11:10:01+01;1249
2016-01-27 12:30:01+01;1289
2016-01-27 12:46:01+01;1279
2016-01-27 14:10:02+01;1269
2016-01-27 15:10:01+01;1229
2016-01-27 16:34:01+01;1219
2016-01-27 20:26:01+01;1209
2016-01-27 22:30:01+01;1359
2016-01-28 05:22:01+01;1259
2016-01-28 08:30:01+01;1209
2016-01-28 10:46:01+01;1199
2016-01-28 12:30:01+01;1239
2016-01-28 12:46:01+01;1229
2016-01-28 16:18:01+01;1199
2016-01-28 17:10:01+01;1199
2016-01-28 20:22:01+01;1189
2016-01-28 22:22:01+01;1209
2016-01-28 22:26:01+01;1419
2016-01-29 05:10:01+01;1269
2016-01-29 09:30:01+01;1239
2016-01-29 11:10:01+01;1229
2016-01-29 12:30:01+01;1269
2016-01-29 12:42:01+01;1259
2016-01-29 14:46:01+01;1249
2016-01-29 15:22:01+01;1229
2016-01-29 15:46:01+01;1219
2016-01-29 16:18:01+01;1209
2016-01-29 22:34:01+01;1359
2016-01-30 07:18:01+01;1269
2016-01-30 09:46:01+01;1269
2016-01-30 11:26:01+01;1259
2016-01-30 12:34:01+01;1299
2016-01-30 12:46:01+01;1289
2016-01-30 14:18:01+01;1279
2016-01-30 14:54:01+01;1239
2016-01-30 17:34:02+01;1199
2016-01-30 22:22:01+01;1209
2016-01-30 22:26:01+01;1429
2016-01-31 05:26:01+01;1319
2016-01-31 07:10:01+01;1279
2016-01-31 09:10:01+01;1259
2016-01-31 11:58:01+01;1249
2016-01-31 12:30:01+01;1289
2016-01-31 12:42:01+01;1279
2016-01-31 14:22:01+01;1269
2016-01-31 15:02:01+01;1239
2016-01-31 18:06:01+01;1229
2016-01-31 21:22:01+01;1219
2016-01-31 22:26:01+01;1349
2016-02-01 05:02:01+01;1279
2016-02-01 08:26:01+01;1269
2016-02-01 10:02:01+01;1259
2016-02-01 12:26:01+01;1299
2016-02-01 12:46:01+01;1289
2016-02-01 14:02:01+01;1279
2016-02-01 15:30:01+01;1249
2016-02-01 16:26:01+01;1239
2016-02-01 18:06:01+01;1239
2016-02-01 18:14:01+01;1229
2016-02-01 22:34:01+01;1369
2016-02-02 05:06:01+01;1279
2016-02-02 11:42:01+01;1259
2016-02-02 12:34:01+01;1299
2016-02-02 12:50:01+01;1289
2016-02-02 14:38:01+01;1259
2016-02-02 15:22:01+01;1259
2016-02-02 16:18:01+01;1249
2016-02-02 17:14:01+01;1239
2016-02-02 17:58:01+01;1219
2016-02-02 20:02:01+01;1219
2016-02-02 22:26:01+01;1369
2016-02-03 04:58:01+01;1279
2016-02-03 08:34:01+01;1259
2016-02-03 11:58:01+01;1249
2016-02-03 12:26:01+01;1289
2016-02-03 12:50:01+01;1279
2016-02-03 13:58:01+01;1259
2016-02-03 14:42:01+01;1249
2016-02-03 14:58:01+01;1249
2016-02-03 15:06:01+01;1239
2016-02-03 17:06:01+01;1229
2016-02-03 19:42:01+01;1229
2016-02-03 22:34:01+01;1359
2016-02-04 04:58:01+01;1279
2016-02-04 09:50:01+01;1259
2016-02-04 12:26:01+01;1299
2016-02-04 12:42:01+01;1289
2016-02-04 14:22:01+01;1249
2016-02-04 14:50:01+01;1219
2016-02-04 15:58:01+01;1209
2016-02-04 19:46:01+01;1199
2016-02-04 22:26:01+01;1349
2016-02-05 05:10:01+01;1259
2016-02-05 11:26:01+01;1239
2016-02-05 12:26:01+01;1279
2016-02-05 12:50:01+01;1269
2016-02-05 14:42:01+01;1239
2016-02-05 16:06:02+01;1229
2016-02-05 17:06:01+01;1229
2016-02-05 17:14:01+01;1219
2016-02-05 22:34:01+01;1359
2016-02-06 06:06:02+01;1239
2016-02-06 10:26:01+01;1229
2016-02-06 11:46:01+01;1219
2016-02-06 12:26:01+01;1259
2016-02-06 12:50:01+01;1249
2016-02-06 14:42:02+01;1239
2016-02-06 15:50:01+01;1219
2016-02-06 20:50:01+01;1219
2016-02-06 22:30:01+01;1339
2016-02-07 07:06:02+01;1279
2016-02-07 07:50:01+01;1249
2016-02-07 10:38:01+01;1249
2016-02-07 11:50:01+01;1239
2016-02-07 12:26:01+01;1279
2016-02-07 12:46:01+01;1269
2016-02-07 14:22:01+01;1249
2016-02-07 14:46:01+01;1229
2016-02-07 22:26:01+01;1349
2016-02-08 05:26:01+01;1269
2016-02-08 06:22:01+01;1249
2016-02-08 09:34:01+01;1249
2016-02-08 11:18:01+01;1239
2016-02-08 12:30:01+01;1279
2016-02-08 12:50:01+01;1269
2016-02-08 14:34:01+01;1229
2016-02-08 15:26:01+01;1219
2016-02-08 16:58:01+01;1209
2016-02-08 17:22:01+01;1199
2016-02-08 18:38:01+01;1199
2016-02-08 22:30:01+01;1349
2016-02-09 05:06:01+01;1259
2016-02-09 08:58:01+01;1239
2016-02-09 09:58:01+01;1229
2016-02-09 12:22:01+01;1219
2016-02-09 12:30:01+01;1269
2016-02-09 12:46:01+01;1249
2016-02-09 14:50:01+01;1219
2016-02-09 16:06:01+01;1209
2016-02-09 17:02:01+01;1199
2016-02-09 20:02:01+01;1199
2016-02-09 22:26:01+01;1349
2016-02-10 06:18:01+01;1259
2016-02-10 09:22:01+01;1249
2016-02-10 09:46:01+01;1249
2016-02-10 11:22:01+01;1239
2016-02-10 12:22:01+01;1239
2016-02-10 12:30:01+01;1279
2016-02-10 12:46:01+01;1269
2016-02-10 14:46:01+01;1229
2016-02-10 17:06:01+01;1219
2016-02-10 21:06:01+01;1209
2016-02-10 22:34:01+01;1339
2016-02-11 06:38:01+01;1229
2016-02-11 09:58:01+01;1219
2016-02-11 12:30:01+01;1259
2016-02-11 12:50:01+01;1239
2016-02-11 14:10:01+01;1219
2016-02-11 14:50:01+01;1209
2016-02-11 16:02:01+01;1199
2016-02-11 17:58:01+01;1189
2016-02-11 20:34:01+01;1179
2016-02-11 22:34:01+01;1329
2016-02-12 06:58:01+01;1219
2016-02-12 10:42:01+01;1219
2016-02-12 11:18:01+01;1209
2016-02-12 12:26:01+01;1249
2016-02-12 12:46:01+01;1239
2016-02-12 14:02:01+01;1229
2016-02-12 14:34:01+01;1219
2016-02-12 15:14:01+01;1209
2016-02-12 16:06:01+01;1189
2016-02-12 17:46:01+01;1179
2016-02-12 22:34:01+01;1329
2016-02-13 07:02:01+01;1199
2016-02-13 11:10:01+01;1189
2016-02-13 12:26:01+01;1229
2016-02-13 12:50:01+01;1219
2016-02-13 14:50:01+01;1179
2016-02-13 20:02:01+01;1159
2016-02-13 20:22:01+01;1149
2016-02-13 22:26:01+01;1269
2016-02-14 07:58:01+01;1209
2016-02-14 11:06:01+01;1199
2016-02-14 12:26:01+01;1239
2016-02-14 12:46:01+01;1229
2016-02-14 14:18:01+01;1229
2016-02-14 14:42:01+01;1199
2016-02-14 15:42:02+01;1179
2016-02-14 22:34:01+01;1269
2016-02-15 05:06:01+01;1229
2016-02-15 10:22:01+01;1229
2016-02-15 12:26:01+01;1269
2016-02-15 12:54:01+01;1259
2016-02-15 14:26:01+01;1219
2016-02-15 15:14:01+01;1209
2016-02-15 16:26:01+01;1199
2016-02-15 19:22:01+01;1179
2016-02-15 22:26:01+01;1329
2016-02-16 05:22:01+01;1239
2016-02-16 06:38:01+01;1239
2016-02-16 08:46:01+01;1229
2016-02-16 10:22:01+01;1229
2016-02-16 12:30:01+01;1269
2016-02-16 12:54:01+01;1259
2016-02-16 13:58:01+01;1249
2016-02-16 14:38:01+01;1219
2016-02-16 16:06:01+01;1209
2016-02-16 17:02:01+01;1199
2016-02-16 19:34:01+01;1189
2016-02-16 22:26:01+01;1339
2016-02-17 05:22:01+01;1239
2016-02-17 06:26:01+01;1239
2016-02-17 10:02:01+01;1229
2016-02-17 11:58:01+01;1209
2016-02-17 12:30:01+01;1249
2016-02-17 12:50:01+01;1239
2016-02-17 13:58:01+01;1239
2016-02-17 14:22:02+01;1209
2016-02-17 16:38:01+01;1199
2016-02-17 22:26:01+01;1349
2016-02-18 05:26:01+01;1249
2016-02-18 10:18:01+01;1239
2016-02-18 12:26:01+01;1279
2016-02-18 12:50:01+01;1269
2016-02-18 14:26:01+01;1239
2016-02-18 14:54:01+01;1209
2016-02-18 15:34:01+01;1199
2016-02-18 17:26:01+01;1189
2016-02-18 19:42:01+01;1179
2016-02-18 20:22:01+01;1169
2016-02-18 22:18:01+01;1169
2016-02-18 22:26:01+01;1319
2016-02-19 05:06:02+01;1229
2016-02-19 06:02:01+01;1239
2016-02-19 07:26:01+01;1229
2016-02-19 09:06:01+01;1219
2016-02-19 12:26:01+01;1259
2016-02-19 12:50:01+01;1249
2016-02-19 14:58:01+01;1209
2016-02-19 16:10:02+01;1189
2016-02-19 17:22:01+01;1179
2016-02-19 19:38:01+01;1159
2016-02-19 22:22:01+01;1179
2016-02-19 22:26:01+01;1309
2016-02-20 06:26:01+01;1219
2016-02-20 10:46:01+01;1209
2016-02-20 11:26:01+01;1199
2016-02-20 12:34:01+01;1239
2016-02-20 12:50:01+01;1229
2016-02-20 15:26:01+01;1179
2016-02-20 20:42:01+01;1169
2016-02-20 22:18:01+01;1189
2016-02-20 22:30:01+01;1289
2016-02-21 07:14:01+01;1229
2016-02-21 11:02:01+01;1199
2016-02-21 12:26:01+01;1239
2016-02-21 12:54:01+01;1229
2016-02-21 13:58:01+01;1219
2016-02-21 15:10:01+01;1179
2016-02-21 18:58:01+01;1179
2016-02-21 20:34:01+01;1169
2016-02-21 22:22:01+01;1189
2016-02-21 22:34:01+01;1289
2016-02-22 04:58:01+01;1229
2016-02-22 05:58:01+01;1249
2016-02-22 10:02:01+01;1229
2016-02-22 11:42:01+01;1219
2016-02-22 12:30:01+01;1259
2016-02-22 12:42:01+01;1219
2016-02-22 12:50:01+01;1249
2016-02-22 14:14:01+01;1209
2016-02-22 15:42:01+01;1199
2016-02-22 17:02:01+01;1189
2016-02-22 19:38:01+01;1189
2016-02-22 19:42:01+01;1169
2016-02-22 22:26:01+01;1319
2016-02-23 04:58:01+01;1239
2016-02-23 06:34:01+01;1229
2016-02-23 11:22:01+01;1169
2016-02-23 12:22:01+01;1169
2016-02-23 12:30:01+01;1209
2016-02-23 12:50:01+01;1199
2016-02-23 15:26:01+01;1189
2016-02-23 16:42:01+01;1179
2016-02-23 17:26:01+01;1169
2016-02-23 19:46:01+01;1169
2016-02-23 22:26:01+01;1319
2016-02-24 05:02:01+01;1229
2016-02-24 09:26:01+01;1219
2016-02-24 12:18:01+01;1199
2016-02-24 12:26:01+01;1259
2016-02-24 12:46:01+01;1229
2016-02-24 14:14:01+01;1219
2016-02-24 15:42:01+01;1189
2016-02-24 16:50:01+01;1179
2016-02-24 19:02:01+01;1169
2016-02-24 20:06:01+01;1159
2016-02-24 22:18:01+01;1159
2016-02-24 22:26:01+01;1309
2016-02-25 05:14:01+01;1229
2016-02-25 07:46:01+01;1219
2016-02-25 11:02:01+01;1209
2016-02-25 12:26:01+01;1249
2016-02-25 12:50:01+01;1239
2016-02-25 14:10:01+01;1209
2016-02-25 15:26:01+01;1179
2016-02-25 18:06:01+01;1169
2016-02-25 19:42:01+01;1169
2016-02-25 22:22:01+01;1319
2016-02-26 06:58:01+01;1219
2016-02-26 11:06:01+01;1199
2016-02-26 12:30:01+01;1239
2016-02-26 12:46:01+01;1229
2016-02-26 14:10:01+01;1219
2016-02-26 14:58:01+01;1199
2016-02-26 16:14:01+01;1179
2016-02-26 17:14:01+01;1169
2016-02-26 22:26:01+01;1319
2016-02-27 07:18:01+01;1229
2016-02-27 09:14:01+01;1219
2016-02-27 10:41:01+01;1219
2016-02-27 12:26:01+01;1259
2016-02-27 12:41:01+01;1249
2016-02-27 13:56:01+01;1229
2016-02-27 14:05:01+01;1219
2016-02-27 14:35:01+01;1209
2016-02-27 14:47:01+01;1189
2016-02-27 18:55:01+01;1179
2016-02-27 22:22:01+01;1299
2016-02-28 07:17:01+01;1239
2016-02-28 08:01:01+01;1229
2016-02-28 11:56:01+01;1219
2016-02-28 12:26:01+01;1259
2016-02-28 12:35:01+01;1189
2016-02-28 12:47:01+01;1219
2016-02-28 14:06:01+01;1209
2016-02-28 14:35:02+01;1189
2016-02-28 18:41:01+01;1179
2016-02-28 19:34:01+01;1159
2016-02-28 22:16:01+01;1179
2016-02-28 22:26:01+01;1279
2016-02-29 05:05:01+01;1229
2016-02-29 10:20:01+01;1189
2016-02-29 12:31:01+01;1229
2016-02-29 12:47:01+01;1219
2016-02-29 14:16:01+01;1209
2016-02-29 15:38:01+01;1199
2016-02-29 16:31:01+01;1189
2016-02-29 20:46:01+01;1179
2016-02-29 22:17:01+01;1329
2016-03-01 05:13:01+01;1239
2016-03-01 07:55:01+01;1219
2016-03-01 12:26:01+01;1259
2016-03-01 12:41:01+01;1249
2016-03-01 13:59:01+01;1229
2016-03-01 15:05:01+01;1209
2016-03-01 17:14:01+01;1199
2016-03-01 18:44:01+01;1189
2016-03-01 22:26:01+01;1339
2016-03-02 05:19:01+01;1269
2016-03-02 08:20:01+01;1239
2016-03-02 10:19:01+01;1229
2016-03-02 12:26:01+01;1269
2016-03-02 12:41:01+01;1249
2016-03-02 14:20:01+01;1219
2016-03-02 16:17:01+01;1209
2016-03-02 16:44:01+01;1199
2016-03-02 18:20:01+01;1179
2016-03-02 20:19:01+01;1169
2016-03-02 22:14:01+01;1179
2016-03-02 22:20:01+01;1319
2016-03-03 04:59:01+01;1229
2016-03-03 06:05:01+01;1259
2016-03-03 07:44:01+01;1229
2016-03-03 10:43:01+01;1219
2016-03-03 11:59:01+01;1209
2016-03-03 12:25:01+01;1249
2016-03-03 12:46:01+01;1239
2016-03-03 14:01:01+01;1219
2016-03-03 15:11:01+01;1199
2016-03-03 16:14:01+01;1189
2016-03-03 18:19:01+01;1179
2016-03-03 20:35:01+01;1169
2016-03-03 22:19:01+01;1319
2016-03-04 06:20:01+01;1229
2016-03-04 07:35:01+01;1229
2016-03-04 09:55:01+01;1219
2016-03-04 12:25:01+01;1259
2016-03-04 12:50:01+01;1249
2016-03-04 14:32:01+01;1219
2016-03-04 16:35:01+01;1199
2016-03-04 17:28:01+01;1189
2016-03-04 22:22:01+01;1339
2016-03-05 06:41:02+01;1249
2016-03-05 08:59:01+01;1239
2016-03-05 11:05:02+01;1229
2016-03-05 12:20:01+01;1219
2016-03-05 12:26:01+01;1269
2016-03-05 12:44:01+01;1249
2016-03-05 13:56:01+01;1239
2016-03-05 15:26:01+01;1199
2016-03-05 18:05:01+01;1189
2016-03-05 20:35:01+01;1169
2016-03-05 22:14:01+01;1169
2016-03-05 22:22:01+01;1289
2016-03-06 07:05:01+01;1229
2016-03-06 10:26:01+01;1219
2016-03-06 11:14:01+01;1199
2016-03-06 12:26:01+01;1239
2016-03-06 12:41:01+01;1229
2016-03-06 14:19:01+01;1199
2016-03-06 14:41:01+01;1199
2016-03-06 19:05:01+01;1169
2016-03-06 22:26:01+01;1289
2016-03-07 05:05:01+01;1229
2016-03-07 06:05:01+01;1239
2016-03-07 07:50:01+01;1199
2016-03-07 08:41:01+01;1189
2016-03-07 12:26:01+01;1229
2016-03-07 12:46:01+01;1219
2016-03-07 13:55:01+01;1209
2016-03-07 14:14:01+01;1189
2016-03-07 15:17:01+01;1179
2016-03-07 20:50:01+01;1169
2016-03-07 22:20:01+01;1319
2016-03-08 04:49:01+01;1229
2016-03-08 05:56:01+01;1249
2016-03-08 09:46:01+01;1229
2016-03-08 12:26:01+01;1269
2016-03-08 12:29:01+01;1209
2016-03-08 12:41:01+01;1209
2016-03-08 12:50:01+01;1239
2016-03-08 14:20:01+01;1229
2016-03-08 15:05:01+01;1209
2016-03-08 16:26:01+01;1199
2016-03-08 17:41:01+01;1189
2016-03-08 19:26:01+01;1179
2016-03-08 22:14:01+01;1189
2016-03-08 22:26:01+01;1329
2016-03-09 05:11:01+01;1239
2016-03-09 05:55:01+01;1259
2016-03-09 06:59:01+01;1239
2016-03-09 09:17:01+01;1239
2016-03-09 12:26:01+01;1279
2016-03-09 12:47:01+01;1269
2016-03-09 14:11:01+01;1249
2016-03-09 15:05:01+01;1229
2016-03-09 16:26:01+01;1209
2016-03-09 18:41:01+01;1199
2016-03-09 22:26:01+01;1349
2016-03-10 04:50:01+01;1249
2016-03-10 05:56:01+01;1259
2016-03-10 09:47:01+01;1249
2016-03-10 10:44:01+01;1239
2016-03-10 12:26:01+01;1279
2016-03-10 12:47:01+01;1269
2016-03-10 13:56:01+01;1259
2016-03-10 14:26:01+01;1239
2016-03-10 14:59:01+01;1229
2016-03-10 16:20:01+01;1229
2016-03-10 17:05:02+01;1199
2016-03-10 22:19:01+01;1349
2016-03-11 05:01:01+01;1259
2016-03-11 06:05:01+01;1279
2016-03-11 09:20:01+01;1259
2016-03-11 10:59:01+01;1249
2016-03-11 12:26:01+01;1289
2016-03-11 12:41:01+01;1279
2016-03-11 14:20:01+01;1259
2016-03-11 15:20:01+01;1239
2016-03-11 16:02:01+01;1219
2016-03-11 20:35:01+01;1209
2016-03-11 22:10:01+01;1209
2016-03-11 22:20:01+01;1359
2016-03-12 05:56:02+01;1259
2016-03-12 11:26:01+01;1239
2016-03-12 12:26:01+01;1279
2016-03-12 12:41:01+01;1269
2016-03-12 14:05:01+01;1259
2016-03-12 14:35:02+01;1229
2016-03-12 17:56:01+01;1229
2016-03-12 20:35:01+01;1209
2016-03-12 22:14:01+01;1209
2016-03-12 22:22:01+01;1329
2016-03-13 06:56:01+01;1269
2016-03-13 10:35:01+01;1249
2016-03-13 11:35:01+01;1239
2016-03-13 12:26:01+01;1279
2016-03-13 12:40:01+01;1239
2016-03-13 12:47:01+01;1269
2016-03-13 14:01:01+01;1259
2016-03-13 14:25:01+01;1249
2016-03-13 14:31:01+01;1239
2016-03-13 15:05:02+01;1229
2016-03-13 19:35:01+01;1219
2016-03-13 22:17:01+01;1339
2016-03-14 05:35:01+01;1279
2016-03-14 06:01:01+01;1299
2016-03-14 06:13:01+01;1279
2016-03-14 09:50:02+01;1279
2016-03-14 09:53:01+01;1259
2016-03-14 12:26:01+01;1299
2016-03-14 12:41:01+01;1269
2016-03-14 13:56:01+01;1259
2016-03-14 15:50:01+01;1209
2016-03-14 16:47:01+01;1199
2016-03-14 20:29:01+01;1199
2016-03-14 22:17:01+01;1349
2016-03-15 06:44:01+01;1259
2016-03-15 08:56:01+01;1249
2016-03-15 11:34:01+01;1239
2016-03-15 12:26:01+01;1279
2016-03-15 12:50:01+01;1269
2016-03-15 14:20:01+01;1259
2016-03-15 15:14:01+01;1229
2016-03-15 16:44:01+01;1219
2016-03-15 17:10:02+01;1219
2016-03-15 18:02:01+01;1209
2016-03-15 20:56:01+01;1209
2016-03-15 22:17:01+01;1359
2016-03-16 07:02:01+01;1269
2016-03-16 09:26:01+01;1249
2016-03-16 10:08:01+01;1239
2016-03-16 12:26:01+01;1279
2016-03-16 12:47:02+01;1269
2016-03-16 14:20:01+01;1249
2016-03-16 15:02:01+01;1249
2016-03-16 16:05:02+01;1229
2016-03-16 16:20:01+01;1229
2016-03-16 17:05:02+01;1229
2016-03-16 18:05:01+01;1219
2016-03-16 19:02:01+01;1219
2016-03-16 20:20:01+01;1209
2016-03-16 22:22:01+01;1279
2016-03-17 06:10:01+01;1239
2016-03-17 12:26:01+01;1279
2016-03-17 12:47:01+01;1269
2016-03-17 14:05:01+01;1229
2016-03-17 16:41:01+01;1219
2016-03-17 19:56:01+01;1209
2016-03-17 22:20:01+01;1289
2016-03-18 05:05:01+01;1269
2016-03-18 05:56:01+01;1279
2016-03-18 07:41:01+01;1259
2016-03-18 10:19:01+01;1249
2016-03-18 12:26:01+01;1289
2016-03-18 12:47:01+01;1279
2016-03-18 15:02:01+01;1239
2016-03-18 15:19:01+01;1229
2016-03-18 20:43:01+01;1209
2016-03-18 22:22:02+01;1289
2016-03-19 06:31:01+01;1269
2016-03-19 10:10:01+01;1259
2016-03-19 11:41:01+01;1249
2016-03-19 12:25:01+01;1289
2016-03-19 12:35:01+01;1249
2016-03-19 12:46:01+01;1289
2016-03-19 12:55:02+01;1279
2016-03-19 13:49:01+01;1259
2016-03-19 13:53:01+01;1259
2016-03-19 14:11:02+01;1279
2016-03-19 14:25:02+01;1259
2016-03-19 14:35:01+01;1249
2016-03-19 15:56:01+01;1249
2016-03-19 16:01:01+01;1229
2016-03-19 22:23:01+01;1289
2016-03-20 07:13:01+01;1269
2016-03-20 10:44:01+01;1249
2016-03-20 12:25:01+01;1289
2016-03-20 12:40:01+01;1279
2016-03-20 14:47:01+01;1239
2016-03-20 16:07:01+01;1239
2016-03-20 17:19:01+01;1239
2016-03-20 18:28:01+01;1229
2016-03-20 22:16:01+01;1289
2016-03-21 04:55:02+01;1279
2016-03-21 06:56:01+01;1269
2016-03-21 12:26:01+01;1309
2016-03-21 12:41:01+01;1299
2016-03-21 14:34:01+01;1269
2016-03-21 15:02:01+01;1239
2016-03-21 15:23:01+01;1229
2016-03-21 21:16:02+01;1219
2016-03-21 22:19:01+01;1289
2016-03-22 06:55:01+01;1269
2016-03-22 10:11:01+01;1249
2016-03-22 12:05:01+01;1239
2016-03-22 12:29:01+01;1279
2016-03-22 12:40:01+01;1269
2016-03-22 13:58:01+01;1249
2016-03-22 15:20:01+01;1249
2016-03-22 18:20:01+01;1219
2016-03-22 20:59:01+01;1209
2016-03-22 22:22:01+01;1309
2016-03-23 05:19:01+01;1269
2016-03-23 05:53:01+01;1279
2016-03-23 06:34:01+01;1269
2016-03-23 12:04:01+01;1259
2016-03-23 12:25:01+01;1299
2016-03-23 12:40:01+01;1259
2016-03-23 12:49:01+01;1289
2016-03-23 14:40:01+01;1259
2016-03-23 18:34:01+01;1229
2016-03-23 22:25:01+01;1309
2016-03-24 05:28:01+01;1289
2016-03-24 06:01:01+01;1299
2016-03-24 07:10:01+01;1289
2016-03-24 08:58:01+01;1259
2016-03-24 12:25:01+01;1299
2016-03-24 12:40:01+01;1259
2016-03-24 12:46:01+01;1289
2016-03-24 14:25:02+01;1259
2016-03-24 15:55:01+01;1249
2016-03-24 17:55:01+01;1239
2016-03-24 21:04:01+01;1219
2016-03-24 22:19:01+01;1339
2016-03-25 07:13:01+01;1279
2016-03-25 11:55:01+01;1259
2016-03-25 12:25:01+01;1299
2016-03-25 12:40:01+01;1289
2016-03-25 16:34:01+01;1269
2016-03-25 17:28:01+01;1229
2016-03-25 18:04:01+01;1219
2016-03-25 22:13:01+01;1219
2016-03-25 22:22:01+01;1339
2016-03-26 06:04:01+01;1279
2016-03-26 07:19:01+01;1279
2016-03-26 11:40:01+01;1249
2016-03-26 12:25:01+01;1289
2016-03-26 12:40:02+01;1279
2016-03-26 14:19:01+01;1269
2016-03-26 15:40:01+01;1259
2016-03-26 17:58:01+01;1239
2016-03-26 22:16:01+01;1239
2016-03-26 22:25:01+01;1339
2016-03-27 07:13:01+02;1289
2016-03-27 09:04:01+02;1279
2016-03-27 11:04:01+02;1269
2016-03-27 12:25:01+02;1309
2016-03-27 12:49:01+02;1279
2016-03-27 13:19:01+02;1299
2016-03-27 13:43:01+02;1289
2016-03-27 14:34:01+02;1279
2016-03-27 16:49:01+02;1259
2016-03-27 19:40:01+02;1239
2016-03-27 22:13:01+02;1279
2016-03-27 22:40:01+02;1239
2016-03-27 23:25:01+02;1339
2016-03-28 06:55:01+02;1299
2016-03-28 10:01:01+02;1259
2016-03-28 12:25:01+02;1299
2016-03-28 12:49:01+02;1289
2016-03-28 13:19:01+02;1289
2016-03-28 14:19:01+02;1279
2016-03-28 15:16:01+02;1249
2016-03-28 20:19:01+02;1239
2016-03-28 22:13:01+02;1249
2016-03-28 22:40:01+02;1239
2016-03-28 23:16:01+02;1339
2016-03-29 04:58:01+02;1289
2016-03-29 07:19:01+02;1289
2016-03-29 12:25:01+02;1329
2016-03-29 12:40:01+02;1299
2016-03-29 14:40:01+02;1289
2016-03-29 15:34:01+02;1259
2016-03-29 16:04:01+02;1259
2016-03-29 17:04:01+02;1239
2016-03-29 18:10:01+02;1239
2016-03-29 20:34:01+02;1239
2016-03-29 22:19:01+02;1329
2016-03-30 04:58:01+02;1299
2016-03-30 06:58:01+02;1299
2016-03-30 07:40:01+02;1289
2016-03-30 09:55:01+02;1269
2016-03-30 12:25:02+02;1309
2016-03-30 12:40:01+02;1299
2016-03-30 14:34:01+02;1259
2016-03-30 15:19:01+02;1249
2016-03-30 17:40:01+02;1249
2016-03-30 19:13:01+02;1249
2016-03-30 22:19:01+02;1329
2016-03-31 05:25:01+02;1299
2016-03-31 06:10:01+02;1299
2016-03-31 06:46:01+02;1289
2016-03-31 12:25:01+02;1329
2016-03-31 12:49:01+02;1319
2016-03-31 13:55:01+02;1269
2016-03-31 15:25:01+02;1249
2016-03-31 18:04:01+02;1249
2016-03-31 22:19:01+02;1339
2016-04-01 04:58:01+02;1309
2016-04-01 06:04:01+02;1309
2016-04-01 12:28:01+02;1349
2016-04-01 12:46:01+02;1339
2016-04-01 15:10:01+02;1279
2016-04-01 15:13:01+02;1269
2016-04-01 16:31:01+02;1269
2016-04-01 17:01:02+02;1259
2016-04-01 17:34:01+02;1249
2016-04-01 18:19:01+02;1249
2016-04-01 19:34:01+02;1249
2016-04-01 20:43:01+02;1249
2016-04-01 22:16:01+02;1249
2016-04-01 22:22:01+02;1339
2016-04-02 06:04:01+02;1309
2016-04-02 11:25:01+02;1299
2016-04-02 12:28:01+02;1339
2016-04-02 12:46:01+02;1329
2016-04-02 13:55:01+02;1289
2016-04-02 14:58:01+02;1269
2016-04-02 15:25:01+02;1259
2016-04-02 22:19:01+02;1339
2016-04-03 07:19:01+02;1319
2016-04-03 10:19:01+02;1309
2016-04-03 12:25:01+02;1349
2016-04-03 12:46:01+02;1339
2016-04-03 14:35:01+02;1269
2016-04-03 19:58:01+02;1259
2016-04-03 20:19:01+02;1259
2016-04-03 22:13:01+02;1259
2016-04-03 22:25:02+02;1339
2016-04-04 05:13:01+02;1319
2016-04-04 07:58:02+02;1269
2016-04-04 12:25:02+02;1309
2016-04-04 12:40:02+02;1269
2016-04-04 15:58:01+02;1259
2016-04-04 17:25:01+02;1249
2016-04-04 22:22:01+02;1319
2016-04-05 04:58:01+02;1309
2016-04-05 06:04:01+02;1319
2016-04-05 07:40:01+02;1289
2016-04-05 09:55:01+02;1279
2016-04-05 12:31:01+02;1319
2016-04-05 12:49:01+02;1279
2016-04-05 14:34:01+02;1289
2016-04-05 15:01:01+02;1269
2016-04-05 16:40:01+02;1259
2016-04-05 17:25:02+02;1249
2016-04-05 19:10:01+02;1239
2016-04-05 22:25:01+02;1319
2016-04-06 05:19:01+02;1299
2016-04-06 06:01:01+02;1309
2016-04-06 09:01:01+02;1299
2016-04-06 11:34:01+02;1279
2016-04-06 12:25:01+02;1319
2016-04-06 12:49:01+02;1279
2016-04-06 13:04:01+02;1259
2016-04-06 14:25:01+02;1269
2016-04-06 14:49:01+02;1259
2016-04-06 17:28:01+02;1249
2016-04-06 19:13:01+02;1239
2016-04-06 22:22:01+02;1319
2016-04-07 04:55:01+02;1299
2016-04-07 06:10:01+02;1309
2016-04-07 08:55:01+02;1279
2016-04-07 12:25:01+02;1319
2016-04-07 12:40:01+02;1279
2016-04-07 14:25:01+02;1289
2016-04-07 14:55:01+02;1269
2016-04-07 16:58:01+02;1269
2016-04-07 17:40:01+02;1249
2016-04-07 22:25:01+02;1319
2016-04-08 06:19:02+02;1239
2016-04-08 11:55:01+02;1229
2016-04-08 12:25:01+02;1269
2016-04-08 12:46:01+02;1229
2016-04-08 14:37:01+02;1259
2016-04-08 14:46:01+02;1229
2016-04-08 22:19:01+02;1349
2016-04-09 06:40:01+02;1289
2016-04-09 08:25:01+02;1279
2016-04-09 11:13:01+02;1269
2016-04-09 12:25:01+02;1309
2016-04-09 12:46:02+02;1269
2016-04-09 14:25:01+02;1299
2016-04-09 14:40:01+02;1279
2016-04-09 18:13:01+02;1259
2016-04-09 20:16:01+02;1239
2016-04-09 22:25:01+02;1349
2016-04-10 07:04:02+02;1299
2016-04-10 11:40:01+02;1289
2016-04-10 12:25:02+02;1329
2016-04-10 12:46:01+02;1289
2016-04-10 16:19:01+02;1279
2016-04-10 17:34:01+02;1269
2016-04-10 17:58:01+02;1259
2016-04-10 22:25:01+02;1349
2016-04-11 04:55:02+02;1309
2016-04-11 07:04:01+02;1299
2016-04-11 08:58:01+02;1299
2016-04-11 10:34:01+02;1299
2016-04-11 12:25:01+02;1339
2016-04-11 12:46:01+02;1299
2016-04-11 14:19:01+02;1309
2016-04-11 14:40:01+02;1299
2016-04-11 15:40:01+02;1279
2016-04-11 16:49:01+02;1269
2016-04-11 20:34:01+02;1259
2016-04-11 22:37:01+02;1369
2016-04-12 06:43:01+02;1369
2016-04-12 07:34:01+02;1319
2016-04-12 08:25:01+02;1319
2016-04-12 11:13:01+02;1299
2016-04-12 12:28:01+02;1339
2016-04-12 12:46:01+02;1299
2016-04-12 14:19:01+02;1319
2016-04-12 15:04:01+02;1289
2016-04-12 16:49:01+02;1279
2016-04-12 18:19:01+02;1279
2016-04-12 20:58:01+02;1259
2016-04-12 22:13:01+02;1279
2016-04-12 22:22:01+02;1369
2016-04-13 05:04:01+02;1319
2016-04-13 06:01:02+02;1329
2016-04-13 09:19:01+02;1319
2016-04-13 10:58:01+02;1299
2016-04-13 12:25:01+02;1339
2016-04-13 12:55:01+02;1299
2016-04-13 14:19:01+02;1329
2016-04-13 14:49:01+02;1299
2016-04-13 15:19:01+02;1289
2016-04-13 18:19:01+02;1269
2016-04-13 20:43:01+02;1269
2016-04-13 22:16:01+02;1269
2016-04-13 22:43:01+02;1379
2016-04-14 05:04:01+02;1329
2016-04-14 06:04:01+02;1339
2016-04-14 09:04:01+02;1329
2016-04-14 10:01:01+02;1309
2016-04-14 12:28:01+02;1349
2016-04-14 12:55:01+02;1309
2016-04-14 14:22:01+02;1339
2016-04-14 14:49:01+02;1319
2016-04-14 15:25:01+02;1299
2016-04-14 15:55:01+02;1289
2016-04-14 17:25:02+02;1279
2016-04-14 22:16:01+02;1389
2016-04-15 04:55:01+02;1339
2016-04-15 08:16:01+02;1319
2016-04-15 12:25:01+02;1359
2016-04-15 12:40:01+02;1349
2016-04-15 14:10:01+02;1329
2016-04-15 14:49:01+02;1319
2016-04-15 16:10:01+02;1309
2016-04-15 16:25:01+02;1289
2016-04-15 17:55:01+02;1279
2016-04-15 20:58:01+02;1269
2016-04-15 22:22:01+02;1389
2016-04-16 05:55:01+02;1319
2016-04-16 10:01:01+02;1319
2016-04-16 10:10:01+02;1309
2016-04-16 12:25:01+02;1349
2016-04-16 12:34:01+02;1309
2016-04-16 12:40:01+02;1309
2016-04-16 13:16:01+02;1309
2016-04-16 13:25:02+02;1299
2016-04-16 14:19:01+02;1329
2016-04-16 14:49:01+02;1319
2016-04-16 15:16:01+02;1309
2016-04-16 15:25:01+02;1289
2016-04-16 19:13:01+02;1289
2016-04-16 20:34:01+02;1269
2016-04-16 22:16:01+02;1389
2016-04-17 07:04:01+02;1329
2016-04-17 08:10:01+02;1329
2016-04-17 11:16:01+02;1319
2016-04-17 12:25:02+02;1359
2016-04-17 12:40:01+02;1319
2016-04-17 14:19:01+02;1319
2016-04-17 14:22:01+02;1329
2016-04-17 14:46:01+02;1329
2016-04-17 16:49:01+02;1319
2016-04-17 17:55:01+02;1309
2016-04-17 19:13:01+02;1309
2016-04-17 19:25:01+02;1289
2016-04-17 22:13:01+02;1389
2016-04-18 05:13:01+02;1339
2016-04-18 07:04:01+02;1329
2016-04-18 12:25:01+02;1369
2016-04-18 12:40:01+02;1329
2016-04-18 14:16:01+02;1359
2016-04-18 15:16:01+02;1279
2016-04-18 16:34:01+02;1259
2016-04-18 22:19:01+02;1369
2016-04-19 05:04:01+02;1319
2016-04-19 05:58:01+02;1339
2016-04-19 06:16:01+02;1319
2016-04-19 08:43:01+02;1299
2016-04-19 12:07:01+02;1279
2016-04-19 12:25:01+02;1319
2016-04-19 12:34:01+02;1279
2016-04-19 14:19:01+02;1299
2016-04-19 15:40:01+02;1279
2016-04-19 16:10:01+02;1279
2016-04-19 18:01:02+02;1259
2016-04-19 22:16:01+02;1359
2016-04-20 05:19:01+02;1319
2016-04-20 05:58:01+02;1329
2016-04-20 09:10:01+02;1279
2016-04-20 12:25:02+02;1319
2016-04-20 12:40:01+02;1279
2016-04-20 13:43:01+02;1309
2016-04-20 14:04:01+02;1279
2016-04-20 15:16:01+02;1269
2016-04-20 18:13:01+02;1249
2016-04-20 22:16:01+02;1369
2016-04-21 04:58:01+02;1309
2016-04-21 06:04:01+02;1319
2016-04-21 06:22:01+02;1309
2016-04-21 06:55:02+02;1309
2016-04-21 09:46:01+02;1299
2016-04-21 12:25:01+02;1339
2016-04-21 12:40:01+02;1329
2016-04-21 15:25:02+02;1279
2016-04-21 17:58:01+02;1269
2016-04-21 20:19:01+02;1259
2016-04-21 22:22:01+02;1389
2016-04-22 04:58:01+02;1309
2016-04-22 06:04:01+02;1319
2016-04-22 06:19:01+02;1309
2016-04-22 06:34:01+02;1309
2016-04-22 08:34:01+02;1269
2016-04-22 09:55:01+02;1269
2016-04-22 12:25:01+02;1309
2016-04-22 12:28:01+02;1309
2016-04-22 12:40:01+02;1299
2016-04-22 14:04:01+02;1289
2016-04-22 15:43:01+02;1269
2016-04-22 20:40:01+02;1259
2016-04-22 22:16:01+02;1289
2016-04-22 22:28:01+02;1399
2016-04-23 06:34:01+02;1319
2016-04-23 07:34:01+02;1319
2016-04-23 11:25:01+02;1309
2016-04-23 12:25:01+02;1349
2016-04-23 12:46:01+02;1339
2016-04-23 14:25:01+02;1329
2016-04-23 15:19:01+02;1309
2016-04-23 16:49:01+02;1299
2016-04-23 19:13:01+02;1289
2016-04-23 22:16:01+02;1309
2016-04-23 22:28:01+02;1399
2016-04-24 09:01:01+02;1349
2016-04-24 10:34:01+02;1329
2016-04-24 11:01:01+02;1319
2016-04-24 12:31:01+02;1359
2016-04-24 12:46:01+02;1349
2016-04-24 14:25:01+02;1329
2016-04-24 14:55:01+02;1299
2016-04-24 20:34:02+02;1269
2016-04-24 21:46:01+02;1269
2016-04-24 22:16:01+02;1389
2016-04-25 04:58:01+02;1329
2016-04-25 09:04:01+02;1319
2016-04-25 12:28:01+02;1359
2016-04-25 12:46:01+02;1349
2016-04-25 14:31:01+02;1319
2016-04-25 15:19:01+02;1309
2016-04-25 17:25:01+02;1299
2016-04-25 22:16:01+02;1309
2016-04-25 22:22:01+02;1399
2016-04-26 04:55:01+02;1349
2016-04-26 06:25:01+02;1349
2016-04-26 11:34:01+02;1339
2016-04-26 12:28:01+02;1379
2016-04-26 12:40:01+02;1369
2016-04-26 14:46:01+02;1319
2016-04-26 16:55:02+02;1299
2016-04-26 17:04:01+02;1289
2016-04-26 19:40:01+02;1289
2016-04-26 22:19:01+02;1399
2016-04-27 05:19:01+02;1349
2016-04-27 08:16:01+02;1339
2016-04-27 11:16:01+02;1329
2016-04-27 11:28:01+02;1339
2016-04-27 12:25:01+02;1379
2016-04-27 12:40:01+02;1369
2016-04-27 13:31:01+02;1349
2016-04-27 14:19:01+02;1349
2016-04-27 15:25:02+02;1309
2016-04-27 17:01:01+02;1299
2016-04-27 18:19:01+02;1299
2016-04-27 19:19:01+02;1269
2016-04-27 22:16:01+02;1319
2016-04-27 22:25:01+02;1399
2016-04-28 05:04:01+02;1339
2016-04-28 06:34:01+02;1339
2016-04-28 07:34:01+02;1319
2016-04-28 12:25:02+02;1359
2016-04-28 12:40:01+02;1349
2016-04-28 14:10:01+02;1339
2016-04-28 15:46:01+02;1329
2016-04-28 17:07:01+02;1319
2016-04-28 18:25:01+02;1309
2016-04-28 21:04:01+02;1299
2016-04-28 22:16:01+02;1319
2016-04-28 22:28:01+02;1399
2016-04-29 05:04:01+02;1359
2016-04-29 09:04:01+02;1349
2016-04-29 10:19:01+02;1349
2016-04-29 11:28:01+02;1329
2016-04-29 12:25:01+02;1369
2016-04-29 12:40:01+02;1379
2016-04-29 13:49:01+02;1349
2016-04-29 14:49:01+02;1329
2016-04-29 15:16:01+02;1319
2016-04-29 18:34:01+02;1289
2016-04-29 22:19:01+02;1399
2016-04-29 22:22:01+02;1399
2016-04-30 06:16:01+02;1349
2016-04-30 11:13:01+02;1319
2016-04-30 12:25:01+02;1359
2016-04-30 12:40:01+02;1349
2016-04-30 13:49:01+02;1349
2016-04-30 14:04:01+02;1329
2016-04-30 14:46:01+02;1299
2016-04-30 17:40:01+02;1289
2016-04-30 22:16:01+02;1309
2016-04-30 22:22:01+02;1399
2016-05-01 07:34:01+02;1349
2016-05-01 09:04:01+02;1339
2016-05-01 11:31:01+02;1329
2016-05-01 12:25:01+02;1369
2016-05-01 12:46:01+02;1359
2016-05-01 13:40:01+02;1349
2016-05-01 13:49:01+02;1349
2016-05-01 14:46:01+02;1309
2016-05-01 18:16:01+02;1299
2016-05-01 21:26:06+02;1299
2016-05-01 22:16:01+02;1309
2016-05-01 22:17:01+02;1309
2016-05-01 22:28:01+02;1399
2016-05-01 22:29:01+02;1399
2016-05-02 05:01:01+02;1359
2016-05-02 06:21:02+02;1339
2016-05-02 09:57:01+02;1309
2016-05-02 12:29:01+02;1349
2016-05-02 12:49:01+02;1339
2016-05-02 14:25:01+02;1329
2016-05-02 15:25:01+02;1319
2016-05-02 17:21:01+02;1299
2016-05-02 22:16:01+02;1299
2016-05-02 22:25:01+02;1399
2016-05-03 07:49:01+02;1359
2016-05-03 11:19:01+02;1339
2016-05-03 11:28:01+02;1329
2016-05-03 12:28:01+02;1369
2016-05-03 12:46:01+02;1369
2016-05-03 14:01:01+02;1349
2016-05-03 14:16:01+02;1349
2016-05-03 14:40:01+02;1339
2016-05-03 15:22:01+02;1329
2016-05-03 15:46:01+02;1319
2016-05-03 16:25:01+02;1319
2016-05-03 17:10:01+02;1299
2016-05-03 18:37:01+02;1299
2016-05-03 22:16:01+02;1299
2016-05-03 22:22:01+02;1399
2016-05-04 07:49:01+02;1359
2016-05-04 11:34:01+02;1349
2016-05-04 12:01:01+02;1349
2016-05-04 12:25:01+02;1389
2016-05-04 12:40:01+02;1369
2016-05-04 13:46:01+02;1339
2016-05-04 14:34:01+02;1329
2016-05-04 15:25:01+02;1319
2016-05-04 16:46:01+02;1309
2016-05-04 18:46:01+02;1289
2016-05-04 22:16:01+02;1289
2016-05-04 22:28:02+02;1389
2016-05-05 07:16:01+02;1349
2016-05-05 08:43:02+02;1339
2016-05-05 10:22:01+02;1339
2016-05-05 11:25:01+02;1319
2016-05-05 12:22:01+02;1359
2016-05-05 12:46:02+02;1369
2016-05-05 14:25:01+02;1289
2016-05-05 15:34:01+02;1279
2016-05-05 16:55:01+02;1279
2016-05-05 17:34:01+02;1269
2016-05-05 19:31:01+02;1269
2016-05-05 22:16:01+02;1289
2016-05-05 22:28:01+02;1389
2016-05-06 06:07:01+02;1349
2016-05-06 06:55:01+02;1319
2016-05-06 10:16:01+02;1319
2016-05-06 11:16:01+02;1309
2016-05-06 12:31:01+02;1349
2016-05-06 12:37:01+02;1319
2016-05-06 12:46:01+02;1349
2016-05-06 13:46:01+02;1329
2016-05-06 14:34:01+02;1309
2016-05-06 15:01:01+02;1309
2016-05-06 15:16:01+02;1299
2016-05-06 16:10:01+02;1299
2016-05-06 17:01:01+02;1289
2016-05-06 17:04:01+02;1279
2016-05-06 18:04:01+02;1279
2016-05-06 22:16:01+02;1279
2016-05-06 22:22:02+02;1389
2016-05-07 06:16:01+02;1339
2016-05-07 08:25:01+02;1329
2016-05-07 10:01:01+02;1329
2016-05-07 11:07:01+02;1309
2016-05-07 12:31:01+02;1349
2016-05-07 12:46:01+02;1339
2016-05-07 13:52:01+02;1329
2016-05-07 14:46:01+02;1319
2016-05-07 14:55:01+02;1309
2016-05-07 16:46:01+02;1289
2016-05-07 22:22:01+02;1389
2016-05-08 08:58:01+02;1319
2016-05-08 10:13:01+02;1309
2016-05-08 12:31:01+02;1349
2016-05-08 12:46:01+02;1339
2016-05-08 13:52:02+02;1329
2016-05-08 14:07:01+02;1309
2016-05-08 14:55:02+02;1289
2016-05-08 15:25:01+02;1279
2016-05-08 17:46:01+02;1279
2016-05-08 21:16:01+02;1259
2016-05-08 22:19:01+02;1389
2016-05-09 05:25:01+02;1319
2016-05-09 11:28:01+02;1309
2016-05-09 12:31:01+02;1349
2016-05-09 12:46:01+02;1349
2016-05-09 13:40:01+02;1329
2016-05-09 13:52:01+02;1329
2016-05-09 15:16:01+02;1299
2016-05-09 17:01:01+02;1299
2016-05-09 17:40:01+02;1289
2016-05-09 18:04:01+02;1289
2016-05-09 22:16:01+02;1289
2016-05-09 22:22:01+02;1389
2016-05-10 05:40:01+02;1349
2016-05-10 07:49:01+02;1329
2016-05-10 10:16:01+02;1329
2016-05-10 11:19:01+02;1309
2016-05-10 12:25:01+02;1349
2016-05-10 12:40:01+02;1359
2016-05-10 14:01:01+02;1329
2016-05-10 15:37:01+02;1309
2016-05-10 15:55:01+02;1309
2016-05-10 16:34:01+02;1299
2016-05-10 17:01:01+02;1299
2016-05-10 17:25:01+02;1289
2016-05-10 18:25:01+02;1289
2016-05-10 18:31:01+02;1269
2016-05-10 22:22:01+02;1369
2016-05-11 06:01:01+02;1329
2016-05-11 10:40:01+02;1319
2016-05-11 11:22:01+02;1299
2016-05-11 12:31:01+02;1339
2016-05-11 15:00:02+02;1309
2016-05-11 15:46:01+02;1289
2016-05-11 16:55:02+02;1279
2016-05-11 21:04:01+02;1269
2016-05-11 22:19:01+02;1379
2016-05-12 04:58:01+02;1329
2016-05-12 06:46:01+02;1329
2016-05-12 08:40:01+02;1309
2016-05-12 10:16:01+02;1309
2016-05-12 11:19:01+02;1309
2016-05-12 12:25:02+02;1349
2016-05-12 12:46:01+02;1339
2016-05-12 13:55:01+02;1329
2016-05-12 14:01:01+02;1319
2016-05-12 14:55:01+02;1299
2016-05-12 15:25:01+02;1299
2016-05-12 16:13:01+02;1299
2016-05-12 18:40:01+02;1289
2016-05-12 20:55:01+02;1269
2016-05-12 22:16:01+02;1269
2016-05-12 22:28:01+02;1399
2016-05-13 07:34:01+02;1319
2016-05-13 07:58:01+02;1319
2016-05-13 11:19:01+02;1319
2016-05-13 12:25:01+02;1359
2016-05-13 12:46:01+02;1349
2016-05-13 13:55:01+02;1349
2016-05-13 14:28:01+02;1309
2016-05-13 14:55:01+02;1309
2016-05-13 16:19:01+02;1299
2016-05-13 17:43:02+02;1299
2016-05-13 20:28:01+02;1289
2016-05-13 22:13:02+02;1289
2016-05-13 22:25:01+02;1399
2016-05-14 05:55:02+02;1349
2016-05-14 09:16:01+02;1339
2016-05-14 10:55:01+02;1329
2016-05-14 12:25:01+02;1369
2016-05-14 12:46:01+02;1359
2016-05-14 14:16:01+02;1329
2016-05-14 14:40:01+02;1329
2016-05-14 16:25:01+02;1319
2016-05-14 16:55:02+02;1319
2016-05-14 18:40:01+02;1309
2016-05-14 22:16:01+02;1309
2016-05-14 22:25:01+02;1399
2016-05-15 07:43:01+02;1349
2016-05-15 09:04:01+02;1349
2016-05-15 10:10:02+02;1349
2016-05-15 11:04:01+02;1319
2016-05-15 12:25:01+02;1359
2016-05-15 13:55:01+02;1349
2016-05-15 14:16:01+02;1339
2016-05-15 14:58:01+02;1339
2016-05-15 16:04:01+02;1319
2016-05-15 16:13:02+02;1319
2016-05-15 17:34:01+02;1309
2016-05-15 18:04:01+02;1309
2016-05-15 22:13:01+02;1309
2016-05-15 22:22:01+02;1399
2016-05-16 10:01:01+02;1349
2016-05-16 11:04:01+02;1329
2016-05-16 12:25:01+02;1369
2016-05-16 12:40:01+02;1369
2016-05-16 13:01:01+02;1369
2016-05-16 14:04:01+02;1349
2016-05-16 14:54:01+02;1339
2016-05-16 16:28:02+02;1319
2016-05-16 16:55:01+02;1309
2016-05-16 19:58:01+02;1309
2016-05-16 22:13:01+02;1309
2016-05-16 22:22:01+02;1399
2016-05-17 04:55:01+02;1349
2016-05-17 10:25:01+02;1329
2016-05-17 12:25:01+02;1369
2016-05-17 12:40:01+02;1349
2016-05-17 14:31:01+02;1349
2016-05-17 14:43:01+02;1319
2016-05-17 15:40:01+02;1319
2016-05-17 16:55:01+02;1319
2016-05-17 19:04:01+02;1309
2016-05-17 19:19:01+02;1289
2016-05-17 22:16:01+02;1399
2016-05-18 04:58:01+02;1349
2016-05-18 08:16:01+02;1339
2016-05-18 12:28:01+02;1379
2016-05-18 12:43:01+02;1359
2016-05-18 13:58:01+02;1339
2016-05-18 14:55:01+02;1319
2016-05-18 19:43:01+02;1309
2016-05-18 22:19:01+02;1309
2016-05-18 22:25:01+02;1399
2016-05-19 06:34:01+02;1369
2016-05-19 07:46:01+02;1359
2016-05-19 08:34:01+02;1359
2016-05-19 12:28:01+02;1399
2016-05-19 12:40:01+02;1389
2016-05-19 14:01:01+02;1349
2016-05-19 14:34:01+02;1329
2016-05-19 15:40:01+02;1319
2016-05-19 18:58:01+02;1309
2016-05-19 22:13:01+02;1319
2016-05-19 22:22:01+02;1399
2016-05-20 06:46:01+02;1369
2016-05-20 08:01:01+02;1359
2016-05-20 10:19:01+02;1349
2016-05-20 12:25:01+02;1389
2016-05-20 13:55:01+02;1359
2016-05-20 15:10:01+02;1339
2016-05-20 16:25:01+02;1309
2016-05-20 19:04:01+02;1299
2016-05-20 22:22:01+02;1399
2016-05-21 07:04:01+02;1359
2016-05-21 09:04:01+02;1349
2016-05-21 10:10:01+02;1329
2016-05-21 12:25:02+02;1369
2016-05-21 14:19:01+02;1349
2016-05-21 14:31:01+02;1329
2016-05-21 17:01:01+02;1319
2016-05-21 19:43:01+02;1309
2016-05-21 22:16:01+02;1399
2016-05-22 07:40:02+02;1369
2016-05-22 09:55:02+02;1349
2016-05-22 09:58:01+02;1349
2016-05-22 12:25:01+02;1389
2016-05-22 12:46:01+02;1349
2016-05-22 13:49:01+02;1339
2016-05-22 15:13:01+02;1329
2016-05-22 17:40:01+02;1329
2016-05-22 18:25:01+02;1319
2016-05-22 20:28:01+02;1309
2016-05-22 22:19:01+02;1319
2016-05-22 22:28:01+02;1399
2016-05-23 04:58:01+02;1369
2016-05-23 09:16:01+02;1359
2016-05-23 10:46:01+02;1349
2016-05-23 12:25:02+02;1389
2016-05-23 14:19:01+02;1369
2016-05-23 14:49:01+02;1349
2016-05-23 16:46:01+02;1339
2016-05-23 16:55:02+02;1329
2016-05-23 18:49:01+02;1319
2016-05-23 21:04:01+02;1319
2016-05-23 22:16:01+02;1319
2016-05-23 22:25:01+02;1419
2016-05-24 04:58:01+02;1369
2016-05-24 06:25:01+02;1319
2016-05-24 12:25:02+02;1359
2016-05-24 12:40:02+02;1349
2016-05-24 14:55:01+02;1319
2016-05-24 17:01:01+02;1319
2016-05-24 18:25:01+02;1309
2016-05-24 22:16:01+02;1429
2016-05-25 06:25:01+02;1359
2016-05-25 10:01:01+02;1349
2016-05-25 12:28:01+02;1389
2016-05-25 13:19:01+02;1359
2016-05-25 15:13:01+02;1349
2016-05-25 16:01:01+02;1329
2016-05-25 17:28:01+02;1329
2016-05-25 18:19:01+02;1319
2016-05-26 07:01:01+02;1329
2016-05-26 12:31:01+02;1369
2016-05-26 12:46:02+02;1359
2016-05-26 14:01:01+02;1349
2016-05-26 14:25:01+02;1349
2016-05-26 14:55:01+02;1339
2016-05-26 16:16:01+02;1329
2016-05-26 17:28:01+02;1329
2016-05-26 19:43:01+02;1309
2016-05-26 22:22:01+02;1429
2016-05-27 05:04:01+02;1369
2016-05-27 10:10:01+02;1359
2016-05-27 11:04:01+02;1329
2016-05-27 12:25:02+02;1369
2016-05-27 12:40:01+02;1359
2016-05-27 14:16:01+02;1349
2016-05-27 16:52:01+02;1339
2016-05-27 20:19:01+02;1329
2016-05-27 22:25:01+02;1429
2016-05-28 05:55:01+02;1369
2016-05-28 10:01:01+02;1359
2016-05-28 12:25:01+02;1399
2016-05-28 12:46:02+02;1389
2016-05-28 13:55:01+02;1379
2016-05-28 14:37:01+02;1359
2016-05-28 15:19:01+02;1349
2016-05-28 16:13:01+02;1339
2016-05-29 05:55:01+02;1429
2016-05-29 06:43:01+02;1339
2016-05-29 12:28:01+02;1379
2016-05-29 13:19:01+02;1359
2016-05-29 14:22:01+02;1349
2016-05-29 16:19:01+02;1339
2016-05-29 17:58:01+02;1329
2016-05-29 21:19:01+02;1319
2016-05-29 22:16:01+02;1329
2016-05-29 22:28:01+02;1429
2016-05-30 04:58:01+02;1379
2016-05-30 07:19:01+02;1369
2016-05-30 10:19:01+02;1359
2016-05-30 12:31:01+02;1399
2016-05-30 12:46:01+02;1399
2016-05-30 14:01:01+02;1389
2016-05-30 15:07:01+02;1359
2016-05-30 15:37:01+02;1349
2016-05-30 16:40:01+02;1339
2016-05-30 21:04:01+02;1329
2016-05-30 22:19:01+02;1429
2016-05-31 05:19:01+02;1389
2016-05-31 10:13:01+02;1359
2016-05-31 10:19:01+02;1369
2016-05-31 12:25:01+02;1409
2016-05-31 12:46:01+02;1399
2016-05-31 14:10:01+02;1389
2016-05-31 15:22:01+02;1359
2016-05-31 15:43:01+02;1359
2016-05-31 16:55:02+02;1339
2016-05-31 18:13:01+02;1339
2016-05-31 20:55:01+02;1329
2016-05-31 22:13:01+02;1339
2016-05-31 22:22:01+02;1429
2016-06-01 04:55:01+02;1389
2016-06-01 07:04:01+02;1389
2016-06-01 10:22:01+02;1359
2016-06-01 12:31:01+02;1399
2016-06-01 14:01:01+02;1379
2016-06-01 15:04:01+02;1369
2016-06-01 16:19:02+02;1349
2016-06-01 18:04:02+02;1339
2016-06-01 20:04:01+02;1339
2016-06-01 22:22:01+02;1429
2016-06-02 04:55:01+02;1399
2016-06-02 09:04:01+02;1349
2016-06-02 12:25:01+02;1389
2016-06-02 12:46:01+02;1379
2016-06-02 14:34:01+02;1369
2016-06-02 14:43:01+02;1349
2016-06-02 19:10:01+02;1339
2016-06-02 21:04:01+02;1319
2016-06-02 22:16:01+02;1339
2016-06-02 22:25:01+02;1429
2016-06-03 06:34:01+02;1379
2016-06-03 07:16:01+02;1379
2016-06-03 10:10:01+02;1359
2016-06-03 12:28:01+02;1399
2016-06-03 12:37:02+02;1359
2016-06-03 12:58:01+02;1389
2016-06-03 13:46:02+02;1379
2016-06-03 14:49:01+02;1349
2016-06-03 16:52:01+02;1339
2016-06-03 18:46:01+02;1329
2016-06-03 20:13:01+02;1319
2016-06-03 22:22:02+02;1429
2016-06-04 05:55:01+02;1379
2016-06-04 07:13:01+02;1379
2016-06-04 10:01:01+02;1359
2016-06-04 12:28:01+02;1399
2016-06-04 12:40:01+02;1399
2016-06-04 14:13:01+02;1359
2016-06-04 16:19:01+02;1359
2016-06-04 17:40:01+02;1349
2016-06-04 18:31:01+02;1329
2016-06-04 20:28:01+02;1329
2016-06-04 22:16:01+02;1329
2016-06-04 22:28:01+02;1429
2016-06-05 07:01:01+02;1389
2016-06-05 10:10:01+02;1359
2016-06-05 12:25:01+02;1399
2016-06-05 14:16:01+02;1359
2016-06-05 14:40:01+02;1339
2016-06-05 18:04:01+02;1319
2016-06-05 22:28:01+02;1429
2016-06-06 05:04:01+02;1379
2016-06-06 08:25:01+02;1369
2016-06-06 11:31:01+02;1359
2016-06-06 12:25:01+02;1399
2016-06-06 12:46:01+02;1399
2016-06-06 14:04:01+02;1379
2016-06-06 14:31:01+02;1359
2016-06-06 16:49:01+02;1339
2016-06-06 20:58:01+02;1329
2016-06-06 22:16:01+02;1339
2016-06-06 22:25:01+02;1429
2016-06-07 05:16:01+02;1389
2016-06-07 10:10:01+02;1369
2016-06-07 11:31:01+02;1359
2016-06-07 12:31:01+02;1399
2016-06-07 13:19:01+02;1369
2016-06-07 15:10:01+02;1359
2016-06-07 17:25:01+02;1349
2016-06-07 18:31:01+02;1339
2016-06-07 22:25:01+02;1419
2016-06-08 06:19:01+02;1399
2016-06-08 09:22:01+02;1379
2016-06-08 10:46:01+02;1349
2016-06-08 12:34:01+02;1389
2016-06-08 12:46:01+02;1379
2016-06-08 19:04:01+02;1319
2016-06-08 19:15:01+02;1309
2016-06-08 19:40:01+02;1299
2016-06-08 22:22:01+02;1419
2016-06-09 04:39:01+02;1359
2016-06-09 10:15:01+02;1359
2016-06-09 10:49:01+02;1349
2016-06-09 12:25:01+02;1389
2016-06-09 14:43:01+02;1369
2016-06-09 14:53:01+02;1359
2016-06-09 16:13:01+02;1349
2016-06-09 17:19:01+02;1329
2016-06-09 17:25:01+02;1349
2016-06-09 18:49:01+02;1329
2016-06-09 20:22:01+02;1319
2016-06-09 22:28:01+02;1419
2016-06-10 04:43:01+02;1379
2016-06-10 10:43:01+02;1319
2016-06-10 10:49:01+02;1349
2016-06-10 11:10:01+02;1319
2016-06-10 12:31:01+02;1359
2016-06-10 12:46:01+02;1349
2016-06-10 14:10:01+02;1339
2016-06-10 14:43:01+02;1319
2016-06-10 16:19:01+02;1319
2016-06-10 19:10:02+02;1309
2016-06-10 22:22:01+02;1429
2016-06-11 06:04:01+02;1389
2016-06-11 06:46:01+02;1389
2016-06-11 10:10:01+02;1349
2016-06-11 12:16:01+02;1359
2016-06-11 12:28:01+02;1389
2016-06-11 13:10:01+02;1359
2016-06-11 14:22:01+02;1349
2016-06-11 16:58:01+02;1329
2016-06-11 22:28:02+02;1429
2016-06-12 07:04:01+02;1389
2016-06-12 10:13:01+02;1349
2016-06-12 12:25:01+02;1389
2016-06-12 13:49:01+02;1369
2016-06-12 14:35:01+02;1349
2016-06-12 15:10:01+02;1339
2016-06-12 17:10:01+02;1319
2016-06-12 22:28:01+02;1429
2016-06-13 05:19:01+02;1389
2016-06-13 09:19:01+02;1339
2016-06-13 12:28:01+02;1379
2016-06-13 12:40:01+02;1369
2016-06-13 14:46:01+02;1349
2016-06-13 15:43:01+02;1319
2016-06-13 20:19:01+02;1309
2016-06-13 22:22:01+02;1429
2016-06-14 04:49:01+02;1389
2016-06-14 08:16:01+02;1369
2016-06-14 10:55:01+02;1359
2016-06-14 12:25:01+02;1399
2016-06-14 12:46:01+02;1389
2016-06-14 14:01:01+02;1359
2016-06-14 15:49:01+02;1339
2016-06-14 20:13:01+02;1319
2016-06-14 22:25:01+02;1429
2016-06-15 06:34:01+02;1389
2016-06-15 07:19:01+02;1389
2016-06-15 10:19:01+02;1339
2016-06-15 12:31:01+02;1379
2016-06-15 14:04:01+02;1379
2016-06-15 14:10:01+02;1339
2016-06-15 16:46:01+02;1319
2016-06-15 22:28:01+02;1419
2016-06-16 06:55:01+02;1389
2016-06-16 08:55:01+02;1379
2016-06-16 11:07:01+02;1339
2016-06-16 12:31:01+02;1379
2016-06-16 12:34:01+02;1359
2016-06-16 12:46:01+02;1379
2016-06-16 14:13:01+02;1359
2016-06-16 14:31:01+02;1339
2016-06-16 16:46:01+02;1319
2016-06-16 22:19:01+02;1419
2016-06-17 06:58:01+02;1379
2016-06-17 10:46:01+02;1329
2016-06-17 12:31:01+02;1369
2016-06-17 13:04:01+02;1359
2016-06-17 14:43:01+02;1319
2016-06-17 16:52:01+02;1299
2016-06-17 22:22:01+02;1419
2016-06-18 06:28:01+02;1379
2016-06-18 07:46:01+02;1379
2016-06-18 11:04:01+02;1359
2016-06-18 12:28:01+02;1399
2016-06-18 12:43:01+02;1389
2016-06-18 14:16:01+02;1339
2016-06-18 15:16:01+02;1329
2016-06-18 15:34:01+02;1319
2016-06-18 17:25:01+02;1299
2016-06-18 22:28:01+02;1419
2016-06-19 07:04:01+02;1379
2016-06-19 09:13:01+02;1359
2016-06-19 09:19:01+02;1359
2016-06-19 10:55:01+02;1349
2016-06-19 12:28:01+02;1389
2016-06-19 12:40:01+02;1379
2016-06-19 14:25:01+02;1329
2016-06-19 17:01:01+02;1309
2016-06-19 22:22:01+02;1419
2016-06-20 06:28:01+02;1379
2016-06-20 07:58:01+02;1359
2016-06-20 10:28:01+02;1329
2016-06-20 12:28:01+02;1369
2016-06-20 12:46:01+02;1359
2016-06-20 14:49:01+02;1329
2016-06-20 17:01:01+02;1309
2016-06-20 19:40:01+02;1299
2016-06-20 22:25:01+02;1429
2016-06-21 07:01:01+02;1379
2016-06-21 07:55:01+02;1359
2016-06-21 10:31:01+02;1339
2016-06-21 12:28:01+02;1379
2016-06-21 13:04:01+02;1359
2016-06-21 14:19:01+02;1349
2016-06-21 15:25:01+02;1329
2016-06-21 16:55:01+02;1309
2016-06-21 22:16:01+02;1439
2016-06-22 06:25:02+02;1379
2016-06-22 06:58:01+02;1379
2016-06-22 08:40:01+02;1369
2016-06-22 10:31:01+02;1349
2016-06-22 11:19:01+02;1299
2016-06-22 12:31:01+02;1339
2016-06-22 12:46:01+02;1329
2016-06-22 14:19:01+02;1319
2016-06-22 15:16:01+02;1299
2016-06-22 15:28:01+02;1299
2016-06-22 17:40:01+02;1289
2016-06-22 22:13:01+02;1309
2016-06-22 22:25:01+02;1439
2016-06-23 04:55:01+02;1369
2016-06-23 06:58:01+02;1359
2016-06-23 10:25:01+02;1359
2016-06-23 10:37:01+02;1339
2016-06-23 12:31:01+02;1379
2016-06-23 12:43:01+02;1369
2016-06-23 13:55:01+02;1359
2016-06-23 14:58:01+02;1359
2016-06-23 16:40:01+02;1329
2016-06-23 16:52:01+02;1329
2016-06-23 21:04:02+02;1319
2016-06-23 22:16:01+02;1329
2016-06-23 22:31:01+02;1439
2016-06-24 05:10:01+02;1399
2016-06-24 06:43:01+02;1379
2016-06-24 10:25:01+02;1359
2016-06-24 12:34:01+02;1399
2016-06-24 12:58:01+02;1359
2016-06-24 14:46:01+02;1359
2016-06-24 15:01:01+02;1349
2016-06-24 16:45:02+02;1339
2016-06-24 17:10:01+02;1319
2016-06-24 22:28:01+02;1439
2016-06-24 23:13:01+02;1379
2016-06-25 08:49:01+02;1369
2016-06-25 09:10:01+02;1339
2016-06-25 12:25:01+02;1379
2016-06-25 12:46:01+02;1369
2016-06-25 14:34:01+02;1349
2016-06-25 17:07:01+02;1339
2016-06-25 20:13:01+02;1319
2016-06-25 22:16:01+02;1339
2016-06-25 22:22:01+02;1439
2016-06-25 23:19:01+02;1379
2016-06-26 10:01:01+02;1359
2016-06-26 11:22:01+02;1349
2016-06-26 12:28:01+02;1389
2016-06-26 12:40:01+02;1379
2016-06-26 14:13:01+02;1359
2016-06-26 15:10:01+02;1359
2016-06-26 16:28:01+02;1339
2016-06-26 16:49:01+02;1339
2016-06-26 20:34:01+02;1329
2016-06-26 22:16:01+02;1439
2016-06-26 23:13:01+02;1379
2016-06-27 10:52:01+02;1349
2016-06-27 12:31:01+02;1389
2016-06-27 12:43:01+02;1369
2016-06-27 14:58:01+02;1349
2016-06-27 16:43:01+02;1329
2016-06-27 16:52:01+02;1329
2016-06-27 19:58:01+02;1319
2016-06-27 22:19:01+02;1329
2016-06-27 22:34:01+02;1429
2016-06-27 23:13:01+02;1379
2016-06-28 09:46:01+02;1369
2016-06-28 10:31:01+02;1349
2016-06-28 12:34:02+02;1389
2016-06-28 14:16:02+02;1359
2016-06-28 15:40:01+02;1359
2016-06-28 17:19:01+02;1339
2016-06-28 22:22:01+02;1429
2016-06-28 23:13:01+02;1379
2016-06-29 06:16:01+02;1379
2016-06-29 10:04:01+02;1369
2016-06-29 11:28:01+02;1359
2016-06-29 12:34:01+02;1399
2016-06-29 13:55:02+02;1349
2016-06-29 14:34:01+02;1339
2016-06-29 21:10:01+02;1329
2016-06-29 22:16:01+02;1339
2016-06-29 22:28:02+02;1419
2016-06-29 23:13:01+02;1369
2016-06-30 10:55:01+02;1359
2016-06-30 12:31:01+02;1399
2016-06-30 14:04:01+02;1359
2016-06-30 15:01:01+02;1339
2016-06-30 18:19:01+02;1329
2016-06-30 20:58:01+02;1309
2016-06-30 22:19:01+02;1419
2016-06-30 23:13:01+02;1369
2016-07-01 10:25:01+02;1349
2016-07-01 12:40:01+02;1389
2016-07-01 12:46:01+02;1359
2016-07-01 14:25:01+02;1349
2016-07-01 15:22:01+02;1329
2016-07-01 16:55:01+02;1319
2016-07-01 20:55:02+02;1309
2016-07-01 22:16:01+02;1319
2016-07-01 22:28:01+02;1419
2016-07-01 23:13:01+02;1369
2016-07-02 07:10:01+02;1369
2016-07-02 08:58:01+02;1359
2016-07-02 09:40:02+02;1359
2016-07-02 10:19:01+02;1339
2016-07-02 12:34:01+02;1379
2016-07-02 12:52:01+02;1349
2016-07-02 13:55:01+02;1349
2016-07-02 15:37:01+02;1349
2016-07-02 15:55:01+02;1319
2016-07-02 19:49:01+02;1309
2016-07-02 22:31:01+02;1419
2016-07-02 23:16:01+02;1369
2016-07-03 08:19:01+02;1369
2016-07-03 10:01:01+02;1339
2016-07-03 12:19:01+02;1329
2016-07-03 12:34:01+02;1379
2016-07-03 12:52:02+02;1349
2016-07-03 15:16:01+02;1349
2016-07-03 15:58:01+02;1329
2016-07-03 17:37:01+02;1329
2016-07-03 22:28:01+02;1419
2016-07-03 23:13:01+02;1369
2016-07-04 07:19:01+02;1369
2016-07-04 09:01:01+02;1339
2016-07-04 10:31:01+02;1339
2016-07-04 12:28:01+02;1379
2016-07-04 12:40:01+02;1339
2016-07-04 14:52:01+02;1329
2016-07-04 17:01:01+02;1319
2016-07-04 22:13:01+02;1319
2016-07-04 22:22:01+02;1419
2016-07-04 23:19:01+02;1359
2016-07-05 10:37:01+02;1339
2016-07-05 11:40:01+02;1319
2016-07-05 12:31:01+02;1359
2016-07-05 12:34:01+02;1319
2016-07-05 12:46:01+02;1339
2016-07-05 14:49:01+02;1329
2016-07-05 15:13:01+02;1309
2016-07-05 18:40:01+02;1299
2016-07-05 22:22:01+02;1409
2016-07-05 23:19:01+02;1359
2016-07-06 08:40:01+02;1359
2016-07-06 10:43:01+02;1339
2016-07-06 12:31:01+02;1379
2016-07-06 13:04:01+02;1349
2016-07-06 15:16:01+02;1329
2016-07-06 16:58:01+02;1309
2016-07-06 21:13:02+02;1299
2016-07-06 22:13:01+02;1309
2016-07-06 22:25:01+02;1389
2016-07-06 23:16:01+02;1339
2016-07-07 08:25:01+02;1299
2016-07-07 12:28:01+02;1339
2016-07-07 12:46:01+02;1319
2016-07-07 14:28:01+02;1299
2016-07-07 16:49:01+02;1289
2016-07-07 22:19:01+02;1389
2016-07-07 23:19:01+02;1339
2016-07-08 08:34:01+02;1339
2016-07-08 10:34:01+02;1319
2016-07-08 12:31:01+02;1359
2016-07-08 13:07:01+02;1339
2016-07-08 14:46:01+02;1309
2016-07-08 16:58:01+02;1289
2016-07-08 22:28:01+02;1399
2016-07-08 23:13:01+02;1329
2016-07-09 12:22:01+02;1369
2016-07-09 12:43:01+02;1319
2016-07-09 14:37:01+02;1319
2016-07-09 15:55:01+02;1309
2016-07-09 18:22:01+02;1289
2016-07-09 22:13:01+02;1299
2016-07-09 22:25:01+02;1399
2016-07-09 23:19:01+02;1329
2016-07-10 10:01:01+02;1319
2016-07-10 12:34:01+02;1329
2016-07-10 14:16:01+02;1309
2016-07-10 15:01:01+02;1309
2016-07-10 17:19:01+02;1299
2016-07-10 21:13:01+02;1289
2016-07-10 22:16:01+02;1299
2016-07-10 22:28:01+02;1399
2016-07-10 23:13:01+02;1329
2016-07-11 10:25:01+02;1299
2016-07-11 12:34:01+02;1339
2016-07-11 13:13:01+02;1329
2016-07-11 13:49:01+02;1319
2016-07-11 14:52:01+02;1299
2016-07-11 16:46:01+02;1279
2016-07-11 22:16:01+02;1389
2016-07-11 23:13:01+02;1329
2016-07-12 06:10:01+02;1289
2016-07-12 12:25:01+02;1329
2016-07-12 12:52:01+02;1309
2016-07-12 14:19:01+02;1309
2016-07-12 15:10:01+02;1289
2016-07-12 16:46:01+02;1279
2016-07-12 19:22:01+02;1249
2016-07-12 22:19:01+02;1379
2016-07-12 23:13:01+02;1329
2016-07-13 10:34:01+02;1279
2016-07-13 12:31:01+02;1319
2016-07-13 13:13:01+02;1309
2016-07-13 13:46:01+02;1299
2016-07-13 14:46:01+02;1289
2016-07-13 19:01:01+02;1249
2016-07-13 22:22:01+02;1379
2016-07-13 23:19:01+02;1329
2016-07-14 07:31:01+02;1329
2016-07-14 11:31:01+02;1299
2016-07-14 12:40:01+02;1339
2016-07-14 13:46:01+02;1329
2016-07-14 14:04:01+02;1319
2016-07-14 15:16:01+02;1299
2016-07-14 15:49:02+02;1279
2016-07-14 20:19:01+02;1249
2016-07-14 22:16:01+02;1279
2016-07-14 22:28:01+02;1379
2016-07-14 23:13:01+02;1329
2016-07-15 08:19:01+02;1269
2016-07-15 12:43:01+02;1309
2016-07-15 13:04:01+02;1289
2016-07-15 14:58:01+02;1289
2016-07-15 16:19:01+02;1269
2016-07-15 17:19:01+02;1269
2016-07-15 18:58:01+02;1249
2016-07-15 22:13:01+02;1259
2016-07-15 22:25:02+02;1389
2016-07-15 23:16:01+02;1329
2016-07-16 07:55:01+02;1329
2016-07-16 10:01:01+02;1299
2016-07-16 12:34:01+02;1339
2016-07-16 12:43:01+02;1309
2016-07-16 12:55:02+02;1339
2016-07-16 13:13:01+02;1309
2016-07-16 14:37:01+02;1299
2016-07-16 16:13:01+02;1279
2016-07-16 22:28:01+02;1389
2016-07-16 23:13:01+02;1329
2016-07-17 10:10:01+02;1299
2016-07-17 12:31:01+02;1339
2016-07-17 12:37:01+02;1309
2016-07-17 12:49:01+02;1339
2016-07-17 13:04:01+02;1309
2016-07-17 14:38:01+02;1299
2016-07-17 14:58:01+02;1289
2016-07-17 17:01:01+02;1279
2016-07-17 19:55:02+02;1269
2016-07-17 22:28:01+02;1389
2016-07-17 23:19:01+02;1329
2016-07-18 09:31:01+02;1299
2016-07-18 12:28:01+02;1339
2016-07-18 12:40:01+02;1319
2016-07-18 14:31:01+02;1299
2016-07-18 15:10:01+02;1299
2016-07-18 17:07:01+02;1279
2016-07-18 19:10:02+02;1249
2016-07-18 22:13:01+02;1269
2016-07-18 22:25:01+02;1399
2016-07-18 23:10:02+02;1339
2016-07-19 08:34:01+02;1339
2016-07-19 10:28:01+02;1309
2016-07-19 12:40:01+02;1349
2016-07-19 13:16:01+02;1329
2016-07-19 14:55:01+02;1309
2016-07-19 16:55:01+02;1289
2016-07-19 19:16:01+02;1259
2016-07-19 22:13:01+02;1279
2016-07-19 22:25:01+02;1389
2016-07-19 23:16:01+02;1339
2016-07-20 09:19:01+02;1339
2016-07-20 09:34:01+02;1289
2016-07-20 10:52:01+02;1289
2016-07-20 12:46:01+02;1309
2016-07-20 15:16:01+02;1269
2016-07-20 16:40:01+02;1269
2016-07-20 17:01:01+02;1269
2016-07-20 19:40:01+02;1259
2016-07-20 22:25:01+02;1269
2016-07-20 22:34:01+02;1389
2016-07-20 23:16:01+02;1329
2016-07-21 08:40:01+02;1269
2016-07-21 12:34:01+02;1309
2016-07-21 12:55:02+02;1289
2016-07-21 14:49:01+02;1279
2016-07-21 17:16:02+02;1279
2016-07-21 19:28:01+02;1249
2016-07-21 22:16:01+02;1389
2016-07-21 23:16:01+02;1329
2016-07-22 05:04:01+02;1329
2016-07-22 09:01:01+02;1329
2016-07-22 10:31:01+02;1299
2016-07-22 12:31:01+02;1339
2016-07-22 12:55:01+02;1329
2016-07-22 14:58:01+02;1299
2016-07-22 17:07:01+02;1279
2016-07-22 18:37:01+02;1249
2016-07-22 22:16:01+02;1289
2016-07-22 22:28:01+02;1389
2016-07-22 23:13:01+02;1329
2016-07-23 11:10:02+02;1299
2016-07-23 12:28:01+02;1339
2016-07-23 14:07:01+02;1299
2016-07-23 15:43:01+02;1289
2016-07-23 17:10:01+02;1279
2016-07-23 19:04:01+02;1249
2016-07-23 22:25:01+02;1389
2016-07-23 23:16:01+02;1329
2016-07-24 10:19:01+02;1299
2016-07-24 12:34:01+02;1339
2016-07-24 13:55:01+02;1309
2016-07-24 14:16:01+02;1299
2016-07-24 17:10:01+02;1279
2016-07-24 19:25:01+02;1249
2016-07-24 22:13:01+02;1299
2016-07-24 22:25:01+02;1389
2016-07-24 23:16:01+02;1329
2016-07-25 11:01:01+02;1299
2016-07-25 12:16:01+02;1329
2016-07-25 12:31:01+02;1339
2016-07-25 13:04:01+02;1329
2016-07-25 14:46:01+02;1299
2016-07-25 17:10:01+02;1279
2016-07-25 18:13:01+02;1249
2016-07-25 22:16:01+02;1289
2016-07-25 22:28:01+02;1379
2016-07-25 23:13:01+02;1329
2016-07-26 10:40:01+02;1299
2016-07-26 11:40:01+02;1279
2016-07-26 12:34:01+02;1319
2016-07-26 12:43:01+02;1299
2016-07-26 14:01:01+02;1289
2016-07-26 14:55:01+02;1279
2016-07-26 16:52:01+02;1269
2016-07-26 22:13:01+02;1279
2016-07-26 22:25:01+02;1369
2016-07-26 23:16:01+02;1319
2016-07-27 09:58:01+02;1319
2016-07-27 10:49:01+02;1289
2016-07-27 12:28:01+02;1329
2016-07-27 12:43:01+02;1299
2016-07-27 15:01:01+02;1289
2016-07-27 17:01:01+02;1269
2016-07-27 21:04:01+02;1259
2016-07-27 22:16:01+02;1369
2016-07-27 23:13:01+02;1319
2016-07-28 10:25:01+02;1289
2016-07-28 12:13:01+02;1299
2016-07-28 12:22:01+02;1339
2016-07-28 12:37:01+02;1299
2016-07-28 15:16:01+02;1289
2016-07-28 16:55:02+02;1279
2016-07-28 18:10:01+02;1269
2016-07-28 22:17:01+02;1369
2016-07-28 23:13:01+02;1319
2016-07-29 09:56:01+02;1279
2016-07-29 10:46:01+02;1279
2016-07-29 12:28:01+02;1319
2016-07-29 12:46:01+02;1299
2016-07-29 14:53:01+02;1289
2016-07-29 15:46:01+02;1279
2016-07-29 16:36:01+02;1269
2016-07-29 17:09:01+02;1269
2016-07-29 18:46:01+02;1259
2016-07-29 19:28:01+02;1249
2016-07-29 22:13:01+02;1259
2016-07-29 22:24:01+02;1359
2016-07-29 23:21:01+02;1319
2016-07-30 10:35:01+02;1289
2016-07-30 10:55:01+02;1279
2016-07-30 12:31:01+02;1319
2016-07-30 12:52:01+02;1299
2016-07-30 15:40:01+02;1279
2016-07-30 16:04:01+02;1279
2016-07-30 17:55:01+02;1259
2016-07-30 20:13:01+02;1249
2016-07-30 22:16:01+02;1269
2016-07-30 22:31:01+02;1359
2016-07-30 23:13:01+02;1319
2016-07-31 10:16:01+02;1289
2016-07-31 12:28:01+02;1329
2016-07-31 12:52:01+02;1319
2016-07-31 16:59:01+02;1289
2016-07-31 17:16:01+02;1269
2016-07-31 17:25:01+02;1269
2016-07-31 22:28:01+02;1359
2016-07-31 23:13:01+02;1319
2016-08-01 10:31:01+02;1289
2016-08-01 12:28:01+02;1329
2016-08-01 14:04:01+02;1319
2016-08-01 14:46:01+02;1289
2016-08-01 15:25:01+02;1279
2016-08-01 17:23:01+02;1259
2016-08-01 18:55:01+02;1229
2016-08-01 22:13:01+02;1249
2016-08-01 22:25:01+02;1359
2016-08-01 23:19:01+02;1309
2016-08-02 10:52:01+02;1279
2016-08-02 12:28:01+02;1319
2016-08-02 12:43:01+02;1309
2016-08-02 14:01:00+02;1289
2016-08-02 15:31:01+02;1279
2016-08-02 16:49:01+02;1259
2016-08-02 19:37:01+02;1229
2016-08-02 22:19:01+02;1359
2016-08-02 23:13:01+02;1309
2016-08-03 11:46:01+02;1279
2016-08-03 12:31:01+02;1319
2016-08-03 12:55:01+02;1309
2016-08-03 15:04:02+02;1289
2016-08-03 15:40:01+02;1279
2016-08-03 18:01:01+02;1259
2016-08-03 19:31:01+02;1229
2016-08-03 22:13:01+02;1249
2016-08-03 22:23:01+02;1359
2016-08-03 23:19:01+02;1309
2016-08-04 10:40:01+02;1279
2016-08-04 12:35:01+02;1319
2016-08-04 14:07:01+02;1309
2016-08-04 14:28:01+02;1269
2016-08-04 15:16:01+02;1269
2016-08-04 17:11:01+02;1259
2016-08-04 19:52:01+02;1229
2016-08-04 22:19:01+02;1259
2016-08-04 22:49:01+02;1359
2016-08-04 23:23:01+02;1309
2016-08-05 10:40:01+02;1279
2016-08-05 12:28:01+02;1319
2016-08-05 12:59:01+02;1309
2016-08-05 14:55:01+02;1279
2016-08-05 15:28:01+02;1269
2016-08-05 16:49:01+02;1259
2016-08-05 18:55:01+02;1229
2016-08-05 22:23:01+02;1259
2016-08-05 22:55:01+02;1369
2016-08-05 23:28:01+02;1339
2016-08-06 08:16:01+02;1319
2016-08-06 10:23:01+02;1279
2016-08-06 12:28:01+02;1319
2016-08-06 14:04:01+02;1309
2016-08-06 14:43:01+02;1299
2016-08-06 15:16:01+02;1279
2016-08-06 17:01:01+02;1259
2016-08-06 20:16:01+02;1229
2016-08-06 22:16:01+02;1269
2016-08-06 22:49:01+02;1369
2016-08-06 23:23:01+02;1339
2016-08-07 10:16:01+02;1279
2016-08-07 12:31:01+02;1319
2016-08-07 13:59:01+02;1309
2016-08-07 14:11:01+02;1279
2016-08-07 14:31:01+02;1279
2016-08-07 16:43:01+02;1279
2016-08-07 19:35:01+02;1259
2016-08-07 20:13:01+02;1259
2016-08-07 22:13:01+02;1269
2016-08-07 22:43:01+02;1369
2016-08-07 23:13:02+02;1339
2016-08-08 05:35:01+02;1339
2016-08-08 09:13:02+02;1299
2016-08-08 10:46:01+02;1289
2016-08-08 12:23:01+02;1329
2016-08-08 12:46:01+02;1319
2016-08-08 14:55:01+02;1299
2016-08-08 15:40:01+02;1289
2016-08-08 17:23:01+02;1269
2016-08-08 19:23:01+02;1239
2016-08-08 22:16:01+02;1259
2016-08-08 22:49:01+02;1369
2016-08-08 23:23:01+02;1319
2016-08-09 10:55:01+02;1299
2016-08-09 12:13:01+02;1309
2016-08-09 12:52:01+02;1349
2016-08-09 13:13:01+02;1309
2016-08-09 13:49:01+02;1329
2016-08-09 14:19:01+02;1309
2016-08-09 15:04:01+02;1309
2016-08-09 15:35:01+02;1299
2016-08-09 16:55:01+02;1279
2016-08-09 19:01:02+02;1249
2016-08-09 22:23:01+02;1379
2016-08-09 23:19:01+02;1349
2016-08-10 09:28:01+02;1319
2016-08-10 10:35:01+02;1299
2016-08-10 12:35:01+02;1339
2016-08-10 12:40:01+02;1329
2016-08-10 12:55:01+02;1339
2016-08-10 14:59:01+02;1319
2016-08-10 15:40:01+02;1299
2016-08-10 16:43:01+02;1279
2016-08-10 18:55:01+02;1249
2016-08-10 22:16:01+02;1259
2016-08-10 22:28:01+02;1369
2016-08-10 23:13:01+02;1349
2016-08-11 07:16:02+02;1329
2016-08-11 08:59:01+02;1309
2016-08-11 09:46:01+02;1279
2016-08-11 12:31:01+02;1319
2016-08-11 12:52:01+02;1299
2016-08-11 14:37:01+02;1279
2016-08-11 16:19:01+02;1269
2016-08-11 19:31:01+02;1249
2016-08-11 22:13:01+02;1249
2016-08-11 22:23:01+02;1369
2016-08-11 23:19:01+02;1349
2016-08-12 05:27:01+02;1349
2016-08-12 07:59:01+02;1319
2016-08-12 09:31:01+02;1299
2016-08-12 10:43:01+02;1289
2016-08-12 10:46:01+02;1289
2016-08-12 10:55:01+02;1269
2016-08-12 12:28:01+02;1309
2016-08-12 12:46:01+02;1289
2016-08-12 15:31:01+02;1279
2016-08-12 16:25:01+02;1269
2016-08-12 19:01:01+02;1239
2016-08-12 22:23:01+02;1379
2016-08-12 23:13:01+02;1339
2016-08-13 09:19:01+02;1319
2016-08-13 11:04:01+02;1309
2016-08-13 12:28:01+02;1349
2016-08-13 12:46:01+02;1329
2016-08-13 14:04:01+02;1309
2016-08-13 14:25:01+02;1289
2016-08-13 17:16:01+02;1269
2016-08-13 19:19:01+02;1239
2016-08-13 22:16:01+02;1239
2016-08-13 22:28:01+02;1379
2016-08-13 23:13:01+02;1339
2016-08-14 08:59:01+02;1329
2016-08-14 09:16:01+02;1309
2016-08-14 10:40:01+02;1289
2016-08-14 12:28:01+02;1329
2016-08-14 14:19:01+02;1319
2016-08-14 14:46:01+02;1289
2016-08-14 17:04:01+02;1269
2016-08-14 22:23:01+02;1379
2016-08-14 23:19:01+02;1339
2016-08-15 09:04:01+02;1299
2016-08-15 10:40:01+02;1299
2016-08-15 12:31:01+02;1339
2016-08-15 12:59:01+02;1319
2016-08-15 14:31:01+02;1299
2016-08-15 15:07:01+02;1299
2016-08-15 16:28:01+02;1289
2016-08-15 17:16:01+02;1269
2016-08-15 18:59:01+02;1249
2016-08-15 22:16:01+02;1249
2016-08-15 22:28:01+02;1379
2016-08-15 23:19:01+02;1349
2016-08-16 08:25:01+02;1299
2016-08-16 12:28:01+02;1339
2016-08-16 12:49:01+02;1319
2016-08-16 13:43:02+02;1309
2016-08-16 15:16:01+02;1309
2016-08-16 15:49:01+02;1289
2016-08-16 16:52:01+02;1289
2016-08-16 19:07:01+02;1279
2016-08-16 22:23:01+02;1389
2016-08-16 23:13:01+02;1349
2016-08-17 05:31:01+02;1339
2016-08-17 08:28:01+02;1299
2016-08-17 10:49:01+02;1269
2016-08-17 11:16:01+02;1259
2016-08-17 12:43:01+02;1299
2016-08-17 13:02:01+02;1279
2016-08-17 15:31:01+02;1259
2016-08-17 22:23:01+02;1389
2016-08-17 23:13:01+02;1359
2016-08-18 05:04:01+02;1329
2016-08-18 08:13:01+02;1329
2016-08-18 10:52:01+02;1309
2016-08-18 12:28:01+02;1349
2016-08-18 12:46:01+02;1349
2016-08-18 13:55:01+02;1339
2016-08-18 14:55:01+02;1309
2016-08-18 16:52:01+02;1289
2016-08-18 18:25:01+02;1269
2016-08-18 19:49:01+02;1269
2016-08-18 22:23:02+02;1399
2016-08-18 23:19:01+02;1359
2016-08-19 05:55:01+02;1349
2016-08-19 09:11:01+02;1329
2016-08-19 10:40:01+02;1319
2016-08-19 12:35:01+02;1359
2016-08-19 12:55:02+02;1349
2016-08-19 13:55:02+02;1319
2016-08-19 14:49:01+02;1319
2016-08-19 16:01:01+02;1299
2016-08-19 16:25:01+02;1299
2016-08-19 18:37:02+02;1259
2016-08-19 22:16:01+02;1269
2016-08-19 22:28:01+02;1399
2016-08-19 23:19:01+02;1359
2016-08-20 06:28:01+02;1329
2016-08-20 09:11:01+02;1319
2016-08-20 10:40:01+02;1319
2016-08-20 12:28:01+02;1359
2016-08-20 12:55:01+02;1339
2016-08-20 14:37:01+02;1319
2016-08-20 15:19:01+02;1299
2016-08-20 17:19:01+02;1289
2016-08-20 20:40:01+02;1279
2016-08-20 22:16:01+02;1289
2016-08-20 22:28:01+02;1399
2016-08-20 23:13:01+02;1359
2016-08-21 07:11:01+02;1309
2016-08-21 12:35:01+02;1349
2016-08-21 12:52:01+02;1329
2016-08-21 14:07:01+02;1319
2016-08-21 14:35:01+02;1299
2016-08-21 22:28:01+02;1399
2016-08-21 23:19:01+02;1359
2016-08-22 08:59:01+02;1359
2016-08-22 09:25:01+02;1329
2016-08-22 11:13:01+02;1319
2016-08-22 12:25:01+02;1359
2016-08-22 12:52:01+02;1349
2016-08-22 14:49:02+02;1329
2016-08-22 15:11:01+02;1319
2016-08-22 15:43:02+02;1319
2016-08-22 17:16:01+02;1299
2016-08-22 22:28:01+02;1399
2016-08-22 23:13:02+02;1369
2016-08-23 08:28:01+02;1359
2016-08-23 09:25:01+02;1339
2016-08-23 10:19:01+02;1309
2016-08-23 12:35:02+02;1349
2016-08-23 12:40:01+02;1309
2016-08-23 12:55:01+02;1329
2016-08-23 13:46:01+02;1319
2016-08-23 15:01:01+02;1299
2016-08-23 16:55:01+02;1299
2016-08-23 19:59:01+02;1289
2016-08-23 22:28:01+02;1399
2016-08-23 23:13:01+02;1369
2016-08-24 06:16:01+02;1369
2016-08-24 09:23:01+02;1339
2016-08-24 09:49:01+02;1289
2016-08-24 10:55:01+02;1289
2016-08-24 12:35:01+02;1329
2016-08-24 12:55:01+02;1309
2016-08-24 14:46:01+02;1269
2016-08-24 16:55:01+02;1269
2016-08-24 20:43:01+02;1259
2016-08-24 22:19:01+02;1399
2016-08-24 23:19:01+02;1369
2016-08-25 05:28:01+02;1339
2016-08-25 08:40:01+02;1309
2016-08-25 10:04:01+02;1269
2016-08-25 12:25:01+02;1309
2016-08-25 12:52:01+02;1289
2016-08-25 14:01:02+02;1289
2016-08-25 15:35:01+02;1269
2016-08-25 17:35:01+02;1259
2016-08-25 22:16:01+02;1269
2016-08-25 22:31:01+02;1399
2016-08-25 23:13:01+02;1369
2016-08-26 07:11:01+02;1339
2016-08-26 08:04:01+02;1329
2016-08-26 11:16:01+02;1319
2016-08-26 12:28:01+02;1359
2016-08-26 12:46:01+02;1339
2016-08-26 14:01:01+02;1319
2016-08-26 15:19:01+02;1299
2016-08-26 17:04:01+02;1299
2016-08-26 19:04:01+02;1289
2016-08-26 21:13:01+02;1269
2016-08-26 22:19:01+02;1289
2016-08-26 22:35:01+02;1399
2016-08-26 23:13:01+02;1369
2016-08-27 07:40:01+02;1349
2016-08-27 08:59:01+02;1339
2016-08-27 09:11:01+02;1339
2016-08-27 10:40:01+02;1319
2016-08-27 12:28:01+02;1359
2016-08-27 12:46:01+02;1339
2016-08-27 14:19:01+02;1319
2016-08-27 14:46:01+02;1299
2016-08-27 16:35:01+02;1299
2016-08-27 22:28:01+02;1399
2016-08-27 23:13:02+02;1369
2016-08-28 08:35:02+02;1349
2016-08-28 09:16:01+02;1339
2016-08-28 10:40:01+02;1319
2016-08-28 12:28:01+02;1359
2016-08-28 14:11:01+02;1339
2016-08-28 15:13:01+02;1319
2016-08-28 17:31:01+02;1299
2016-08-28 22:23:01+02;1399
2016-08-28 23:19:01+02;1369
2016-08-29 07:11:01+02;1369
2016-08-29 09:19:01+02;1349
2016-08-29 09:35:01+02;1339
2016-08-29 11:04:01+02;1319
2016-08-29 12:19:01+02;1339
2016-08-29 12:43:01+02;1359
2016-08-29 12:59:01+02;1349
2016-08-29 14:31:01+02;1329
2016-08-29 15:11:01+02;1319
2016-08-29 17:07:01+02;1299
2016-08-29 19:28:01+02;1279
2016-08-29 22:35:01+02;1399
2016-08-29 23:19:01+02;1379
2016-08-30 07:04:01+02;1359
2016-08-30 08:19:01+02;1349
2016-08-30 09:31:01+02;1339
2016-08-30 11:11:01+02;1329
2016-08-30 12:35:01+02;1369
2016-08-30 12:52:01+02;1359
2016-08-30 15:11:01+02;1329
2016-08-30 17:02:01+02;1309
2016-08-30 18:01:01+02;1299
2016-08-30 22:35:01+02;1409
2016-08-30 23:24:01+02;1379
2016-08-31 07:13:01+02;1349
2016-08-31 10:55:01+02;1319
2016-08-31 12:31:01+02;1359
2016-08-31 12:49:01+02;1369
2016-08-31 12:58:01+02;1359
2016-08-31 15:16:01+02;1319
2016-08-31 16:46:01+02;1299
2016-08-31 22:25:01+02;1399
2016-08-31 23:13:02+02;1369
2016-09-01 07:49:01+02;1339
2016-09-01 10:13:01+02;1339
2016-09-01 10:55:01+02;1319
2016-09-01 12:28:01+02;1359
2016-09-01 14:22:01+02;1339
2016-09-01 14:31:01+02;1329
2016-09-01 14:58:01+02;1299
2016-09-01 17:13:01+02;1299
2016-09-01 17:19:01+02;1289
2016-09-01 19:19:01+02;1289
2016-09-01 20:49:01+02;1279
2016-09-01 22:19:01+02;1289
2016-09-01 22:28:01+02;1389
2016-09-01 23:19:01+02;1359
2016-09-02 07:40:01+02;1339
2016-09-02 10:04:01+02;1329
2016-09-02 10:40:01+02;1319
2016-09-02 10:55:01+02;1309
2016-09-02 12:25:01+02;1349
2016-09-02 12:49:01+02;1339
2016-09-02 14:46:02+02;1319
2016-09-02 14:55:02+02;1309
2016-09-02 15:04:01+02;1299
2016-09-02 16:49:01+02;1289
2016-09-02 19:40:01+02;1279
2016-09-02 22:19:01+02;1379
2016-09-02 23:19:01+02;1349
2016-09-03 07:37:01+02;1349
2016-09-03 09:40:01+02;1329
2016-09-03 11:01:01+02;1309
2016-09-03 12:28:01+02;1349
2016-09-03 12:46:01+02;1359
2016-09-03 13:07:01+02;1349
2016-09-03 14:25:01+02;1309
2016-09-03 16:43:01+02;1289
2016-09-03 22:28:01+02;1379
2016-09-03 23:13:01+02;1349
2016-09-04 09:34:01+02;1339
2016-09-04 10:49:01+02;1309
2016-09-04 12:25:01+02;1349
2016-09-04 12:34:01+02;1329
2016-09-04 12:43:01+02;1349
2016-09-04 16:10:01+02;1319
2016-09-05 05:52:01+02;1349
2016-09-05 09:49:01+02;1329
2016-09-05 10:49:01+02;1299
2016-09-05 12:28:01+02;1339
2016-09-05 12:46:01+02;1319
2016-09-05 15:10:01+02;1299
2016-09-05 16:58:01+02;1279
2016-09-05 22:25:01+02;1389
2016-09-05 23:19:01+02;1349
2016-09-06 06:58:01+02;1339
2016-09-06 08:13:01+02;1329
2016-09-06 10:43:01+02;1309
2016-09-06 12:25:01+02;1349
2016-09-06 13:58:01+02;1329
2016-09-06 14:49:01+02;1309
2016-09-06 16:28:01+02;1289
2016-09-06 17:10:01+02;1289
2016-09-06 20:07:01+02;1279
2016-09-06 20:49:01+02;1279
2016-09-06 22:19:01+02;1289
2016-09-06 22:25:01+02;1389
2016-09-06 23:13:01+02;1359
2016-09-07 07:33:31+02;1349
2016-09-07 08:48:31+02;1339
2016-09-07 10:48:31+02;1329
2016-09-07 11:09:31+02;1309
2016-09-07 12:30:31+02;1349
2016-09-07 12:48:31+02;1329
2016-09-07 15:09:31+02;1309
2016-09-07 16:12:31+02;1309
2016-09-07 16:57:31+02;1289
2016-09-07 20:57:31+02;1279
2016-09-07 22:12:31+02;1289
2016-09-07 22:24:31+02;1389
2016-09-07 23:18:31+02;1349
2016-09-08 07:18:31+02;1349
2016-09-08 09:24:32+02;1339
2016-09-08 10:48:31+02;1319
2016-09-08 11:42:31+02;1309
2016-09-08 12:24:31+02;1349
2016-09-08 12:48:31+02;1339
2016-09-08 14:27:31+02;1329
2016-09-08 14:57:31+02;1309
2016-09-08 15:27:31+02;1289
2016-09-08 17:09:31+02;1289
2016-09-08 19:27:31+02;1269
2016-09-08 20:48:31+02;1269
2016-09-08 22:33:31+02;1399
2016-09-08 23:12:31+02;1349
2016-09-09 04:54:31+02;1349
2016-09-09 09:03:31+02;1339
2016-09-09 10:03:31+02;1329
2016-09-09 10:48:31+02;1319
2016-09-09 12:42:31+02;1349
2016-09-09 14:24:31+02;1319
2016-09-09 16:39:31+02;1299
2016-09-09 20:48:31+02;1289
2016-09-09 22:18:31+02;1299
2016-09-09 22:24:31+02;1419
2016-09-09 23:12:31+02;1369
2016-09-10 07:33:31+02;1349
2016-09-10 07:57:31+02;1339
2016-09-10 09:03:31+02;1319
2016-09-10 12:24:31+02;1359
2016-09-10 12:48:31+02;1329
2016-09-10 14:24:31+02;1319
2016-09-10 14:57:31+02;1319
2016-09-10 16:03:31+02;1309
2016-09-10 17:39:31+02;1279
2016-09-10 22:24:31+02;1409
2016-09-10 23:12:31+02;1369
2016-09-11 08:33:31+02;1369
2016-09-11 09:42:31+02;1349
2016-09-11 10:33:31+02;1349
2016-09-11 11:12:31+02;1319
2016-09-11 12:03:31+02;1319
2016-09-11 12:24:31+02;1349
2016-09-11 12:33:31+02;1359
2016-09-11 12:48:31+02;1359
2016-09-11 14:18:31+02;1319
2016-09-11 14:36:31+02;1319
2016-09-11 16:42:31+02;1299
2016-09-11 22:24:31+02;1409
2016-09-11 23:18:31+02;1369
2016-09-12 07:27:31+02;1359
2016-09-12 09:33:31+02;1359
2016-09-12 10:57:31+02;1339
2016-09-12 12:24:31+02;1379
2016-09-12 12:42:31+02;1359
2016-09-12 14:54:31+02;1339
2016-09-12 15:18:31+02;1339
2016-09-12 17:12:31+02;1319
2016-09-12 19:18:31+02;1309
2016-09-12 22:24:31+02;1419
2016-09-12 23:27:31+02;1379
2016-09-13 08:21:31+02;1349
2016-09-13 09:39:31+02;1349
2016-09-13 10:48:31+02;1319
2016-09-13 12:24:31+02;1359
2016-09-13 12:45:31+02;1359
2016-09-13 12:54:31+02;1359
2016-09-13 14:48:31+02;1319
2016-09-13 16:54:31+02;1299
2016-09-13 22:24:31+02;1409
2016-09-13 23:18:31+02;1379
2016-09-14 05:21:31+02;1369
2016-09-14 08:57:31+02;1349
2016-09-14 10:54:31+02;1319
2016-09-14 12:31:31+02;1359
2016-09-14 14:27:31+02;1339
2016-09-14 15:03:31+02;1319
2016-09-14 16:57:31+02;1299
2016-09-14 17:57:32+02;1299
2016-09-14 20:27:31+02;1289
2016-09-14 22:18:31+02;1299
2016-09-14 22:27:31+02;1399
2016-09-14 23:12:31+02;1369
2016-09-15 05:12:31+02;1359
2016-09-15 09:03:31+02;1349
2016-09-15 09:27:31+02;1349
2016-09-15 10:42:31+02;1319
2016-09-15 12:30:31+02;1359
2016-09-15 13:48:31+02;1359
2016-09-15 14:15:31+02;1349
2016-09-15 15:17:31+02;1309
2016-09-15 16:35:31+02;1309
2016-09-15 17:50:31+02;1299
2016-09-15 19:05:31+02;1299
2016-09-15 19:45:31+02;1299
2016-09-15 21:03:31+02;1279
2016-09-15 22:12:31+02;1299
2016-09-15 22:24:31+02;1399
2016-09-15 23:18:32+02;1369
2016-09-16 08:33:31+02;1339
2016-09-16 09:42:31+02;1339
2016-09-16 10:45:31+02;1339
2016-09-16 10:54:31+02;1309
2016-09-16 12:24:31+02;1349
2016-09-16 12:48:31+02;1359
2016-09-16 12:57:32+02;1349
2016-09-16 14:12:31+02;1309
2016-09-16 16:48:31+02;1289
2016-09-16 22:27:31+02;1399
2016-09-16 22:30:31+02;1399
2016-09-16 23:18:31+02;1369
2016-09-17 07:27:31+02;1369
2016-09-17 10:03:31+02;1349
2016-09-17 10:18:31+02;1309
2016-09-17 16:48:32+02;1289
2016-09-17 22:24:31+02;1399
2016-09-17 22:48:31+02;1319
2016-09-17 23:12:31+02;1369
2016-09-18 07:57:31+02;1359
2016-09-18 08:33:31+02;1349
2016-09-18 09:27:31+02;1329
2016-09-18 10:48:31+02;1309
2016-09-18 12:24:31+02;1349
2016-09-18 14:12:31+02;1309
2016-09-18 14:54:31+02;1309
2016-09-18 16:15:31+02;1309
2016-09-18 16:27:31+02;1289
2016-09-18 16:39:31+02;1289
2016-09-18 17:32:31+02;1289
2016-09-18 18:44:31+02;1289
2016-09-18 19:03:31+02;1279
2016-09-18 19:30:31+02;1279
2016-09-18 22:12:31+02;1289
2016-09-18 22:24:31+02;1399
2016-09-18 23:18:31+02;1369
2016-09-19 07:57:31+02;1349
2016-09-19 09:33:31+02;1349
2016-09-19 10:48:31+02;1319
2016-09-19 12:24:31+02;1359
2016-09-19 12:48:31+02;1349
2016-09-19 14:27:31+02;1329
2016-09-19 14:36:31+02;1319
2016-09-19 15:24:31+02;1309
2016-09-19 17:12:31+02;1299
2016-09-19 22:27:31+02;1399
2016-09-19 23:12:31+02;1369
2016-09-20 06:57:31+02;1369
2016-09-20 09:30:31+02;1359
2016-09-20 10:42:31+02;1329
2016-09-20 10:54:31+02;1319
2016-09-20 12:30:31+02;1359
2016-09-20 12:39:31+02;1309
2016-09-20 12:45:31+02;1329
2016-09-20 14:42:31+02;1319
2016-09-20 15:03:31+02;1309
2016-09-20 16:57:31+02;1299
2016-09-20 17:12:31+02;1299
2016-09-20 20:03:31+02;1289
2016-09-20 22:18:31+02;1299
2016-09-20 22:24:31+02;1399
2016-09-20 23:12:31+02;1379
2016-09-21 05:18:31+02;1359
2016-09-21 07:12:31+02;1349
2016-09-21 08:12:31+02;1299
2016-09-21 12:24:31+02;1339
2016-09-21 12:48:31+02;1319
2016-09-21 14:57:31+02;1289
2016-09-21 15:57:31+02;1289
2016-09-21 20:09:31+02;1269
2016-09-21 22:27:31+02;1399
2016-09-21 23:18:32+02;1359
2016-09-22 04:57:31+02;1339
2016-09-22 09:27:31+02;1339
2016-09-22 10:12:31+02;1329
2016-09-22 11:00:31+02;1309
2016-09-22 12:24:31+02;1349
2016-09-22 12:45:31+02;1329
2016-09-22 15:18:31+02;1309
2016-09-22 16:54:31+02;1289
2016-09-22 18:03:31+02;1289
2016-09-22 20:18:31+02;1279
2016-09-22 21:03:31+02;1269
2016-09-22 22:18:31+02;1289
2016-09-22 22:24:31+02;1399
2016-09-22 23:12:31+02;1369
2016-09-23 05:27:31+02;1349
2016-09-23 07:51:31+02;1319
2016-09-23 10:27:31+02;1289
2016-09-23 11:33:31+02;1279
2016-09-23 12:27:31+02;1319
2016-09-23 12:39:31+02;1319
2016-09-23 12:42:31+02;1299
2016-09-23 14:03:31+02;1289
2016-09-23 14:33:31+02;1289
2016-09-23 15:39:31+02;1269
2016-09-23 22:18:31+02;1279
2016-09-23 22:27:31+02;1399
2016-09-23 23:12:31+02;1369
2016-09-24 06:03:31+02;1349
2016-09-24 07:18:31+02;1319
2016-09-24 10:39:31+02;1309
2016-09-24 12:18:31+02;1279
2016-09-24 12:48:31+02;1299
2016-09-24 14:33:31+02;1279
2016-09-24 22:18:31+02;1279
2016-09-24 22:24:31+02;1399
2016-09-24 23:12:31+02;1369
2016-09-25 07:09:31+02;1359
2016-09-25 09:57:31+02;1339
2016-09-25 11:42:31+02;1309
2016-09-25 12:24:31+02;1349
2016-09-25 12:39:31+02;1339
2016-09-25 12:48:31+02;1349
2016-09-25 14:27:31+02;1309
2016-09-25 16:24:31+02;1289
2016-09-25 22:24:31+02;1399
2016-09-25 23:18:31+02;1369
2016-09-26 09:33:31+02;1339
2016-09-26 10:57:31+02;1309
2016-09-26 12:24:31+02;1349
2016-09-26 12:48:32+02;1369
2016-09-26 13:00:31+02;1349
2016-09-26 14:54:31+02;1309
2016-09-26 17:09:31+02;1289
2016-09-26 22:24:31+02;1399
2016-09-26 23:12:31+02;1369
2016-09-27 07:45:31+02;1359
2016-09-27 10:00:31+02;1339
2016-09-27 10:57:31+02;1309
2016-09-27 12:30:31+02;1349
2016-09-27 13:57:31+02;1339
2016-09-27 14:54:31+02;1309
2016-09-27 15:27:31+02;1289
2016-09-27 17:03:31+02;1289
2016-09-27 20:33:31+02;1279
2016-09-27 22:18:31+02;1289
2016-09-27 22:30:31+02;1399
2016-09-27 23:18:31+02;1369
2016-09-28 06:45:32+02;1359
2016-09-28 07:57:31+02;1339
2016-09-28 09:39:31+02;1339
2016-09-28 10:18:31+02;1319
2016-09-28 11:00:31+02;1309
2016-09-28 12:24:31+02;1349
2016-09-28 12:36:31+02;1309
2016-09-28 12:45:31+02;1329
2016-09-28 14:33:31+02;1319
2016-09-28 14:42:31+02;1309
2016-09-28 15:27:31+02;1279
2016-09-28 16:54:31+02;1279
2016-09-28 22:18:31+02;1289
2016-09-28 22:30:31+02;1399
2016-09-28 23:18:31+02;1359
2016-09-29 06:42:31+02;1349
2016-09-29 09:39:31+02;1339
2016-09-29 10:57:31+02;1309
2016-09-29 12:27:31+02;1349
2016-09-29 14:03:31+02;1339
2016-09-29 15:09:31+02;1309
2016-09-29 16:42:31+02;1289
2016-09-29 20:33:31+02;1279
2016-09-29 22:15:31+02;1289
2016-09-29 22:24:31+02;1419
2016-09-29 23:18:31+02;1369
2016-09-30 08:33:31+02;1279
2016-09-30 12:45:31+02;1299
2016-09-30 15:03:31+02;1299
2016-09-30 15:27:31+02;1279
2016-09-30 19:18:31+02;1269
2016-09-30 22:18:31+02;1289
2016-09-30 22:24:31+02;1419
2016-09-30 23:12:31+02;1379
2016-10-01 08:12:31+02;1349
2016-10-01 10:42:31+02;1329
2016-10-01 12:18:31+02;1339
2016-10-01 12:24:31+02;1369
2016-10-01 12:33:31+02;1339
2016-10-01 12:45:31+02;1359
2016-10-01 14:42:31+02;1319
2016-10-01 17:03:31+02;1309
2016-10-01 20:06:31+02;1289
2016-10-01 22:18:31+02;1309
2016-10-01 22:24:31+02;1419
2016-10-01 23:12:31+02;1379
2016-10-02 06:54:31+02;1369
2016-10-02 09:33:31+02;1359
2016-10-02 10:48:31+02;1329
2016-10-02 12:24:31+02;1369
2016-10-02 14:45:32+02;1329
2016-10-02 16:39:31+02;1309
2016-10-02 22:24:31+02;1419
2016-10-02 23:12:31+02;1379
2016-10-03 09:27:31+02;1369
2016-10-03 09:33:31+02;1359
2016-10-03 10:48:31+02;1329
2016-10-03 12:24:31+02;1369
2016-10-03 14:21:31+02;1339
2016-10-03 14:33:31+02;1329
2016-10-03 16:27:31+02;1309
2016-10-03 16:33:31+02;1309
2016-10-03 17:33:31+02;1299
2016-10-03 19:18:32+02;1289
2016-10-03 21:03:31+02;1279
2016-10-03 22:12:31+02;1289
2016-10-03 22:24:31+02;1419
2016-10-03 23:18:31+02;1379
2016-10-04 05:42:31+02;1359
2016-10-04 09:48:31+02;1339
2016-10-04 10:48:31+02;1329
2016-10-04 12:27:31+02;1369
2016-10-04 12:45:31+02;1339
2016-10-04 14:24:31+02;1329
2016-10-04 15:33:31+02;1299
2016-10-04 22:24:31+02;1429
2016-10-04 23:12:31+02;1389
2016-10-05 05:33:31+02;1369
2016-10-05 08:33:31+02;1359
2016-10-05 09:54:31+02;1349
2016-10-05 10:54:31+02;1339
2016-10-05 11:18:31+02;1329
2016-10-05 12:27:31+02;1369
2016-10-05 12:45:31+02;1349
2016-10-05 15:03:31+02;1329
2016-10-05 17:03:31+02;1309
2016-10-05 19:39:31+02;1289
2016-10-05 20:48:31+02;1279
2016-10-05 22:12:31+02;1289
2016-10-05 22:24:31+02;1429
2016-10-05 23:12:31+02;1399
2016-10-06 05:33:31+02;1369
2016-10-06 10:03:31+02;1349
2016-10-06 10:24:31+02;1349
2016-10-06 12:03:31+02;1339
2016-10-06 12:27:31+02;1379
2016-10-06 12:33:31+02;1319
2016-10-06 12:45:31+02;1339
2016-10-06 14:03:31+02;1329
2016-10-06 14:42:31+02;1309
2016-10-06 18:27:31+02;1299
2016-10-06 22:24:31+02;1439
2016-10-06 23:12:31+02;1399
2016-10-07 05:27:31+02;1379
2016-10-07 08:33:31+02;1369
2016-10-07 09:12:31+02;1359
2016-10-07 11:03:31+02;1349
2016-10-07 11:15:31+02;1349
2016-10-07 12:03:31+02;1339
2016-10-07 12:24:31+02;1379
2016-10-07 12:45:31+02;1359
2016-10-07 14:00:31+02;1349
2016-10-07 14:54:31+02;1349
2016-10-07 15:27:31+02;1329
2016-10-07 16:18:31+02;1329
2016-10-07 17:27:31+02;1319
2016-10-07 19:27:31+02;1289
2016-10-07 20:42:31+02;1279
2016-10-07 22:18:31+02;1289
2016-10-07 22:24:31+02;1439
2016-10-07 22:57:31+02;1429
2016-10-07 23:12:31+02;1399
2016-10-08 06:09:31+02;1369
2016-10-08 10:33:31+02;1349
2016-10-08 12:24:31+02;1359
2016-10-08 12:48:31+02;1379
2016-10-08 14:24:31+02;1349
2016-10-08 14:51:31+02;1349
2016-10-08 16:54:31+02;1329
2016-10-08 17:42:31+02;1319
2016-10-08 19:03:31+02;1289
2016-10-08 20:33:31+02;1289
2016-10-08 22:12:31+02;1289
2016-10-08 22:24:31+02;1439
2016-10-08 23:12:31+02;1399
2016-10-09 06:57:31+02;1369
2016-10-09 10:48:31+02;1349
2016-10-09 12:30:32+02;1389
2016-10-09 12:48:31+02;1389
2016-10-09 12:54:31+02;1389
2016-10-09 14:30:31+02;1349
2016-10-09 15:03:31+02;1319
2016-10-09 16:27:31+02;1319
2016-10-09 18:09:31+02;1299
2016-10-09 21:03:31+02;1279
2016-10-09 22:18:31+02;1299
2016-10-09 22:27:31+02;1429
2016-10-09 23:12:31+02;1399
2016-10-10 05:39:31+02;1369
2016-10-10 07:12:31+02;1369
2016-10-10 07:42:31+02;1369
2016-10-10 08:18:31+02;1369
2016-10-10 10:57:31+02;1349
2016-10-10 11:24:31+02;1349
2016-10-10 12:24:31+02;1389
2016-10-10 12:42:31+02;1369
2016-10-10 15:03:31+02;1349
2016-10-10 15:18:31+02;1349
2016-10-10 16:51:31+02;1339
2016-10-10 19:03:31+02;1309
2016-10-10 22:12:31+02;1309
2016-10-10 22:24:31+02;1439
2016-10-10 23:18:31+02;1399
2016-10-11 07:42:31+02;1379
2016-10-11 09:18:31+02;1379
2016-10-11 10:33:31+02;1349
2016-10-11 12:24:31+02;1389
2016-10-11 14:03:31+02;1359
2016-10-11 15:09:31+02;1339
2016-10-11 15:27:32+02;1329
2016-10-11 16:48:31+02;1329
2016-10-11 18:42:31+02;1299
2016-10-11 22:18:31+02;1309
2016-10-11 22:24:31+02;1439
2016-10-11 23:12:31+02;1399
2016-10-12 07:27:31+02;1369
2016-10-12 09:18:31+02;1369
2016-10-12 09:27:31+02;1359
2016-10-12 10:42:31+02;1339
2016-10-12 12:24:31+02;1379
2016-10-12 12:45:31+02;1359
2016-10-12 13:57:31+02;1349
2016-10-12 14:33:31+02;1329
2016-10-12 16:48:31+02;1329
2016-10-12 18:03:31+02;1319
2016-10-12 19:12:31+02;1299
2016-10-12 22:24:31+02;1439
2016-10-12 23:18:31+02;1399
2016-10-13 08:27:31+02;1359
2016-10-13 08:42:31+02;1359
2016-10-13 09:48:31+02;1349
2016-10-13 10:54:31+02;1349
2016-10-13 11:03:31+02;1339
2016-10-13 12:24:31+02;1379
2016-10-13 12:48:31+02;1359
2016-10-13 14:03:31+02;1349
2016-10-13 14:36:31+02;1329
2016-10-13 16:57:31+02;1329
2016-10-13 17:39:31+02;1319
2016-10-13 19:15:31+02;1299
2016-10-13 22:24:31+02;1429
2016-10-13 23:12:31+02;1399
2016-10-14 04:51:31+02;1379
2016-10-14 07:42:31+02;1369
2016-10-14 10:24:31+02;1359
2016-10-14 11:12:31+02;1339
2016-10-14 12:27:31+02;1379
2016-10-14 12:33:31+02;1359
2016-10-14 12:42:31+02;1379
2016-10-14 14:18:31+02;1339
2016-10-14 15:42:31+02;1329
2016-10-14 22:48:31+02;1429
2016-10-14 23:48:31+02;1399
2016-10-15 15:50:07+02;1339
2016-10-15 17:42:31+02;1309
2016-10-15 22:26:31+02;1429
2016-10-15 23:14:31+02;1399
2016-10-16 07:48:31+02;1389
2016-10-16 08:06:31+02;1389
2016-10-16 09:12:31+02;1339
2016-10-16 12:30:31+02;1379
2016-10-16 14:48:31+02;1369
2016-10-16 15:18:31+02;1369
2016-10-16 15:33:31+02;1339
2016-10-16 17:15:31+02;1319
2016-10-16 22:30:31+02;1429
2016-10-16 23:18:31+02;1399
2016-10-17 07:18:31+02;1379
2016-10-17 09:33:31+02;1379
2016-10-17 10:57:31+02;1349
2016-10-17 12:18:31+02;1369
2016-10-17 12:24:31+02;1389
2016-10-17 17:42:31+02;1359
2016-10-17 19:57:31+02;1349
2016-10-17 22:24:31+02;1439
2016-10-17 23:12:31+02;1399
2016-10-18 11:21:31+02;1389
2016-10-18 11:57:31+02;1349
2016-10-18 12:24:31+02;1389
2016-10-18 12:45:31+02;1399
2016-10-18 12:55:31+02;1389
2016-10-18 14:13:31+02;1349
2016-10-18 16:06:31+02;1329
2016-10-18 22:27:31+02;1439
2016-10-18 23:12:31+02;1399
2016-10-19 06:12:31+02;1359
2016-10-19 10:48:31+02;1349
2016-10-19 12:24:31+02;1389
2016-10-19 12:42:31+02;1369
2016-10-19 13:57:31+02;1339
2016-10-19 14:39:31+02;1319
2016-10-19 16:33:31+02;1309
2016-10-19 19:42:31+02;1299
2016-10-19 20:48:31+02;1289
2016-10-19 22:18:31+02;1299
2016-10-19 22:24:31+02;1449
2016-10-19 23:03:31+02;1439
2016-10-19 23:12:31+02;1399
2016-10-20 06:12:31+02;1369
2016-10-20 10:33:31+02;1349
2016-10-20 11:12:31+02;1339
2016-10-20 12:24:31+02;1379
2016-10-20 12:33:31+02;1339
2016-10-20 12:45:32+02;1359
2016-10-20 14:09:31+02;1339
2016-10-20 14:33:31+02;1319
2016-10-20 18:48:31+02;1299
2016-10-20 22:18:31+02;1429
2016-10-20 23:18:31+02;1389
2016-10-21 06:09:31+02;1369
2016-10-21 09:33:31+02;1309
2016-10-21 10:12:31+02;1309
2016-10-21 12:30:31+02;1349
2016-10-21 12:45:31+02;1329
2016-10-21 15:03:31+02;1289
2016-10-21 17:57:31+02;1279
2016-10-21 22:24:31+02;1429
2016-10-21 23:12:31+02;1399
2016-10-22 05:57:31+02;1359
2016-10-22 07:27:31+02;1329
2016-10-22 08:54:31+02;1289
2016-10-22 12:24:31+02;1329
2016-10-22 12:48:31+02;1309
2016-10-22 14:09:31+02;1309
2016-10-22 15:03:31+02;1289
2016-10-22 22:24:31+02;1439
2016-10-22 23:12:31+02;1399
2016-10-23 06:54:31+02;1369
2016-10-23 09:48:31+02;1349
2016-10-23 10:33:31+02;1319
2016-10-23 12:24:31+02;1359
2016-10-23 12:33:31+02;1319
2016-10-23 16:21:31+02;1309
2016-10-23 18:57:31+02;1299
2016-10-23 21:03:31+02;1289
2016-10-23 22:18:31+02;1439
2016-10-23 23:24:31+02;1399
2016-10-24 05:42:31+02;1369
2016-10-24 11:12:31+02;1349
2016-10-24 12:24:31+02;1389
2016-10-24 12:39:31+02;1369
2016-10-24 14:18:31+02;1349
2016-10-24 16:18:31+02;1329
2016-10-24 20:21:31+02;1319
2016-10-24 22:12:31+02;1329
2016-10-24 22:24:31+02;1439
2016-10-24 23:12:31+02;1399
2016-10-25 06:24:31+02;1399
2016-10-25 07:18:31+02;1379
2016-10-25 10:12:31+02;1359
2016-10-25 10:24:31+02;1359
2016-10-25 11:57:31+02;1339
2016-10-25 12:24:31+02;1379
2016-10-25 12:39:31+02;1339
2016-10-25 12:45:32+02;1359
2016-10-25 14:39:31+02;1339
2016-10-25 16:54:31+02;1339
2016-10-25 18:24:31+02;1329
2016-10-25 19:18:31+02;1309
2016-10-25 19:51:31+02;1309
2016-10-25 22:24:31+02;1439
2016-10-25 23:12:31+02;1409
2016-10-26 04:54:31+02;1389
2016-10-26 06:57:31+02;1379
2016-10-26 10:18:31+02;1359
2016-10-26 12:24:31+02;1399
2016-10-26 12:42:31+02;1379
2016-10-26 14:33:31+02;1359
2016-10-26 15:03:31+02;1349
2016-10-26 15:36:31+02;1339
2016-10-26 16:54:31+02;1329
2016-10-26 17:54:31+02;1319
2016-10-26 18:57:31+02;1309
2016-10-26 20:54:31+02;1289
2016-10-26 22:18:31+02;1429
2016-10-26 23:18:31+02;1399
2016-10-27 04:51:31+02;1369
2016-10-27 06:42:31+02;1369
2016-10-27 07:54:31+02;1369
2016-10-27 08:18:31+02;1359
2016-10-27 10:57:31+02;1339
2016-10-27 12:24:31+02;1379
2016-10-27 12:39:31+02;1379
2016-10-27 14:12:31+02;1359
2016-10-27 14:54:31+02;1339
2016-10-27 16:48:31+02;1319
2016-10-27 18:54:31+02;1309
2016-10-27 19:03:31+02;1309
2016-10-27 21:06:31+02;1299
2016-10-27 22:12:31+02;1309
2016-10-27 22:24:31+02;1429
2016-10-27 23:12:31+02;1399
2016-10-28 04:57:31+02;1379
2016-10-28 07:42:31+02;1369
2016-10-28 10:48:31+02;1339
2016-10-28 11:24:31+02;1339
2016-10-28 12:24:31+02;1379
2016-10-28 12:42:31+02;1359
2016-10-28 14:09:31+02;1349
2016-10-28 14:12:31+02;1339
2016-10-28 15:12:31+02;1329
2016-10-28 16:21:31+02;1319
2016-10-28 16:48:31+02;1309
2016-10-28 17:12:31+02;1309
2016-10-28 19:24:31+02;1299
2016-10-28 22:18:31+02;1429
2016-10-28 23:12:31+02;1389
2016-10-29 05:57:31+02;1379
2016-10-29 09:39:31+02;1359
2016-10-29 09:54:31+02;1339
2016-10-29 12:24:31+02;1379
2016-10-29 12:33:31+02;1359
2016-10-29 12:45:31+02;1379
2016-10-29 14:18:31+02;1329
2016-10-29 16:30:31+02;1309
2016-10-29 18:39:31+02;1299
2016-10-29 19:03:31+02;1289
2016-10-29 20:54:31+02;1279
2016-10-29 22:12:31+02;1299
2016-10-29 22:24:31+02;1429
2016-10-29 23:12:31+02;1389
2016-10-30 07:39:31+01;1369
2016-10-30 10:18:31+01;1339
2016-10-30 12:24:31+01;1379
2016-10-30 12:33:31+01;1369
2016-10-30 12:42:31+01;1379
2016-10-30 14:27:31+01;1329
2016-10-30 16:27:31+01;1309
2016-10-30 22:18:31+01;1429
2016-10-30 23:18:31+01;1389
2016-10-31 09:48:31+01;1389
2016-10-31 10:42:31+01;1349
2016-10-31 12:30:31+01;1389
2016-10-31 15:03:31+01;1349
2016-10-31 16:12:31+01;1349
2016-10-31 16:54:31+01;1329
2016-10-31 17:42:31+01;1329
2016-10-31 19:33:31+01;1319
2016-10-31 20:24:31+01;1309
2016-10-31 22:12:31+01;1319
2016-10-31 22:18:31+01;1429
2016-10-31 23:06:31+01;1399
2016-11-01 05:54:31+01;1399
2016-11-01 09:27:31+01;1379
2016-11-01 10:33:31+01;1359
2016-11-01 11:12:31+01;1349
2016-11-01 12:27:31+01;1389
2016-11-01 12:45:31+01;1379
2016-11-01 14:45:31+01;1349
2016-11-01 16:18:31+01;1329
2016-11-01 18:36:32+01;1319
2016-11-01 20:33:31+01;1309
2016-11-01 22:12:31+01;1319
2016-11-01 22:24:31+01;1429
2016-11-01 23:12:31+01;1389
2016-11-02 07:12:31+01;1379
2016-11-02 08:18:31+01;1369
2016-11-02 09:36:31+01;1359
2016-11-02 10:54:31+01;1339
2016-11-02 12:27:32+01;1379
2016-11-02 12:45:31+01;1379
2016-11-02 12:54:31+01;1379
2016-11-02 14:06:31+01;1369
2016-11-02 15:03:31+01;1349
2016-11-02 15:27:31+01;1339
2016-11-02 16:48:31+01;1319
2016-11-02 18:42:31+01;1309
2016-11-02 20:33:32+01;1309
2016-11-02 22:18:31+01;1419
2016-11-02 23:18:31+01;1379
2016-11-03 05:54:31+01;1379
2016-11-03 06:57:31+01;1359
2016-11-03 09:39:31+01;1359
2016-11-03 09:51:31+01;1349
2016-11-03 11:00:31+01;1329
2016-11-03 12:27:31+01;1369
2016-11-03 12:42:31+01;1369
2016-11-03 12:54:31+01;1369
2016-11-03 14:42:31+01;1339
2016-11-03 15:33:31+01;1329
2016-11-03 16:54:31+01;1309
2016-11-03 19:42:31+01;1299
2016-11-03 20:42:31+01;1289
2016-11-03 22:18:31+01;1299
2016-11-03 22:24:31+01;1399
2016-11-03 23:18:31+01;1379
2016-11-04 05:54:31+01;1369
2016-11-04 06:58:31+01;1359
2016-11-04 09:33:31+01;1359
2016-11-04 10:18:31+01;1349
2016-11-04 11:03:31+01;1319
2016-11-04 12:24:31+01;1359
2016-11-04 12:33:31+01;1349
2016-11-04 12:42:31+01;1359
2016-11-04 14:15:32+01;1319
2016-11-04 16:12:31+01;1299
2016-11-04 19:42:31+01;1289
2016-11-04 20:39:32+01;1279
2016-11-04 22:12:32+01;1289
2016-11-04 22:24:31+01;1399
2016-11-04 23:12:31+01;1379
2016-11-05 06:33:31+01;1369
2016-11-05 09:12:31+01;1359
2016-11-05 10:09:31+01;1319
2016-11-05 12:24:31+01;1359
2016-11-05 14:12:32+01;1319
2016-11-05 16:33:31+01;1299
2016-11-05 22:24:31+01;1339
2016-11-05 23:09:31+01;1399
2016-11-05 23:12:31+01;1379
2016-11-06 09:24:31+01;1369
2016-11-06 09:33:31+01;1349
2016-11-06 11:12:31+01;1319
2016-11-06 12:24:31+01;1359
2016-11-06 12:48:31+01;1379
2016-11-06 13:03:31+01;1359
2016-11-06 14:24:31+01;1319
2016-11-06 17:12:31+01;1299
2016-11-07 01:12:31+01;1379
2016-11-07 07:57:31+01;1349
2016-11-07 09:18:31+01;1319
2016-11-07 10:48:31+01;1319
2016-11-07 12:24:31+01;1359
2016-11-07 12:45:31+01;1339
2016-11-07 14:03:31+01;1319
2016-11-07 14:18:31+01;1319
2016-11-07 14:42:31+01;1309
2016-11-07 15:33:31+01;1249
2016-11-07 16:57:31+01;1249
2016-11-07 22:18:31+01;1389
2016-11-07 23:18:31+01;1379
2016-11-08 06:21:31+01;1339
2016-11-08 07:09:31+01;1259
2016-11-08 12:30:32+01;1299
2016-11-08 12:45:31+01;1279
2016-11-08 14:39:31+01;1269
2016-11-08 21:03:31+01;1259
2016-11-08 22:18:31+01;1269
2016-11-08 22:24:31+01;1389
2016-11-08 23:18:31+01;1349
2016-11-09 06:57:31+01;1349
2016-11-09 11:18:31+01;1339
2016-11-09 12:24:31+01;1379
2016-11-09 12:48:31+01;1359
2016-11-09 14:21:31+01;1329
2016-11-09 14:42:31+01;1309
2016-11-09 17:27:31+01;1289
2016-11-09 20:42:31+01;1279
2016-11-09 23:06:31+01;1389
2016-11-09 23:12:31+01;1359
2016-11-10 06:18:31+01;1349
2016-11-10 09:33:31+01;1349
2016-11-10 10:24:31+01;1329
2016-11-10 10:54:31+01;1309
2016-11-10 12:27:31+01;1349
2016-11-10 12:39:31+01;1329
2016-11-10 12:48:31+01;1349
2016-11-10 13:48:31+01;1339
2016-11-10 14:54:31+01;1309
2016-11-10 16:57:31+01;1289
2016-11-10 22:24:31+01;1389
2016-11-10 23:12:31+01;1359
2016-11-11 06:24:31+01;1339
2016-11-11 10:54:31+01;1309
2016-11-11 12:24:31+01;1349
2016-11-11 14:27:31+01;1309
2016-11-11 16:24:31+01;1289
2016-11-11 19:48:31+01;1279
2016-11-11 22:24:31+01;1389
2016-11-11 23:12:31+01;1349
2016-11-12 07:39:31+01;1339
2016-11-12 08:03:31+01;1339
2016-11-12 10:39:31+01;1309
2016-11-12 12:24:31+01;1349
2016-11-12 14:18:31+01;1309
2016-11-12 16:18:31+01;1289
2016-11-12 19:56:31+01;1279
2016-11-12 22:24:31+01;1389
2016-11-12 23:12:31+01;1349
2016-11-13 08:18:31+01;1339
2016-11-13 09:54:31+01;1339
2016-11-13 10:48:31+01;1309
2016-11-13 12:30:31+01;1349
2016-11-13 12:54:31+01;1339
2016-11-13 14:24:31+01;1309
2016-11-13 16:24:31+01;1289
2016-11-13 22:24:31+01;1389
2016-11-13 23:12:31+01;1349
2016-11-14 08:42:31+01;1349
2016-11-14 09:39:32+01;1349
2016-11-14 10:33:31+01;1339
2016-11-14 10:39:31+01;1309
2016-11-14 12:24:31+01;1349
2016-11-14 14:18:31+01;1309
2016-11-14 16:42:31+01;1289
2016-11-14 22:18:31+01;1379
2016-11-14 23:12:31+01;1359
2016-11-15 07:03:31+01;1339
2016-11-15 09:33:31+01;1339
2016-11-15 10:54:31+01;1299
2016-11-15 12:24:31+01;1339
2016-11-15 12:33:31+01;1329
2016-11-15 12:39:31+01;1339
2016-11-15 14:27:31+01;1319
2016-11-15 15:24:31+01;1299
2016-11-15 17:03:31+01;1279
2016-11-15 19:42:31+01;1259
2016-11-15 22:24:31+01;1379
2016-11-15 23:12:31+01;1349
2016-11-16 08:21:31+01;1339
2016-11-16 11:03:31+01;1299
2016-11-16 12:24:31+01;1339
2016-11-16 12:39:31+01;1349
2016-11-16 14:18:31+01;1349
2016-11-16 14:48:31+01;1339
2016-11-16 15:24:31+01;1299
2016-11-16 16:48:31+01;1279
2016-11-16 17:42:31+01;1269
2016-11-16 18:33:31+01;1249
2016-11-16 22:24:31+01;1379
2016-11-16 23:12:31+01;1349
2016-11-17 06:42:31+01;1339
2016-11-17 07:03:31+01;1339
2016-11-17 07:57:31+01;1339
2016-11-17 10:39:31+01;1309
2016-11-17 12:24:31+01;1349
2016-11-17 12:48:31+01;1279
2016-11-17 16:57:31+01;1279
2016-11-17 19:36:31+01;1269
2016-11-17 19:39:31+01;1269
2016-11-17 22:24:31+01;1389
2016-11-17 23:12:31+01;1359
2016-11-18 07:03:31+01;1349
2016-11-18 09:18:31+01;1339
2016-11-18 11:03:31+01;1309
2016-11-18 12:18:31+01;1329
2016-11-18 12:24:32+01;1349
2016-11-18 12:33:31+01;1329
2016-11-18 12:39:31+01;1349
2016-11-18 14:33:31+01;1299
2016-11-18 15:36:31+01;1289
2016-11-18 16:18:31+01;1279
2016-11-18 19:42:31+01;1259
2016-11-18 20:57:31+01;1249
2016-11-18 22:18:31+01;1389
2016-11-18 23:24:31+01;1359
2016-11-19 05:57:31+01;1339
2016-11-19 08:33:31+01;1339
2016-11-19 10:24:31+01;1309
2016-11-19 12:24:31+01;1349
2016-11-19 14:21:31+01;1309
2016-11-19 16:24:31+01;1289
2016-11-19 20:57:31+01;1269
2016-11-19 22:18:31+01;1389
2016-11-19 23:12:31+01;1359
2016-11-20 07:03:31+01;1349
2016-11-20 08:51:31+01;1309
2016-11-20 09:33:31+01;1289
2016-11-20 09:54:31+01;1269
2016-11-20 12:24:31+01;1309
2016-11-20 12:42:31+01;1289
2016-11-20 16:21:31+01;1289
2016-11-20 17:18:31+01;1259
2016-11-20 17:21:31+01;1259
2016-11-20 22:24:31+01;1389
2016-11-20 23:12:31+01;1359
2016-11-21 04:57:31+01;1349
2016-11-21 07:57:31+01;1339
2016-11-21 10:24:31+01;1309
2016-11-21 12:24:31+01;1349
2016-11-21 12:39:31+01;1349
2016-11-21 13:54:31+01;1339
2016-11-21 14:21:31+01;1309
2016-11-21 16:21:31+01;1289
2016-11-21 19:54:31+01;1289
2016-11-21 22:18:31+01;1399
2016-11-21 23:12:31+01;1359
2016-11-22 07:39:31+01;1349
2016-11-22 10:21:31+01;1319
2016-11-22 12:24:31+01;1359
2016-11-22 14:21:31+01;1319
2016-11-22 15:03:31+01;1309
2016-11-22 16:18:31+01;1299
2016-11-22 16:42:31+01;1279
2016-11-22 18:12:31+01;1269
2016-11-22 19:24:31+01;1259
2016-11-22 20:57:31+01;1249
2016-11-22 22:12:31+01;1259
2016-11-22 22:18:31+01;1409
2016-11-22 23:18:31+01;1359
2016-11-23 05:36:31+01;1339
2016-11-23 07:21:31+01;1329
2016-11-23 07:54:31+01;1329
2016-11-23 11:12:31+01;1319
2016-11-23 12:24:31+01;1359
2016-11-23 12:39:31+01;1319
2016-11-23 12:48:31+01;1339
2016-11-23 13:57:31+01;1309
2016-11-23 15:36:31+01;1279
2016-11-23 17:42:31+01;1269
2016-11-23 22:21:31+01;1419
2016-11-23 23:12:31+01;1379
2016-11-24 05:33:31+01;1359
2016-11-24 07:39:31+01;1349
2016-11-24 10:21:31+01;1329
2016-11-24 12:12:31+01;1309
2016-11-24 12:24:31+01;1349
2016-11-24 12:39:31+01;1329
2016-11-24 14:39:31+01;1309
2016-11-24 17:48:31+01;1289
2016-11-24 18:03:31+01;1279
2016-11-24 19:12:31+01;1269
2016-11-24 22:18:31+01;1419
2016-11-24 23:18:31+01;1379
2016-11-25 05:42:31+01;1359
2016-11-25 08:36:32+01;1349
2016-11-25 10:21:31+01;1329
2016-11-25 12:24:32+01;1369
2016-11-25 12:42:31+01;1369
2016-11-25 14:39:31+01;1329
2016-11-25 14:57:31+01;1329
2016-11-25 15:51:31+01;1329
2016-11-25 16:18:31+01;1309
2016-11-25 18:30:31+01;1309
2016-11-25 19:09:31+01;1289
2016-11-25 20:48:31+01;1279
2016-11-25 22:24:31+01;1419
2016-11-25 23:12:31+01;1379
2016-11-26 06:54:31+01;1349
2016-11-26 10:18:31+01;1329
2016-11-26 12:27:31+01;1369
2016-11-26 12:42:32+01;1349
2016-11-26 14:27:31+01;1329
2016-11-26 14:48:31+01;1279
2016-11-26 17:18:31+01;1269
2016-11-26 22:18:31+01;1419
2016-11-26 23:12:31+01;1379
2016-11-27 07:03:31+01;1359
2016-11-27 09:27:31+01;1349
2016-11-27 10:24:31+01;1329
2016-11-27 12:24:31+01;1369
2016-11-27 12:42:31+01;1369
2016-11-27 14:03:31+01;1299
2016-11-27 14:42:31+01;1299
2016-11-27 22:24:31+01;1419
2016-11-27 23:12:31+01;1379
2016-11-28 06:42:31+01;1359
2016-11-28 10:18:31+01;1329
2016-11-28 12:24:31+01;1369
2016-11-28 12:48:31+01;1349
2016-11-28 14:27:31+01;1329
2016-11-28 15:36:31+01;1329
2016-11-28 16:33:31+01;1309
2016-11-28 18:03:31+01;1309
2016-11-28 19:54:31+01;1289
2016-11-28 20:03:31+01;1289
2016-11-28 22:18:31+01;1419
2016-11-28 23:12:31+01;1389
2016-11-29 04:54:31+01;1369
2016-11-29 09:33:31+01;1349
2016-11-29 09:42:31+01;1339
2016-11-29 10:18:31+01;1319
2016-11-29 12:27:31+01;1359
2016-11-29 14:03:31+01;1319
2016-11-29 14:27:31+01;1319
2016-11-29 15:18:31+01;1299
2016-11-29 16:39:31+01;1299
2016-11-29 17:18:31+01;1289
2016-11-29 17:57:31+01;1279
2016-11-29 20:21:31+01;1269
2016-11-29 21:03:31+01;1259
2016-11-29 22:18:31+01;1419
2016-11-29 23:12:31+01;1379
2016-11-30 05:03:31+01;1349
2016-11-30 10:21:31+01;1329
2016-11-30 12:24:31+01;1369
2016-11-30 12:42:31+01;1349
2016-11-30 14:12:31+01;1319
2016-11-30 16:18:31+01;1309
2016-11-30 18:57:31+01;1289
2016-11-30 20:57:31+01;1279
2016-11-30 22:18:31+01;1419
2016-11-30 23:18:31+01;1379
2016-12-01 05:24:31+01;1369
2016-12-01 07:09:31+01;1349
2016-12-01 13:00:31+01;1369
2016-12-01 13:57:31+01;1349
2016-12-01 15:39:31+01;1329
2016-12-01 17:54:31+01;1319
2016-12-01 20:18:31+01;1279
2016-12-01 22:18:31+01;1429
2016-12-01 23:12:31+01;1389
2016-12-02 05:03:31+01;1369
2016-12-02 08:18:31+01;1359
2016-12-02 10:24:31+01;1349
2016-12-02 12:24:31+01;1389
2016-12-02 12:39:31+01;1369
2016-12-02 14:24:31+01;1359
2016-12-02 15:27:31+01;1339
2016-12-02 16:03:31+01;1319
2016-12-02 18:18:31+01;1299
2016-12-02 20:12:31+01;1299
2016-12-02 22:24:31+01;1449
2016-12-02 23:12:31+01;1399
2016-12-03 06:03:31+01;1389
2016-12-03 08:12:31+01;1379
2016-12-03 09:54:31+01;1359
2016-12-03 12:24:31+01;1399
2016-12-03 12:48:31+01;1379
2016-12-03 14:03:31+01;1359
2016-12-03 14:39:31+01;1319
2016-12-03 17:54:31+01;1309
2016-12-03 19:12:31+01;1299
2016-12-03 22:24:31+01;1449
2016-12-03 23:18:31+01;1399
2016-12-04 06:57:31+01;1379
2016-12-04 10:12:31+01;1369
2016-12-04 12:24:31+01;1409
2016-12-04 12:42:31+01;1389
2016-12-04 14:33:31+01;1369
2016-12-04 16:12:31+01;1349
2016-12-04 18:21:31+01;1329
2016-12-04 21:03:31+01;1309
2016-12-04 22:18:31+01;1449
2016-12-04 23:18:31+01;1399
2016-12-05 05:51:31+01;1399
2016-12-05 06:57:31+01;1389
2016-12-05 07:51:31+01;1369
2016-12-05 09:57:31+01;1359
2016-12-05 11:00:31+01;1359
2016-12-05 11:57:31+01;1349
2016-12-05 12:24:31+01;1389
2016-12-05 12:39:31+01;1369
2016-12-05 14:54:31+01;1349
2016-12-05 17:12:31+01;1339
2016-12-05 17:27:31+01;1339
2016-12-05 22:24:31+01;1449
2016-12-05 23:33:31+01;1419
2016-12-06 07:03:31+01;1409
2016-12-06 07:42:31+01;1389
2016-12-06 10:09:31+01;1379
2016-12-06 10:57:31+01;1369
2016-12-06 12:18:31+01;1379
2016-12-06 12:48:31+01;1399
2016-12-06 14:03:31+01;1389
2016-12-06 14:18:31+01;1379
2016-12-06 14:54:31+01;1369
2016-12-06 15:24:31+01;1359
2016-12-06 17:21:31+01;1349
2016-12-06 19:21:31+01;1329
2016-12-06 20:57:31+01;1319
2016-12-06 22:18:31+01;1449
2016-12-06 23:12:31+01;1419
2016-12-07 06:54:31+01;1409
2016-12-07 08:12:31+01;1389
2016-12-07 08:24:31+01;1309
2016-12-07 12:42:31+01;1329
2016-12-07 14:42:31+01;1309
2016-12-07 19:57:31+01;1299
2016-12-07 22:24:31+01;1449
2016-12-07 23:12:31+01;1419
2016-12-08 05:06:31+01;1389
2016-12-08 10:57:31+01;1359
2016-12-08 12:18:31+01;1379
2016-12-08 12:42:31+01;1399
2016-12-08 14:12:31+01;1389
2016-12-08 14:54:31+01;1359
2016-12-08 15:42:31+01;1349
2016-12-08 17:12:31+01;1339
2016-12-08 17:54:31+01;1329
2016-12-08 19:12:32+01;1309
2016-12-08 20:57:31+01;1299
2016-12-08 22:12:31+01;1309
2016-12-08 22:18:31+01;1449
2016-12-08 23:18:31+01;1409
2016-12-09 05:03:31+01;1389
2016-12-09 07:03:31+01;1379
2016-12-09 11:01:31+01;1349
2016-12-09 12:18:31+01;1369
2016-12-09 12:42:31+01;1389
2016-12-09 13:54:31+01;1379
2016-12-09 14:48:31+01;1339
2016-12-09 16:42:31+01;1329
2016-12-09 19:48:31+01;1319
2016-12-09 22:18:31+01;1459
2016-12-09 23:18:31+01;1409
2016-12-10 09:39:31+01;1409
2016-12-10 10:03:31+01;1389
2016-12-10 11:00:31+01;1349
2016-12-10 12:18:31+01;1369
2016-12-10 12:42:31+01;1389
2016-12-10 14:54:31+01;1369
2016-12-10 15:18:31+01;1349
2016-12-10 16:48:31+01;1329
2016-12-10 18:42:31+01;1309
2016-12-10 22:18:31+01;1459
2016-12-10 23:18:31+01;1409
2016-12-11 07:57:31+01;1389
2016-12-11 10:57:31+01;1379
2016-12-11 12:18:31+01;1389
2016-12-11 12:42:31+01;1409
2016-12-11 14:54:31+01;1379
2016-12-11 16:48:31+01;1359
2016-12-11 22:24:31+01;1459
2016-12-11 23:12:31+01;1409
2016-12-12 08:36:31+01;1409
2016-12-12 09:57:31+01;1389
2016-12-12 10:06:31+01;1389
2016-12-12 10:57:31+01;1359
2016-12-12 13:39:31+01;1399
2016-12-12 14:09:31+01;1359
2016-12-12 14:12:31+01;1359
2016-12-12 16:54:31+01;1339
2016-12-12 17:33:31+01;1329
2016-12-12 18:33:31+01;1319
2016-12-12 22:21:31+01;1469
2016-12-12 23:18:31+01;1419
2016-12-13 05:03:31+01;1419
2016-12-13 07:33:31+01;1359
2016-12-13 08:39:31+01;1359
2016-12-13 11:03:31+01;1359
2016-12-13 12:03:31+01;1349
2016-12-13 12:42:31+01;1369
2016-12-13 14:18:31+01;1359
2016-12-13 14:51:31+01;1359
2016-12-13 15:42:31+01;1299
2016-12-13 16:54:31+01;1299
2016-12-13 17:12:31+01;1299
2016-12-13 19:18:31+01;1299
2016-12-13 21:03:31+01;1299
2016-12-13 22:18:31+01;1299
2016-12-13 22:24:31+01;1449
2016-12-13 23:12:31+01;1419
2016-12-14 04:57:31+01;1389
2016-12-14 06:54:31+01;1389
2016-12-14 09:03:31+01;1389
2016-12-14 11:00:31+01;1369
2016-12-14 12:18:31+01;1359
2016-12-14 12:42:31+01;1379
2016-12-14 14:21:31+01;1369
2016-12-14 15:57:31+01;1359
2016-12-14 16:54:31+01;1349
2016-12-14 17:57:31+01;1339
2016-12-14 19:03:31+01;1319
2016-12-15 00:12:31+01;1429
2016-12-15 10:33:31+01;1399
2016-12-15 11:42:31+01;1389
2016-12-15 13:06:31+01;1409
2016-12-15 13:48:31+01;1389
2016-12-15 14:54:31+01;1369
2016-12-15 15:27:31+01;1359
2016-12-15 16:33:31+01;1349
2016-12-15 20:36:31+01;1309
2016-12-15 22:24:31+01;1459
2016-12-15 23:12:31+01;1429
2016-12-16 04:54:31+01;1399
2016-12-16 07:03:31+01;1399
2016-12-16 07:51:31+01;1399
2016-12-16 11:26:31+01;1369
2016-12-16 12:18:31+01;1399
2016-12-16 12:39:31+01;1409
2016-12-16 15:03:31+01;1369
2016-12-16 15:14:31+01;1299
2016-12-16 16:54:31+01;1299
2016-12-16 22:24:31+01;1449
2016-12-16 23:12:31+01;1429
2016-12-17 07:51:31+01;1389
2016-12-17 11:00:31+01;1369
2016-12-17 12:12:31+01;1369
2016-12-17 12:48:31+01;1389
2016-12-17 14:12:31+01;1379
2016-12-17 14:48:31+01;1369
2016-12-17 16:48:31+01;1349
2016-12-17 20:18:31+01;1319
2016-12-17 22:27:31+01;1469
2016-12-17 23:12:31+01;1429
2016-12-18 08:09:31+01;1359
2016-12-18 11:07:31+01;1359
2016-12-18 12:24:31+01;1359
2016-12-18 12:39:31+01;1379
2016-12-18 14:19:31+01;1379
2016-12-18 14:51:31+01;1369
2016-12-18 15:24:31+01;1349
2016-12-18 16:54:31+01;1349
2016-12-18 20:36:31+01;1339
2016-12-18 22:24:31+01;1469
2016-12-18 23:12:31+01;1429
2016-12-19 07:18:31+01;1409
2016-12-19 10:57:31+01;1369
2016-12-19 12:18:31+01;1409
2016-12-19 12:42:31+01;1409
2016-12-19 13:54:31+01;1409
2016-12-19 14:51:31+01;1369
2016-12-19 16:51:31+01;1349
2016-12-19 22:18:31+01;1479
2016-12-19 23:18:31+01;1439
2016-12-20 08:03:31+01;1429
2016-12-20 09:18:31+01;1409
2016-12-20 11:00:31+01;1379
2016-12-20 12:18:31+01;1389
2016-12-20 13:12:31+01;1409
2016-12-20 13:51:31+01;1389
2016-12-20 14:51:31+01;1379
2016-12-20 15:54:31+01;1379
2016-12-20 16:48:31+01;1359
2016-12-20 22:24:31+01;1479
2016-12-20 23:12:31+01;1449
2016-12-21 06:42:31+01;1439
2016-12-21 07:18:31+01;1419
2016-12-21 10:33:31+01;1399
2016-12-21 10:57:31+01;1379
2016-12-21 12:18:31+01;1389
2016-12-21 12:48:31+01;1409
2016-12-21 14:03:31+01;1399
2016-12-21 14:54:31+01;1379
2016-12-21 16:06:31+01;1369
2016-12-21 16:51:31+01;1359
2016-12-21 19:24:31+01;1359
2016-12-21 22:24:31+01;1489
2016-12-21 23:12:31+01;1449
2016-12-22 07:12:31+01;1419
2016-12-22 11:03:31+01;1389
2016-12-22 12:24:31+01;1399
2016-12-22 12:48:31+01;1419
2016-12-22 14:03:31+01;1389
2016-12-22 14:48:31+01;1389
2016-12-22 15:54:31+01;1379
2016-12-22 16:48:31+01;1369
2016-12-22 18:51:31+01;1349
2016-12-22 19:18:31+01;1339
2016-12-22 22:24:31+01;1489
2016-12-22 23:12:31+01;1449
2016-12-23 05:27:31+01;1419
2016-12-23 07:33:31+01;1409
2016-12-23 08:24:31+01;1399
2016-12-23 10:57:31+01;1379
2016-12-23 12:24:31+01;1379
2016-12-23 12:45:31+01;1399
2016-12-23 14:39:31+01;1379
2016-12-23 14:48:31+01;1379
2016-12-23 16:48:31+01;1359
2016-12-23 18:18:31+01;1339
2016-12-23 20:33:31+01;1329
2016-12-23 22:18:31+01;1479
2016-12-23 23:12:31+01;1419
2016-12-24 09:54:31+01;1409
2016-12-24 09:57:31+01;1399
2016-12-24 12:21:31+01;1379
2016-12-24 12:48:31+01;1399
2016-12-24 14:51:31+01;1379
2016-12-24 15:21:31+01;1369
2016-12-24 16:54:31+01;1359
2016-12-24 22:21:32+01;1489
2016-12-24 23:12:31+01;1459
2016-12-25 07:03:31+01;1439
2016-12-25 08:12:31+01;1439
2016-12-25 09:03:31+01;1419
2016-12-25 11:03:31+01;1379
2016-12-25 12:24:31+01;1419
2016-12-25 14:51:31+01;1379
2016-12-25 16:54:31+01;1359
2016-12-25 22:24:31+01;1489
2016-12-25 23:12:31+01;1459
2016-12-26 08:06:31+01;1459
2016-12-26 12:36:31+01;1459
2016-12-26 13:27:31+01;1409
2016-12-26 14:51:31+01;1379
2016-12-26 16:51:31+01;1359
2016-12-26 22:18:31+01;1489
2016-12-26 23:18:31+01;1449
2016-12-27 05:18:31+01;1439
2016-12-27 07:03:31+01;1419
2016-12-27 07:12:31+01;1419
2016-12-27 09:18:31+01;1409
2016-12-27 10:57:31+01;1389
2016-12-27 12:18:31+01;1409
2016-12-27 12:42:31+01;1429
2016-12-27 14:03:31+01;1399
2016-12-27 14:51:31+01;1389
2016-12-27 16:54:31+01;1369
2016-12-27 18:48:31+01;1349
2016-12-27 20:21:31+01;1329
2016-12-27 22:18:31+01;1479
2016-12-27 23:12:31+01;1459
2016-12-28 05:18:31+01;1419
2016-12-28 10:48:31+01;1399
2016-12-28 10:57:31+01;1389
2016-12-28 11:33:31+01;1379
2016-12-28 12:42:31+01;1399
2016-12-28 14:12:31+01;1379
2016-12-28 15:18:31+01;1359
2016-12-28 20:09:31+01;1329
2016-12-28 22:24:31+01;1479
2016-12-28 23:12:31+01;1449
2016-12-29 05:57:31+01;1419
2016-12-29 08:48:31+01;1399
2016-12-29 11:00:31+01;1399
2016-12-29 11:48:31+01;1379
2016-12-29 12:42:31+01;1399
2016-12-29 13:57:31+01;1389
2016-12-29 14:12:31+01;1369
2016-12-29 18:12:31+01;1369
2016-12-29 18:33:32+01;1339
2016-12-29 21:12:31+01;1329
2016-12-29 22:12:31+01;1339
2016-12-29 22:24:31+01;1489
2016-12-29 23:12:31+01;1449
2016-12-30 06:18:31+01;1419
2016-12-30 07:42:31+01;1409
2016-12-30 11:00:31+01;1399
2016-12-30 11:54:31+01;1389
2016-12-30 12:45:31+01;1409
2016-12-30 13:54:31+01;1399
2016-12-30 14:51:31+01;1399
2016-12-30 15:42:31+01;1379
2016-12-30 17:18:31+01;1359
2016-12-30 18:24:31+01;1339
2016-12-30 22:24:31+01;1489
2016-12-30 23:12:31+01;1459
2016-12-31 06:54:31+01;1429
2016-12-31 08:39:31+01;1349
2016-12-31 12:39:31+01;1369
2016-12-31 16:36:31+01;1339
2016-12-31 22:18:31+01;1489
2016-12-31 23:18:31+01;1459
2017-01-02 09:57:31+01;1419
2017-01-02 11:00:31+01;1389
2017-01-02 12:18:31+01;1419
2017-01-02 12:42:31+01;1429
2017-01-02 13:57:31+01;1429
2017-01-02 14:24:31+01;1409
2017-01-02 14:48:31+01;1389
2017-01-02 16:51:31+01;1369
2017-01-02 22:24:31+01;1489
2017-01-02 23:12:31+01;1459
2017-01-03 04:57:31+01;1429
2017-01-03 07:27:31+01;1429
2017-01-03 11:00:31+01;1389
2017-01-03 12:18:31+01;1429
2017-01-03 12:27:31+01;1329
2017-01-03 12:45:31+01;1349
2017-01-03 14:39:31+01;1329
2017-01-03 14:51:31+01;1349
2017-01-03 15:33:31+01;1329
2017-01-03 16:51:31+01;1329
2017-01-03 20:54:31+01;1329
2017-01-03 22:15:31+01;1339
2017-01-03 22:24:31+01;1479
2017-01-03 23:09:31+01;1419
2017-01-04 11:00:31+01;1399
2017-01-04 12:18:31+01;1399
2017-01-04 12:27:31+01;1459
2017-01-04 12:39:31+01;1439
2017-01-04 12:48:31+01;1419
2017-01-04 13:57:31+01;1399
2017-01-04 16:48:31+01;1379
2017-01-04 18:27:31+01;1379
2017-01-04 19:12:31+01;1359
2017-01-04 21:12:31+01;1339
2017-01-04 22:12:31+01;1359
2017-01-04 22:18:31+01;1489
2017-01-04 23:18:31+01;1449
2017-01-05 07:42:31+01;1429
2017-01-05 10:42:31+01;1409
2017-01-05 11:00:31+01;1389
2017-01-05 12:45:31+01;1429
2017-01-05 14:51:31+01;1399
2017-01-05 15:54:31+01;1379
2017-01-05 16:48:31+01;1369
2017-01-05 19:27:31+01;1359
2017-01-05 20:27:31+01;1339
2017-01-05 22:18:31+01;1489
2017-01-05 23:18:31+01;1429
2017-01-06 07:57:31+01;1379
2017-01-06 11:00:31+01;1379
2017-01-06 12:42:31+01;1399
2017-01-06 16:51:31+01;1369
2017-01-06 18:57:31+01;1359
2017-01-06 21:09:31+01;1359
2017-01-06 22:12:31+01;1359
2017-01-06 22:21:31+01;1489
2017-01-06 23:18:31+01;1449
2017-01-07 07:18:31+01;1429
2017-01-07 09:42:31+01;1419
2017-01-07 11:00:31+01;1389
2017-01-07 12:18:31+01;1399
2017-01-07 12:42:31+01;1419
2017-01-07 14:48:31+01;1389
2017-01-07 14:54:31+01;1389
2017-01-07 16:48:31+01;1369
2017-01-07 20:12:31+01;1359
2017-01-07 22:18:31+01;1489
2017-01-07 23:12:31+01;1449
2017-01-08 07:57:31+01;1449
2017-01-08 11:24:31+01;1389
2017-01-08 12:45:31+01;1449
2017-01-08 12:54:31+01;1469
2017-01-08 13:03:31+01;1429
2017-01-08 14:48:31+01;1389
2017-01-08 16:48:31+01;1369
2017-01-08 22:18:31+01;1489
2017-01-08 23:18:31+01;1469
2017-01-09 08:24:31+01;1429
2017-01-09 10:00:31+01;1419
2017-01-09 11:06:31+01;1389
2017-01-09 12:48:31+01;1429
2017-01-09 14:54:31+01;1389
2017-01-09 16:48:31+01;1369
2017-01-09 20:27:31+01;1369
2017-01-09 22:24:31+01;1479
2017-01-09 23:12:31+01;1449
2017-01-10 07:18:31+01;1439
2017-01-10 07:42:31+01;1419
2017-01-10 11:03:31+01;1399
2017-01-10 12:48:31+01;1429
2017-01-10 14:54:31+01;1399
2017-01-10 15:18:31+01;1389
2017-01-10 16:48:31+01;1379
2017-01-10 19:24:31+01;1349
2017-01-10 22:24:31+01;1479
2017-01-10 23:18:31+01;1439
2017-01-11 07:33:31+01;1429
2017-01-11 09:18:31+01;1419
2017-01-11 09:54:31+01;1409
2017-01-11 11:00:31+01;1379
2017-01-11 12:54:31+01;1419
2017-01-11 14:03:31+01;1409
2017-01-11 14:33:31+01;1379
2017-01-11 16:48:31+01;1359
2017-01-11 22:18:31+01;1479
2017-01-11 23:18:31+01;1459
2017-01-12 06:18:31+01;1439
2017-01-12 08:03:31+01;1429
2017-01-12 09:57:31+01;1409
2017-01-12 11:00:31+01;1379
2017-01-12 12:48:31+01;1419
2017-01-12 14:51:31+01;1379
2017-01-12 16:51:31+01;1359
2017-01-12 22:24:31+01;1489
2017-01-12 23:12:31+01;1449
2017-01-13 06:09:31+01;1429
2017-01-13 08:03:31+01;1399
2017-01-13 10:57:31+01;1389
2017-01-13 12:48:31+01;1419
2017-01-13 14:12:31+01;1409
2017-01-13 14:33:31+01;1389
2017-01-13 14:48:31+01;1389
2017-01-13 15:03:31+01;1319
2017-01-13 16:51:31+01;1319
2017-01-13 19:33:31+01;1319
2017-01-13 22:24:31+01;1479
2017-01-13 23:18:31+01;1419
2017-01-14 07:03:31+01;1409
2017-01-14 10:33:31+01;1379
2017-01-14 12:48:31+01;1399
2017-01-14 14:03:31+01;1389
2017-01-14 14:18:31+01;1379
2017-01-14 14:51:31+01;1369
2017-01-14 20:27:31+01;1359
2017-01-14 22:21:31+01;1489
2017-01-14 23:12:31+01;1449
2017-01-15 08:09:31+01;1439
2017-01-15 10:24:31+01;1419
2017-01-15 12:48:31+01;1439
2017-01-15 14:24:31+01;1419
2017-01-15 14:51:31+01;1379
2017-01-15 22:39:31+01;1489
2017-01-15 23:18:31+01;1449
2017-01-16 07:18:31+01;1439
2017-01-16 08:24:31+01;1439
2017-01-16 10:00:31+01;1429
2017-01-16 11:09:31+01;1399
2017-01-16 12:48:31+01;1439
2017-01-16 13:54:31+01;1429
2017-01-16 14:51:31+01;1399
2017-01-16 16:42:31+01;1389
2017-01-16 16:51:31+01;1379
2017-01-16 20:03:31+01;1369
2017-01-16 22:21:31+01;1489
2017-01-16 23:18:31+01;1459
2017-01-17 07:12:31+01;1439
2017-01-17 07:54:31+01;1389
2017-01-17 11:03:31+01;1389
2017-01-17 12:39:31+01;1389
2017-01-17 12:48:31+01;1409
2017-01-17 14:18:31+01;1399
2017-01-17 14:48:31+01;1389
2017-01-17 15:03:31+01;1379
2017-01-17 17:09:31+01;1369
2017-01-17 22:18:31+01;1489
2017-01-17 23:12:31+01;1449
2017-01-18 07:24:31+01;1429
2017-01-18 07:39:31+01;1389
2017-01-18 11:00:31+01;1389
2017-01-18 12:48:31+01;1409
2017-01-18 14:18:31+01;1399
2017-01-18 14:48:31+01;1399
2017-01-18 15:12:31+01;1379
2017-01-18 16:54:31+01;1379
2017-01-18 17:12:31+01;1369
2017-01-18 18:36:31+01;1359
2017-01-18 22:24:31+01;1489
2017-01-18 23:12:31+01;1459
2017-01-19 04:54:31+01;1439
2017-01-19 06:57:31+01;1429
2017-01-19 09:54:31+01;1419
2017-01-19 10:39:31+01;1349
2017-01-19 12:48:31+01;1369
2017-01-19 14:33:31+01;1349
2017-01-19 22:18:31+01;1479
2017-01-19 23:18:31+01;1459
2017-01-20 04:57:31+01;1439
2017-01-20 06:33:31+01;1429
2017-01-20 09:54:31+01;1419
2017-01-20 11:00:31+01;1389
2017-01-20 12:42:31+01;1429
2017-01-20 14:33:31+01;1409
2017-01-20 14:54:31+01;1389
2017-01-20 16:33:31+01;1379
2017-01-20 16:51:31+01;1369
2017-01-20 21:12:31+01;1359
2017-01-20 22:18:31+01;1479
2017-01-20 23:18:31+01;1469
2017-01-21 05:51:31+01;1449
2017-01-21 07:18:31+01;1439
2017-01-21 07:57:31+01;1429
2017-01-21 09:18:31+01;1419
2017-01-21 10:57:31+01;1389
2017-01-21 12:48:31+01;1429
2017-01-21 14:09:31+01;1419
2017-01-21 14:54:31+01;1389
2017-01-21 17:24:31+01;1359
2017-01-21 18:33:31+01;1339
2017-01-21 22:24:31+01;1479
2017-01-21 23:12:32+01;1469
2017-01-22 08:12:31+01;1429
2017-01-22 10:42:31+01;1349
2017-01-22 12:45:31+01;1369
2017-01-22 14:39:31+01;1349
2017-01-22 22:18:31+01;1479
2017-01-22 23:12:31+01;1469
2017-01-23 06:57:31+01;1429
2017-01-23 09:54:31+01;1349
2017-01-23 12:48:31+01;1369
2017-01-23 16:27:31+01;1349
2017-01-23 22:27:31+01;1489
2017-01-23 23:15:31+01;1439
2017-01-24 08:12:31+01;1429
2017-01-24 10:00:31+01;1419
2017-01-24 11:00:31+01;1389
2017-01-24 12:48:31+01;1429
2017-01-24 13:54:31+01;1419
2017-01-24 14:18:31+01;1409
2017-01-24 14:51:31+01;1389
2017-01-24 17:12:31+01;1369
2017-01-24 22:24:31+01;1479
2017-01-24 23:12:31+01;1449
2017-01-25 05:33:31+01;1439
2017-01-25 08:18:31+01;1429
2017-01-26 00:24:31+01;1409
2017-01-26 08:21:31+01;1409
2017-01-26 09:48:31+01;1319
2017-01-26 10:27:31+01;1399
2017-01-26 10:54:31+01;1319
2017-01-26 11:27:31+01;1399
2017-01-26 11:54:31+01;1319
2017-01-26 12:54:31+01;1359
2017-01-26 14:27:31+01;1359
2017-01-26 16:54:31+01;1359
2017-01-26 20:09:31+01;1359
2017-01-26 22:24:31+01;1489
2017-01-26 23:18:31+01;1449
2017-01-27 06:33:31+01;1439
2017-01-27 09:15:31+01;1419
2017-01-27 11:00:31+01;1389
2017-01-27 12:54:32+01;1419
2017-01-27 14:03:31+01;1409
2017-01-27 14:54:31+01;1389
2017-01-27 15:12:31+01;1389
2017-01-27 15:57:31+01;1369
2017-01-27 19:39:31+01;1359
2017-01-27 22:18:31+01;1489
2017-01-27 23:18:31+01;1449
2017-01-28 08:18:31+01;1429
2017-01-28 10:57:31+01;1419
2017-01-28 11:15:31+01;1389
2017-01-28 12:51:31+01;1429
2017-01-28 14:18:31+01;1409
2017-01-28 14:51:31+01;1389
2017-01-28 16:42:31+01;1369
2017-01-28 20:18:31+01;1349
2017-01-28 22:18:31+01;1489
2017-01-28 23:18:31+01;1439
2017-01-29 10:18:31+01;1429
2017-01-29 10:48:31+01;1389
2017-01-29 12:45:31+01;1429
2017-01-29 14:42:31+01;1399
2017-01-29 15:09:32+01;1389
2017-01-29 17:18:31+01;1369
2017-01-29 22:24:31+01;1489
2017-01-29 23:12:31+01;1459
2017-01-30 08:09:31+01;1439
2017-01-30 09:03:31+01;1419
2017-01-30 09:48:31+01;1419
2017-01-30 11:00:31+01;1399
2017-01-30 12:45:31+01;1429
2017-01-30 14:48:31+01;1399
2017-01-30 16:24:31+01;1389
2017-01-30 16:51:31+01;1379
2017-01-30 18:12:31+01;1369
2017-01-30 22:24:31+01;1489
2017-01-30 23:12:31+01;1459
2017-01-31 06:42:31+01;1439
2017-01-31 07:18:31+01;1419
2017-01-31 10:39:31+01;1419
2017-01-31 11:03:31+01;1389
2017-01-31 12:24:31+01;1379
2017-01-31 12:48:31+01;1399
2017-01-31 14:51:31+01;1389
2017-01-31 15:18:31+01;1379
2017-01-31 15:33:31+01;1329
2017-01-31 16:48:31+01;1329
2017-01-31 22:18:31+01;1479
2017-01-31 23:18:31+01;1419
2017-02-01 06:18:31+01;1419
2017-02-01 07:18:31+01;1419
2017-02-01 08:03:31+01;1349
2017-02-01 12:45:31+01;1369
2017-02-01 14:12:31+01;1349
2017-02-01 14:33:31+01;1329
2017-02-01 18:39:31+01;1329
2017-02-01 22:24:31+01;1479
2017-02-01 23:12:31+01;1419
2017-02-02 07:48:31+01;1409
2017-02-02 11:03:31+01;1389
2017-02-02 12:45:31+01;1409
2017-02-02 14:27:31+01;1369
2017-02-02 14:51:31+01;1369
2017-02-02 16:48:31+01;1369
2017-02-02 19:03:31+01;1359
2017-02-02 20:12:31+01;1359
2017-02-02 22:18:31+01;1499
2017-02-02 23:12:31+01;1449
2017-02-03 07:27:31+01;1409
2017-02-03 11:00:31+01;1409
2017-02-03 12:51:31+01;1429
2017-02-03 14:24:31+01;1409
2017-02-03 16:39:31+01;1389
2017-02-03 16:51:31+01;1389
2017-02-03 17:57:31+01;1379
2017-02-03 20:18:31+01;1349
2017-02-03 22:18:31+01;1499
2017-02-03 23:18:31+01;1439
2017-02-04 07:18:31+01;1429
2017-02-04 10:18:31+01;1419
2017-02-04 11:18:31+01;1409
2017-02-04 12:51:31+01;1439
2017-02-04 14:12:31+01;1419
2017-02-04 14:54:31+01;1409
2017-02-04 16:24:31+01;1389
2017-02-04 18:18:31+01;1369
2017-02-04 22:18:31+01;1499
2017-02-04 23:18:31+01;1459
2017-02-05 08:12:31+01;1439
2017-02-05 10:03:31+01;1419
2017-02-05 11:03:31+01;1409
2017-02-05 12:54:31+01;1439
2017-02-05 14:39:31+01;1399
2017-02-05 16:48:31+01;1389
2017-02-05 16:57:31+01;1379
2017-02-05 22:18:31+01;1499
2017-02-05 23:18:31+01;1459
2017-02-06 06:42:32+01;1449
2017-02-06 07:12:31+01;1419
2017-02-06 11:27:31+01;1399
2017-02-06 12:54:31+01;1439
2017-02-06 13:18:31+01;1439
2017-02-06 14:09:32+01;1429
2017-02-06 14:21:31+01;1409
2017-02-06 14:48:31+01;1399
2017-02-06 16:57:31+01;1379
2017-02-06 22:22:31+01;1499
2017-02-06 23:18:31+01;1459
2017-02-07 07:39:31+01;1419
2017-02-07 11:03:31+01;1409
2017-02-07 12:39:32+01;1419
2017-02-07 12:48:31+01;1439
2017-02-07 13:03:31+01;1439
2017-02-07 13:54:31+01;1429
2017-02-07 14:27:31+01;1409
2017-02-07 14:54:31+01;1409
2017-02-07 16:24:31+01;1399
2017-02-07 16:48:32+01;1389
2017-02-07 19:51:31+01;1379
2017-02-07 22:18:31+01;1489
2017-02-07 23:18:31+01;1449
2017-02-08 05:57:32+01;1379
2017-02-08 08:57:31+01;1369
2017-02-08 12:54:31+01;1389
2017-02-08 14:18:31+01;1359
2017-02-08 22:24:31+01;1489
2017-02-08 23:18:31+01;1459
2017-02-09 05:18:31+01;1449
2017-02-09 06:54:31+01;1449
2017-02-09 08:55:31+01;1429
2017-02-09 09:48:31+01;1419
2017-02-09 11:00:31+01;1389
2017-02-09 12:48:32+01;1429
2017-02-09 14:03:31+01;1409
2017-02-09 14:42:31+01;1389
2017-02-09 16:48:32+01;1369
2017-02-09 22:12:31+01;1499
2017-02-09 23:09:31+01;1469
2017-02-10 04:57:31+01;1449
2017-02-10 09:48:31+01;1429
2017-02-10 11:00:31+01;1399
2017-02-10 12:48:31+01;1439
2017-02-10 14:48:31+01;1399
2017-02-10 16:54:31+01;1379
2017-02-10 22:18:31+01;1519
2017-02-10 23:18:31+01;1469
2017-02-11 07:09:31+01;1449
2017-02-11 09:48:31+01;1429
2017-02-11 11:03:31+01;1399
2017-02-11 12:48:31+01;1439
2017-02-11 14:42:31+01;1399
2017-02-11 16:24:31+01;1379
2017-02-11 22:21:31+01;1519
2017-02-11 23:18:31+01;1469
2017-02-12 08:39:31+01;1449
2017-02-12 10:18:31+01;1449
2017-02-12 10:33:31+01;1419
2017-02-12 11:03:31+01;1399
2017-02-12 11:12:31+01;1419
2017-02-12 11:42:31+01;1399
2017-02-12 12:48:31+01;1439
2017-02-12 14:18:31+01;1409
2017-02-12 14:42:31+01;1399
2017-02-12 16:42:31+01;1379
2017-02-12 22:18:31+01;1519
2017-02-12 23:12:31+01;1469
2017-02-13 07:24:31+01;1419
2017-02-13 11:24:31+01;1409
2017-02-13 12:54:31+01;1429
2017-02-13 14:06:31+01;1419
2017-02-13 14:24:31+01;1399
2017-02-13 14:48:32+01;1399
2017-02-13 16:54:31+01;1389
2017-02-13 22:24:31+01;1509
2017-02-13 23:12:31+01;1479
2017-02-14 08:03:31+01;1419
2017-02-14 11:00:32+01;1409
2017-02-14 12:42:31+01;1439
2017-02-14 14:48:31+01;1409
2017-02-14 16:54:31+01;1389
2017-02-14 22:24:31+01;1509
2017-02-14 23:12:31+01;1479
2017-02-15 06:42:31+01;1419
2017-02-15 11:00:31+01;1409
2017-02-15 12:48:31+01;1439
2017-02-15 14:18:32+01;1419
2017-02-15 14:48:31+01;1409
2017-02-15 16:48:31+01;1389
2017-02-15 22:24:31+01;1509
2017-02-15 23:12:31+01;1479
2017-02-16 06:57:31+01;1419
2017-02-16 10:24:31+01;1409
2017-02-16 12:42:31+01;1439
2017-02-16 14:48:31+01;1409
2017-02-16 17:00:32+01;1389
2017-02-16 22:24:31+01;1509
2017-02-16 23:12:31+01;1479
2017-02-17 06:12:31+01;1469
2017-02-17 06:57:31+01;1419
2017-02-17 11:03:31+01;1409
2017-02-17 12:39:31+01;1419
2017-02-17 12:48:31+01;1439
2017-02-17 13:03:31+01;1439
2017-02-17 13:54:31+01;1429
2017-02-17 14:12:31+01;1409
2017-02-17 14:48:31+01;1409
2017-02-17 16:48:31+01;1389
2017-02-17 22:18:31+01;1499
2017-02-17 23:18:31+01;1469
2017-02-18 07:33:31+01;1419
2017-02-18 10:57:31+01;1409
2017-02-18 12:18:31+01;1399
2017-02-18 12:42:31+01;1409
2017-02-18 12:48:31+01;1419
2017-02-18 14:42:31+01;1399
2017-02-18 15:33:31+01;1379
2017-02-18 16:48:32+01;1379
2017-02-18 22:24:31+01;1499
2017-02-18 23:18:31+01;1469
2017-02-19 08:18:31+01;1419
2017-02-19 10:57:31+01;1409
2017-02-19 12:48:31+01;1439
2017-02-19 14:03:31+01;1409
2017-02-19 14:54:31+01;1409
2017-02-19 16:42:31+01;1389
2017-02-19 20:12:32+01;1389
2017-02-19 22:18:31+01;1499
2017-02-19 23:18:31+01;1469
2017-02-20 09:54:31+01;1429
2017-02-20 11:12:31+01;1399
2017-02-20 12:54:31+01;1439
2017-02-20 14:33:31+01;1429
2017-02-20 14:54:31+01;1409
2017-02-20 18:09:31+01;1379
2017-02-20 22:27:31+01;1489
2017-02-20 23:18:31+01;1479
2017-02-21 07:27:31+01;1449
2017-02-21 09:54:31+01;1439
2017-02-21 10:39:31+01;1419
2017-02-21 11:00:31+01;1409
2017-02-21 12:48:31+01;1439
2017-02-21 13:57:31+01;1409
2017-02-21 14:48:31+01;1409
2017-02-21 16:48:31+01;1389
2017-02-21 18:18:31+01;1359
2017-02-21 20:18:31+01;1349
2017-02-21 20:33:31+01;1349
2017-02-21 22:24:31+01;1489
2017-02-21 23:18:31+01;1439
2017-02-22 04:54:31+01;1439
2017-02-22 11:00:31+01;1409
2017-02-22 12:18:31+01;1409
2017-02-22 12:48:31+01;1429
2017-02-22 14:39:31+01;1419
2017-02-22 14:48:31+01;1409
2017-02-22 15:39:31+01;1399
2017-02-22 16:54:31+01;1389
2017-02-22 17:57:31+01;1359
2017-02-22 19:48:31+01;1359
2017-02-22 22:54:31+01;1499
2017-02-22 23:12:31+01;1479
2017-02-23 04:54:31+01;1449
2017-02-23 10:33:31+01;1409
2017-02-23 11:54:31+01;1409
2017-02-23 12:09:31+01;1389
2017-02-23 16:42:31+01;1379
2017-02-23 16:48:31+01;1389
2017-02-23 17:09:31+01;1379
2017-02-23 17:24:31+01;1359
2017-02-23 18:33:31+01;1359
2017-02-23 22:18:31+01;1499
2017-02-23 23:18:31+01;1449
2017-02-24 07:54:31+01;1439
2017-02-24 09:39:31+01;1439
2017-02-24 11:00:31+01;1419
2017-02-24 12:27:31+01;1389
2017-02-24 12:39:31+01;1389
2017-02-24 12:45:31+01;1409
2017-02-24 14:48:31+01;1409
2017-02-24 15:15:32+01;1399
2017-02-24 15:54:31+01;1369
2017-02-24 18:27:31+01;1359
2017-02-24 22:18:31+01;1499
2017-02-24 23:18:31+01;1469
2017-02-25 05:54:31+01;1449
2017-02-25 08:24:31+01;1439
2017-02-25 11:03:31+01;1419
2017-02-25 12:42:31+01;1439
2017-02-25 12:54:31+01;1459
2017-02-25 14:39:31+01;1419
2017-02-25 14:54:31+01;1419
2017-02-25 16:24:31+01;1399
2017-02-25 17:09:31+01;1379
2017-02-25 18:09:31+01;1379
2017-02-25 22:24:31+01;1499
2017-02-25 23:12:31+01;1469
2017-02-26 08:54:31+01;1449
2017-02-26 11:04:31+01;1439
2017-02-26 14:57:31+01;1419
2017-02-26 15:42:31+01;1379
2017-02-26 18:57:31+01;1359
2017-02-26 22:18:31+01;1499
2017-02-27 05:54:31+01;1449
2017-02-27 07:57:31+01;1429
2017-02-27 11:00:31+01;1409
2017-02-27 12:48:31+01;1439
2017-02-27 13:54:31+01;1399
2017-02-27 14:48:31+01;1399
2017-02-27 15:48:31+01;1359
2017-02-27 18:27:31+01;1359
2017-02-27 18:54:31+01;1349
2017-02-27 22:18:31+01;1489
2017-02-27 23:18:31+01;1469
2017-02-28 05:42:31+01;1439
2017-02-28 06:54:31+01;1439
2017-02-28 07:33:31+01;1439
2017-02-28 08:12:31+01;1419
2017-02-28 11:00:31+01;1409
2017-02-28 12:52:31+01;1429
2017-02-28 14:03:31+01;1419
2017-02-28 14:48:31+01;1409
2017-02-28 15:12:31+01;1399
2017-02-28 16:48:31+01;1389
2017-02-28 18:24:31+01;1369
2017-02-28 22:18:31+01;1489
2017-02-28 22:33:31+01;1389
2017-02-28 23:12:31+01;1469
2017-03-01 06:42:31+01;1459
2017-03-01 06:54:31+01;1399
2017-03-01 12:48:31+01;1419
2017-03-01 14:48:31+01;1409
2017-03-01 15:03:31+01;1389
2017-03-01 18:54:31+01;1379
2017-03-01 19:39:31+01;1359
2017-03-01 22:18:31+01;1479
2017-03-01 23:18:31+01;1469
2017-03-02 06:24:31+01;1449
2017-03-02 08:42:31+01;1439
2017-03-02 10:42:31+01;1419
2017-03-02 11:03:31+01;1409
2017-03-02 12:12:32+01;1379
2017-03-02 12:48:31+01;1399
2017-03-02 14:33:31+01;1379
2017-03-02 18:24:31+01;1369
2017-03-02 22:24:31+01;1479
2017-03-02 23:09:31+01;1469
2017-03-03 06:48:31+01;1459
2017-03-03 07:54:31+01;1429
2017-03-03 09:42:31+01;1409
2017-03-03 10:03:31+01;1379
2017-03-03 12:54:31+01;1399
2017-03-03 13:39:31+01;1389
2017-03-03 15:00:31+01;1379
2017-03-03 17:03:31+01;1369
2017-03-03 17:39:31+01;1359
2017-03-03 22:24:31+01;1479
2017-03-03 23:12:31+01;1469
2017-03-04 06:03:31+01;1449
2017-03-04 08:12:31+01;1429
2017-03-04 09:54:31+01;1419
2017-03-04 10:54:31+01;1389
2017-03-04 12:42:31+01;1429
2017-03-04 14:24:31+01;1369
2017-03-04 19:33:31+01;1369
2017-03-04 22:30:31+01;1479
2017-03-04 23:09:31+01;1469
2017-03-05 07:03:31+01;1469
2017-03-05 08:42:31+01;1429
2017-03-05 10:03:32+01;1419
2017-03-05 11:00:31+01;1389
2017-03-05 12:48:31+01;1429
2017-03-05 14:18:31+01;1389
2017-03-05 14:27:31+01;1389
2017-03-05 14:48:31+01;1359
2017-03-05 16:24:31+01;1359
2017-03-05 17:48:31+01;1359
2017-03-05 20:03:31+01;1359
2017-03-05 22:18:31+01;1479
2017-03-05 23:12:31+01;1469
2017-03-06 05:03:31+01;1449
2017-03-06 07:33:31+01;1429
2017-03-06 09:57:31+01;1419
2017-03-06 10:42:31+01;1419
2017-03-06 11:45:31+01;1389
2017-03-06 12:48:31+01;1449
2017-03-06 13:06:31+01;1429
2017-03-06 14:12:31+01;1399
2017-03-06 14:42:31+01;1389
2017-03-06 17:39:31+01;1369
2017-03-06 18:12:31+01;1359
2017-03-06 19:54:31+01;1349
2017-03-06 22:18:32+01;1469
2017-03-06 23:12:31+01;1469
2017-03-07 07:03:31+01;1439
2017-03-07 08:33:31+01;1429
2017-03-07 09:48:31+01;1409
2017-03-07 11:12:31+01;1409
2017-03-07 11:18:31+01;1379
2017-03-07 12:48:31+01;1419
2017-03-07 14:54:31+01;1379
2017-03-07 16:57:31+01;1379
2017-03-07 17:03:31+01;1359
2017-03-07 17:39:31+01;1359
2017-03-07 18:39:31+01;1359
2017-03-07 20:12:31+01;1349
2017-03-07 22:24:31+01;1469
2017-03-07 23:12:31+01;1459
2017-03-08 04:57:31+01;1429
2017-03-08 07:12:31+01;1429
2017-03-08 10:00:31+01;1419
2017-03-08 10:57:31+01;1419
2017-03-08 11:15:31+01;1389
2017-03-08 12:48:31+01;1429
2017-03-08 13:54:31+01;1429
2017-03-08 14:18:31+01;1429
2017-03-08 14:33:31+01;1409
2017-03-08 15:09:31+01;1389
2017-03-08 16:24:31+01;1389
2017-03-08 16:54:31+01;1369
2017-03-08 18:12:31+01;1369
2017-03-08 19:03:31+01;1369
2017-03-08 22:24:31+01;1479
2017-03-08 23:12:31+01;1449
2017-03-09 04:54:31+01;1429
2017-03-09 07:42:31+01;1419
2017-03-09 08:03:31+01;1399
2017-03-09 09:57:31+01;1369
2017-03-09 12:45:32+01;1389
2017-03-09 14:54:31+01;1369
2017-03-09 17:54:31+01;1359
2017-03-09 20:12:31+01;1349
2017-03-09 22:18:31+01;1479
2017-03-09 23:09:31+01;1449
2017-03-10 04:54:31+01;1439
2017-03-10 08:33:31+01;1369
2017-03-10 12:33:31+01;1359
2017-03-10 12:42:31+01;1379
2017-03-10 14:12:31+01;1369
2017-03-10 17:18:31+01;1359
2017-03-10 19:15:31+01;1349
2017-03-10 22:18:31+01;1459
2017-03-10 23:12:32+01;1449
2017-03-11 08:24:31+01;1439
2017-03-11 09:48:31+01;1409
2017-03-11 11:09:31+01;1379
2017-03-11 12:45:31+01;1419
2017-03-11 14:15:31+01;1379
2017-03-11 14:54:31+01;1369
2017-03-11 16:24:31+01;1359
2017-03-11 22:18:31+01;1459
2017-03-11 23:12:31+01;1449
2017-03-12 08:00:32+01;1419
2017-03-12 08:48:31+01;1419
2017-03-12 10:24:31+01;1379
2017-03-12 12:48:31+01;1419
2017-03-12 14:18:31+01;1379
2017-03-12 14:45:31+01;1369
2017-03-12 15:18:31+01;1359
2017-03-12 18:24:31+01;1349
2017-03-12 18:33:31+01;1329
2017-03-12 22:18:31+01;1459
2017-03-12 23:12:31+01;1449
2017-03-13 06:18:31+01;1419
2017-03-13 09:54:31+01;1409
2017-03-13 11:03:31+01;1379
2017-03-13 12:45:31+01;1399
2017-03-13 14:33:31+01;1379
2017-03-13 14:51:31+01;1379
2017-03-13 16:51:31+01;1359
2017-03-13 20:33:31+01;1349
2017-03-13 22:24:31+01;1439
2017-03-13 23:15:31+01;1449
2017-03-14 06:30:32+01;1429
2017-03-14 07:39:31+01;1409
2017-03-14 09:48:31+01;1389
2017-03-14 11:03:31+01;1359
2017-03-14 12:48:31+01;1399
2017-03-14 14:33:31+01;1389
2017-03-14 14:54:31+01;1359
2017-03-14 16:51:31+01;1339
2017-03-14 22:24:32+01;1449
2017-03-14 23:15:31+01;1439
2017-03-15 06:24:31+01;1419
2017-03-15 07:57:31+01;1409
2017-03-15 09:54:31+01;1389
2017-03-15 11:03:31+01;1359
2017-03-15 12:48:31+01;1389
2017-03-15 13:54:31+01;1389
2017-03-15 14:48:31+01;1359
2017-03-15 16:54:31+01;1339
2017-03-15 21:12:31+01;1329
2017-03-15 22:12:31+01;1339
2017-03-15 22:18:31+01;1429
2017-03-16 00:27:31+01;1429
2017-03-16 05:03:31+01;1419
2017-03-16 06:12:31+01;1409
2017-03-16 07:24:31+01;1339
2017-03-16 12:51:31+01;1369
2017-03-16 14:39:31+01;1339
2017-03-16 18:54:31+01;1329
2017-03-16 22:21:31+01;1419
2017-03-16 23:12:31+01;1439
2017-03-17 05:18:31+01;1419
2017-03-17 07:33:31+01;1399
2017-03-17 08:18:31+01;1399
2017-03-17 09:39:31+01;1389
2017-03-17 10:00:31+01;1389
2017-03-17 11:00:31+01;1359
2017-03-17 12:45:31+01;1399
2017-03-17 14:15:31+01;1399
2017-03-17 14:33:31+01;1359
2017-03-17 17:09:31+01;1339
2017-03-17 22:18:31+01;1429
2017-03-17 23:12:31+01;1419
2017-03-18 08:18:31+01;1419
2017-03-18 09:15:31+01;1399
2017-03-18 09:42:31+01;1389
2017-03-18 11:00:31+01;1359
2017-03-18 12:45:32+01;1399
2017-03-18 14:18:31+01;1349
2017-03-18 18:03:31+01;1339
2017-03-18 19:03:32+01;1319
2017-03-18 22:33:31+01;1409
2017-03-18 23:13:31+01;1409
2017-03-18 23:17:31+01;1419
2017-03-19 07:00:32+01;1409
2017-03-19 09:03:31+01;1409
2017-03-19 09:48:31+01;1359
2017-03-19 12:48:31+01;1399
2017-03-19 14:15:31+01;1339
2017-03-19 14:18:31+01;1329
2017-03-19 16:39:31+01;1309
2017-03-19 18:30:31+01;1299
2017-03-19 20:33:31+01;1289
2017-03-19 22:18:31+01;1379
2017-03-19 23:15:32+01;1419
2017-03-20 05:03:31+01;1379
2017-03-20 05:39:31+01;1379
2017-03-20 11:00:31+01;1359
2017-03-20 12:45:31+01;1389
2017-03-20 14:18:31+01;1379
2017-03-20 14:51:31+01;1359
2017-03-20 16:30:31+01;1359
2017-03-20 17:00:31+01;1339
2017-03-20 19:24:31+01;1289
2017-03-20 22:18:31+01;1379
2017-03-20 23:15:31+01;1419
2017-03-21 05:18:31+01;1379
2017-03-21 11:00:31+01;1359
2017-03-21 12:51:31+01;1379
2017-03-21 14:15:31+01;1369
2017-03-21 14:51:31+01;1359
2017-03-21 15:09:32+01;1349
2017-03-21 15:45:31+01;1329
2017-03-21 16:51:31+01;1329
2017-03-21 18:33:31+01;1309
2017-03-21 22:18:31+01;1399
2017-03-21 23:18:31+01;1419
2017-03-22 05:24:31+01;1399
2017-03-22 10:03:31+01;1399
2017-03-22 11:00:31+01;1369
2017-03-22 12:18:31+01;1359
2017-03-22 12:45:31+01;1389
2017-03-22 14:00:31+01;1369
2017-03-22 14:24:31+01;1339
2017-03-22 16:48:31+01;1339
2017-03-22 18:18:31+01;1329
2017-03-22 22:18:31+01;1419
2017-03-23 06:39:31+01;1399
2017-03-23 09:48:31+01;1379
2017-03-23 10:45:31+01;1359
2017-03-23 11:03:31+01;1359
2017-03-23 12:33:32+01;1339
2017-03-23 12:39:31+01;1359
2017-03-23 12:48:31+01;1369
2017-03-23 14:33:31+01;1339
2017-03-23 14:48:31+01;1339
2017-03-23 16:54:31+01;1339
2017-03-23 17:18:31+01;1329
2017-03-23 18:03:31+01;1319
2017-03-23 20:15:31+01;1309
2017-03-23 22:24:31+01;1399
2017-03-23 23:15:31+01;1419
2017-03-24 05:33:31+01;1399
2017-03-24 08:33:31+01;1389
2017-03-24 09:18:31+01;1389
2017-03-24 09:48:31+01;1379
2017-03-24 09:54:31+01;1359
2017-03-24 12:48:31+01;1399
2017-03-24 14:24:31+01;1379
2017-03-24 14:33:31+01;1359
2017-03-24 16:18:31+01;1339
2017-03-24 17:03:31+01;1329
2017-03-24 19:00:31+01;1299
2017-03-24 22:18:31+01;1389
2017-03-25 09:45:31+01;1389
2017-03-25 11:15:31+01;1359
2017-03-25 12:45:31+01;1399
2017-03-25 14:00:31+01;1379
2017-03-25 14:18:31+01;1349
2017-03-25 14:24:31+01;1349
2017-03-25 16:27:31+01;1329
2017-03-25 16:30:31+01;1329
2017-03-25 18:24:31+01;1309
2017-03-25 22:18:31+01;1399
2017-03-26 10:03:31+02;1319
2017-03-26 12:48:31+02;1349
2017-03-26 13:03:31+02;1319
2017-03-26 13:45:31+02;1349
2017-03-26 14:42:31+02;1319
2017-03-26 16:03:31+02;1309
2017-03-26 21:03:31+02;1299
2017-03-26 22:12:31+02;1309
2017-03-26 23:24:31+02;1389
2017-03-27 09:54:31+02;1389
2017-03-27 11:00:32+02;1359
2017-03-27 11:57:31+02;1349
2017-03-27 12:36:31+02;1359
2017-03-27 12:48:32+02;1379
2017-03-27 14:18:32+02;1369
2017-03-27 14:39:31+02;1369
2017-03-27 14:48:31+02;1359
2017-03-27 14:57:31+02;1339
2017-03-27 16:48:31+02;1339
2017-03-27 18:18:31+02;1329
2017-03-27 19:03:31+02;1309
2017-03-27 22:24:31+02;1399
2017-03-28 06:54:31+02;1399
2017-03-28 07:42:31+02;1379
2017-03-28 09:57:31+02;1379
2017-03-28 11:03:31+02;1369
2017-03-28 11:54:31+02;1359
2017-03-28 12:42:31+02;1389
2017-03-28 14:48:31+02;1369
2017-03-28 15:39:31+02;1359
2017-03-28 17:03:31+02;1349
2017-03-28 20:54:31+02;1309
2017-03-28 22:15:31+02;1349
2017-03-28 22:24:31+02;1399
2017-03-28 23:12:31+02;1429
2017-03-29 05:03:31+02;1399
2017-03-29 06:42:31+02;1399
2017-03-29 08:18:31+02;1379
2017-03-29 10:33:31+02;1359
2017-03-29 11:00:31+02;1359
2017-03-29 12:45:31+02;1389
2017-03-29 14:18:31+02;1359
2017-03-29 14:51:31+02;1359
2017-03-29 15:12:31+02;1339
2017-03-29 16:48:31+02;1339
2017-03-29 17:48:31+02;1329
2017-03-29 18:42:31+02;1319
2017-03-29 20:03:31+02;1309
2017-03-29 22:24:31+02;1399
2017-03-29 23:12:31+02;1429
2017-03-30 05:24:31+02;1389
2017-03-30 07:03:31+02;1389
2017-03-30 10:42:32+02;1349
2017-03-30 11:42:31+02;1339
2017-03-30 12:39:31+02;1349
2017-03-30 12:48:31+02;1369
2017-03-30 15:03:31+02;1339
2017-03-30 18:33:31+02;1329
2017-03-30 22:18:31+02;1429
2017-03-31 06:57:31+02;1429
2017-03-31 07:18:31+02;1399
2017-03-31 08:12:31+02;1389
2017-03-31 09:57:31+02;1389
2017-03-31 11:03:31+02;1379
2017-03-31 11:39:31+02;1349
2017-03-31 12:42:31+02;1379
2017-03-31 12:48:31+02;1379
2017-03-31 14:24:31+02;1369
2017-03-31 14:54:31+02;1349
2017-03-31 16:18:31+02;1349
2017-03-31 18:54:31+02;1339
2017-03-31 22:24:31+02;1429
2017-04-01 05:30:31+02;1429
2017-04-01 08:57:31+02;1389
2017-04-01 10:42:31+02;1359
2017-04-01 12:03:31+02;1349
2017-04-01 12:42:31+02;1359
2017-04-01 12:54:31+02;1379
2017-04-01 14:12:31+02;1349
2017-04-01 15:57:31+02;1339
2017-04-01 22:18:31+02;1429
2017-04-02 08:18:31+02;1419
2017-04-02 09:12:31+02;1399
2017-04-02 10:24:31+02;1379
2017-04-02 10:42:31+02;1359
2017-04-02 11:48:31+02;1349
2017-04-02 12:48:31+02;1379
2017-04-02 13:54:31+02;1349
2017-04-02 14:39:31+02;1329
2017-04-02 20:09:31+02;1319
2017-04-02 22:24:31+02;1409
2017-04-03 07:33:31+02;1329
2017-04-03 12:48:32+02;1359
2017-04-03 14:33:31+02;1329
2017-04-03 18:39:31+02;1319
2017-04-03 22:18:31+02;1409
2017-04-03 23:12:31+02;1459
2017-04-04 05:57:31+02;1409
2017-04-04 07:57:31+02;1389
2017-04-04 10:42:31+02;1389
2017-04-04 11:09:31+02;1369
2017-04-04 12:48:31+02;1399
2017-04-04 14:18:31+02;1349
2017-04-04 16:39:31+02;1349
2017-04-04 16:54:31+02;1339
2017-04-04 19:03:31+02;1329
2017-04-04 22:24:31+02;1419
2017-04-04 23:12:31+02;1459
2017-04-05 06:03:31+02;1419
2017-04-05 07:57:31+02;1409
2017-04-05 09:18:31+02;1399
2017-04-05 10:24:31+02;1379
2017-04-05 10:57:31+02;1369
2017-04-05 11:42:31+02;1349
2017-04-05 12:48:31+02;1379
2017-04-05 14:27:31+02;1379
2017-04-05 14:45:31+02;1349
2017-04-05 18:24:32+02;1329
2017-04-05 22:18:31+02;1429
2017-04-06 05:54:31+02;1419
2017-04-06 07:42:31+02;1409
2017-04-06 09:18:31+02;1399
2017-04-06 12:48:31+02;1389
2017-04-06 14:18:31+02;1359
2017-04-06 17:24:31+02;1339
2017-04-06 18:45:32+02;1329
2017-04-06 22:24:31+02;1419
2017-04-06 23:12:31+02;1459
2017-04-07 06:12:31+02;1419
2017-04-07 09:12:31+02;1359
2017-04-07 12:42:31+02;1389
2017-04-07 13:57:31+02;1379
2017-04-07 14:42:31+02;1359
2017-04-07 18:33:31+02;1339
2017-04-07 22:18:31+02;1429
2017-04-07 23:12:31+02;1469
2017-04-08 05:54:31+02;1429
2017-04-08 06:57:32+02;1429
2017-04-08 09:54:31+02;1389
2017-04-08 10:57:31+02;1389
2017-04-08 11:54:31+02;1379
2017-04-08 12:42:31+02;1389
2017-04-08 12:48:31+02;1409
2017-04-08 14:12:31+02;1389
2017-04-08 15:03:31+02;1369
2017-04-08 18:18:31+02;1369
2017-04-08 21:18:31+02;1359
2017-04-08 22:12:31+02;1369
2017-04-08 22:24:31+02;1459
2017-04-08 23:18:31+02;1469
2017-04-09 07:03:31+02;1429
2017-04-09 09:54:31+02;1409
2017-04-09 11:00:31+02;1399
2017-04-09 11:54:31+02;1389
2017-04-09 13:27:31+02;1399
2017-04-09 13:57:31+02;1389
2017-04-09 14:18:31+02;1369
2017-04-09 14:54:31+02;1359
2017-04-09 16:03:31+02;1339
2017-04-09 22:18:31+02;1429
2017-04-09 23:12:31+02;1469
2017-04-10 05:03:31+02;1429
2017-04-10 07:00:31+02;1429
2017-04-10 08:48:31+02;1429
2017-04-10 08:57:31+02;1409
2017-04-10 09:24:31+02;1399
2017-04-10 09:48:31+02;1389
2017-04-10 12:49:31+02;1409
2017-04-10 14:00:31+02;1389
2017-04-10 14:27:31+02;1379
2017-04-10 15:24:31+02;1359
2017-04-10 18:39:31+02;1359
2017-04-10 20:42:31+02;1359
2017-04-10 22:24:31+02;1449
2017-04-11 04:57:31+02;1439
2017-04-11 07:57:31+02;1419
2017-04-11 09:12:31+02;1409
2017-04-11 09:57:31+02;1399
2017-04-11 10:09:31+02;1389
2017-04-11 11:42:31+02;1379
2017-04-11 12:48:31+02;1409
2017-04-11 16:48:32+02;1389
2017-04-11 18:39:31+02;1349
2017-04-11 22:24:31+02;1439
2017-04-12 07:46:31+02;1419
2017-04-12 08:03:31+02;1419
2017-04-12 08:42:31+02;1409
2017-04-12 10:03:31+02;1389
2017-04-12 11:48:31+02;1379
2017-04-12 12:45:31+02;1389
2017-04-12 12:48:31+02;1409
2017-04-12 15:24:31+02;1359
2017-04-12 19:03:32+02;1349
2017-04-12 22:24:31+02;1439
2017-04-13 07:12:31+02;1419
2017-04-13 08:24:31+02;1419
2017-04-13 08:57:31+02;1409
2017-04-13 09:33:31+02;1399
2017-04-13 10:03:31+02;1389
2017-04-13 11:33:31+02;1369
2017-04-13 12:45:31+02;1399
2017-04-13 14:24:31+02;1369
2017-04-13 19:03:31+02;1359
2017-04-13 21:03:31+02;1349
2017-04-13 22:12:31+02;1359
2017-04-13 22:24:31+02;1449
2017-04-14 08:33:31+02;1429
2017-04-14 09:18:31+02;1419
2017-04-14 10:39:31+02;1409
2017-04-14 10:57:31+02;1399
2017-04-14 11:12:31+02;1399
2017-04-14 11:39:31+02;1389
2017-04-14 12:39:31+02;1419
2017-04-14 14:03:31+02;1399
2017-04-14 14:18:31+02;1399
2017-04-14 14:30:31+02;1359
2017-04-14 15:24:31+02;1349
2017-04-14 15:57:31+02;1349
2017-04-14 17:18:31+02;1339
2017-04-14 22:18:31+02;1429
2017-04-15 06:18:31+02;1429
2017-04-15 09:27:31+02;1409
2017-04-15 10:39:31+02;1409
2017-04-15 11:12:31+02;1389
2017-04-15 11:54:32+02;1379
2017-04-15 12:39:31+02;1409
2017-04-15 14:03:31+02;1399
2017-04-15 15:03:31+02;1379
2017-04-15 15:57:31+02;1369
2017-04-15 19:58:31+02;1359
2017-04-15 22:18:31+02;1449
2017-04-16 07:42:31+02;1429
2017-04-16 10:18:31+02;1409
2017-04-16 10:54:31+02;1409
2017-04-16 11:00:31+02;1399
2017-04-16 11:33:31+02;1379
2017-04-16 12:45:31+02;1409
2017-04-16 14:18:32+02;1369
2017-04-16 15:24:32+02;1359
2017-04-16 22:12:31+02;1369
2017-04-16 22:24:32+02;1449
2017-04-17 08:12:31+02;1429
2017-04-17 09:54:31+02;1419
2017-04-17 10:51:31+02;1399
2017-04-17 12:09:31+02;1379
2017-04-17 12:42:32+02;1409
2017-04-17 14:15:31+02;1399
2017-04-17 14:24:31+02;1369
2017-04-17 15:18:31+02;1349
2017-04-17 16:24:31+02;1349
2017-04-17 16:57:31+02;1339
2017-04-17 22:21:31+02;1429
2017-04-18 04:57:31+02;1429
2017-04-18 08:24:31+02;1409
2017-04-18 08:54:31+02;1409
2017-04-18 09:18:31+02;1399
2017-04-18 09:54:31+02;1389
2017-04-18 11:39:31+02;1369
2017-04-18 12:48:31+02;1399
2017-04-18 14:24:31+02;1369
2017-04-18 18:27:31+02;1359
2017-04-18 19:39:31+02;1349
2017-04-18 22:12:31+02;1359
2017-04-18 22:24:31+02;1439
2017-04-19 07:42:31+02;1419
2017-04-19 09:12:31+02;1399
2017-04-19 10:09:31+02;1389
2017-04-19 11:42:31+02;1369
2017-04-19 12:48:31+02;1399
2017-04-19 15:18:31+02;1369
2017-04-19 17:33:32+02;1359
2017-04-19 20:57:31+02;1349
2017-04-19 22:12:31+02;1359
2017-04-19 22:24:31+02;1449
2017-04-20 08:18:31+02;1419
2017-04-20 08:45:31+02;1419
2017-04-20 09:33:31+02;1399
2017-04-20 11:12:31+02;1369
2017-04-20 12:45:31+02;1399
2017-04-20 19:56:24+02;1399
2017-04-20 20:09:31+02;1339
2017-04-20 22:18:31+02;1429
2017-04-21 07:15:31+02;1419
2017-04-21 07:54:31+02;1419
2017-04-21 09:12:32+02;1389
2017-04-21 10:12:31+02;1379
2017-04-21 11:48:31+02;1359
2017-04-21 12:48:31+02;1389
2017-04-21 13:54:31+02;1379
2017-04-21 14:27:31+02;1349
2017-04-21 18:54:31+02;1339
2017-04-21 22:24:31+02;1429
2017-04-22 08:24:31+02;1409
2017-04-22 09:12:32+02;1409
2017-04-22 10:03:31+02;1399
2017-04-22 10:42:31+02;1379
2017-04-22 11:39:31+02;1359
2017-04-22 12:45:31+02;1389
2017-04-22 14:39:31+02;1359
2017-04-22 15:39:31+02;1349
2017-04-22 21:00:31+02;1339
2017-04-22 22:21:31+02;1439
2017-04-23 09:18:32+02;1419
2017-04-23 10:15:31+02;1399
2017-04-23 11:03:31+02;1389
2017-04-23 11:09:31+02;1379
2017-04-23 12:18:31+02;1369
2017-04-23 12:45:32+02;1399
2017-04-23 14:24:31+02;1349
2017-04-23 15:12:31+02;1349
2017-04-23 17:24:31+02;1329
2017-04-23 22:12:31+02;1349
2017-04-23 22:18:31+02;1429
2017-04-24 05:18:31+02;1419
2017-04-24 07:33:31+02;1409
2017-04-24 08:54:31+02;1399
2017-04-24 09:54:31+02;1389
2017-04-24 11:48:31+02;1359
2017-04-24 11:57:31+02;1349
2017-04-24 12:00:31+02;1349
2017-04-24 12:45:31+02;1379
2017-04-24 14:00:31+02;1379
2017-04-24 14:33:31+02;1349
2017-04-24 18:33:31+02;1339
2017-04-24 22:18:31+02;1429
2017-04-25 05:04:32+02;1429
2017-04-25 06:24:31+02;1399
2017-04-25 07:54:31+02;1389
2017-04-25 09:54:31+02;1379
2017-04-25 10:33:31+02;1359
2017-04-25 11:45:31+02;1339
2017-04-25 12:39:31+02;1359
2017-04-25 12:51:31+02;1369
2017-04-25 14:18:31+02;1349
2017-04-25 15:18:31+02;1339
2017-04-25 18:57:31+02;1329
2017-04-25 22:18:31+02;1419
2017-04-26 06:42:31+02;1399
2017-04-26 08:57:31+02;1379
2017-04-26 10:03:31+02;1359
2017-04-26 11:33:31+02;1339
2017-04-26 11:54:31+02;1339
2017-04-26 12:45:31+02;1359
2017-04-26 12:54:31+02;1369
2017-04-26 16:27:31+02;1339
2017-04-26 19:00:31+02;1329
2017-04-26 22:21:31+02;1419
2017-04-27 06:45:31+02;1399
2017-04-27 07:42:31+02;1329
2017-04-27 12:45:31+02;1359
2017-04-27 14:45:31+02;1329
2017-04-27 22:21:32+02;1419
2017-04-28 07:15:31+02;1399
2017-04-28 09:33:31+02;1389
2017-04-28 11:00:31+02;1369
2017-04-28 12:45:31+02;1419
2017-04-28 12:54:31+02;1409
2017-04-28 14:18:31+02;1359
2017-04-28 16:18:31+02;1339
2017-04-28 18:03:31+02;1329
2017-04-28 20:48:31+02;1319
2017-04-28 22:18:31+02;1409
2017-04-29 07:18:31+02;1399
2017-04-29 09:15:31+02;1389
2017-04-29 11:00:31+02;1369
2017-04-29 12:12:31+02;1359
2017-04-29 12:45:31+02;1389
2017-04-29 14:18:31+02;1359
2017-04-29 15:00:31+02;1329
2017-04-29 19:00:31+02;1319
2017-04-29 22:18:31+02;1409
2017-04-30 09:45:31+02;1389
2017-04-30 10:24:31+02;1379
2017-04-30 10:57:31+02;1369
2017-04-30 11:18:31+02;1359
2017-04-30 12:39:31+02;1379
2017-04-30 12:48:31+02;1389
2017-04-30 13:57:31+02;1359
2017-04-30 15:18:32+02;1339
2017-04-30 16:33:31+02;1319
2017-04-30 20:03:31+02;1309
2017-04-30 22:18:31+02;1399
2017-05-01 09:09:31+02;1389
2017-05-01 10:00:31+02;1379
2017-05-01 11:00:31+02;1369
2017-05-01 12:24:31+02;1359
2017-05-01 12:45:31+02;1379
2017-05-01 12:48:31+02;1389
2017-05-01 14:24:31+02;1359
2017-05-01 14:48:31+02;1339
2017-05-01 18:57:31+02;1329
2017-05-01 19:18:31+02;1319
2017-05-01 19:54:31+02;1309
2017-05-01 22:18:31+02;1399
2017-05-02 06:45:31+02;1389
2017-05-02 09:39:31+02;1369
2017-05-02 10:27:31+02;1349
2017-05-02 11:54:48+02;1319
2017-05-02 12:45:32+02;1349
2017-05-02 14:15:31+02;1349
2017-05-02 15:54:31+02;1319
2017-05-02 22:18:31+02;1409
2017-05-03 07:24:31+02;1389
2017-05-03 08:03:31+02;1379
2017-05-03 08:09:31+02;1369
2017-05-03 09:03:32+02;1359
2017-05-03 10:18:31+02;1349
2017-05-03 11:54:31+02;1329
2017-05-03 12:18:31+02;1319
2017-05-03 12:45:31+02;1349
2017-05-03 14:30:31+02;1349
2017-05-03 16:30:31+02;1319
2017-05-03 22:18:31+02;1409
2017-05-04 08:12:31+02;1379
2017-05-04 09:03:31+02;1359
2017-05-04 10:15:31+02;1349
2017-05-04 11:48:31+02;1319
2017-05-04 12:48:31+02;1349
2017-05-04 13:54:31+02;1349
2017-05-04 14:18:31+02;1329
2017-05-04 14:42:31+02;1319
2017-05-04 14:51:31+02;1329
2017-05-04 15:48:31+02;1319
2017-05-04 22:24:31+02;1409
2017-05-05 09:18:31+02;1359
2017-05-05 09:54:45+02;1349
2017-05-05 11:42:31+02;1329
2017-05-05 12:15:31+02;1319
2017-05-05 12:39:31+02;1349
2017-05-05 14:30:31+02;1339
2017-05-05 16:09:31+02;1329
2017-05-05 16:18:32+02;1319
2017-05-05 17:24:31+02;1309
2017-05-05 18:15:31+02;1309
2017-05-05 22:24:31+02;1399
2017-05-06 08:18:31+02;1369
2017-05-06 09:24:31+02;1359
2017-05-06 11:00:31+02;1349
2017-05-06 12:33:31+02;1329
2017-05-06 12:39:31+02;1359
2017-05-06 14:03:31+02;1339
2017-05-06 14:24:31+02;1339
2017-05-06 14:33:31+02;1329
2017-05-06 16:21:31+02;1319
2017-05-06 17:18:31+02;1309
2017-05-06 18:39:31+02;1309
2017-05-06 22:15:31+02;1309
2017-05-06 22:21:31+02;1399
2017-05-07 09:24:31+02;1319
2017-05-07 11:42:31+02;1319
2017-05-07 12:42:31+02;1319
2017-05-07 12:54:31+02;1349
2017-05-07 14:00:31+02;1339
2017-05-07 14:18:31+02;1339
2017-05-07 16:03:31+02;1319
2017-05-07 16:21:31+02;1319
2017-05-07 18:00:31+02;1309
2017-05-07 19:54:31+02;1309
2017-05-07 22:18:31+02;1399
2017-05-08 08:12:31+02;1359
2017-05-08 10:06:31+02;1349
2017-05-08 11:03:31+02;1349
2017-05-08 11:57:32+02;1319
2017-05-08 12:36:32+02;1349
2017-05-08 14:48:31+02;1349
2017-05-08 14:57:31+02;1309
2017-05-08 17:18:31+02;1309
2017-05-08 18:57:31+02;1309
2017-05-08 22:18:32+02;1399
2017-05-09 07:03:31+02;1389
2017-05-09 07:18:31+02;1369
2017-05-09 07:54:31+02;1329
2017-05-09 10:03:31+02;1319
2017-05-09 10:39:16+02;1309
2017-05-09 12:39:31+02;1339
2017-05-09 14:24:32+02;1339
2017-05-09 18:42:31+02;1319
2017-05-09 19:03:32+02;1309
2017-05-09 22:12:31+02;1399
2017-05-10 06:12:31+02;1389
2017-05-10 07:18:31+02;1369
2017-05-10 08:57:31+02;1339
2017-05-10 09:27:31+02;1319
2017-05-10 12:42:31+02;1349
2017-05-10 14:12:31+02;1309
2017-05-10 17:18:31+02;1309
2017-05-10 17:48:31+02;1329
2017-05-10 18:18:31+02;1309
2017-05-10 18:48:31+02;1309
2017-05-10 22:18:31+02;1399
2017-05-11 06:54:31+02;1399
2017-05-11 07:18:31+02;1389
2017-05-11 07:42:32+02;1359
2017-05-11 09:18:31+02;1339
2017-05-11 09:57:31+02;1329
2017-05-11 12:42:31+02;1349
2017-05-11 14:18:32+02;1319
2017-05-11 16:39:31+02;1319
2017-05-11 22:18:31+02;1409
2017-05-12 07:03:31+02;1389
2017-05-12 07:39:31+02;1389
2017-05-12 07:48:31+02;1369
2017-05-12 08:51:31+02;1349
2017-05-12 12:39:31+02;1329
2017-05-12 12:54:31+02;1359
2017-05-12 14:33:31+02;1329
2017-05-12 17:27:31+02;1349
2017-05-12 18:33:31+02;1329
2017-05-12 20:57:31+02;1319
2017-05-12 22:12:31+02;1409
2017-05-13 08:33:31+02;1379
2017-05-13 09:24:31+02;1369
2017-05-13 10:33:31+02;1369
2017-05-13 10:57:31+02;1359
2017-05-13 11:42:32+02;1349
2017-05-13 12:39:31+02;1379
2017-05-13 14:03:31+02;1359
2017-05-13 14:18:31+02;1359
2017-05-13 15:03:31+02;1329
2017-05-13 15:48:31+02;1329
2017-05-13 17:18:31+02;1349
2017-05-13 18:42:31+02;1329
2017-05-13 22:18:31+02;1419
2017-05-14 09:12:31+02;1379
2017-05-14 11:09:31+02;1349
2017-05-14 11:48:31+02;1339
2017-05-14 12:42:31+02;1369
2017-05-14 14:21:32+02;1359
2017-05-14 14:48:31+02;1349
2017-05-14 15:12:31+02;1329
2017-05-14 17:24:31+02;1349
2017-05-14 18:03:31+02;1329
2017-05-14 19:09:31+02;1309
2017-05-14 22:18:32+02;1399
2017-05-15 07:42:31+02;1339
2017-05-15 09:24:31+02;1319
2017-05-15 12:42:31+02;1349
2017-05-15 17:33:31+02;1349
2017-05-15 18:57:31+02;1329
2017-05-15 19:33:31+02;1319
2017-05-15 22:12:31+02;1409
2017-05-16 07:12:31+02;1389
2017-05-16 07:39:31+02;1379
2017-05-16 08:24:31+02;1369
2017-05-16 09:12:31+02;1359
2017-05-16 09:54:31+02;1349
2017-05-16 11:39:31+02;1329
2017-05-16 12:42:31+02;1359
2017-05-16 17:27:31+02;1349
2017-05-16 19:12:31+02;1329
2017-05-16 22:18:31+02;1419
2017-05-17 06:33:31+02;1409
2017-05-17 07:45:31+02;1349
2017-05-17 09:45:31+02;1339
2017-05-17 10:42:31+02;1329
2017-05-17 12:39:31+02;1359
2017-05-17 14:57:31+02;1319
2017-05-17 17:30:31+02;1339
2017-05-17 18:42:31+02;1319
2017-05-17 19:12:31+02;1319
2017-05-17 22:18:31+02;1409
2017-05-18 09:54:31+02;1399
2017-05-18 11:00:31+02;1369
2017-05-18 12:42:31+02;1419
2017-05-18 13:54:31+02;1389
2017-05-18 14:27:31+02;1349
2017-05-18 14:33:31+02;1359
2017-05-18 15:54:31+02;1329
2017-05-18 17:27:31+02;1349
2017-05-18 19:21:31+02;1319
2017-05-18 22:18:31+02;1409
2017-05-19 09:03:31+02;1369
2017-05-19 09:54:31+02;1359
2017-05-19 11:42:31+02;1329
2017-05-19 12:42:31+02;1359
2017-05-19 15:24:31+02;1319
2017-05-19 17:30:31+02;1339
2017-05-19 18:33:31+02;1319
2017-05-19 19:54:31+02;1309
2017-05-20 02:48:31+02;1399
2017-05-20 05:18:31+02;1309
2017-05-20 05:54:31+02;1399
2017-05-20 07:03:31+02;1319
2017-05-20 12:48:31+02;1359
2017-05-20 13:54:31+02;1349
2017-05-20 15:48:31+02;1319
2017-05-20 17:39:31+02;1339
2017-05-20 19:24:31+02;1319
2017-05-20 22:18:31+02;1409
2017-05-21 09:54:31+02;1369
2017-05-21 10:48:31+02;1359
2017-05-21 12:42:31+02;1369
2017-05-21 12:48:31+02;1389
2017-05-21 14:18:31+02;1359
2017-05-21 14:33:31+02;1319
2017-05-21 17:30:31+02;1339
2017-05-21 18:57:31+02;1309
2017-05-21 19:03:31+02;1309
2017-05-21 22:19:31+02;1319
2017-05-21 22:25:31+02;1399
2017-05-22 08:03:31+02;1369
2017-05-22 08:42:31+02;1369
2017-05-22 09:54:31+02;1349
2017-05-22 11:24:31+02;1329
2017-05-22 12:54:31+02;1359
2017-05-22 14:54:31+02;1329
2017-05-22 15:24:31+02;1319
2017-05-22 17:33:31+02;1339
2017-05-22 18:42:31+02;1329
2017-05-22 19:42:31+02;1319
2017-05-22 22:21:31+02;1409
2017-05-23 07:42:31+02;1389
2017-05-23 08:57:31+02;1379
2017-05-23 09:54:31+02;1369
2017-05-23 12:33:31+02;1319
2017-05-23 12:42:31+02;1349
2017-05-23 14:33:31+02;1339
2017-05-23 15:42:31+02;1329
2017-05-23 19:54:31+02;1319
2017-05-23 22:18:31+02;1329
2017-05-23 22:24:31+02;1409
2017-05-24 07:12:31+02;1399
2017-05-24 09:24:31+02;1379
2017-05-24 10:03:32+02;1369
2017-05-24 12:24:06+02;1339
2017-05-24 12:42:06+02;1369
2017-05-24 14:21:06+02;1369
2017-05-24 14:42:06+02;1369
2017-05-24 14:57:08+02;1319
2017-05-24 17:30:07+02;1339
2017-05-24 19:48:06+02;1319
2017-05-24 22:18:05+02;1409
2017-05-25 08:24:05+02;1339
2017-05-25 12:18:05+02;1319
2017-05-25 12:39:05+02;1339
2017-05-25 12:51:06+02;1349
2017-05-25 14:42:06+02;1329
2017-05-25 15:42:05+02;1319
2017-05-25 17:30:07+02;1339
2017-05-25 18:42:05+02;1309
2017-05-25 22:18:05+02;1399
2017-05-26 08:03:06+02;1389
2017-05-26 08:27:06+02;1379
2017-05-26 09:24:06+02;1369
2017-05-26 11:39:09+02;1349
2017-05-26 11:54:07+02;1339
2017-05-26 12:48:08+02;1369
2017-05-26 14:18:07+02;1359
2017-05-26 14:42:06+02;1349
2017-05-26 14:57:07+02;1329
2017-05-26 16:18:06+02;1319
2017-05-26 16:48:06+02;1309
2017-05-26 17:39:05+02;1329
2017-05-26 22:18:06+02;1399
2017-05-27 08:18:05+02;1389
2017-05-27 08:42:06+02;1359
2017-05-27 08:48:06+02;1359
2017-05-27 09:42:06+02;1339
2017-05-27 11:39:05+02;1339
2017-05-27 11:54:06+02;1339
2017-05-27 12:42:06+02;1339
2017-05-27 12:48:06+02;1369
2017-05-27 13:54:06+02;1349
2017-05-27 15:03:05+02;1329
2017-05-27 15:39:05+02;1329
2017-05-27 17:30:07+02;1349
2017-05-27 19:12:05+02;1339
2017-05-27 21:12:06+02;1309
2017-05-27 22:18:05+02;1429
2017-05-28 07:42:06+02;1399
2017-05-28 09:12:06+02;1389
2017-05-28 10:33:06+02;1369
2017-05-28 11:12:06+02;1359
2017-05-28 11:42:06+02;1349
2017-05-28 12:24:06+02;1339
2017-05-28 12:42:15+02;1349
2017-05-28 12:48:24+02;1369
2017-05-28 14:18:06+02;1359
2017-05-28 14:57:06+02;1329
2017-05-28 15:54:06+02;1319
2017-05-28 17:30:07+02;1339
2017-05-28 19:24:05+02;1309
2017-05-28 20:57:05+02;1299
2017-05-28 22:18:06+02;1389
2017-05-29 07:54:05+02;1389
2017-05-29 08:03:05+02;1359
2017-05-29 08:57:05+02;1319
2017-05-29 11:42:06+02;1299
2017-05-29 12:18:06+02;1299
2017-05-29 12:42:06+02;1319
2017-05-29 12:48:06+02;1329
2017-05-29 14:42:06+02;1319
2017-05-29 16:22:06+02;1319
2017-05-29 19:39:05+02;1299
2017-05-29 22:18:05+02;1389
2017-05-30 07:54:05+02;1359
2017-05-30 09:03:05+02;1309
2017-05-30 12:45:06+02;1339
2017-05-30 14:45:06+02;1319
2017-05-30 15:18:05+02;1319
2017-05-30 17:27:06+02;1339
2017-05-30 19:03:05+02;1319
2017-05-30 19:33:06+02;1319
2017-05-30 21:03:06+02;1299
2017-05-30 22:15:06+02;1319
2017-05-30 22:24:06+02;1389
2017-05-31 08:48:06+02;1359
2017-05-31 10:03:06+02;1359
2017-05-31 10:42:06+02;1349
2017-05-31 12:27:06+02;1339
2017-05-31 12:42:06+02;1349
2017-05-31 12:48:06+02;1369
2017-05-31 14:18:06+02;1359
2017-05-31 15:03:06+02;1339
2017-05-31 17:12:06+02;1329
2017-05-31 17:30:08+02;1349
2017-05-31 20:03:06+02;1319
2017-05-31 22:18:05+02;1409
2017-06-01 07:57:05+02;1389
2017-06-01 08:03:06+02;1379
2017-06-01 09:24:05+02;1369
2017-06-01 11:00:07+02;1359
2017-06-01 12:54:07+02;1389
2017-06-01 14:18:07+02;1349
2017-06-01 16:51:06+02;1339
2017-06-01 17:33:05+02;1359
2017-06-01 19:18:06+02;1339
2017-06-01 20:24:06+02;1329
2017-06-01 22:27:05+02;1419
2017-06-02 06:33:05+02;1389
2017-06-02 09:54:06+02;1369
2017-06-02 11:00:06+02;1359
2017-06-02 11:39:06+02;1349
2017-06-02 12:48:05+02;1379
2017-06-02 14:18:06+02;1349
2017-06-02 17:30:07+02;1369
2017-06-02 18:18:06+02;1339
2017-06-02 18:57:06+02;1339
2017-06-02 19:24:06+02;1319
2017-06-02 19:51:06+02;1309
2017-06-02 22:09:06+02;1319
2017-06-02 22:18:06+02;1399
2017-06-03 08:42:06+02;1379
2017-06-03 09:42:06+02;1369
2017-06-03 11:00:06+02;1359
2017-06-03 12:33:06+02;1339
2017-06-03 12:42:06+02;1359
2017-06-03 12:48:06+02;1369
2017-06-03 14:18:06+02;1349
2017-06-03 15:12:06+02;1339
2017-06-03 17:27:05+02;1359
2017-06-03 19:24:06+02;1329
2017-06-03 20:57:05+02;1319
2017-06-03 22:18:06+02;1409
2017-06-04 09:03:05+02;1379
2017-06-04 09:36:06+02;1369
2017-06-04 11:00:06+02;1359
2017-06-04 12:24:06+02;1349
2017-06-04 12:42:05+02;1359
2017-06-04 12:48:06+02;1379
2017-06-04 14:18:05+02;1349
2017-06-04 15:24:06+02;1339
2017-06-04 17:27:06+02;1359
2017-06-04 18:48:05+02;1319
2017-06-04 22:18:05+02;1409
2017-06-05 08:03:05+02;1399
2017-06-05 10:48:06+02;1319
2017-06-05 12:03:06+02;1309
2017-06-05 12:42:06+02;1339
2017-06-05 12:48:06+02;1339
2017-06-05 14:33:06+02;1329
2017-06-05 14:42:06+02;1299
2017-06-05 17:30:08+02;1319
2017-06-05 18:33:05+02;1319
2017-06-05 18:57:06+02;1299
2017-06-05 22:18:06+02;1389
2017-06-06 06:39:05+02;1379
2017-06-06 08:42:06+02;1369
2017-06-06 11:00:06+02;1359
2017-06-06 11:42:12+02;1319
2017-06-06 12:48:05+02;1349
2017-06-06 14:18:06+02;1349
2017-06-06 15:36:06+02;1339
2017-06-06 16:42:06+02;1329
2017-06-06 17:30:08+02;1349
2017-06-06 19:48:05+02;1329
2017-06-06 20:03:06+02;1299
2017-06-06 22:18:05+02;1389
2017-06-07 07:39:05+02;1359
2017-06-07 08:24:06+02;1359
2017-06-07 09:39:06+02;1349
2017-06-07 11:00:07+02;1349
2017-06-07 11:27:06+02;1329
2017-06-07 12:33:06+02;1309
2017-06-07 12:42:06+02;1329
2017-06-07 12:48:06+02;1339
2017-06-07 14:18:06+02;1339
2017-06-07 14:33:05+02;1329
2017-06-07 17:12:06+02;1319
2017-06-07 17:30:07+02;1339
2017-06-07 18:33:05+02;1329
2017-06-07 19:36:06+02;1319
2017-06-07 20:54:06+02;1289
2017-06-07 22:18:06+02;1299
2017-06-07 22:27:05+02;1379
2017-06-08 08:03:06+02;1359
2017-06-08 09:03:06+02;1349
2017-06-08 09:45:06+02;1339
2017-06-08 11:31:05+02;1339
2017-06-08 11:45:06+02;1319
2017-06-08 12:51:06+02;1349
2017-06-08 13:54:06+02;1339
2017-06-08 14:18:06+02;1339
2017-06-08 14:33:06+02;1329
2017-06-08 17:30:07+02;1349
2017-06-08 19:09:06+02;1319
2017-06-08 19:54:06+02;1289
2017-06-08 22:18:06+02;1379
2017-06-09 08:57:05+02;1359
2017-06-09 09:39:05+02;1349
2017-06-09 11:00:06+02;1339
2017-06-09 12:24:06+02;1329
2017-06-09 12:42:06+02;1339
2017-06-09 12:48:06+02;1359
2017-06-09 14:18:11+02;1329
2017-06-09 16:27:07+02;1319
2017-06-09 17:30:08+02;1339
2017-06-09 18:42:06+02;1319
2017-06-09 19:39:06+02;1319
2017-06-09 20:03:06+02;1279
2017-06-09 22:18:05+02;1369
2017-06-10 11:00:06+02;1339
2017-06-10 12:33:05+02;1339
2017-06-10 12:42:06+02;1369
2017-06-10 14:18:06+02;1329
2017-06-10 17:24:06+02;1339
2017-06-10 17:33:05+02;1359
2017-06-10 18:42:06+02;1349
2017-06-10 18:57:06+02;1329
2017-06-10 22:21:06+02;1419
2017-06-11 08:24:06+02;1399
2017-06-11 09:54:06+02;1349
2017-06-11 10:57:06+02;1339
2017-06-11 12:39:06+02;1329
2017-06-11 12:48:05+02;1359
2017-06-11 14:18:06+02;1329
2017-06-11 14:39:05+02;1319
2017-06-11 17:30:07+02;1339
2017-06-11 18:24:06+02;1329
2017-06-11 19:12:06+02;1289
2017-06-11 19:54:06+02;1289
2017-06-11 20:42:06+02;1289
2017-06-11 22:18:05+02;1379
2017-06-12 09:24:06+02;1359
2017-06-12 09:48:06+02;1349
2017-06-12 11:25:04+02;1349
2017-06-12 12:02:04+02;1349
2017-06-12 12:03:06+02;1329
2017-06-12 12:39:04+02;1329
2017-06-12 12:45:06+02;1319
2017-06-12 13:06:06+02;1349
2017-06-12 13:41:06+02;1349
2017-06-12 14:18:06+02;1339
2017-06-12 14:57:06+02;1329
2017-06-12 16:57:06+02;1309
2017-06-12 17:39:06+02;1329
2017-06-12 18:42:06+02;1319
2017-06-12 19:24:06+02;1309
2017-06-12 20:57:05+02;1289
2017-06-12 22:18:05+02;1379
2017-06-13 06:48:06+02;1369
2017-06-13 08:33:08+02;1359
2017-06-13 08:57:06+02;1349
2017-06-13 11:42:06+02;1319
2017-06-13 12:48:05+02;1349
2017-06-13 14:18:06+02;1349
2017-06-13 14:57:06+02;1319
2017-06-13 15:12:06+02;1309
2017-06-13 17:30:08+02;1329
2017-06-13 18:42:06+02;1309
2017-06-13 19:27:06+02;1289
2017-06-13 22:18:06+02;1379
2017-06-14 08:03:05+02;1369
2017-06-14 08:57:06+02;1359
2017-06-14 09:30:08+02;1349
2017-06-14 10:42:06+02;1339
2017-06-14 11:39:06+02;1329
2017-06-14 12:48:06+02;1359
2017-06-14 13:54:08+02;1349
2017-06-14 14:18:18+02;1339
2017-06-14 14:42:17+02;1329
2017-06-14 15:03:09+02;1319
2017-06-14 17:30:07+02;1339
2017-06-14 18:57:05+02;1309
2017-06-14 22:18:05+02;1399
2017-06-15 08:03:06+02;1369
2017-06-15 09:39:06+02;1359
2017-06-15 10:18:06+02;1349
2017-06-15 12:33:05+02;1319
2017-06-15 12:42:06+02;1329
2017-06-15 12:48:06+02;1349
2017-06-15 14:18:06+02;1339
2017-06-15 14:33:05+02;1319
2017-06-15 15:42:05+02;1319
2017-06-15 17:30:07+02;1339
2017-06-15 18:18:05+02;1309
2017-06-15 22:18:06+02;1309
2017-06-15 22:24:06+02;1399
2017-06-16 04:57:05+02;1389
2017-06-16 07:12:10+02;1369
2017-06-16 10:18:06+02;1359
2017-06-16 12:24:06+02;1349
2017-06-16 12:48:06+02;1379
2017-06-16 13:57:05+02;1359
2017-06-16 14:21:06+02;1319
2017-06-16 17:24:06+02;1329
2017-06-16 17:30:08+02;1349
2017-06-16 18:42:06+02;1329
2017-06-16 19:54:06+02;1329
2017-06-16 20:03:06+02;1319
2017-06-16 22:18:06+02;1399
2017-06-17 06:12:10+02;1399
2017-06-17 08:24:06+02;1359
2017-06-17 11:00:06+02;1329
2017-06-17 11:54:06+02;1309
2017-06-17 12:51:06+02;1329
2017-06-17 14:21:06+02;1319
2017-06-17 15:42:06+02;1309
2017-06-17 17:30:07+02;1329
2017-06-17 20:09:06+02;1319
2017-06-17 20:27:06+02;1309
2017-06-17 22:24:06+02;1399
2017-06-18 08:18:06+02;1359
2017-06-18 10:24:06+02;1309
2017-06-18 12:09:06+02;1299
2017-06-18 12:48:06+02;1329
2017-06-18 14:18:05+02;1319
2017-06-18 14:42:05+02;1299
2017-06-18 15:42:05+02;1299
2017-06-18 17:30:07+02;1319
2017-06-18 18:57:05+02;1279
2017-06-18 19:45:06+02;1269
2017-06-18 20:57:05+02;1259
2017-06-18 22:18:05+02;1359
2017-06-19 08:27:05+02;1349
2017-06-19 09:03:05+02;1339
2017-06-19 11:00:08+02;1329
2017-06-19 12:09:06+02;1319
2017-06-19 12:42:06+02;1329
2017-06-19 12:51:05+02;1349
2017-06-19 13:54:06+02;1339
2017-06-19 14:18:05+02;1319
2017-06-19 14:33:06+02;1319
2017-06-19 16:57:06+02;1309
2017-06-19 17:30:07+02;1329
2017-06-19 18:33:05+02;1329
2017-06-19 18:57:06+02;1309
2017-06-19 20:33:06+02;1279
2017-06-20 00:12:06+02;1429
2017-06-20 05:12:06+02;1289
2017-06-20 06:03:05+02;1329
2017-06-20 11:42:06+02;1309
2017-06-20 12:51:06+02;1349
2017-06-20 13:06:06+02;1339
2017-06-20 13:39:06+02;1309
2017-06-20 17:24:06+02;1329
2017-06-20 18:39:05+02;1319
2017-06-20 19:57:06+02;1309
2017-06-20 22:24:06+02;1419
2017-06-21 05:45:06+02;1359
2017-06-21 08:24:06+02;1349
2017-06-21 08:57:06+02;1329
2017-06-21 09:30:07+02;1329
2017-06-21 10:03:06+02;1319
2017-06-21 11:54:07+02;1309
2017-06-21 12:51:06+02;1339
2017-06-21 14:03:06+02;1319
2017-06-21 15:03:08+02;1309
2017-06-21 15:54:06+02;1279
2017-06-21 17:30:07+02;1299
2017-06-21 20:57:05+02;1269
2017-06-21 22:18:05+02;1359
2017-06-22 07:39:06+02;1349
2017-06-22 09:00:07+02;1329
2017-06-22 10:18:06+02;1319
2017-06-22 11:42:06+02;1309
2017-06-22 12:51:06+02;1339
2017-06-22 14:03:06+02;1329
2017-06-22 14:18:06+02;1319
2017-06-22 14:33:24+02;1309
2017-06-22 17:09:06+02;1299
2017-06-22 17:30:07+02;1319
2017-06-22 19:39:05+02;1279
2017-06-22 22:18:06+02;1369
2017-06-23 05:12:05+02;1349
2017-06-23 09:24:06+02;1329
2017-06-23 11:00:08+02;1329
2017-06-23 12:45:08+02;1339
2017-06-23 14:39:06+02;1319
2017-06-23 15:21:06+02;1309
2017-06-23 17:27:06+02;1329
2017-06-23 18:57:06+02;1299
2017-06-23 20:03:06+02;1299
2017-06-23 22:18:05+02;1389
2017-06-24 06:33:06+02;1379
2017-06-24 08:18:06+02;1339
2017-06-24 09:03:05+02;1329
2017-06-24 10:03:05+02;1319
2017-06-24 11:42:06+02;1299
2017-06-24 12:51:06+02;1329
2017-06-24 14:18:11+02;1319
2017-06-24 14:34:05+02;1309
2017-06-24 15:54:06+02;1299
2017-06-24 17:30:07+02;1319
2017-06-24 18:57:06+02;1289
2017-06-24 22:18:06+02;1379
2017-06-25 08:24:05+02;1379
2017-06-25 09:39:06+02;1369
2017-06-25 11:00:06+02;1329
2017-06-25 12:54:05+02;1359
2017-06-25 14:21:06+02;1319
2017-06-25 14:42:06+02;1299
2017-06-25 17:33:05+02;1319
2017-06-25 18:42:06+02;1289
2017-06-25 19:18:06+02;1279
2017-06-25 22:12:05+02;1299
2017-06-25 22:18:06+02;1369
2017-06-26 08:03:05+02;1339
2017-06-26 09:39:05+02;1329
2017-06-26 10:03:05+02;1329
2017-06-26 11:00:06+02;1329
2017-06-26 11:39:05+02;1309
2017-06-26 12:51:06+02;1339
2017-06-26 13:54:05+02;1309
2017-06-26 14:18:06+02;1309
2017-06-26 16:57:06+02;1299
2017-06-26 17:30:07+02;1319
2017-06-26 19:00:06+02;1259
2017-06-26 22:18:06+02;1349
2017-06-27 06:12:06+02;1349
2017-06-27 08:24:06+02;1339
2017-06-27 11:00:07+02;1339
2017-06-27 11:39:11+02;1299
2017-06-27 12:48:06+02;1329
2017-06-27 14:18:06+02;1329
2017-06-27 14:33:06+02;1299
2017-06-27 17:30:08+02;1319
2017-06-27 18:48:06+02;1299
2017-06-27 20:33:05+02;1279
2017-06-27 22:18:06+02;1369
2017-06-28 05:33:06+02;1359
2017-06-28 08:18:06+02;1339
2017-06-28 09:03:06+02;1329
2017-06-28 10:33:06+02;1319
2017-06-28 12:04:06+02;1309
2017-06-28 12:48:19+02;1339
2017-06-28 13:54:09+02;1329
2017-06-28 14:19:05+02;1329
2017-06-28 14:57:06+02;1319
2017-06-28 15:06:24+02;1309
2017-06-28 15:57:09+02;1299
2017-06-28 17:30:07+02;1319
2017-06-28 20:18:06+02;1279
2017-06-28 22:21:06+02;1369
2017-06-29 06:12:06+02;1359
2017-06-29 08:33:06+02;1339
2017-06-29 10:03:05+02;1329
2017-06-29 11:42:06+02;1309
2017-06-29 12:27:06+02;1299
2017-06-29 12:42:07+02;1309
2017-06-29 12:48:07+02;1329
2017-06-29 13:42:06+02;1329
2017-06-29 14:18:06+02;1329
2017-06-29 14:33:06+02;1309
2017-06-29 15:12:06+02;1289
2017-06-29 17:30:08+02;1309
2017-06-29 18:18:06+02;1309
2017-06-29 18:33:06+02;1289
2017-06-29 20:03:06+02;1269
2017-06-29 22:18:06+02;1359
2017-06-30 09:03:06+02;1329
2017-06-30 11:00:24+02;1329
2017-06-30 12:42:07+02;1309
2017-06-30 12:51:07+02;1339
2017-06-30 13:54:06+02;1329
2017-06-30 14:18:06+02;1329
2017-06-30 14:48:06+02;1309
2017-06-30 16:54:06+02;1299
2017-06-30 17:30:07+02;1319
2017-06-30 18:33:06+02;1309
2017-06-30 18:57:06+02;1299
2017-06-30 20:57:06+02;1289
2017-06-30 22:12:06+02;1299
2017-06-30 22:18:05+02;1379
2017-07-01 06:03:06+02;1369
2017-07-01 07:39:06+02;1359
2017-07-01 10:03:06+02;1339
2017-07-01 11:00:06+02;1339
2017-07-01 11:39:05+02;1329
2017-07-01 12:48:05+02;1359
2017-07-01 13:54:06+02;1349
2017-07-01 14:18:05+02;1329
2017-07-01 17:24:06+02;1329
2017-07-01 17:30:07+02;1349
2017-07-01 18:18:06+02;1339
2017-07-01 18:33:06+02;1309
2017-07-01 20:42:06+02;1299
2017-07-01 22:18:05+02;1389
2017-07-02 13:21:06+02;1329
2017-07-03 00:30:07+02;1379
2017-07-03 10:06:06+02;1329
2017-07-03 11:36:07+02;1319
2017-07-03 12:48:06+02;1349
2017-07-03 14:45:07+02;1299
2017-07-03 16:33:06+02;1299
2017-07-03 17:30:07+02;1319
2017-07-03 18:57:06+02;1299
2017-07-03 19:24:06+02;1289
2017-07-03 20:42:06+02;1269
2017-07-03 23:48:06+02;1399
2017-07-04 05:18:06+02;1269
2017-07-04 06:12:06+02;1349
2017-07-04 06:42:06+02;1309
2017-07-04 12:48:07+02;1349
2017-07-04 13:06:06+02;1339
2017-07-04 13:48:06+02;1299
2017-07-04 17:18:06+02;1319
2017-07-04 17:48:06+02;1319
2017-07-04 18:12:06+02;1309
2017-07-04 21:33:06+02;1289
2017-07-04 22:18:06+02;1439
2017-07-05 06:33:05+02;1399
2017-07-05 07:09:05+02;1369
2017-07-05 08:18:06+02;1349
2017-07-05 09:39:06+02;1329
2017-07-05 10:45:08+02;1319
2017-07-05 12:42:06+02;1349
2017-07-05 13:57:05+02;1329
2017-07-05 15:57:06+02;1299
2017-07-05 17:33:06+02;1319
2017-07-05 18:54:06+02;1299
2017-07-05 21:03:05+02;1279
2017-07-05 22:12:06+02;1299
2017-07-05 22:24:06+02;1369
2017-07-06 06:57:05+02;1369
2017-07-06 07:24:06+02;1369
2017-07-06 08:24:05+02;1349
2017-07-06 09:03:06+02;1339
2017-07-06 10:18:06+02;1329
2017-07-06 11:39:06+02;1319
2017-07-06 12:42:06+02;1329
2017-07-06 12:48:06+02;1349
2017-07-06 14:18:06+02;1329
2017-07-06 15:54:07+02;1299
2017-07-06 17:12:06+02;1289
2017-07-06 17:30:07+02;1309
2017-07-06 18:57:06+02;1289
2017-07-06 22:18:06+02;1379
2017-07-07 05:18:15+02;1369
2017-07-07 07:42:06+02;1359
2017-07-07 09:00:07+02;1339
2017-07-07 10:27:06+02;1319
2017-07-07 11:00:08+02;1319
2017-07-07 12:09:06+02;1319
2017-07-07 12:42:06+02;1319
2017-07-07 12:48:06+02;1349
2017-07-07 14:21:06+02;1329
2017-07-07 16:03:06+02;1289
2017-07-07 17:30:07+02;1309
2017-07-07 18:54:06+02;1289
2017-07-07 20:54:06+02;1279
2017-07-07 22:12:06+02;1289
2017-07-07 22:21:06+02;1369
2017-07-08 05:54:05+02;1359
2017-07-08 08:18:06+02;1349
2017-07-08 08:42:06+02;1339
2017-07-08 09:39:07+02;1329
2017-07-08 11:39:06+02;1289
2017-07-08 12:42:06+02;1319
2017-07-08 12:48:06+02;1319
2017-07-08 14:03:06+02;1309
2017-07-08 14:18:06+02;1309
2017-07-08 14:33:05+02;1289
2017-07-08 17:30:08+02;1309
2017-07-08 19:09:06+02;1289
2017-07-08 22:18:05+02;1379
2017-07-09 07:54:05+02;1369
2017-07-09 10:42:06+02;1359
2017-07-09 11:24:05+02;1339
2017-07-09 12:42:05+02;1369
2017-07-09 12:48:05+02;1369
2017-07-09 12:57:06+02;1379
2017-07-09 13:54:06+02;1359
2017-07-09 14:03:06+02;1339
2017-07-09 14:19:06+02;1329
2017-07-09 16:24:06+02;1319
2017-07-09 16:57:05+02;1289
2017-07-09 17:30:06+02;1309
2017-07-09 18:24:05+02;1289
2017-07-09 22:18:05+02;1379
2017-07-10 06:42:06+02;1379
2017-07-10 08:03:06+02;1359
2017-07-10 09:27:05+02;1359
2017-07-10 10:24:06+02;1339
2017-07-10 11:00:06+02;1329
2017-07-10 12:09:06+02;1289
2017-07-10 12:24:06+02;1289
2017-07-10 12:42:07+02;1319
2017-07-10 14:18:06+02;1289
2017-07-10 17:30:08+02;1309
2017-07-10 18:54:06+02;1289
2017-07-10 19:54:06+02;1279
2017-07-10 22:09:06+02;1289
2017-07-10 22:18:06+02;1369
2017-07-11 06:42:06+02;1359
2017-07-11 09:03:06+02;1329
2017-07-11 11:00:07+02;1329
2017-07-11 12:42:06+02;1309
2017-07-11 14:18:06+02;1309
2017-07-11 15:03:06+02;1289
2017-07-11 17:30:07+02;1309
2017-07-11 19:24:06+02;1279
2017-07-11 20:57:06+02;1269
2017-07-11 22:18:06+02;1359
2017-07-12 08:03:06+02;1349
2017-07-12 09:39:06+02;1329
2017-07-12 11:00:07+02;1329
2017-07-12 12:45:06+02;1339
2017-07-12 14:21:06+02;1319
2017-07-12 14:54:06+02;1309
2017-07-12 17:04:01+02;1289
2017-07-12 17:30:07+02;1309
2017-07-12 18:33:06+02;1299
2017-07-12 19:12:06+02;1289
2017-07-12 19:48:06+02;1279
2017-07-12 20:57:06+02;1269
2017-07-12 22:18:06+02;1279
2017-07-12 22:24:06+02;1359
2017-07-13 05:03:06+02;1349
2017-07-13 07:54:06+02;1339
2017-07-13 08:18:06+02;1329
2017-07-13 09:24:06+02;1319
2017-07-13 12:42:06+02;1329
2017-07-13 13:54:06+02;1319
2017-07-13 14:21:06+02;1319
2017-07-13 14:42:06+02;1299
2017-07-13 16:54:06+02;1289
2017-07-13 17:33:05+02;1309
2017-07-13 19:24:06+02;1289
2017-07-13 20:54:06+02;1289
2017-07-13 22:12:06+02;1289
2017-07-13 22:21:06+02;1379
2017-07-14 05:03:19+02;1369
2017-07-14 07:12:06+02;1359
2017-07-14 08:12:06+02;1329
2017-07-14 09:12:06+02;1319
2017-07-14 09:48:06+02;1309
2017-07-14 11:33:06+02;1299
2017-07-14 12:03:06+02;1289
2017-07-14 12:42:08+02;1309
2017-07-14 12:54:07+02;1319
2017-07-14 13:54:06+02;1309
2017-07-14 15:39:06+02;1289
2017-07-14 16:12:05+02;1279
2017-07-14 17:33:11+02;1299
2017-07-14 18:54:06+02;1279
2017-07-14 20:03:05+02;1269
2017-07-14 22:12:06+02;1279
2017-07-14 22:21:05+02;1359
2017-07-15 07:12:06+02;1359
2017-07-15 08:57:06+02;1359
2017-07-15 09:03:06+02;1339
2017-07-15 12:03:05+02;1319
2017-07-15 12:42:06+02;1339
2017-07-15 12:51:06+02;1349
2017-07-15 14:18:06+02;1329
2017-07-15 14:42:06+02;1309
2017-07-15 16:33:06+02;1309
2017-07-15 16:57:05+02;1309
2017-07-15 17:31:11+02;1329
2017-07-15 18:57:06+02;1309
2017-07-15 19:54:06+02;1289
2017-07-15 20:57:06+02;1279
2017-07-15 22:18:06+02;1369
2017-07-16 07:54:06+02;1349
2017-07-16 09:18:06+02;1339
2017-07-16 09:39:05+02;1329
2017-07-16 11:00:06+02;1329
2017-07-16 11:39:06+02;1309
2017-07-16 12:45:06+02;1339
2017-07-16 14:21:06+02;1329
2017-07-16 16:03:05+02;1309
2017-07-16 16:42:06+02;1299
2017-07-16 17:30:07+02;1319
2017-07-16 18:18:06+02;1309
2017-07-16 18:45:06+02;1279
2017-07-16 22:12:06+02;1289
2017-07-16 22:21:05+02;1369
2017-07-17 07:24:06+02;1359
2017-07-17 07:39:05+02;1349
2017-07-17 08:48:06+02;1339
2017-07-17 09:12:06+02;1329
2017-07-17 12:33:06+02;1299
2017-07-17 12:45:07+02;1329
2017-07-17 14:21:06+02;1329
2017-07-17 15:24:06+02;1309
2017-07-17 17:33:06+02;1329
2017-07-17 18:39:06+02;1309
2017-07-17 20:12:06+02;1269
2017-07-17 22:12:06+02;1309
2017-07-17 22:24:06+02;1359
2017-07-18 06:18:06+02;1359
2017-07-18 07:51:06+02;1279
2017-07-18 11:54:06+02;1269
2017-07-18 12:42:07+02;1289
2017-07-18 12:48:06+02;1299
2017-07-18 15:39:05+02;1279
2017-07-18 16:33:06+02;1269
2017-07-18 17:30:07+02;1289
2017-07-18 19:33:06+02;1279
2017-07-18 22:18:06+02;1369
2017-07-19 06:27:06+02;1359
2017-07-19 07:39:06+02;1299
2017-07-19 09:42:06+02;1299
2017-07-19 11:42:07+02;1279
2017-07-19 12:42:06+02;1299
2017-07-19 12:48:06+02;1309
2017-07-19 14:57:06+02;1289
2017-07-19 17:30:08+02;1309
2017-07-19 18:33:06+02;1289
2017-07-19 19:33:06+02;1269
2017-07-19 22:12:06+02;1279
2017-07-19 22:18:06+02;1359
2017-07-20 06:33:06+02;1359
2017-07-20 07:21:09+02;1289
2017-07-20 12:27:05+02;1279
2017-07-20 12:42:06+02;1309
2017-07-20 14:33:06+02;1289
2017-07-20 17:30:07+02;1309
2017-07-20 18:42:06+02;1289
2017-07-20 22:18:06+02;1379
2017-07-21 05:54:05+02;1359
2017-07-21 10:39:05+02;1329
2017-07-21 12:03:06+02;1309
2017-07-21 12:42:06+02;1329
2017-07-21 12:54:06+02;1339
2017-07-21 14:21:06+02;1339
2017-07-21 15:42:06+02;1309
2017-07-21 16:21:06+02;1309
2017-07-21 17:33:06+02;1329
2017-07-21 18:12:06+02;1309
2017-07-21 18:51:06+02;1289
2017-07-21 19:42:06+02;1289
2017-07-21 19:57:06+02;1279
2017-07-21 22:15:06+02;1289
2017-07-21 22:24:06+02;1369
2017-07-22 02:20:07+02;1369
2017-07-22 06:33:06+02;1359
2017-07-22 08:33:06+02;1349
2017-07-22 09:54:06+02;1329
2017-07-22 11:39:05+02;1319
2017-07-22 11:54:06+02;1319
2017-07-22 12:45:05+02;1329
2017-07-22 12:48:06+02;1349
2017-07-22 14:18:06+02;1339
2017-07-22 15:54:06+02;1319
2017-07-22 17:00:06+02;1309
2017-07-22 17:30:07+02;1329
2017-07-22 18:42:06+02;1309
2017-07-22 19:54:06+02;1299
2017-07-22 20:39:05+02;1299
2017-07-22 22:12:06+02;1299
2017-07-22 22:18:06+02;1389
2017-07-23 08:03:05+02;1359
2017-07-23 09:54:06+02;1349
2017-07-23 11:00:07+02;1349
2017-07-23 11:48:06+02;1329
2017-07-23 12:42:06+02;1349
2017-07-23 12:48:06+02;1359
2017-07-23 14:18:05+02;1339
2017-07-23 14:33:06+02;1299
2017-07-23 17:30:07+02;1319
2017-07-23 18:33:05+02;1299
2017-07-23 19:09:07+02;1289
2017-07-23 22:18:06+02;1379
2017-07-24 07:42:06+02;1359
2017-07-24 08:42:06+02;1339
2017-07-24 10:39:06+02;1329
2017-07-24 11:54:06+02;1319
2017-07-24 12:39:06+02;1339
2017-07-24 12:48:06+02;1349
2017-07-24 13:51:06+02;1339
2017-07-24 14:18:06+02;1339
2017-07-24 14:33:06+02;1309
2017-07-24 16:42:06+02;1299
2017-07-24 17:30:07+02;1319
2017-07-24 18:33:06+02;1319
2017-07-24 20:33:06+02;1289
2017-07-24 22:18:07+02;1319
2017-07-24 22:24:07+02;1379
2017-07-25 04:57:06+02;1369
2017-07-25 06:21:06+02;1369
2017-07-25 07:18:06+02;1349
2017-07-25 09:18:06+02;1339
2017-07-25 10:27:05+02;1319
2017-07-25 11:33:11+02;1309
2017-07-25 12:45:16+02;1339
2017-07-25 14:21:06+02;1329
2017-07-25 14:54:06+02;1319
2017-07-25 15:09:06+02;1309
2017-07-25 16:39:06+02;1309
2017-07-25 17:33:06+02;1329
2017-07-25 18:54:06+02;1299
2017-07-25 20:39:06+02;1289
2017-07-25 22:12:06+02;1299
2017-07-25 22:24:06+02;1379
2017-07-26 05:03:06+02;1359
2017-07-26 06:48:06+02;1359
2017-07-26 07:42:06+02;1349
2017-07-26 09:39:06+02;1329
2017-07-26 12:45:06+02;1339
2017-07-26 14:03:06+02;1329
2017-07-26 14:18:06+02;1329
2017-07-26 14:39:05+02;1309
2017-07-26 17:33:06+02;1329
2017-07-26 18:48:06+02;1319
2017-07-26 18:54:06+02;1299
2017-07-26 20:39:06+02;1289
2017-07-26 22:12:06+02;1299
2017-07-26 22:24:06+02;1379
2017-07-27 04:54:05+02;1369
2017-07-27 06:39:05+02;1359
2017-07-27 08:24:06+02;1349
2017-07-27 09:03:06+02;1339
2017-07-27 10:33:06+02;1329
2017-07-27 11:48:15+02;1319
2017-07-27 12:18:06+02;1309
2017-07-27 12:42:06+02;1329
2017-07-27 12:48:06+02;1339
2017-07-27 14:18:06+02;1339
2017-07-27 14:33:06+02;1329
2017-07-27 16:18:09+02;1319
2017-07-27 16:42:07+02;1299
2017-07-27 16:57:18+02;1299
2017-07-27 17:30:19+02;1319
2017-07-27 18:42:06+02;1299
2017-07-27 20:54:06+02;1299
2017-07-27 22:12:06+02;1299
2017-07-27 22:18:06+02;1389
2017-07-28 05:09:06+02;1379
2017-07-28 08:06:06+02;1309
2017-07-28 08:42:07+02;1289
2017-07-28 11:44:08+02;1289
2017-07-28 12:01:12+02;1289
2017-07-28 12:48:05+02;1319
2017-07-28 14:39:05+02;1289
2017-07-28 15:27:06+02;1289
2017-07-28 16:12:05+02;1289
2017-07-28 17:33:05+02;1309
2017-07-28 18:54:05+02;1289
2017-07-28 22:24:05+02;1379
2017-07-29 06:18:05+02;1369
2017-07-29 06:51:05+02;1359
2017-07-29 08:18:05+02;1339
2017-07-29 08:42:05+02;1329
2017-07-29 10:03:05+02;1319
2017-07-29 11:48:05+02;1309
2017-07-29 12:42:05+02;1339
2017-07-29 13:54:05+02;1319
2017-07-29 15:39:05+02;1299
2017-07-29 16:54:05+02;1289
2017-07-29 17:54:05+02;1309
2017-07-29 18:42:05+02;1289
2017-07-29 19:51:05+02;1279
2017-07-29 22:12:06+02;1289
2017-07-29 22:18:05+02;1369
2017-07-30 07:24:06+02;1359
2017-07-30 08:57:06+02;1339
2017-07-30 10:03:06+02;1329
2017-07-30 10:42:05+02;1329
2017-07-30 12:33:06+02;1309
2017-07-30 12:42:05+02;1329
2017-07-30 12:54:05+02;1339
2017-07-30 14:21:05+02;1329
2017-07-30 15:12:05+02;1319
2017-07-30 17:12:06+02;1299
2017-07-30 20:03:05+02;1289
2017-07-30 22:18:06+02;1379
2017-07-31 04:57:05+02;1359
2017-07-31 07:54:06+02;1349
2017-07-31 11:00:07+02;1339
2017-07-31 12:45:06+02;1339
2017-07-31 14:21:06+02;1329
2017-07-31 15:10:06+02;1329
2017-07-31 17:30:08+02;1349
2017-07-31 18:39:05+02;1339
2017-07-31 22:24:06+02;1419
2017-08-01 06:12:06+02;1399
2017-08-01 11:00:06+02;1349
2017-08-01 12:45:06+02;1399
2017-08-01 12:54:06+02;1439
2017-08-01 13:00:06+02;1389
2017-08-01 14:24:06+02;1339
2017-08-01 17:54:06+02;1359
2017-08-01 18:24:05+02;1339
2017-08-01 22:24:05+02;1419
2017-08-02 06:18:05+02;1409
2017-08-02 08:57:06+02;1379
2017-08-02 11:03:06+02;1349
2017-08-02 12:42:06+02;1379
2017-08-02 12:48:06+02;1419
2017-08-02 12:57:06+02;1389
2017-08-02 14:18:06+02;1339
2017-08-02 17:24:07+02;1359
2017-08-02 22:18:06+02;1429
2017-08-03 06:06:06+02;1409
2017-08-03 09:39:06+02;1379
2017-08-03 11:00:07+02;1349
2017-08-03 12:42:08+02;1379
2017-08-03 12:48:06+02;1419
2017-08-03 13:00:07+02;1389
2017-08-03 14:21:05+02;1339
2017-08-03 14:54:06+02;1319
2017-08-03 17:09:06+02;1309
2017-08-03 17:33:07+02;1329
2017-08-03 17:57:06+02;1319
2017-08-03 19:24:06+02;1289
2017-08-03 22:18:06+02;1379
2017-08-04 06:24:05+02;1369
2017-08-04 09:03:06+02;1359
2017-08-04 09:42:06+02;1339
2017-08-04 11:39:06+02;1329
2017-08-04 13:48:06+02;1359
2017-08-04 13:54:05+02;1349
2017-08-04 14:12:06+02;1329
2017-08-04 14:21:06+02;1339
2017-08-04 16:18:06+02;1329
2017-08-04 17:33:06+02;1349
2017-08-04 18:54:06+02;1309
2017-08-04 20:42:06+02;1289
2017-08-04 22:12:06+02;1309
2017-08-04 22:18:05+02;1379
2017-08-05 06:03:05+02;1379
2017-08-05 08:03:05+02;1359
2017-08-05 09:12:15+02;1349
2017-08-05 10:19:36+02;1339
2017-08-05 11:33:06+02;1319
2017-08-05 12:42:05+02;1339
2017-08-05 12:51:15+02;1349
2017-08-05 14:21:05+02;1339
2017-08-05 14:39:05+02;1319
2017-08-05 17:33:06+02;1339
2017-08-05 18:39:06+02;1319
2017-08-05 20:03:05+02;1289
2017-08-05 22:12:06+02;1299
2017-08-05 22:18:05+02;1379
2017-08-06 06:57:06+02;1369
2017-08-06 07:48:06+02;1319
2017-08-06 12:48:06+02;1329
2017-08-06 14:42:05+02;1289
2017-08-06 17:30:07+02;1309
2017-08-06 18:33:06+02;1289
2017-08-06 19:12:06+02;1289
2017-08-06 19:39:05+02;1289
2017-08-06 22:18:05+02;1379
2017-08-07 06:03:06+02;1369
2017-08-07 08:57:06+02;1349
2017-08-07 11:00:06+02;1339
2017-08-07 11:54:05+02;1329
2017-08-07 12:48:06+02;1359
2017-08-07 13:54:06+02;1339
2017-08-07 14:18:06+02;1329
2017-08-07 16:12:06+02;1319
2017-08-07 16:54:06+02;1309
2017-08-07 17:30:10+02;1329
2017-08-07 18:42:06+02;1319
2017-08-07 19:03:06+02;1309
2017-08-07 20:12:06+02;1299
2017-08-07 22:12:06+02;1309
2017-08-07 22:18:06+02;1389
2017-08-08 05:03:05+02;1369
2017-08-08 08:27:06+02;1359
2017-08-08 09:30:07+02;1349
2017-08-08 11:00:06+02;1339
2017-08-08 12:45:06+02;1349
2017-08-08 12:54:05+02;1359
2017-08-08 14:21:06+02;1329
2017-08-08 17:30:07+02;1349
2017-08-08 18:03:06+02;1329
2017-08-08 19:24:06+02;1289
2017-08-08 22:12:06+02;1309
2017-08-08 22:18:06+02;1379
2017-08-09 05:03:06+02;1369
2017-08-09 08:18:06+02;1359
2017-08-09 09:24:05+02;1349
2017-08-09 10:42:06+02;1339
2017-08-09 12:03:05+02;1329
2017-08-09 12:39:06+02;1349
2017-08-09 12:48:06+02;1359
2017-08-09 14:18:05+02;1339
2017-08-09 16:18:05+02;1309
2017-08-09 16:54:06+02;1299
2017-08-09 17:30:07+02;1319
2017-08-09 18:12:06+02;1309
2017-08-09 19:57:06+02;1289
2017-08-09 22:12:06+02;1309
2017-08-09 22:18:06+02;1379
2017-08-10 06:33:05+02;1349
2017-08-10 07:48:06+02;1339
2017-08-10 09:39:06+02;1329
2017-08-10 11:33:06+02;1319
2017-08-10 12:12:06+02;1309
2017-08-10 12:45:06+02;1339
2017-08-10 13:57:05+02;1329
2017-08-10 15:33:06+02;1309
2017-08-10 17:09:05+02;1299
2017-08-10 17:33:06+02;1319
2017-08-10 19:42:06+02;1299
2017-08-10 22:12:06+02;1309
2017-08-10 22:24:06+02;1389
2017-08-11 07:42:05+02;1369
2017-08-11 08:33:06+02;1349
2017-08-11 09:42:06+02;1339
2017-08-11 10:42:06+02;1329
2017-08-11 11:54:06+02;1319
2017-08-11 12:42:06+02;1339
2017-08-11 12:48:05+02;1349
2017-08-11 14:03:06+02;1339
2017-08-11 14:18:06+02;1339
2017-08-11 16:39:06+02;1329
2017-08-11 17:33:09+02;1349
2017-08-11 18:42:06+02;1299
2017-08-11 20:42:06+02;1289
2017-08-11 22:12:08+02;1299
2017-08-11 22:18:05+02;1379
2017-08-12 06:24:06+02;1369
2017-08-12 08:27:05+02;1359
2017-08-12 09:24:06+02;1349
2017-08-12 10:33:05+02;1339
2017-08-12 11:39:05+02;1309
2017-08-12 12:42:06+02;1339
2017-08-12 14:18:06+02;1339
2017-08-12 14:57:06+02;1309
2017-08-12 15:54:06+02;1309
2017-08-12 16:42:06+02;1309
2017-08-12 17:30:07+02;1329
2017-08-12 19:54:05+02;1289
2017-08-12 22:18:06+02;1309
2017-08-12 22:24:05+02;1379
2017-08-13 09:48:06+02;1349
2017-08-13 11:36:06+02;1309
2017-08-13 11:39:05+02;1309
2017-08-13 12:42:06+02;1339
2017-08-13 13:54:06+02;1309
2017-08-13 16:42:06+02;1289
2017-08-13 17:30:07+02;1309
2017-08-13 18:42:06+02;1299
2017-08-13 19:09:06+02;1289
2017-08-13 22:18:05+02;1379
2017-08-14 08:03:06+02;1369
2017-08-14 08:33:05+02;1359
2017-08-14 09:15:06+02;1349
2017-08-14 10:03:06+02;1339
2017-08-14 12:04:06+02;1329
2017-08-14 12:42:06+02;1339
2017-08-14 12:48:06+02;1359
2017-08-14 14:21:06+02;1329
2017-08-14 16:42:10+02;1309
2017-08-14 17:33:06+02;1329
2017-08-14 18:42:06+02;1309
2017-08-14 19:24:06+02;1289
2017-08-14 22:18:06+02;1379
2017-08-15 08:57:06+02;1349
2017-08-15 10:03:06+02;1339
2017-08-15 10:42:06+02;1329
2017-08-15 11:57:06+02;1319
2017-08-15 12:45:06+02;1349
2017-08-15 14:03:05+02;1339
2017-08-15 14:21:06+02;1339
2017-08-15 15:33:05+02;1319
2017-08-15 16:27:06+02;1309
2017-08-15 17:33:06+02;1329
2017-08-15 19:12:06+02;1289
2017-08-15 22:18:06+02;1299
2017-08-15 22:24:06+02;1379
2017-08-16 06:27:06+02;1379
2017-08-16 07:42:06+02;1369
2017-08-16 08:33:05+02;1359
2017-08-16 09:12:06+02;1349
2017-08-16 10:18:05+02;1339
2017-08-16 11:00:06+02;1339
2017-08-16 12:18:06+02;1319
2017-08-16 12:42:06+02;1339
2017-08-16 12:48:06+02;1349
2017-08-16 13:54:06+02;1329
2017-08-16 14:21:06+02;1329
2017-08-16 14:42:06+02;1319
2017-08-16 15:39:06+02;1289
2017-08-16 17:30:07+02;1309
2017-08-16 18:42:06+02;1289
2017-08-16 22:18:06+02;1379
2017-08-17 05:54:06+02;1369
2017-08-17 06:33:31+02;1369
2017-08-17 07:42:06+02;1349
2017-08-17 09:09:05+02;1339
2017-08-17 10:12:06+02;1329
2017-08-17 12:18:06+02;1299
2017-08-17 12:42:07+02;1329
2017-08-17 15:39:10+02;1309
2017-08-17 17:03:11+02;1299
2017-08-17 17:33:09+02;1319
2017-08-17 18:57:08+02;1299
2017-08-17 20:39:07+02;1279
2017-08-17 22:12:07+02;1299
2017-08-17 22:18:07+02;1389
2017-08-18 05:12:07+02;1369
2017-08-18 07:54:15+02;1369
2017-08-18 09:24:09+02;1339
2017-08-18 12:48:11+02;1349
2017-08-18 13:54:20+02;1339
2017-08-18 14:21:14+02;1329
2017-08-18 14:54:11+02;1319
2017-08-19 01:51:07+02;1379
2017-08-20 00:09:09+02;1389
2017-08-21 11:27:14+02;1289
2017-08-21 11:42:11+02;1289
2017-08-21 11:54:10+02;1269
2017-08-21 12:48:12+02;1299
2017-08-21 14:00:18+02;1299
2017-08-21 16:39:09+02;1289
2017-08-21 17:30:21+02;1309
2017-08-21 19:54:10+02;1289
2017-08-21 20:42:10+02;1289
2017-08-21 22:18:08+02;1379
2017-08-22 06:57:09+02;1369
2017-08-22 08:33:09+02;1359
2017-08-22 09:54:09+02;1349
2017-08-22 11:48:11+02;1329
2017-08-22 12:42:09+02;1349
2017-08-22 12:48:16+02;1359
2017-08-22 13:55:21+02;1339
2017-08-22 14:57:10+02;1319
2017-08-22 16:57:10+02;1309
2017-08-22 17:30:17+02;1329
2017-08-22 18:54:11+02;1309
2017-08-22 18:57:10+02;1309
2017-08-22 20:18:08+02;1289
2017-08-22 22:12:07+02;1309
2017-08-22 22:18:08+02;1379
2017-08-23 07:12:08+02;1369
2017-08-23 09:09:14+02;1359
2017-08-23 09:24:15+02;1349
2017-08-23 11:00:16+02;1349
2017-08-23 11:39:12+02;1329
2017-08-23 12:03:15+02;1319
2017-08-23 12:42:09+02;1349
2017-08-23 14:18:13+02;1339
2017-08-23 15:39:12+02;1329
2017-08-23 16:27:12+02;1319
2017-08-23 16:48:09+02;1309
2017-08-23 17:30:18+02;1329
2017-08-23 18:42:09+02;1319
2017-08-23 19:48:08+02;1299
2017-08-23 20:57:07+02;1289
2017-08-23 22:12:08+02;1299
2017-08-23 22:18:10+02;1379
2017-08-24 03:33:06+02;1379
2017-08-24 08:24:06+02;1369
2017-08-24 09:03:05+02;1359
2017-08-24 10:42:06+02;1339
2017-08-24 12:42:06+02;1359
2017-08-24 14:03:06+02;1339
2017-08-24 14:18:06+02;1339
2017-08-24 14:33:05+02;1319
2017-08-24 16:18:05+02;1309
2017-08-24 16:48:06+02;1299
2017-08-24 17:30:07+02;1319
2017-08-24 18:45:06+02;1299
2017-08-24 19:24:05+02;1299
2017-08-24 20:03:06+02;1289
2017-08-24 22:18:06+02;1379
2017-08-25 06:57:05+02;1369
2017-08-25 10:42:06+02;1329
2017-08-25 11:39:06+02;1319
2017-08-25 12:09:06+02;1309
2017-08-25 12:39:07+02;1329
2017-08-25 12:48:06+02;1339
2017-08-25 15:12:05+02;1319
2017-08-25 16:57:06+02;1309
2017-08-25 17:30:07+02;1329
2017-08-25 19:09:06+02;1309
2017-08-25 19:12:06+02;1309
2017-08-25 22:18:05+02;1399
2017-08-26 06:33:14+02;1399
2017-08-26 08:27:05+02;1379
2017-08-26 09:54:06+02;1369
2017-08-26 10:42:06+02;1349
2017-08-26 12:03:05+02;1339
2017-08-26 12:42:05+02;1369
2017-08-26 14:03:06+02;1359
2017-08-26 14:21:05+02;1339
2017-08-26 15:42:06+02;1329
2017-08-26 16:48:05+02;1319
2017-08-26 17:33:06+02;1339
2017-08-26 18:39:05+02;1309
2017-08-26 19:03:05+02;1299
2017-08-26 22:15:06+02;1319
2017-08-26 22:24:06+02;1389
2017-08-27 07:54:05+02;1379
2017-08-27 09:12:05+02;1379
2017-08-27 11:00:06+02;1349
2017-08-27 12:24:05+02;1349
2017-08-27 12:42:06+02;1379
2017-08-27 12:48:05+02;1379
2017-08-27 13:54:05+02;1369
2017-08-27 14:18:05+02;1339
2017-08-27 15:39:06+02;1339
2017-08-27 17:30:07+02;1359
2017-08-27 18:24:05+02;1339
2017-08-27 19:24:06+02;1309
2017-08-27 22:18:05+02;1319
2017-08-27 22:24:05+02;1399
2017-08-28 06:48:06+02;1379
2017-08-28 08:24:06+02;1369
2017-08-28 09:24:06+02;1359
2017-08-28 12:48:06+02;1369
2017-08-28 14:03:05+02;1359
2017-08-28 14:18:06+02;1349
2017-08-28 15:12:06+02;1339
2017-08-28 16:18:06+02;1329
2017-08-28 17:30:07+02;1349
2017-08-28 19:24:05+02;1319
2017-08-28 22:18:05+02;1409
2017-08-29 06:48:06+02;1389
2017-08-29 08:39:05+02;1369
2017-08-29 09:39:06+02;1369
2017-08-29 10:18:05+02;1359
2017-08-29 11:27:05+02;1349
2017-08-29 11:54:06+02;1339
2017-08-29 12:39:06+02;1359
2017-08-29 12:48:06+02;1369
2017-08-29 13:54:06+02;1359
2017-08-29 14:18:06+02;1349
2017-08-29 14:33:08+02;1349
2017-08-29 15:51:06+02;1339
2017-08-29 17:31:06+02;1359
2017-08-29 18:57:06+02;1339
2017-08-29 19:39:06+02;1319
2017-08-29 19:54:05+02;1309
2017-08-29 21:12:06+02;1299
2017-08-29 22:18:05+02;1399
2017-08-30 06:34:06+02;1379
2017-08-30 07:24:05+02;1369
2017-08-30 09:24:06+02;1349
2017-08-30 11:54:06+02;1329
2017-08-30 12:27:07+02;1319
2017-08-30 12:42:06+02;1349
2017-08-30 14:21:06+02;1339
2017-08-30 15:39:06+02;1329
2017-08-30 16:54:06+02;1319
2017-08-30 17:33:06+02;1339
2017-08-30 18:39:06+02;1329
2017-08-30 18:54:06+02;1329
2017-08-30 19:21:06+02;1299
2017-08-30 22:12:06+02;1299
2017-08-30 22:18:05+02;1389
2017-08-31 06:24:05+02;1379
2017-08-31 08:03:05+02;1359
2017-08-31 08:42:15+02;1359
2017-08-31 10:12:06+02;1349
2017-08-31 11:39:05+02;1309
2017-08-31 12:42:06+02;1339
2017-08-31 12:54:06+02;1339
2017-08-31 14:21:06+02;1339
2017-08-31 15:24:06+02;1329
2017-08-31 17:33:06+02;1349
2017-08-31 18:18:06+02;1329
2017-08-31 19:18:06+02;1309
2017-08-31 19:48:06+02;1309
2017-08-31 22:12:05+02;1309
2017-08-31 22:18:06+02;1399
2017-09-01 08:51:07+02;1369
2017-09-01 09:33:06+02;1369
2017-09-01 10:12:06+02;1359
2017-09-01 11:33:07+02;1349
2017-09-01 11:54:06+02;1339
2017-09-01 12:45:06+02;1369
2017-09-01 14:21:06+02;1369
2017-09-01 15:33:06+02;1349
2017-09-01 16:42:06+02;1339
2017-09-01 17:18:07+02;1339
2017-09-01 17:33:06+02;1359
2017-09-01 18:42:06+02;1359
2017-09-01 18:57:06+02;1339
2017-09-01 19:39:06+02;1339
2017-09-01 20:57:06+02;1339
2017-09-01 22:12:06+02;1339
2017-09-01 22:18:06+02;1429
2017-09-02 06:57:06+02;1429
2017-09-02 09:45:06+02;1379
2017-09-02 10:57:06+02;1379
2017-09-02 11:39:05+02;1369
2017-09-02 12:42:06+02;1379
2017-09-02 12:48:06+02;1399
2017-09-02 13:03:06+02;1399
2017-09-02 14:03:06+02;1389
2017-09-02 14:18:05+02;1369
2017-09-02 17:03:06+02;1359
2017-09-02 17:39:06+02;1359
2017-09-02 18:09:06+02;1379
2017-09-02 19:03:07+02;1349
2017-09-02 22:18:06+02;1439
2017-09-03 08:03:05+02;1409
2017-09-03 09:12:06+02;1399
2017-09-03 10:42:06+02;1389
2017-09-03 11:00:06+02;1379
2017-09-03 12:24:17+02;1369
2017-09-03 12:43:06+02;1399
2017-09-03 14:18:06+02;1369
2017-09-03 16:24:05+02;1359
2017-09-03 17:24:06+02;1359
2017-09-03 17:30:07+02;1379
2017-09-03 18:24:05+02;1369
2017-09-03 19:54:06+02;1339
2017-09-03 22:18:05+02;1429
2017-09-04 06:24:06+02;1429
2017-09-04 06:48:06+02;1419
2017-09-04 07:39:06+02;1399
2017-09-04 07:54:06+02;1399
2017-09-04 08:57:06+02;1399
2017-09-04 09:39:06+02;1389
2017-09-04 10:33:06+02;1379
2017-09-04 11:27:06+02;1369
2017-09-04 11:42:06+02;1369
2017-09-04 11:54:06+02;1359
2017-09-04 12:42:06+02;1379
2017-09-04 12:48:06+02;1389
2017-09-04 13:54:06+02;1389
2017-09-04 14:21:06+02;1389
2017-09-04 15:12:06+02;1359
2017-09-04 15:54:06+02;1359
2017-09-04 17:30:07+02;1379
2017-09-04 18:18:06+02;1369
2017-09-04 19:33:07+02;1349
2017-09-04 20:18:06+02;1339
2017-09-04 22:18:05+02;1429
2017-09-05 07:03:06+02;1419
2017-09-05 07:42:06+02;1399
2017-09-05 08:24:06+02;1399
2017-09-05 10:03:06+02;1389
2017-09-05 11:00:07+02;1389
2017-09-05 11:42:07+02;1369
2017-09-05 12:39:06+02;1389
2017-09-05 12:48:06+02;1399
2017-09-05 14:18:06+02;1379
2017-09-05 15:39:06+02;1359
2017-09-05 15:54:06+02;1339
2017-09-05 17:30:07+02;1359
2017-09-05 18:03:07+02;1349
2017-09-05 18:54:06+02;1329
2017-09-05 22:18:06+02;1419
2017-09-06 07:06:06+02;1409
2017-09-06 08:03:06+02;1389
2017-09-06 09:39:06+02;1379
2017-09-06 10:24:06+02;1379
2017-09-06 11:30:07+02;1359
2017-09-06 12:18:06+02;1359
2017-09-06 12:42:06+02;1379
2017-09-06 12:48:06+02;1389
2017-09-06 14:18:06+02;1369
2017-09-06 15:03:06+02;1359
2017-09-06 15:54:05+02;1349
2017-09-06 16:33:06+02;1349
2017-09-06 17:30:07+02;1369
2017-09-06 18:33:06+02;1349
2017-09-06 19:09:07+02;1339
2017-09-06 22:18:06+02;1429
2017-09-07 05:42:05+02;1409
2017-09-07 08:03:05+02;1389
2017-09-07 10:33:06+02;1379
2017-09-07 12:24:06+02;1359
2017-09-07 12:42:06+02;1379
2017-09-07 12:48:06+02;1389
2017-09-07 14:18:06+02;1369
2017-09-07 15:12:06+02;1339
2017-09-07 17:30:07+02;1359
2017-09-07 18:18:06+02;1349
2017-09-07 19:09:06+02;1339
2017-09-07 19:48:06+02;1329
2017-09-07 22:18:14+02;1419
2017-09-08 06:21:06+02;1409
2017-09-08 09:03:06+02;1389
2017-09-08 09:39:07+02;1389
2017-09-08 10:06:06+02;1379
2017-09-08 11:54:05+02;1359
2017-09-08 12:42:07+02;1379
2017-09-08 12:48:07+02;1389
2017-09-08 14:21:06+02;1379
2017-09-08 14:33:06+02;1349
2017-09-08 16:48:06+02;1339
2017-09-08 17:30:08+02;1359
2017-09-08 18:27:06+02;1359
2017-09-08 18:57:06+02;1339
2017-09-08 19:24:06+02;1339
2017-09-08 19:54:06+02;1329
2017-09-08 22:18:06+02;1419
2017-09-09 06:57:06+02;1409
2017-09-09 08:33:05+02;1399
2017-09-09 09:18:06+02;1389
2017-09-09 10:57:06+02;1389
2017-09-09 11:57:06+02;1359
2017-09-09 12:39:05+02;1389
2017-09-09 13:54:06+02;1379
2017-09-09 14:18:06+02;1379
2017-09-09 14:57:06+02;1369
2017-09-09 15:42:06+02;1359
2017-09-09 16:57:05+02;1349
2017-09-09 17:39:06+02;1369
2017-09-09 18:18:06+02;1359
2017-09-09 19:03:06+02;1339
2017-09-09 19:54:05+02;1339
2017-09-09 22:18:06+02;1349
2017-09-09 22:24:05+02;1429
2017-09-10 08:03:06+02;1419
2017-09-10 11:00:06+02;1389
2017-09-10 11:39:05+02;1379
2017-09-10 12:03:06+02;1369
2017-09-10 12:42:06+02;1399
2017-09-10 14:21:06+02;1379
2017-09-10 14:36:06+02;1359
2017-09-10 16:42:06+02;1339
2017-09-10 17:33:06+02;1359
2017-09-10 18:18:06+02;1339
2017-09-10 18:54:06+02;1329
2017-09-10 19:33:06+02;1319
2017-09-10 22:12:06+02;1349
2017-09-10 22:18:05+02;1409
2017-09-11 07:24:05+02;1409
2017-09-11 08:33:06+02;1399
2017-09-11 09:12:06+02;1389
2017-09-11 12:24:06+02;1359
2017-09-11 12:42:06+02;1389
2017-09-11 13:54:06+02;1379
2017-09-11 15:12:10+02;1359
2017-09-11 16:42:06+02;1349
2017-09-11 16:57:09+02;1349
2017-09-11 17:12:14+02;1339
2017-09-11 17:29:59+02;1359
2017-09-11 19:06:24+02;1349
2017-09-11 19:27:06+02;1339
2017-09-11 20:54:06+02;1319
2017-09-11 22:18:06+02;1409
2017-09-12 08:24:06+02;1399
2017-09-12 09:39:05+02;1389
2017-09-12 10:24:06+02;1379
2017-09-12 11:00:07+02;1379
2017-09-12 11:27:06+02;1369
2017-09-12 12:24:06+02;1359
2017-09-12 12:39:06+02;1389
2017-09-12 14:18:06+02;1369
2017-09-12 14:57:06+02;1359
2017-09-12 15:24:06+02;1349
2017-09-12 15:48:06+02;1339
2017-09-12 17:30:07+02;1359
2017-09-12 19:39:05+02;1329
2017-09-12 22:18:06+02;1419
2017-09-13 04:57:06+02;1399
2017-09-13 07:54:06+02;1399
2017-09-13 09:12:06+02;1379
2017-09-13 10:33:06+02;1369
2017-09-13 12:18:06+02;1359
2017-09-13 12:42:06+02;1369
2017-09-13 12:48:05+02;1389
2017-09-13 13:54:06+02;1379
2017-09-13 14:18:06+02;1359
2017-09-13 15:03:06+02;1349
2017-09-13 16:48:06+02;1329
2017-09-13 17:30:07+02;1349
2017-09-13 18:57:06+02;1329
2017-09-13 19:39:06+02;1319
2017-09-13 20:42:06+02;1319
2017-09-13 22:18:06+02;1409
2017-09-14 08:24:06+02;1399
2017-09-14 09:03:06+02;1389
2017-09-14 10:03:06+02;1379
2017-09-14 11:00:08+02;1369
2017-09-14 12:03:06+02;1359
2017-09-14 12:33:05+02;1349
2017-09-14 12:42:06+02;1379
2017-09-14 14:18:06+02;1359
2017-09-14 15:42:07+02;1349
2017-09-14 16:12:06+02;1349
2017-09-14 17:30:07+02;1369
2017-09-14 19:24:09+02;1329
2017-09-14 20:49:05+02;1319
2017-09-14 21:09:06+02;1309
2017-09-14 22:18:06+02;1409
2017-09-15 05:54:05+02;1399
2017-09-15 08:12:07+02;1389
2017-09-15 09:24:06+02;1379
2017-09-15 12:03:06+02;1359
2017-09-15 12:45:06+02;1389
2017-09-15 13:57:05+02;1349
2017-09-15 15:33:09+02;1349
2017-09-15 16:12:06+02;1339
2017-09-15 17:03:05+02;1329
2017-09-15 17:33:06+02;1349
2017-09-15 19:18:05+02;1329
2017-09-15 20:39:06+02;1309
2017-09-15 22:12:06+02;1329
2017-09-15 22:18:06+02;1399
2017-09-16 09:24:06+02;1389
2017-09-16 10:18:06+02;1369
2017-09-16 12:04:24+02;1359
2017-09-16 12:45:06+02;1389
2017-09-16 13:57:05+02;1379
2017-09-16 14:21:06+02;1369
2017-09-16 14:57:06+02;1349
2017-09-16 16:42:05+02;1349
2017-09-16 17:33:06+02;1369
2017-09-16 18:03:05+02;1359
2017-09-16 19:18:05+02;1349
2017-09-16 19:57:05+02;1329
2017-09-16 22:18:05+02;1419
2017-09-17 09:54:06+02;1409
2017-09-17 10:42:06+02;1389
2017-09-17 11:00:06+02;1379
2017-09-17 12:09:05+02;1379
2017-09-17 12:42:06+02;1409
2017-09-17 12:48:05+02;1409
2017-09-17 13:54:06+02;1399
2017-09-17 14:21:05+02;1369
2017-09-17 16:33:05+02;1349
2017-09-17 17:30:07+02;1369
2017-09-17 18:18:06+02;1349
2017-09-17 19:12:06+02;1309
2017-09-17 19:48:06+02;1309
2017-09-17 22:18:06+02;1399
2017-09-18 05:54:05+02;1399
2017-09-18 07:54:06+02;1389
2017-09-18 09:24:06+02;1379
2017-09-18 10:42:11+02;1359
2017-09-18 12:48:06+02;1389
2017-09-18 14:03:06+02;1369
2017-09-18 14:09:07+02;1369
2017-09-18 14:18:06+02;1359
2017-09-18 14:42:06+02;1339
2017-09-18 16:57:06+02;1329
2017-09-18 17:30:07+02;1349
2017-09-18 18:42:06+02;1339
2017-09-18 19:24:06+02;1319
2017-09-18 20:03:05+02;1309
2017-09-18 22:18:06+02;1399
2017-09-19 06:24:06+02;1389
2017-09-19 08:18:06+02;1379
2017-09-19 08:42:06+02;1379
2017-09-19 09:54:06+02;1369
2017-09-19 11:33:06+02;1359
2017-09-19 12:42:06+02;1389
2017-09-19 13:48:06+02;1369
2017-09-19 14:21:06+02;1359
2017-09-19 15:24:06+02;1349
2017-09-19 16:24:06+02;1339
2017-09-19 17:33:18+02;1359
2017-09-19 18:24:06+02;1329
2017-09-19 19:48:05+02;1309
2017-09-19 22:24:06+02;1399
2017-09-19 23:16:20+02;1399
2017-09-20 06:12:05+02;1399
2017-09-20 08:33:06+02;1379
2017-09-20 09:39:06+02;1369
2017-09-20 10:18:06+02;1369
2017-09-20 11:00:06+02;1359
2017-09-20 11:42:06+02;1359
2017-09-20 12:33:05+02;1349
2017-09-20 12:39:06+02;1369
2017-09-20 12:48:05+02;1379
2017-09-20 14:18:05+02;1349
2017-09-20 16:33:07+02;1349
2017-09-20 17:30:07+02;1369
2017-09-20 18:18:06+02;1359
2017-09-20 18:57:06+02;1319
2017-09-20 19:12:06+02;1319
2017-09-20 20:42:05+02;1319
2017-09-20 22:18:05+02;1409
2017-09-21 06:57:06+02;1389
2017-09-21 08:18:05+02;1369
2017-09-21 09:45:07+02;1359
2017-09-21 10:33:05+02;1349
2017-09-21 12:03:07+02;1339
2017-09-21 12:33:08+02;1329
2017-09-21 12:42:06+02;1349
2017-09-21 12:48:06+02;1359
2017-09-21 14:18:16+02;1339
2017-09-21 14:42:06+02;1339
2017-09-21 15:54:05+02;1329
2017-09-21 16:18:06+02;1319
2017-09-21 17:30:07+02;1339
2017-09-21 18:57:06+02;1309
2017-09-21 19:24:05+02;1309
2017-09-21 19:54:08+02;1299
2017-09-21 22:18:05+02;1389
