2014-06-08 09:50:01+02;1579
2014-06-09 00:02:01+02;1609
2014-06-09 13:30:01+02;1529
2014-06-09 14:54:01+02;1519
2014-06-09 17:22:01+02;1579
2014-06-10 05:58:01+02;1579
2014-06-10 07:14:01+02;1569
2014-06-10 09:42:01+02;1559
2014-06-10 12:02:01+02;1549
2014-06-10 13:26:01+02;1529
2014-06-10 17:18:01+02;1589
2014-06-11 05:18:01+02;1569
2014-06-11 06:54:01+02;1559
2014-06-11 08:14:01+02;1549
2014-06-11 09:30:01+02;1539
2014-06-11 10:22:01+02;1529
2014-06-11 11:46:01+02;1519
2014-06-11 12:54:01+02;1509
2014-06-12 01:42:01+02;1589
2014-06-12 05:26:01+02;1569
2014-06-12 06:26:01+02;1559
2014-06-12 07:26:01+02;1549
2014-06-12 08:54:01+02;1539
2014-06-12 09:54:01+02;1529
2014-06-12 13:22:01+02;1519
2014-06-12 17:22:01+02;1609
2014-06-13 05:34:01+02;1589
2014-06-13 06:46:01+02;1579
2014-06-13 09:46:01+02;1569
2014-06-13 11:26:01+02;1559
2014-06-13 11:54:01+02;1549
2014-06-13 12:46:01+02;1549
2014-06-13 14:22:01+02;1539
2014-06-13 17:22:01+02;1599
2014-06-14 05:26:01+02;1579
2014-06-14 15:10:01+02;1569
2014-06-14 17:22:01+02;1629
2014-06-15 05:26:01+02;1619
2014-06-15 06:18:01+02;1609
2014-06-15 06:54:01+02;1589
2014-06-15 07:10:01+02;1539
2014-06-15 08:38:01+02;1529
2014-06-15 10:26:01+02;1519
2014-06-16 02:54:01+02;1609
2014-06-16 05:38:01+02;1589
2014-06-16 06:58:01+02;1579
2014-06-16 07:30:01+02;1539
2014-06-16 08:34:01+02;1529
2014-06-16 10:22:01+02;1519
2014-06-16 17:22:01+02;1609
2014-06-17 05:18:01+02;1609
2014-06-17 06:38:01+02;1599
2014-06-17 07:46:01+02;1579
2014-06-17 09:46:01+02;1569
2014-06-17 10:54:01+02;1559
2014-06-17 11:18:01+02;1549
2014-06-17 12:22:01+02;1539
2014-06-17 13:26:02+02;1529
2014-06-18 03:38:01+02;1609
2014-06-18 05:30:01+02;1559
2014-06-18 06:22:01+02;1549
2014-06-18 07:22:01+02;1539
2014-06-18 08:30:02+02;1529
2014-06-18 09:30:01+02;1519
2014-06-18 10:06:01+02;1509
2014-06-18 11:22:01+02;1509
2014-06-19 03:10:01+02;1619
2014-06-19 05:10:01+02;1589
2014-06-19 07:10:01+02;1579
2014-06-19 08:14:01+02;1569
2014-06-19 10:14:01+02;1559
2014-06-19 10:38:01+02;1549
2014-06-19 13:34:01+02;1539
2014-06-19 17:22:01+02;1619
2014-06-20 05:18:01+02;1599
2014-06-20 06:30:01+02;1589
2014-06-20 07:38:01+02;1579
2014-06-20 08:50:01+02;1569
2014-06-20 09:50:01+02;1559
2014-06-20 10:54:01+02;1549
2014-06-20 11:54:01+02;1539
2014-06-20 17:18:01+02;1619
2014-06-21 05:50:01+02;1609
2014-06-21 06:22:01+02;1569
2014-06-21 07:26:01+02;1559
2014-06-21 08:18:01+02;1549
2014-06-21 09:30:01+02;1539
2014-06-21 10:46:02+02;1539
2014-06-21 17:18:01+02;1619
2014-06-22 05:18:01+02;1599
2014-06-22 05:46:01+02;1549
2014-06-22 06:14:01+02;1549
2014-06-22 06:50:01+02;1539
2014-06-22 07:58:01+02;1539
2014-06-22 17:22:01+02;1619
2014-06-23 05:26:01+02;1599
2014-06-23 06:54:01+02;1589
2014-06-23 08:38:01+02;1579
2014-06-23 10:58:01+02;1559
2014-06-23 11:18:01+02;1549
2014-06-23 12:26:01+02;1539
2014-06-24 02:30:01+02;1619
2014-06-24 07:26:01+02;1599
2014-06-24 08:22:01+02;1589
2014-06-24 09:26:01+02;1579
2014-06-24 11:14:01+02;1569
2014-06-24 12:06:01+02;1559
2014-06-24 13:14:01+02;1549
2014-06-24 14:06:01+02;1539
2014-06-24 17:18:01+02;1619
2014-06-25 07:18:01+02;1599
2014-06-25 10:02:01+02;1589
2014-06-25 12:18:01+02;1559
2014-06-25 13:06:01+02;1549
2014-06-25 13:34:01+02;1549
2014-06-25 14:26:01+02;1539
2014-06-25 17:18:01+02;1619
2014-06-26 05:18:01+02;1599
2014-06-26 06:22:01+02;1589
2014-06-26 07:38:01+02;1579
2014-06-26 08:50:01+02;1569
2014-06-26 10:38:01+02;1559
2014-06-26 14:10:01+02;1549
2014-06-27 02:26:01+02;1619
2014-06-27 05:34:01+02;1599
2014-06-27 07:26:01+02;1589
2014-06-27 08:14:01+02;1559
2014-06-27 08:58:01+02;1549
2014-06-27 09:58:01+02;1539
2014-06-27 13:14:01+02;1529
2014-06-27 17:22:01+02;1619
2014-06-28 05:46:02+02;1599
2014-06-28 06:26:01+02;1589
2014-06-28 07:34:01+02;1579
2014-06-28 09:38:01+02;1569
2014-06-28 10:54:01+02;1539
2014-06-28 12:14:01+02;1529
2014-06-28 17:22:01+02;1619
2014-06-29 05:14:01+02;1599
2014-06-29 05:34:01+02;1539
2014-06-29 08:42:01+02;1529
2014-06-30 04:30:01+02;1619
2014-06-30 05:18:01+02;1599
2014-06-30 06:42:01+02;1589
2014-06-30 08:06:01+02;1579
2014-06-30 08:54:01+02;1569
2014-06-30 09:58:01+02;1559
2014-06-30 11:02:01+02;1549
2014-06-30 17:18:01+02;1619
2014-07-01 05:10:01+02;1599
2014-07-01 06:30:01+02;1589
2014-07-01 07:26:01+02;1579
2014-07-01 08:26:01+02;1569
2014-07-01 09:30:01+02;1559
2014-07-01 10:22:01+02;1549
2014-07-01 11:30:01+02;1539
2014-07-02 05:10:01+02;1619
2014-07-02 06:06:01+02;1599
2014-07-02 06:34:01+02;1589
2014-07-02 07:46:01+02;1579
2014-07-02 09:22:01+02;1569
2014-07-02 09:58:01+02;1559
2014-07-02 10:54:01+02;1549
2014-07-02 12:14:01+02;1539
2014-07-02 17:18:01+02;1609
2014-07-03 05:14:01+02;1599
2014-07-03 06:10:01+02;1589
2014-07-03 08:14:01+02;1579
2014-07-03 09:22:01+02;1569
2014-07-03 10:34:01+02;1559
2014-07-03 12:18:01+02;1539
2014-07-03 17:22:01+02;1609
2014-07-04 05:30:01+02;1599
2014-07-04 08:06:01+02;1579
2014-07-04 09:42:01+02;1569
2014-07-04 17:18:01+02;1629
2014-07-05 01:02:01+02;1619
2014-07-05 05:46:01+02;1619
2014-07-05 07:18:01+02;1559
2014-07-05 09:54:01+02;1549
2014-07-05 13:14:01+02;1539
2014-07-05 17:18:01+02;1609
2014-07-06 05:10:01+02;1589
2014-07-06 07:02:01+02;1539
2014-07-06 09:50:01+02;1539
2014-07-06 17:22:01+02;1609
2014-07-07 06:10:01+02;1589
2014-07-07 07:34:01+02;1579
2014-07-07 09:14:01+02;1559
2014-07-07 10:22:01+02;1549
2014-07-07 12:26:01+02;1539
2014-07-07 17:22:01+02;1609
2014-07-08 05:10:01+02;1589
2014-07-08 08:58:01+02;1579
2014-07-08 09:38:01+02;1569
2014-07-08 12:06:01+02;1559
2014-07-08 17:22:01+02;1619
2014-07-09 05:38:01+02;1599
2014-07-09 08:22:01+02;1589
2014-07-09 10:50:01+02;1579
2014-07-09 13:14:01+02;1559
2014-07-10 04:02:01+02;1619
2014-07-10 05:14:01+02;1609
2014-07-10 05:46:01+02;1599
2014-07-10 10:14:01+02;1579
2014-07-10 13:46:01+02;1559
2014-07-10 14:06:01+02;1539
2014-07-10 17:26:01+02;1639
2014-07-11 05:10:01+02;1609
2014-07-11 05:50:01+02;1589
2014-07-11 12:18:01+02;1539
2014-07-11 17:22:01+02;1599
2014-07-12 17:22:01+02;1629
2014-07-13 04:22:01+02;1619
2014-07-13 05:58:01+02;1599
2014-07-13 11:10:01+02;1539
2014-07-13 17:22:01+02;1599
2014-07-14 11:14:01+02;1589
2014-07-14 11:58:01+02;1569
2014-07-14 17:18:01+02;1619
2014-07-15 05:34:01+02;1609
2014-07-15 08:10:01+02;1589
2014-07-15 13:42:01+02;1569
2014-07-15 14:30:01+02;1559
2014-07-16 05:02:01+02;1619
2014-07-16 06:42:01+02;1609
2014-07-16 15:10:01+02;1599
2014-07-16 17:18:01+02;1619
2014-07-17 01:02:01+02;1609
2014-07-17 11:30:02+02;1599
2014-07-17 12:02:01+02;1579
2014-07-18 04:34:01+02;1619
2014-07-18 05:58:01+02;1609
2014-07-18 06:06:01+02;1609
2014-07-18 07:54:01+02;1599
2014-07-18 11:30:01+02;1579
2014-07-18 12:02:01+02;1559
2014-07-18 17:22:01+02;1609
2014-07-19 05:42:01+02;1589
2014-07-19 07:38:01+02;1559
2014-07-19 17:22:01+02;1609
2014-07-20 05:26:01+02;1559
2014-07-20 10:18:01+02;1549
2014-07-20 17:18:01+02;1609
2014-07-21 05:34:01+02;1599
2014-07-21 11:30:01+02;1579
2014-07-21 12:34:01+02;1559
2014-07-21 17:22:01+02;1619
2014-07-22 00:58:01+02;1609
2014-07-22 05:42:01+02;1609
2014-07-22 09:02:01+02;1549
2014-07-22 10:50:01+02;1529
2014-07-22 17:22:01+02;1589
2014-07-23 07:50:01+02;1529
2014-07-23 10:22:01+02;1529
2014-07-23 13:50:01+02;1519
2014-07-24 00:02:01+02;1589
2014-07-24 07:14:01+02;1579
2014-07-24 09:38:01+02;1559
2014-07-24 11:42:01+02;1539
2014-07-24 12:18:01+02;1519
2014-07-24 17:18:01+02;1589
2014-07-25 06:18:01+02;1549
2014-07-25 11:02:01+02;1539
2014-07-25 17:18:01+02;1599
2014-07-26 10:30:01+02;1559
2014-07-26 17:22:01+02;1619
2014-07-27 05:18:01+02;1599
2014-07-27 10:18:01+02;1539
2014-07-27 17:22:01+02;1599
2014-07-28 09:54:01+02;1579
2014-07-28 12:10:01+02;1549
2014-07-28 13:46:01+02;1519
2014-07-28 17:22:01+02;1589
2014-07-29 05:10:01+02;1589
2014-07-29 11:50:01+02;1559
2014-07-29 12:34:01+02;1529
2014-07-30 03:14:01+02;1589
2014-07-30 08:14:01+02;1529
2014-07-30 13:38:01+02;1519
2014-07-30 17:18:01+02;1589
2014-07-31 00:58:01+02;1589
2014-07-31 07:02:01+02;1579
2014-07-31 12:38:01+02;1559
2014-07-31 13:18:01+02;1529
2014-07-31 17:22:01+02;1589
2014-08-01 05:26:01+02;1589
2014-08-01 08:34:01+02;1579
2014-08-01 09:34:01+02;1569
2014-08-01 10:18:01+02;1559
2014-08-01 12:38:01+02;1539
2014-08-01 17:22:01+02;1599
2014-08-02 04:06:01+02;1589
2014-08-02 17:22:01+02;1609
2014-08-03 03:10:01+02;1599
2014-08-03 05:34:01+02;1579
2014-08-03 07:14:01+02;1529
2014-08-03 17:22:01+02;1589
2014-08-04 05:22:01+02;1589
2014-08-04 10:22:01+02;1569
2014-08-04 12:38:01+02;1549
2014-08-04 17:22:01+02;1609
2014-08-05 07:02:01+02;1599
2014-08-05 11:34:01+02;1599
2014-08-05 13:02:01+02;1549
2014-08-05 17:42:01+02;1529
2014-08-05 23:22:01+02;1589
2014-08-06 11:18:01+02;1559
2014-08-06 18:30:01+02;1539
2014-08-06 19:38:01+02;1519
2014-08-06 23:18:01+02;1579
2014-08-07 09:02:01+02;1569
2014-08-07 11:14:01+02;1549
2014-08-07 12:02:01+02;1539
2014-08-07 16:30:01+02;1539
2014-08-07 18:26:01+02;1519
2014-08-07 23:22:01+02;1579
2014-08-08 12:02:01+02;1579
2014-08-08 17:50:01+02;1549
2014-08-08 18:54:01+02;1539
2014-08-08 19:38:01+02;1519
2014-08-09 00:42:01+02;1579
2014-08-09 11:10:01+02;1579
2014-08-09 12:10:01+02;1549
2014-08-09 23:22:01+02;1609
2014-08-10 13:22:01+02;1589
2014-08-10 14:46:01+02;1589
2014-08-10 18:46:01+02;1559
2014-08-10 23:18:01+02;1609
2014-08-11 07:02:01+02;1589
2014-08-11 09:26:01+02;1559
2014-08-11 12:22:01+02;1549
2014-08-11 18:06:01+02;1529
2014-08-11 23:22:01+02;1589
2014-08-12 11:14:01+02;1579
2014-08-12 14:50:01+02;1559
2014-08-12 16:50:01+02;1549
2014-08-12 17:02:01+02;1539
2014-08-12 19:38:01+02;1529
2014-08-12 23:22:01+02;1589
2014-08-13 11:46:01+02;1579
2014-08-13 13:06:01+02;1559
2014-08-13 15:46:01+02;1509
2014-08-13 17:14:01+02;1499
2014-08-13 23:22:01+02;1569
2014-08-14 11:58:01+02;1569
2014-08-14 12:10:01+02;1519
2014-08-14 18:34:01+02;1499
2014-08-14 23:22:01+02;1569
2014-08-15 11:38:01+02;1569
2014-08-15 12:26:01+02;1509
2014-08-15 23:22:01+02;1579
2014-08-16 14:58:01+02;1539
2014-08-16 23:18:01+02;1599
2014-08-17 06:58:01+02;1579
2014-08-17 11:14:01+02;1579
2014-08-17 11:58:01+02;1529
2014-08-17 23:18:01+02;1589
2014-08-18 06:58:01+02;1579
2014-08-18 15:58:01+02;1499
2014-08-18 20:02:01+02;1489
2014-08-18 23:18:01+02;1569
2014-08-19 06:58:01+02;1559
2014-08-19 14:50:01+02;1519
2014-08-19 15:02:01+02;1509
2014-08-19 17:38:01+02;1489
2014-08-19 23:18:01+02;1559
2014-08-20 13:38:01+02;1509
2014-08-20 19:14:01+02;1509
2014-08-20 23:18:01+02;1569
2014-08-21 11:22:01+02;1559
2014-08-21 13:42:01+02;1529
2014-08-21 20:14:01+02;1509
2014-08-21 23:22:01+02;1579
2014-08-22 12:46:01+02;1569
2014-08-22 17:50:01+02;1549
2014-08-22 23:18:01+02;1609
2014-08-23 06:58:01+02;1589
2014-08-23 23:18:01+02;1609
2014-08-24 06:58:01+02;1589
2014-08-24 11:30:01+02;1559
2014-08-24 14:38:01+02;1549
2014-08-24 23:22:01+02;1609
2014-08-25 06:58:01+02;1589
2014-08-25 13:46:01+02;1589
2014-08-25 17:46:01+02;1569
2014-08-25 23:22:01+02;1619
2014-08-26 09:38:01+02;1589
2014-08-26 12:10:01+02;1589
2014-08-26 19:42:01+02;1549
2014-08-26 22:42:01+02;1609
2014-08-27 06:58:01+02;1599
2014-08-27 11:34:01+02;1579
2014-08-27 14:02:01+02;1549
2014-08-27 17:30:01+02;1539
2014-08-27 18:22:01+02;1529
2014-08-27 23:18:01+02;1589
2014-08-28 11:22:01+02;1579
2014-08-28 16:54:01+02;1579
2014-08-28 20:22:01+02;1559
2014-08-28 20:54:01+02;1529
2014-08-28 23:22:01+02;1589
2014-08-29 12:14:01+02;1579
2014-08-29 14:26:01+02;1559
2014-08-29 17:30:02+02;1539
2014-08-29 23:22:01+02;1599
2014-08-30 10:42:01+02;1579
2014-08-30 11:22:01+02;1559
2014-08-30 23:22:01+02;1619
2014-08-31 06:58:01+02;1599
2014-08-31 11:38:01+02;1559
2014-08-31 23:18:01+02;1619
2014-09-01 06:58:01+02;1599
2014-09-01 11:14:01+02;1589
2014-09-01 15:18:01+02;1569
2014-09-01 23:18:01+02;1619
2014-09-02 07:02:01+02;1599
2014-09-02 11:22:01+02;1599
2014-09-02 11:54:01+02;1579
2014-09-02 18:26:01+02;1529
2014-09-02 20:30:01+02;1519
2014-09-02 23:18:01+02;1619
2014-09-03 07:02:01+02;1589
2014-09-03 11:54:01+02;1579
2014-09-03 15:22:01+02;1539
2014-09-03 18:14:01+02;1519
2014-09-03 23:18:01+02;1589
2014-09-04 08:42:01+02;1579
2014-09-04 11:18:01+02;1579
2014-09-04 14:06:01+02;1559
2014-09-04 15:42:01+02;1549
2014-09-04 17:14:01+02;1539
2014-09-04 20:10:01+02;1529
2014-09-04 23:18:01+02;1589
2014-09-05 06:58:01+02;1579
2014-09-05 09:46:01+02;1579
2014-09-05 11:14:01+02;1579
2014-09-05 13:34:01+02;1569
2014-09-05 17:50:01+02;1549
2014-09-05 23:22:01+02;1609
2014-09-06 06:58:01+02;1579
2014-09-06 11:18:01+02;1569
2014-09-06 11:50:01+02;1539
2014-09-06 23:22:01+02;1599
2014-09-07 06:58:01+02;1579
2014-09-07 11:38:01+02;1529
2014-09-07 23:22:01+02;1599
2014-09-08 06:58:01+02;1579
2014-09-08 11:22:01+02;1579
2014-09-08 14:38:01+02;1559
2014-09-08 23:22:01+02;1619
2014-09-09 07:22:01+02;1579
2014-09-09 11:22:01+02;1569
2014-09-09 11:50:01+02;1549
2014-09-09 13:54:01+02;1529
2014-09-09 23:22:01+02;1589
2014-09-10 06:58:01+02;1579
2014-09-10 11:50:01+02;1579
2014-09-10 12:50:01+02;1569
2014-09-10 15:10:01+02;1539
2014-09-10 18:22:01+02;1539
2014-09-10 23:22:01+02;1599
2014-09-11 11:22:01+02;1589
2014-09-11 12:38:02+02;1569
2014-09-11 23:18:01+02;1619
2014-09-12 06:58:01+02;1599
2014-09-12 11:34:01+02;1579
2014-09-12 14:22:01+02;1569
2014-09-12 16:22:01+02;1539
2014-09-12 18:38:01+02;1529
2014-09-12 23:26:01+02;1589
2014-09-13 11:26:01+02;1579
2014-09-13 14:02:01+02;1529
2014-09-13 23:22:02+02;1589
2014-09-14 11:34:01+02;1579
2014-09-14 16:14:01+02;1529
2014-09-14 17:58:01+02;1519
2014-09-14 23:18:01+02;1589
2014-09-15 11:18:01+02;1579
2014-09-15 16:42:01+02;1559
2014-09-15 18:42:01+02;1539
2014-09-15 23:22:01+02;1599
2014-09-16 06:58:01+02;1589
2014-09-16 11:30:01+02;1569
2014-09-16 17:30:01+02;1549
2014-09-16 23:22:01+02;1609
2014-09-17 06:58:01+02;1589
2014-09-17 13:34:01+02;1569
2014-09-17 13:58:01+02;1559
2014-09-17 18:30:01+02;1539
2014-09-17 23:22:01+02;1599
2014-09-18 06:58:01+02;1589
2014-09-18 11:30:01+02;1589
2014-09-18 13:30:01+02;1579
2014-09-18 17:30:01+02;1559
2014-09-18 23:18:01+02;1609
2014-09-19 09:38:01+02;1579
2014-09-19 12:22:01+02;1529
2014-09-19 23:22:01+02;1589
2014-09-20 11:54:01+02;1569
2014-09-20 12:30:01+02;1519
2014-09-20 23:22:01+02;1579
2014-09-21 10:38:01+02;1519
2014-09-21 23:22:01+02;1579
2014-09-22 11:34:01+02;1519
2014-09-22 23:22:01+02;1579
2014-09-23 12:02:01+02;1569
2014-09-23 13:42:01+02;1559
2014-09-23 20:22:01+02;1539
2014-09-23 23:22:01+02;1599
2014-09-24 06:58:01+02;1589
2014-09-24 14:10:01+02;1569
2014-09-24 17:54:01+02;1549
2014-09-24 23:18:01+02;1599
2014-09-25 06:58:01+02;1579
2014-09-25 12:10:01+02;1559
2014-09-25 23:22:01+02;1599
2014-09-26 06:58:01+02;1579
2014-09-26 10:10:01+02;1579
2014-09-26 13:14:01+02;1559
2014-09-26 17:54:01+02;1539
2014-09-26 23:22:01+02;1599
2014-09-27 06:58:01+02;1579
2014-09-27 11:18:01+02;1539
2014-09-27 23:22:01+02;1599
2014-09-28 09:38:01+02;1579
2014-09-28 12:50:01+02;1539
2014-09-28 23:22:01+02;1599
2014-09-29 09:38:01+02;1579
2014-09-29 13:46:01+02;1539
2014-09-29 13:50:01+02;1539
2014-09-29 23:22:01+02;1599
2014-09-30 07:02:01+02;1579
2014-09-30 11:10:01+02;1579
2014-09-30 14:26:01+02;1549
2014-09-30 15:10:01+02;1539
2014-09-30 18:14:01+02;1519
2014-09-30 23:22:01+02;1579
2014-10-01 12:46:01+02;1569
2014-10-01 14:46:01+02;1559
2014-10-01 23:22:01+02;1609
2014-10-02 06:58:01+02;1579
2014-10-02 13:46:01+02;1579
2014-10-02 16:26:01+02;1549
2014-10-02 23:22:01+02;1609
2014-10-03 06:58:01+02;1579
2014-10-03 23:22:01+02;1619
2014-10-04 09:38:01+02;1579
2014-10-04 11:10:01+02;1569
2014-10-04 12:46:01+02;1529
2014-10-04 23:18:01+02;1589
2014-10-05 06:58:01+02;1579
2014-10-05 12:02:01+02;1529
2014-10-05 13:54:01+02;1529
2014-10-05 23:22:01+02;1589
2014-10-06 06:54:01+02;1579
2014-10-06 11:18:01+02;1569
2014-10-06 13:22:01+02;1559
2014-10-06 17:14:01+02;1519
2014-10-06 23:18:01+02;1579
2014-10-07 11:18:01+02;1569
2014-10-07 13:22:01+02;1539
2014-10-07 17:54:01+02;1519
2014-10-07 23:22:01+02;1579
2014-10-08 11:42:01+02;1519
2014-10-08 23:22:01+02;1579
2014-10-09 11:14:01+02;1549
2014-10-09 16:38:01+02;1529
2014-10-09 23:22:01+02;1589
2014-10-10 06:58:01+02;1579
2014-10-10 11:14:01+02;1569
2014-10-10 14:02:01+02;1559
2014-10-10 18:50:01+02;1559
2014-10-10 19:34:01+02;1539
2014-10-10 23:22:01+02;1579
2014-10-11 08:54:01+02;1559
2014-10-11 11:34:01+02;1549
2014-10-11 15:18:01+02;1549
2014-10-11 15:30:01+02;1539
2014-10-11 16:06:01+02;1539
2014-10-11 18:22:01+02;1509
2014-10-11 23:22:01+02;1569
2014-10-12 06:58:01+02;1559
2014-10-12 11:38:01+02;1539
2014-10-12 19:34:01+02;1509
2014-10-12 23:22:01+02;1569
2014-10-13 06:54:01+02;1559
2014-10-13 10:30:01+02;1549
2014-10-13 13:26:01+02;1539
2014-10-13 18:02:01+02;1519
2014-10-13 23:22:01+02;1579
2014-10-14 06:58:01+02;1559
2014-10-14 13:54:01+02;1549
2014-10-14 14:06:01+02;1529
2014-10-14 17:30:01+02;1489
2014-10-14 17:38:01+02;1479
2014-10-14 23:22:01+02;1539
2014-10-15 11:10:01+02;1529
2014-10-15 14:38:01+02;1499
2014-10-15 23:18:01+02;1529
2014-10-16 06:58:01+02;1529
2014-10-16 11:18:01+02;1529
2014-10-16 14:30:01+02;1529
2014-10-16 16:46:01+02;1479
2014-10-16 23:22:01+02;1509
2014-10-17 11:18:02+02;1509
2014-10-17 11:54:01+02;1479
2014-10-17 23:18:01+02;1509
2014-10-18 11:42:01+02;1509
2014-10-18 23:18:01+02;1509
2014-10-19 11:14:01+02;1479
2014-10-19 11:26:01+02;1419
2014-10-19 14:06:01+02;1419
2014-10-19 23:18:01+02;1479
2014-10-20 14:26:01+02;1479
2014-10-20 18:38:01+02;1429
2014-10-20 23:22:01+02;1489
2014-10-21 11:18:01+02;1469
2014-10-21 15:38:01+02;1439
2014-10-21 23:22:01+02;1499
2014-10-22 11:54:01+02;1489
2014-10-22 12:14:02+02;1439
2014-10-22 23:22:01+02;1499
2014-10-23 13:18:01+02;1469
2014-10-23 16:18:01+02;1439
2014-10-23 23:22:01+02;1499
2014-10-24 11:18:01+02;1489
2014-10-24 16:02:01+02;1459
2014-10-24 23:18:01+02;1509
2014-10-25 11:38:01+02;1469
2014-10-25 23:22:01+02;1519
2014-10-26 11:14:01+01;1509
2014-10-26 11:30:01+01;1469
2014-10-26 23:22:01+01;1519
2014-10-27 11:58:01+01;1499
2014-10-27 14:26:01+01;1469
2014-10-27 23:22:01+01;1519
2014-10-28 09:34:01+01;1519
2014-10-28 14:38:01+01;1489
2014-10-28 23:22:01+01;1519
2014-10-29 11:50:01+01;1489
2014-10-29 14:10:01+01;1479
2014-10-29 16:02:01+01;1469
2014-10-29 23:22:01+01;1519
2014-10-30 11:18:01+01;1509
2014-10-30 12:34:01+01;1489
2014-10-30 15:22:01+01;1479
2014-10-30 16:34:01+01;1459
2014-10-30 18:58:01+01;1439
2014-10-30 23:22:01+01;1499
2014-10-31 13:26:01+01;1499
2014-10-31 18:02:01+01;1479
2014-10-31 23:22:01+01;1539
2014-11-01 06:58:01+01;1519
2014-11-01 11:14:01+01;1509
2014-11-01 12:54:01+01;1489
2014-11-01 19:18:01+01;1469
2014-11-01 20:22:01+01;1459
2014-11-01 23:22:01+01;1519
2014-11-02 10:46:01+01;1469
2014-11-02 13:22:01+01;1459
2014-11-02 14:18:01+01;1449
2014-11-02 22:22:01+01;1509
2014-11-03 10:10:01+01;1509
2014-11-03 12:22:01+01;1479
2014-11-03 21:17:00+01;1479
2014-11-03 23:21:00+01;1529
2014-11-04 06:57:00+01;1519
2014-11-04 11:09:00+01;1509
2014-11-04 13:21:00+01;1509
2014-11-04 14:13:00+01;1469
2014-11-04 17:49:00+01;1459
2014-11-04 23:17:00+01;1519
2014-11-05 06:57:00+01;1509
2014-11-05 11:49:00+01;1469
2014-11-05 23:17:00+01;1529
2014-11-06 06:57:00+01;1509
2014-11-06 11:09:00+01;1459
2014-11-06 23:21:00+01;1519
2014-11-07 06:57:00+01;1509
2014-11-07 11:01:00+01;1459
2014-11-07 23:21:00+01;1519
2014-11-08 07:17:00+01;1509
2014-11-08 11:21:00+01;1459
2014-11-08 23:21:00+01;1519
2014-11-09 06:57:00+01;1509
2014-11-09 11:01:00+01;1449
2014-11-09 23:21:00+01;1509
2014-11-10 09:49:00+01;1499
2014-11-10 12:09:00+01;1459
2014-11-10 18:33:00+01;1439
2014-11-10 23:25:00+01;1509
2014-11-11 11:21:00+01;1459
2014-11-11 17:57:00+01;1449
2014-11-11 23:21:00+01;1509
2014-11-12 11:21:00+01;1489
2014-11-12 17:57:00+01;1469
2014-11-12 23:21:00+01;1529
2014-11-13 06:57:00+01;1509
2014-11-13 11:13:00+01;1509
2014-11-13 12:45:00+01;1499
2014-11-13 17:01:00+01;1489
2014-11-13 18:41:00+01;1479
2014-11-13 23:21:00+01;1529
2014-11-14 06:57:00+01;1509
2014-11-14 09:29:00+01;1479
2014-11-14 17:33:00+01;1459
2014-11-14 18:45:00+01;1439
2014-11-14 23:21:00+01;1499
2014-11-15 09:41:00+01;1449
2014-11-15 11:41:00+01;1429
2014-11-15 14:57:00+01;1419
2014-11-15 17:57:00+01;1419
2014-11-15 23:21:00+01;1499
2014-11-16 06:57:00+01;1489
2014-11-16 11:37:00+01;1469
2014-11-16 14:57:00+01;1469
2014-11-16 23:21:00+01;1529
2014-11-17 06:57:00+01;1499
2014-11-17 11:09:00+01;1499
2014-11-17 12:01:00+01;1479
2014-11-17 23:25:00+01;1529
2014-11-18 07:13:00+01;1489
2014-11-18 11:13:00+01;1489
2014-11-18 15:53:00+01;1489
2014-11-18 19:25:00+01;1479
2014-11-18 19:37:00+01;1459
2014-11-18 23:21:00+01;1519
2014-11-19 06:57:00+01;1489
2014-11-19 11:13:00+01;1489
2014-11-19 13:45:00+01;1489
2014-11-19 17:17:00+01;1469
2014-11-19 18:21:00+01;1469
2014-11-19 23:21:00+01;1519
2014-11-20 06:57:00+01;1489
2014-11-20 10:01:00+01;1459
2014-11-20 16:05:00+01;1439
2014-11-20 23:21:00+01;1499
2014-11-21 06:57:00+01;1479
2014-11-21 09:57:00+01;1479
2014-11-21 11:41:00+01;1439
2014-11-21 16:29:00+01;1429
2014-11-21 23:21:00+01;1489
2014-11-22 11:17:00+01;1459
2014-11-22 23:21:00+01;1519
2014-11-23 06:57:00+01;1489
2014-11-23 12:25:00+01;1449
2014-11-23 13:25:00+01;1439
2014-11-23 23:21:00+01;1499
2014-11-24 09:53:00+01;1489
2014-11-24 11:25:00+01;1479
2014-11-24 12:09:00+01;1479
2014-11-24 18:57:00+01;1459
2014-11-24 23:21:00+01;1519
2014-11-25 06:57:00+01;1489
2014-11-25 11:25:00+01;1459
2014-11-25 13:51:00+01;1449
2014-11-25 23:21:00+01;1509
2014-11-26 06:57:00+01;1489
2014-11-26 11:29:00+01;1479
2014-11-26 12:41:00+01;1479
2014-11-26 15:21:00+01;1459
2014-11-26 21:25:00+01;1419
2014-11-26 23:21:00+01;1479
2014-11-27 11:13:00+01;1469
2014-11-27 13:01:00+01;1459
2014-11-27 14:13:00+01;1439
2014-11-27 17:13:00+01;1429
2014-11-27 23:21:00+01;1489
2014-11-28 06:57:00+01;1479
2014-11-28 11:13:00+01;1469
2014-11-28 12:57:00+01;1459
2014-11-28 15:41:00+01;1439
2014-11-28 18:29:00+01;1419
2014-11-28 23:21:00+01;1469
2014-11-29 06:57:00+01;1459
2014-11-29 11:25:00+01;1439
2014-11-29 13:49:00+01;1419
2014-11-29 23:21:00+01;1459
2014-11-30 11:49:00+01;1419
2014-11-30 23:21:00+01;1459
2014-12-01 09:46:00+01;1459
2014-12-01 16:20:00+01;1449
2014-12-01 23:17:00+01;1459
2014-12-02 06:57:00+01;1439
2014-12-02 14:17:00+01;1439
2014-12-02 15:53:00+01;1409
2014-12-02 22:41:00+01;1439
2014-12-03 09:57:00+01;1439
2014-12-03 13:25:00+01;1429
2014-12-03 15:13:00+01;1419
2014-12-03 17:09:00+01;1409
2014-12-03 19:33:00+01;1389
2014-12-03 23:21:00+01;1439
2014-12-04 06:53:00+01;1429
2014-12-04 12:13:00+01;1429
2014-12-04 16:17:00+01;1409
2014-12-04 18:34:00+01;1389
2014-12-04 23:25:00+01;1439
2014-12-05 06:53:00+01;1419
2014-12-05 11:21:00+01;1419
2014-12-05 17:05:00+01;1409
2014-12-05 18:21:00+01;1399
2014-12-05 23:21:00+01;1429
2014-12-06 11:13:00+01;1429
2014-12-06 12:05:00+01;1389
2014-12-06 23:21:00+01;1429
2014-12-07 11:13:00+01;1419
2014-12-07 11:45:00+01;1359
2014-12-07 11:57:00+01;1339
2014-12-07 23:21:00+01;1399
2014-12-08 11:13:00+01;1339
2014-12-08 23:17:00+01;1399
2014-12-09 11:13:00+01;1399
2014-12-09 13:25:00+01;1389
2014-12-09 14:45:00+01;1379
2014-12-09 18:45:00+01;1369
2014-12-09 23:21:00+01;1419
2014-12-10 11:17:00+01;1369
2014-12-10 23:17:00+01;1419
2014-12-11 08:53:00+01;1399
2014-12-11 11:37:00+01;1369
2014-12-11 11:57:00+01;1369
2014-12-11 23:17:00+01;1399
2014-12-12 09:25:00+01;1369
2014-12-12 13:01:00+01;1369
2014-12-12 16:01:00+01;1359
2014-12-12 17:49:00+01;1339
2014-12-12 23:21:00+01;1389
2014-12-13 10:13:00+01;1339
2014-12-13 23:21:00+01;1389
2014-12-14 11:09:00+01;1379
2014-12-14 11:21:00+01;1339
2014-12-14 16:30:01+01;1339
2014-12-14 23:22:01+01;1389
2014-12-15 09:58:01+01;1379
2014-12-15 15:02:01+01;1349
2014-12-15 17:06:01+01;1309
2014-12-15 23:22:01+01;1369
2014-12-16 09:58:01+01;1369
2014-12-16 11:58:01+01;1339
2014-12-16 19:10:01+01;1319
2014-12-16 22:38:01+01;1379
2014-12-17 08:54:01+01;1369
2014-12-17 09:58:01+01;1369
2014-12-17 11:18:01+01;1319
2014-12-17 13:58:01+01;1319
2014-12-17 16:10:01+01;1309
2014-12-17 17:42:01+01;1299
2014-12-17 23:22:01+01;1349
2014-12-18 09:46:01+01;1349
2014-12-18 15:50:01+01;1329
2014-12-18 17:42:01+01;1319
2014-12-18 18:22:01+01;1309
2014-12-18 19:22:01+01;1299
2014-12-18 23:22:01+01;1359
2014-12-19 08:54:01+01;1309
2014-12-19 12:54:01+01;1309
2014-12-19 16:18:01+01;1309
2014-12-19 17:22:01+01;1299
2014-12-19 18:14:01+01;1289
2014-12-19 23:22:01+01;1349
2014-12-20 08:54:01+01;1349
2014-12-20 11:22:01+01;1339
2014-12-20 18:50:01+01;1289
2014-12-20 23:22:01+01;1349
2014-12-21 06:54:01+01;1349
2014-12-21 12:14:01+01;1289
2014-12-21 23:22:01+01;1349
2014-12-22 06:58:01+01;1349
2014-12-22 11:42:01+01;1319
2014-12-22 17:34:01+01;1299
2014-12-22 23:22:01+01;1359
2014-12-23 11:30:01+01;1329
2014-12-23 15:10:01+01;1299
2014-12-23 17:34:01+01;1279
2014-12-23 17:54:01+01;1279
2014-12-23 23:22:01+01;1339
2014-12-24 11:18:01+01;1339
2014-12-24 14:54:01+01;1319
2014-12-24 23:22:01+01;1359
2014-12-25 11:10:01+01;1319
2014-12-25 23:22:01+01;1359
2014-12-26 11:14:01+01;1319
2014-12-26 23:22:01+01;1359
2014-12-27 11:30:01+01;1339
2014-12-27 13:18:01+01;1289
2014-12-27 18:50:01+01;1269
2014-12-27 23:22:01+01;1329
2014-12-28 11:42:01+01;1269
2014-12-28 23:22:01+01;1329
2014-12-29 14:46:01+01;1319
2014-12-29 18:10:01+01;1299
2014-12-29 23:18:01+01;1359
2014-12-30 09:42:01+01;1349
2014-12-30 14:58:01+01;1299
2014-12-30 23:22:01+01;1359
2014-12-31 11:18:01+01;1339
2014-12-31 12:06:01+01;1299
2014-12-31 17:50:01+01;1289
2014-12-31 23:22:01+01;1349
2015-01-01 13:02:01+01;1299
2015-01-01 15:02:01+01;1289
2015-01-01 23:22:01+01;1349
2015-01-02 11:18:01+01;1329
2015-01-02 16:14:01+01;1289
2015-01-02 23:22:01+01;1339
2015-01-03 11:18:01+01;1279
2015-01-03 23:22:01+01;1339
2015-01-04 11:38:01+01;1299
2015-01-04 23:22:01+01;1349
2015-01-05 11:26:01+01;1339
2015-01-05 11:46:01+01;1329
2015-01-05 14:14:01+01;1319
2015-01-05 14:46:02+01;1319
2015-01-05 17:30:01+01;1309
2015-01-05 23:22:01+01;1349
2015-01-06 09:14:01+01;1329
2015-01-06 11:50:01+01;1319
2015-01-06 16:18:02+01;1319
2015-01-06 17:22:01+01;1299
2015-01-06 20:02:01+01;1279
2015-01-06 23:22:01+01;1339
2015-01-07 08:26:01+01;1329
2015-01-07 12:22:01+01;1329
2015-01-07 18:38:01+01;1319
2015-01-07 19:58:01+01;1279
2015-01-07 23:22:01+01;1339
2015-01-08 09:02:01+01;1329
2015-01-08 11:38:01+01;1329
2015-01-08 17:06:01+01;1279
2015-01-08 23:22:01+01;1339
2015-01-09 10:14:01+01;1319
2015-01-09 12:46:01+01;1319
2015-01-09 17:46:01+01;1299
2015-01-09 19:18:01+01;1269
2015-01-09 22:54:01+01;1329
2015-01-10 09:30:01+01;1309
2015-01-10 11:58:01+01;1269
2015-01-10 14:26:01+01;1269
2015-01-10 23:22:01+01;1329
2015-01-11 10:38:01+01;1309
2015-01-11 14:02:01+01;1269
2015-01-11 15:18:01+01;1269
2015-01-11 23:22:01+01;1329
2015-01-12 08:06:01+01;1309
2015-01-12 11:42:01+01;1299
2015-01-12 16:46:01+01;1299
2015-01-12 17:46:01+01;1249
2015-01-12 23:22:01+01;1309
2015-01-13 11:58:01+01;1289
2015-01-13 15:46:01+01;1279
2015-01-13 20:14:01+01;1269
2015-01-13 23:22:01+01;1329
2015-01-14 06:58:01+01;1319
2015-01-14 08:58:01+01;1299
2015-01-14 11:10:01+01;1289
2015-01-14 16:02:01+01;1259
2015-01-14 17:46:01+01;1239
2015-01-14 20:34:01+01;1239
2015-01-14 23:22:01+01;1299
2015-01-15 13:14:01+01;1289
2015-01-15 17:50:01+01;1269
2015-01-15 19:42:01+01;1259
2015-01-15 19:58:01+01;1229
2015-01-15 23:22:01+01;1289
2015-01-16 12:38:01+01;1279
2015-01-16 15:42:01+01;1259
2015-01-16 17:38:01+01;1239
2015-01-17 00:14:01+01;1299
2015-01-17 11:26:01+01;1269
2015-01-17 14:54:01+01;1259
2015-01-17 18:10:01+01;1249
2015-01-17 23:22:01+01;1309
2015-01-18 10:46:01+01;1299
2015-01-18 11:14:01+01;1239
2015-01-18 23:22:01+01;1299
2015-01-19 11:10:01+01;1249
2015-01-19 23:22:01+01;1309
2015-01-20 12:50:01+01;1299
2015-01-20 15:06:01+01;1289
2015-01-20 17:38:01+01;1269
2015-01-20 19:46:01+01;1249
2015-01-20 23:22:01+01;1309
2015-01-21 16:38:01+01;1299
2015-01-21 19:26:01+01;1289
2015-01-21 23:22:01+01;1339
2015-01-22 06:58:01+01;1319
2015-01-22 10:26:01+01;1299
2015-01-22 11:42:01+01;1299
2015-01-22 16:54:01+01;1279
2015-01-22 18:34:01+01;1259
2015-01-22 21:38:01+01;1259
2015-01-22 23:22:01+01;1319
2015-01-23 09:58:01+01;1309
2015-01-23 15:22:01+01;1259
2015-01-23 23:22:01+01;1319
2015-01-24 09:50:01+01;1309
2015-01-24 11:10:01+01;1299
2015-01-24 16:14:01+01;1289
2015-01-24 23:22:01+01;1339
2015-01-25 06:58:01+01;1329
2015-01-25 10:26:01+01;1309
2015-01-25 11:10:01+01;1289
2015-01-25 15:46:01+01;1269
2015-01-25 23:22:01+01;1329
2015-01-26 08:58:01+01;1309
2015-01-26 14:14:01+01;1289
2015-01-26 23:22:01+01;1339
2015-01-27 06:58:01+01;1329
2015-01-27 10:30:01+01;1309
2015-01-27 11:14:01+01;1309
2015-01-27 14:58:01+01;1309
2015-01-27 16:18:01+01;1279
2015-01-27 23:22:01+01;1339
2015-01-28 06:58:01+01;1329
2015-01-28 08:14:01+01;1309
2015-01-28 11:22:01+01;1299
2015-01-28 14:38:01+01;1279
2015-01-28 17:34:01+01;1269
2015-01-28 19:18:01+01;1249
2015-01-28 23:22:01+01;1309
2015-01-29 14:10:01+01;1269
2015-01-29 18:26:01+01;1249
2015-01-29 19:46:01+01;1249
2015-01-29 23:22:01+01;1319
2015-01-30 11:18:01+01;1309
2015-01-30 13:10:01+01;1289
2015-01-30 18:26:01+01;1279
2015-01-30 19:46:01+01;1269
2015-01-30 23:22:01+01;1329
2015-01-31 11:14:01+01;1289
2015-01-31 13:42:01+01;1269
2015-01-31 23:22:01+01;1329
2015-02-01 11:18:01+01;1279
2015-02-01 12:38:01+01;1269
2015-02-01 23:22:01+01;1329
2015-02-02 12:14:01+01;1309
2015-02-02 14:34:01+01;1269
2015-02-02 23:22:01+01;1329
2015-02-03 08:58:01+01;1319
2015-02-03 11:26:01+01;1319
2015-02-03 14:26:01+01;1289
2015-02-03 19:34:01+01;1289
2015-02-03 23:22:01+01;1369
2015-02-04 06:58:01+01;1349
2015-02-04 14:30:01+01;1319
2015-02-04 16:42:01+01;1299
2015-02-04 23:22:01+01;1379
2015-02-05 06:58:01+01;1359
2015-02-05 11:22:01+01;1359
2015-02-05 11:34:01+01;1359
2015-02-05 14:26:01+01;1329
2015-02-05 15:02:02+01;1319
2015-02-05 18:06:01+01;1299
2015-02-05 23:22:01+01;1369
2015-02-06 06:54:01+01;1359
2015-02-06 16:02:01+01;1339
2015-02-06 18:38:01+01;1289
2015-02-06 23:22:01+01;1369
2015-02-07 09:50:01+01;1369
2015-02-07 14:58:01+01;1339
2015-02-07 17:46:01+01;1319
2015-02-07 23:22:01+01;1379
2015-02-08 06:58:01+01;1379
2015-02-08 11:10:01+01;1329
2015-02-08 15:26:01+01;1319
2015-02-08 23:22:01+01;1379
2015-02-09 06:58:01+01;1379
2015-02-09 11:18:01+01;1319
2015-02-09 23:22:01+01;1379
2015-02-10 06:58:01+01;1379
2015-02-10 11:18:01+01;1359
2015-02-10 16:54:01+01;1329
2015-02-10 19:10:01+01;1309
2015-02-10 23:22:01+01;1389
2015-02-11 06:58:01+01;1389
2015-02-11 11:30:01+01;1359
2015-02-11 16:34:01+01;1339
2015-02-11 17:02:01+01;1319
2015-02-11 23:22:01+01;1389
2015-02-12 06:58:01+01;1379
2015-02-12 08:58:01+01;1359
2015-02-12 11:58:01+01;1349
2015-02-12 14:10:01+01;1329
2015-02-12 17:14:01+01;1319
2015-02-12 23:22:01+01;1389
2015-02-13 06:58:01+01;1379
2015-02-13 10:50:01+01;1359
2015-02-13 15:22:01+01;1339
2015-02-13 18:42:01+01;1329
2015-02-13 23:22:01+01;1399
2015-02-14 10:30:01+01;1359
2015-02-14 12:14:01+01;1349
2015-02-14 21:26:01+01;1319
2015-02-14 23:22:01+01;1399
2015-02-15 06:58:01+01;1399
2015-02-15 11:14:01+01;1349
2015-02-15 12:42:01+01;1319
2015-02-15 23:22:01+01;1399
2015-02-16 06:58:01+01;1379
2015-02-16 12:10:01+01;1379
2015-02-16 16:46:01+01;1349
2015-02-16 23:22:01+01;1409
2015-02-17 06:58:01+01;1409
2015-02-17 11:10:01+01;1379
2015-02-17 12:42:01+01;1379
2015-02-17 15:22:01+01;1349
2015-02-17 23:22:01+01;1409
2015-02-18 12:50:01+01;1389
2015-02-18 12:58:01+01;1349
2015-02-18 19:58:01+01;1339
2015-02-18 23:22:01+01;1399
2015-02-19 11:14:01+01;1379
2015-02-19 14:18:01+01;1369
2015-02-19 19:38:01+01;1349
2015-02-19 23:22:01+01;1409
2015-02-20 08:58:01+01;1389
2015-02-20 11:02:01+01;1389
2015-02-20 15:10:01+01;1359
2015-02-20 20:14:01+01;1319
2015-02-20 23:22:02+01;1389
2015-02-21 11:14:01+01;1369
2015-02-21 13:22:01+01;1349
2015-02-21 23:22:01+01;1409
2015-02-22 11:10:01+01;1399
2015-02-22 11:50:01+01;1339
2015-02-22 13:22:01+01;1309
2015-02-22 23:22:01+01;1409
2015-02-23 06:58:01+01;1369
2015-02-23 11:10:01+01;1369
2015-02-23 12:54:01+01;1369
2015-02-23 15:54:01+01;1359
2015-02-23 17:30:01+01;1349
2015-02-23 18:38:01+01;1339
2015-02-23 23:22:01+01;1409
2015-02-24 11:14:01+01;1389
2015-02-24 14:22:01+01;1389
2015-02-24 17:22:01+01;1359
2015-02-24 18:54:01+01;1349
2015-02-24 23:22:01+01;1409
2015-02-25 01:26:01+01;1409
2015-02-25 11:18:01+01;1389
2015-02-25 13:30:01+01;1379
2015-02-25 13:58:01+01;1379
2015-02-25 17:14:01+01;1339
2015-02-25 18:18:01+01;1329
2015-02-25 23:22:01+01;1409
2015-02-26 11:10:01+01;1369
2015-02-26 15:02:01+01;1349
2015-02-26 18:14:01+01;1349
2015-02-26 19:30:01+01;1339
2015-02-26 23:22:01+01;1399
2015-02-27 11:18:01+01;1389
2015-02-27 13:26:01+01;1379
2015-02-27 18:42:01+01;1349
2015-02-27 23:22:01+01;1419
2015-02-28 09:30:01+01;1399
2015-02-28 11:42:01+01;1389
2015-02-28 13:26:01+01;1359
2015-02-28 17:42:01+01;1349
2015-02-28 23:22:01+01;1429
2015-03-01 07:02:01+01;1419
2015-03-01 11:10:01+01;1369
2015-03-01 13:02:01+01;1349
2015-03-01 19:18:01+01;1339
2015-03-01 23:22:01+01;1429
2015-03-02 06:58:01+01;1409
2015-03-02 11:18:01+01;1399
2015-03-02 13:02:01+01;1389
2015-03-02 14:50:01+01;1379
2015-03-02 17:02:01+01;1379
2015-03-02 19:06:01+01;1369
2015-03-02 23:22:01+01;1429
2015-03-03 06:58:01+01;1429
2015-03-03 09:42:01+01;1409
2015-03-03 12:18:01+01;1409
2015-03-03 14:58:02+01;1389
2015-03-03 16:30:01+01;1369
2015-03-03 23:22:01+01;1439
2015-03-04 09:42:01+01;1429
2015-03-04 12:10:01+01;1409
2015-03-04 13:58:01+01;1399
2015-03-04 15:10:01+01;1389
2015-03-04 19:18:01+01;1369
2015-03-04 22:42:01+01;1439
2015-03-05 11:18:01+01;1409
2015-03-05 12:38:01+01;1409
2015-03-05 23:22:01+01;1469
2015-03-06 07:14:01+01;1459
2015-03-06 08:54:01+01;1459
2015-03-06 09:46:01+01;1439
2015-03-06 11:50:01+01;1429
2015-03-06 16:26:01+01;1409
2015-03-06 19:22:01+01;1369
2015-03-06 23:22:01+01;1439
2015-03-07 11:14:01+01;1419
2015-03-07 14:02:01+01;1379
2015-03-07 16:58:01+01;1379
2015-03-07 23:22:01+01;1449
2015-03-08 06:58:01+01;1439
2015-03-08 11:14:01+01;1419
2015-03-08 14:42:01+01;1379
2015-03-08 23:22:01+01;1449
2015-03-09 07:14:01+01;1439
2015-03-09 09:54:01+01;1429
2015-03-09 13:14:01+01;1429
2015-03-09 18:06:01+01;1389
2015-03-09 18:58:01+01;1369
2015-03-09 23:22:01+01;1449
2015-03-10 07:02:01+01;1449
2015-03-10 11:10:01+01;1439
2015-03-10 12:50:01+01;1429
2015-03-10 14:26:01+01;1409
2015-03-10 18:38:01+01;1389
2015-03-10 23:22:01+01;1449
2015-03-11 11:34:01+01;1429
2015-03-11 16:18:01+01;1409
2015-03-11 18:42:01+01;1399
2015-03-11 20:10:01+01;1379
2015-03-11 23:22:01+01;1449
2015-03-12 11:14:01+01;1429
2015-03-12 11:42:01+01;1409
2015-03-12 20:42:01+01;1399
2015-03-12 23:22:01+01;1459
2015-03-13 11:18:01+01;1449
2015-03-13 13:02:01+01;1439
2015-03-13 14:26:01+01;1419
2015-03-13 16:38:01+01;1409
2015-03-13 23:22:01+01;1469
2015-03-14 08:58:01+01;1459
2015-03-14 11:42:01+01;1419
2015-03-14 12:38:01+01;1389
2015-03-14 16:42:01+01;1379
2015-03-14 18:50:01+01;1379
2015-03-14 23:22:01+01;1459
2015-03-15 06:58:01+01;1449
2015-03-15 11:18:01+01;1369
2015-03-15 14:58:01+01;1369
2015-03-15 23:22:01+01;1459
2015-03-16 06:58:01+01;1429
2015-03-16 18:46:01+01;1409
2015-03-16 19:50:02+01;1399
2015-03-16 23:22:01+01;1459
2015-03-17 09:42:01+01;1439
2015-03-17 15:30:01+01;1429
2015-03-17 18:46:01+01;1389
2015-03-17 19:14:01+01;1379
2015-03-17 23:22:01+01;1439
2015-03-18 11:18:01+01;1429
2015-03-18 13:14:01+01;1419
2015-03-18 16:26:01+01;1409
2015-03-18 17:50:01+01;1389
2015-03-18 23:22:01+01;1449
2015-03-19 08:06:01+01;1439
2015-03-19 11:46:01+01;1429
2015-03-19 13:14:01+01;1419
2015-03-19 19:18:01+01;1379
2015-03-19 23:22:01+01;1439
2015-03-20 11:10:01+01;1429
2015-03-20 14:10:01+01;1419
2015-03-20 15:30:01+01;1409
2015-03-20 19:18:01+01;1369
2015-03-20 23:22:01+01;1439
2015-03-21 11:14:01+01;1399
2015-03-21 17:38:01+01;1379
2015-03-21 23:22:01+01;1439
2015-03-22 11:38:01+01;1409
2015-03-22 12:38:01+01;1379
2015-03-22 23:22:01+01;1439
2015-03-23 11:14:01+01;1429
2015-03-23 12:10:01+01;1419
2015-03-23 15:22:01+01;1399
2015-03-23 18:46:01+01;1379
2015-03-23 23:22:01+01;1439
2015-03-24 06:46:01+01;1439
2015-03-24 11:14:01+01;1429
2015-03-24 14:14:01+01;1419
2015-03-24 18:30:01+01;1399
2015-03-24 19:10:01+01;1379
2015-03-24 23:22:01+01;1439
2015-03-25 11:22:02+01;1429
2015-03-25 16:14:01+01;1409
2015-03-25 21:06:01+01;1379
2015-03-25 23:22:01+01;1449
2015-03-26 11:14:01+01;1429
2015-03-26 14:38:01+01;1419
2015-03-26 18:54:01+01;1399
2015-03-26 23:22:01+01;1459
2015-03-27 12:18:01+01;1449
2015-03-27 14:50:01+01;1419
2015-03-27 18:34:01+01;1409
2015-03-27 23:22:01+01;1469
2015-03-28 09:10:01+01;1469
2015-03-28 11:50:01+01;1419
2015-03-28 12:50:02+01;1409
2015-03-28 15:10:01+01;1399
2015-03-28 23:22:01+01;1469
2015-03-29 06:46:01+02;1459
2015-03-29 11:18:01+02;1409
2015-03-29 11:26:01+02;1389
2015-03-29 23:22:01+02;1469
2015-03-30 06:46:01+02;1459
2015-03-30 11:54:01+02;1419
2015-03-30 19:18:01+02;1399
2015-03-30 23:22:01+02;1469
2015-03-31 11:14:01+02;1449
2015-03-31 12:50:01+02;1439
2015-03-31 16:26:01+02;1429
2015-03-31 19:18:01+02;1419
2015-03-31 23:22:01+02;1479
2015-04-01 11:22:01+02;1469
2015-04-01 14:02:01+02;1439
2015-04-01 18:34:01+02;1419
2015-04-01 20:02:01+02;1399
2015-04-01 23:18:01+02;1459
2015-04-02 11:06:01+02;1449
2015-04-02 17:10:01+02;1439
2015-04-02 18:26:01+02;1439
2015-04-02 23:22:01+02;1489
2015-04-03 11:18:01+02;1459
2015-04-03 11:46:01+02;1419
2015-04-03 23:22:01+02;1479
2015-04-04 11:22:01+02;1469
2015-04-04 12:18:01+02;1439
2015-04-04 15:46:01+02;1409
2015-04-04 19:18:01+02;1379
2015-04-04 23:22:01+02;1459
2015-04-05 13:06:01+02;1379
2015-04-05 23:22:01+02;1459
2015-04-06 06:46:01+02;1439
2015-04-06 11:22:01+02;1389
2015-04-06 14:38:01+02;1379
2015-04-06 23:22:01+02;1459
2015-04-07 06:42:01+02;1439
2015-04-07 16:02:01+02;1429
2015-04-07 19:02:01+02;1379
2015-04-07 23:22:01+02;1459
2015-04-08 06:42:01+02;1439
2015-04-08 14:26:01+02;1439
2015-04-08 17:42:01+02;1419
2015-04-08 22:42:01+02;1479
2015-04-09 06:42:01+02;1479
2015-04-09 11:10:01+02;1469
2015-04-09 12:26:01+02;1429
2015-04-09 18:02:01+02;1419
2015-04-09 19:30:01+02;1399
2015-04-09 23:22:01+02;1459
2015-04-10 11:22:01+02;1449
2015-04-10 14:26:01+02;1429
2015-04-10 16:58:01+02;1419
2015-04-10 18:14:01+02;1409
2015-04-10 23:22:01+02;1469
2015-04-11 11:14:01+02;1409
2015-04-11 14:10:01+02;1399
2015-04-11 19:30:01+02;1399
2015-04-11 23:22:01+02;1469
2015-04-12 06:46:01+02;1459
2015-04-12 11:06:01+02;1399
2015-04-12 23:22:01+02;1469
2015-04-13 06:46:01+02;1459
2015-04-13 14:38:01+02;1399
2015-04-13 16:18:01+02;1399
2015-04-13 23:22:02+02;1469
2015-04-14 09:42:01+02;1459
2015-04-14 14:42:01+02;1429
2015-04-14 18:54:01+02;1409
2015-04-14 23:22:01+02;1479
2015-04-15 13:46:01+02;1469
2015-04-15 14:26:01+02;1449
2015-04-15 23:22:01+02;1509
2015-04-16 08:06:01+02;1449
2015-04-16 16:38:01+02;1449
2015-04-16 17:34:01+02;1429
2015-04-16 18:22:01+02;1419
2015-04-16 18:50:01+02;1419
2015-04-16 23:22:01+02;1489
2015-04-17 06:42:01+02;1479
2015-04-17 08:22:01+02;1399
2015-04-17 23:22:01+02;1489
2015-04-18 06:42:01+02;1469
2015-04-18 11:10:01+02;1459
2015-04-18 17:14:01+02;1419
2015-04-18 23:22:01+02;1489
2015-04-19 11:18:01+02;1439
2015-04-19 13:18:01+02;1419
2015-04-19 23:22:01+02;1489
2015-04-20 06:42:01+02;1479
2015-04-20 12:14:01+02;1469
2015-04-20 16:22:01+02;1449
2015-04-20 23:22:01+02;1509
2015-04-21 11:14:01+02;1469
2015-04-21 15:14:01+02;1449
2015-04-21 16:50:01+02;1439
2015-04-21 18:50:01+02;1419
2015-04-21 23:22:01+02;1499
2015-04-22 11:14:01+02;1419
2015-04-22 23:22:01+02;1499
2015-04-23 06:42:01+02;1479
2015-04-23 11:26:01+02;1459
2015-04-23 16:18:01+02;1439
2015-04-23 19:26:01+02;1429
2015-04-23 23:18:01+02;1489
2015-04-24 14:54:01+02;1439
2015-04-24 18:58:01+02;1419
2015-04-24 23:18:01+02;1509
2015-04-25 06:42:01+02;1499
2015-04-25 11:14:01+02;1449
2015-04-25 12:18:01+02;1419
2015-04-25 23:22:01+02;1509
2015-04-26 09:42:01+02;1489
2015-04-26 13:58:01+02;1419
2015-04-26 23:22:01+02;1509
2015-04-27 06:26:01+02;1489
2015-04-27 18:02:01+02;1479
2015-04-27 23:22:01+02;1539
2015-04-28 11:06:01+02;1509
2015-04-28 11:10:01+02;1499
2015-04-28 12:42:01+02;1489
2015-04-28 18:26:01+02;1479
2015-04-28 23:22:01+02;1539
2015-04-29 07:38:01+02;1519
2015-04-29 11:10:02+02;1499
2015-04-29 17:02:01+02;1469
2015-04-29 19:38:01+02;1449
2015-04-29 23:22:01+02;1509
2015-04-30 11:22:01+02;1499
2015-04-30 13:14:01+02;1449
2015-04-30 18:30:01+02;1429
2015-04-30 23:22:01+02;1499
2015-05-01 11:10:01+02;1499
2015-05-01 11:46:01+02;1469
2015-05-01 23:22:01+02;1529
2015-05-02 11:14:01+02;1469
2015-05-02 16:38:02+02;1439
2015-05-02 23:22:01+02;1509
2015-05-03 11:14:01+02;1449
2015-05-03 23:22:01+02;1509
2015-05-04 11:10:01+02;1489
2015-05-04 13:34:01+02;1469
2015-05-04 17:42:01+02;1449
2015-05-04 23:22:02+02;1509
2015-05-05 11:14:01+02;1499
2015-05-05 12:34:01+02;1499
2015-05-05 14:42:01+02;1469
2015-05-05 15:30:01+02;1449
2015-05-05 18:02:01+02;1429
2015-05-05 23:18:01+02;1509
2015-05-06 16:38:01+02;1469
2015-05-06 18:54:01+02;1449
2015-05-06 20:06:01+02;1439
2015-05-06 23:18:01+02;1519
2015-05-07 11:14:01+02;1509
2015-05-07 11:46:01+02;1499
2015-05-07 16:14:01+02;1469
2015-05-07 18:26:01+02;1459
2015-05-07 18:50:01+02;1439
2015-05-07 23:18:01+02;1509
2015-05-08 11:22:01+02;1499
2015-05-08 14:58:01+02;1469
2015-05-08 16:38:01+02;1459
2015-05-08 17:50:01+02;1439
2015-05-08 23:22:01+02;1499
2015-05-09 09:46:01+02;1449
2015-05-09 11:10:01+02;1439
2015-05-09 23:18:01+02;1499
2015-05-10 11:14:01+02;1449
2015-05-10 20:18:01+02;1439
2015-05-10 23:22:01+02;1499
2015-05-11 12:02:01+02;1489
2015-05-11 15:54:01+02;1469
2015-05-11 17:42:02+02;1459
2015-05-11 18:46:01+02;1449
2015-05-11 23:18:01+02;1509
2015-05-12 11:14:01+02;1499
2015-05-12 12:54:01+02;1459
2015-05-12 15:26:02+02;1449
2015-05-12 16:10:01+02;1439
2015-05-12 17:46:01+02;1419
2015-05-12 23:22:01+02;1489
2015-05-13 06:42:01+02;1489
2015-05-13 13:14:01+02;1479
2015-05-13 13:46:02+02;1469
2015-05-13 18:30:01+02;1469
2015-05-13 23:18:01+02;1529
2015-05-14 11:10:01+02;1479
2015-05-14 14:50:01+02;1469
2015-05-14 15:42:01+02;1429
2015-05-14 19:34:01+02;1419
2015-05-14 23:18:01+02;1499
2015-05-15 06:42:01+02;1499
2015-05-15 13:46:01+02;1479
2015-05-15 15:18:01+02;1469
2015-05-15 16:26:02+02;1459
2015-05-15 18:18:02+02;1439
2015-05-15 21:18:01+02;1429
2015-05-15 23:22:01+02;1489
2015-05-16 11:14:01+02;1489
2015-05-16 11:50:01+02;1429
2015-05-16 23:22:01+02;1499
2015-05-17 09:42:01+02;1499
2015-05-17 11:14:01+02;1439
2015-05-17 14:14:01+02;1439
2015-05-17 17:34:01+02;1419
2015-05-17 23:18:01+02;1499
2015-05-18 06:42:01+02;1499
2015-05-18 15:58:01+02;1489
2015-05-18 17:46:01+02;1459
2015-05-18 23:22:01+02;1519
2015-05-19 11:14:01+02;1509
2015-05-19 12:30:01+02;1499
2015-05-19 15:22:01+02;1459
2015-05-19 16:38:01+02;1439
2015-05-19 18:02:01+02;1419
2015-05-19 23:22:01+02;1489
2015-05-20 14:54:01+02;1469
2015-05-20 18:18:01+02;1449
2015-05-20 23:18:01+02;1509
2015-05-21 11:14:01+02;1479
2015-05-21 14:38:01+02;1469
2015-05-21 17:18:01+02;1449
2015-05-21 18:22:01+02;1429
2015-05-21 19:50:01+02;1419
2015-05-21 23:18:01+02;1499
2015-05-22 11:10:01+02;1489
2015-05-22 18:02:01+02;1469
2015-05-22 23:18:01+02;1529
2015-05-23 11:14:01+02;1499
2015-05-23 15:10:01+02;1439
2015-05-23 23:22:01+02;1509
2015-05-24 09:42:01+02;1499
2015-05-24 11:14:01+02;1449
2015-05-24 13:10:01+02;1439
2015-05-24 23:18:01+02;1509
2015-05-25 11:22:01+02;1449
2015-05-25 23:18:01+02;1509
2015-05-26 11:34:01+02;1469
2015-05-26 18:14:01+02;1449
2015-05-26 23:18:01+02;1519
2015-05-27 09:22:01+02;1479
2015-05-27 11:18:01+02;1469
2015-05-27 18:42:01+02;1439
2015-05-27 23:18:01+02;1509
2015-05-28 10:58:01+02;1469
2015-05-28 11:46:01+02;1459
2015-05-28 17:54:01+02;1439
2015-05-28 19:42:01+02;1419
2015-05-28 23:22:01+02;1499
2015-05-29 08:06:01+02;1469
2015-05-29 11:22:01+02;1459
2015-05-29 23:22:01+02;1519
2015-05-30 11:18:01+02;1459
2015-05-30 13:34:01+02;1449
2015-05-30 23:22:01+02;1509
2015-05-31 09:42:01+02;1509
2015-05-31 10:06:01+02;1479
2015-05-31 11:10:01+02;1439
2015-05-31 16:10:01+02;1429
2015-05-31 23:22:01+02;1509
2015-06-01 06:46:01+02;1509
2015-06-01 08:06:01+02;1479
2015-06-01 11:22:01+02;1469
2015-06-01 19:14:01+02;1469
2015-06-01 23:18:01+02;1529
2015-06-02 08:06:01+02;1499
2015-06-02 11:18:01+02;1489
2015-06-02 14:10:01+02;1489
2015-06-02 18:58:01+02;1469
2015-06-02 23:18:01+02;1529
2015-06-03 08:06:01+02;1499
2015-06-03 11:10:01+02;1459
2015-06-03 23:22:01+02;1519
2015-06-04 06:46:01+02;1519
2015-06-04 11:14:01+02;1489
2015-06-04 23:18:01+02;1539
2015-06-05 11:14:01+02;1479
2015-06-05 17:10:01+02;1479
2015-06-05 19:46:01+02;1469
2015-06-05 23:18:01+02;1529
2015-06-06 09:42:01+02;1459
2015-06-06 23:22:01+02;1519
2015-06-07 11:14:01+02;1449
2015-06-07 23:18:01+02;1509
2015-06-08 08:02:01+02;1499
2015-06-08 11:18:01+02;1489
2015-06-08 17:10:01+02;1459
2015-06-08 23:18:01+02;1519
2015-06-09 08:38:01+02;1479
2015-06-09 11:14:01+02;1469
2015-06-09 19:26:01+02;1449
2015-06-09 23:22:01+02;1509
2015-06-10 08:34:01+02;1479
2015-06-10 11:10:01+02;1469
2015-06-10 23:22:01+02;1529
2015-06-11 08:06:01+02;1479
2015-06-11 11:14:01+02;1469
2015-06-11 18:30:01+02;1449
2015-06-11 23:22:01+02;1529
2015-06-12 06:46:01+02;1529
2015-06-12 11:26:01+02;1509
2015-06-12 13:14:01+02;1469
2015-06-12 15:42:01+02;1459
2015-06-12 16:22:01+02;1449
2015-06-12 23:22:01+02;1529
2015-06-13 06:46:01+02;1519
2015-06-13 11:18:01+02;1449
2015-06-13 23:22:01+02;1529
2015-06-14 09:42:01+02;1519
2015-06-14 11:10:01+02;1449
2015-06-14 23:22:01+02;1529
2015-06-15 06:46:01+02;1519
2015-06-15 08:10:01+02;1499
2015-06-15 14:58:01+02;1489
2015-06-15 23:18:01+02;1549
2015-06-16 11:18:01+02;1499
2015-06-16 16:38:01+02;1499
2015-06-16 19:58:01+02;1459
2015-06-16 23:18:01+02;1529
2015-06-17 13:26:01+02;1499
2015-06-17 15:02:01+02;1489
2015-06-17 19:14:01+02;1479
2015-06-17 23:22:01+02;1539
2015-06-18 08:34:01+02;1529
2015-06-18 17:22:01+02;1479
2015-06-18 23:18:01+02;1539
2015-06-19 11:10:01+02;1529
2015-06-19 11:58:01+02;1499
2015-06-19 15:30:01+02;1489
2015-06-19 17:14:01+02;1479
2015-06-19 17:50:01+02;1459
2015-06-19 23:22:01+02;1529
2015-06-20 06:42:01+02;1529
2015-06-20 11:18:01+02;1469
2015-06-20 11:34:01+02;1459
2015-06-20 23:18:01+02;1519
2015-06-21 11:14:01+02;1459
2015-06-21 23:22:01+02;1519
2015-06-22 11:10:01+02;1509
2015-06-22 17:50:01+02;1499
2015-06-22 18:58:01+02;1479
2015-06-22 23:18:01+02;1539
2015-06-23 08:38:01+02;1529
2015-06-23 11:34:01+02;1499
2015-06-23 16:22:01+02;1469
2015-06-23 23:18:01+02;1529
2015-06-24 11:10:01+02;1519
2015-06-24 16:50:01+02;1479
2015-06-24 19:18:01+02;1469
2015-06-24 23:18:01+02;1529
2015-06-25 08:38:01+02;1519
2015-06-25 16:26:01+02;1499
2015-06-25 18:54:01+02;1479
2015-06-25 23:18:01+02;1539
2015-06-26 09:46:01+02;1529
2015-06-26 12:10:01+02;1509
2015-06-26 19:10:01+02;1479
2015-06-26 23:18:01+02;1539
2015-06-27 11:14:01+02;1489
2015-06-27 12:42:01+02;1469
2015-06-27 23:22:01+02;1529
2015-06-28 11:10:01+02;1489
2015-06-28 11:42:01+02;1469
2015-06-28 23:18:01+02;1529
2015-06-29 11:14:01+02;1489
2015-06-29 14:38:01+02;1489
2015-06-29 16:46:01+02;1479
2015-06-29 19:14:01+02;1469
2015-06-29 23:22:01+02;1529
2015-06-30 11:10:01+02;1519
2015-06-30 11:30:01+02;1519
2015-06-30 15:42:01+02;1499
2015-06-30 17:42:01+02;1479
2015-06-30 23:22:01+02;1539
2015-07-01 11:22:01+02;1529
2015-07-01 12:02:01+02;1479
2015-07-01 20:58:01+02;1469
2015-07-01 23:18:01+02;1529
2015-07-02 11:14:01+02;1519
2015-07-02 16:54:01+02;1509
2015-07-02 19:38:01+02;1479
2015-07-02 23:22:01+02;1539
2015-07-03 11:14:01+02;1529
2015-07-03 18:38:01+02;1489
2015-07-03 23:22:01+02;1549
2015-07-04 11:22:01+02;1489
2015-07-04 23:22:01+02;1549
2015-07-05 11:14:01+02;1489
2015-07-05 23:18:01+02;1549
2015-07-06 09:06:01+02;1539
2015-07-06 11:38:01+02;1519
2015-07-06 18:58:01+02;1489
2015-07-06 23:18:01+02;1549
2015-07-07 11:14:01+02;1539
2015-07-07 18:18:01+02;1519
2015-07-07 19:14:01+02;1479
2015-07-07 22:54:01+02;1539
2015-07-08 11:10:01+02;1519
2015-07-08 11:14:01+02;1509
2015-07-08 14:10:01+02;1499
2015-07-08 19:30:01+02;1479
2015-07-08 23:18:01+02;1539
2015-07-09 11:14:01+02;1529
2015-07-09 12:54:01+02;1539
2015-07-09 14:02:01+02;1509
2015-07-09 23:18:01+02;1539
2015-07-10 11:14:01+02;1529
2015-07-10 12:42:01+02;1539
2015-07-10 13:14:01+02;1529
2015-07-10 17:46:01+02;1509
2015-07-10 23:18:01+02;1539
2015-07-11 09:42:01+02;1499
2015-07-11 12:34:01+02;1529
2015-07-11 13:38:02+02;1499
2015-07-11 23:18:01+02;1539
2015-07-12 11:14:01+02;1499
2015-07-12 12:34:01+02;1529
2015-07-12 13:50:01+02;1499
2015-07-12 23:18:01+02;1539
2015-07-13 18:46:01+02;1519
2015-07-13 23:18:01+02;1539
2015-07-14 19:26:01+02;1519
2015-07-14 23:18:01+02;1529
2015-07-15 13:18:01+02;1529
2015-07-15 20:10:01+02;1479
2015-07-15 23:22:01+02;1499
2015-07-16 11:46:01+02;1499
2015-07-16 12:34:01+02;1499
2015-07-16 13:22:01+02;1499
2015-07-16 19:54:01+02;1489
2015-07-16 23:22:01+02;1489
2015-07-17 11:22:01+02;1489
2015-07-17 12:34:01+02;1489
2015-07-17 13:50:01+02;1489
2015-07-17 23:22:01+02;1489
2015-07-18 09:42:01+02;1479
2015-07-18 12:34:01+02;1489
2015-07-18 13:46:01+02;1479
2015-07-18 23:22:01+02;1489
2015-07-19 11:18:01+02;1479
2015-07-19 12:34:01+02;1489
2015-07-19 12:58:01+02;1479
2015-07-19 23:22:01+02;1489
2015-07-20 11:58:01+02;1479
2015-07-20 12:34:01+02;1489
2015-07-20 13:46:01+02;1469
2015-07-20 23:22:01+02;1489
2015-07-21 12:34:02+02;1509
2015-07-21 15:46:01+02;1489
2015-07-21 17:54:01+02;1489
2015-07-21 18:14:01+02;1469
2015-07-21 20:30:01+02;1449
2015-07-21 23:22:01+02;1509
2015-07-22 15:38:01+02;1489
2015-07-22 19:14:01+02;1489
2015-07-22 23:22:01+02;1509
2015-07-23 14:50:01+02;1509
2015-07-23 18:38:01+02;1489
2015-07-23 23:18:01+02;1489
2015-07-24 11:06:01+02;1489
2015-07-24 12:34:01+02;1489
2015-07-24 13:22:01+02;1489
2015-07-24 14:42:01+02;1489
2015-07-24 19:18:01+02;1479
2015-07-24 23:18:01+02;1479
2015-07-25 11:06:01+02;1479
2015-07-25 12:34:01+02;1479
2015-07-25 13:38:01+02;1479
2015-07-25 23:18:01+02;1479
2015-07-26 11:14:01+02;1479
2015-07-26 12:34:01+02;1479
2015-07-26 12:50:01+02;1479
2015-07-26 23:18:01+02;1479
2015-07-27 18:22:01+02;1469
2015-07-27 23:18:01+02;1479
2015-07-28 12:46:01+02;1469
2015-07-29 10:38:01+02;1459
2015-07-29 12:34:01+02;1459
2015-07-29 14:10:01+02;1459
2015-07-29 18:58:01+02;1439
2015-07-29 23:18:01+02;1459
2015-07-30 11:22:01+02;1459
2015-07-30 12:34:01+02;1469
2015-07-30 15:34:01+02;1459
2015-07-30 15:54:01+02;1459
2015-07-30 20:06:01+02;1459
2015-07-30 23:18:01+02;1469
2015-07-31 12:10:01+02;1459
2015-07-31 12:34:01+02;1469
2015-07-31 13:38:01+02;1469
2015-07-31 16:14:01+02;1459
2015-07-31 23:18:01+02;1479
2015-08-01 09:42:01+02;1459
2015-08-01 12:34:01+02;1489
2015-08-01 14:14:01+02;1459
2015-08-02 01:18:01+02;1489
2015-08-02 11:54:01+02;1459
2015-08-02 12:34:01+02;1489
2015-08-02 13:46:01+02;1459
2015-08-02 23:22:01+02;1489
2015-08-04 18:18:01+02;1479
2015-08-05 19:50:01+02;1469
2015-08-05 23:18:01+02;1469
2015-08-06 14:34:01+02;1469
2015-08-06 20:06:01+02;1449
2015-08-06 23:22:01+02;1479
2015-08-07 13:46:01+02;1469
2015-08-07 16:58:01+02;1459
2015-08-07 18:34:01+02;1439
2015-08-07 23:22:01+02;1469
2015-08-08 11:34:01+02;1449
2015-08-08 12:34:01+02;1449
2015-08-08 13:34:01+02;1449
2015-08-08 23:18:01+02;1449
2015-08-09 11:42:01+02;1449
2015-08-09 12:34:01+02;1449
2015-08-09 13:34:01+02;1449
2015-08-09 23:18:01+02;1449
2015-08-10 12:38:01+02;1459
2015-08-11 19:06:01+02;1449
2015-08-11 23:22:01+02;1449
2015-08-12 13:42:01+02;1439
2015-08-12 15:06:01+02;1439
2015-08-12 23:06:01+02;1439
2015-08-13 12:34:01+02;1439
2015-08-13 15:50:01+02;1439
2015-08-13 19:46:02+02;1429
2015-08-13 23:06:01+02;1429
2015-08-14 09:34:01+02;1419
2015-08-14 12:02:01+02;1419
2015-08-14 12:34:01+02;1429
2015-08-14 14:10:01+02;1419
2015-08-14 23:06:01+02;1429
2015-08-15 11:34:01+02;1419
2015-08-15 12:34:02+02;1419
2015-08-15 13:22:01+02;1419
2015-08-15 23:06:01+02;1419
2015-08-16 11:18:01+02;1419
2015-08-16 12:34:01+02;1419
2015-08-16 12:54:01+02;1419
2015-08-16 23:06:01+02;1419
2015-08-17 14:02:01+02;1419
2015-08-17 23:06:01+02;1419
2015-08-18 13:50:01+02;1419
2015-08-18 23:06:01+02;1419
2015-08-19 11:42:01+02;1419
2015-08-19 12:34:01+02;1419
2015-08-19 13:34:01+02;1419
2015-08-19 23:06:01+02;1419
2015-08-20 18:22:01+02;1409
2015-08-20 23:06:01+02;1409
2015-08-21 14:50:01+02;1409
2015-08-21 23:06:01+02;1409
2015-08-22 09:34:01+02;1409
2015-08-26 00:26:01+02;1409
2015-08-26 00:42:01+02;1409
2015-08-26 14:30:01+02;1399
2015-08-26 16:10:01+02;1389
2015-08-27 18:18:01+02;1359
2015-08-27 23:06:01+02;1359
2015-08-28 12:34:01+02;1359
2015-08-28 14:38:02+02;1359
2015-08-28 23:06:01+02;1359
2015-08-29 09:34:01+02;1359
2015-08-29 11:42:01+02;1349
2015-08-29 12:38:01+02;1369
2015-08-29 13:22:01+02;1359
2015-08-29 15:50:01+02;1349
2015-08-29 23:10:01+02;1369
2015-08-30 11:02:01+02;1359
2015-08-30 12:34:01+02;1369
2015-08-30 12:54:01+02;1359
2015-08-30 16:06:01+02;1349
2015-08-30 23:06:01+02;1369
2015-08-31 11:34:01+02;1359
2015-08-31 12:10:01+02;1359
2015-08-31 12:34:01+02;1369
2015-08-31 14:06:01+02;1369
2015-08-31 14:42:01+02;1359
2015-08-31 18:18:01+02;1349
2015-08-31 23:06:01+02;1369
2015-09-01 07:06:01+02;1369
2015-09-01 11:34:01+02;1359
2015-09-01 12:34:01+02;1389
2015-09-01 14:02:01+02;1369
2015-09-01 18:02:01+02;1359
2015-09-01 23:06:01+02;1369
2015-09-02 11:10:01+02;1359
2015-09-02 11:34:01+02;1359
2015-09-02 12:34:01+02;1379
2015-09-02 14:58:01+02;1369
2015-09-02 18:22:01+02;1359
2015-09-02 23:06:01+02;1379
2015-09-03 09:10:01+02;1369
2015-09-03 11:54:01+02;1359
2015-09-03 12:34:01+02;1369
2015-09-03 13:58:01+02;1359
2015-09-03 18:10:01+02;1349
2015-09-03 23:06:01+02;1369
2015-09-04 10:34:01+02;1359
2015-09-04 11:30:01+02;1349
2015-09-04 12:34:01+02;1379
2015-09-04 14:06:01+02;1369
2015-09-04 15:30:01+02;1359
2015-09-04 18:10:02+02;1349
2015-09-04 23:06:01+02;1389
2015-09-05 09:30:01+02;1339
2015-09-05 12:34:01+02;1369
2015-09-05 13:02:01+02;1359
2015-09-05 14:26:01+02;1339
2015-09-05 18:02:01+02;1329
2015-09-05 23:06:01+02;1379
2015-09-06 11:06:01+02;1339
2015-09-06 11:46:01+02;1329
2015-09-06 12:38:01+02;1359
2015-09-06 12:46:01+02;1329
2015-09-06 16:06:01+02;1319
2015-09-06 23:06:01+02;1379
2015-09-07 11:42:01+02;1339
2015-09-07 12:34:01+02;1369
2015-09-07 13:46:01+02;1339
2015-09-07 18:10:01+02;1329
2015-09-07 23:06:01+02;1379
2015-09-08 11:02:01+02;1369
2015-09-08 12:34:01+02;1369
2015-09-08 14:02:01+02;1369
2015-09-08 14:46:01+02;1359
2015-09-08 18:02:01+02;1349
2015-09-08 23:06:01+02;1369
2015-09-09 11:14:01+02;1359
2015-09-09 12:34:01+02;1379
2015-09-09 13:18:01+02;1359
2015-09-09 18:34:01+02;1349
2015-09-09 23:06:01+02;1379
2015-09-10 11:06:01+02;1369
2015-09-10 11:26:01+02;1359
2015-09-10 12:34:01+02;1379
2015-09-10 13:50:01+02;1359
2015-09-10 18:10:01+02;1349
2015-09-10 23:06:01+02;1379
2015-09-11 11:22:01+02;1369
2015-09-11 12:06:01+02;1369
2015-09-11 12:34:01+02;1379
2015-09-11 13:50:01+02;1369
2015-09-11 15:54:01+02;1359
2015-09-11 17:10:01+02;1339
2015-09-11 18:26:01+02;1329
2015-09-11 23:06:01+02;1379
2015-09-12 09:26:01+02;1339
2015-09-12 12:34:01+02;1369
2015-09-12 13:18:01+02;1339
2015-09-12 15:58:01+02;1329
2015-09-12 23:06:01+02;1369
2015-09-13 11:06:01+02;1359
2015-09-13 11:42:01+02;1339
2015-09-13 12:34:01+02;1369
2015-09-13 12:46:01+02;1339
2015-09-13 15:50:01+02;1329
2015-09-13 23:06:01+02;1369
2015-09-14 11:42:01+02;1359
2015-09-14 12:34:01+02;1369
2015-09-14 13:54:01+02;1359
2015-09-14 17:38:01+02;1349
2015-09-14 18:02:01+02;1349
2015-09-14 18:18:01+02;1339
2015-09-14 19:06:01+02;1329
2015-09-14 22:46:01+02;1369
2015-09-15 11:42:01+02;1359
2015-09-15 14:58:01+02;1349
2015-09-15 18:06:01+02;1339
2015-09-15 23:06:01+02;1359
2015-09-16 10:10:01+02;1349
2015-09-16 14:58:01+02;1339
2015-09-16 18:26:01+02;1329
2015-09-16 23:06:01+02;1349
2015-09-17 11:18:01+02;1339
2015-09-17 12:34:01+02;1369
2015-09-17 13:42:01+02;1349
2015-09-17 14:38:01+02;1339
2015-09-17 17:50:01+02;1339
2015-09-17 18:34:01+02;1329
2015-09-17 23:06:01+02;1369
2015-09-18 09:50:01+02;1339
2015-09-18 12:34:01+02;1359
2015-09-18 13:30:01+02;1339
2015-09-18 23:06:01+02;1359
2015-09-19 09:38:01+02;1349
2015-09-19 11:54:01+02;1329
2015-09-19 12:34:01+02;1359
2015-09-19 13:18:01+02;1339
2015-09-19 15:06:01+02;1319
2015-09-19 23:06:01+02;1359
2015-09-20 11:10:01+02;1319
2015-09-20 12:34:01+02;1349
2015-09-20 12:50:01+02;1319
2015-09-20 23:06:01+02;1359
2015-09-21 11:26:01+02;1339
2015-09-21 12:34:01+02;1359
2015-09-21 13:02:01+02;1339
2015-09-21 14:42:01+02;1329
2015-09-21 18:10:01+02;1319
2015-09-21 23:06:01+02;1359
2015-09-22 11:18:01+02;1349
2015-09-22 12:02:01+02;1339
2015-09-22 12:34:01+02;1359
2015-09-22 13:26:01+02;1339
2015-09-22 18:34:01+02;1329
2015-09-22 23:06:01+02;1359
2015-09-23 11:18:01+02;1349
2015-09-23 12:38:01+02;1369
2015-09-23 14:46:01+02;1359
2015-09-23 17:58:01+02;1349
2015-09-23 23:06:01+02;1369
2015-09-24 08:54:01+02;1339
2015-09-24 12:34:01+02;1369
2015-09-24 13:50:01+02;1339
2015-09-24 17:06:01+02;1329
2015-09-24 23:06:01+02;1369
2015-09-25 11:22:01+02;1359
2015-09-25 12:34:01+02;1359
2015-09-25 13:42:01+02;1349
2015-09-25 16:58:01+02;1339
2015-09-25 23:06:02+02;1349
2015-09-26 06:38:01+02;1349
2015-09-26 10:02:01+02;1339
2015-09-26 12:34:01+02;1359
2015-09-26 13:42:01+02;1339
2015-09-26 23:06:01+02;1359
2015-09-27 11:14:01+02;1339
2015-09-27 12:34:01+02;1359
2015-09-27 13:14:01+02;1339
2015-09-27 15:46:01+02;1329
2015-09-27 23:06:01+02;1359
2015-09-28 11:38:01+02;1349
2015-09-28 12:34:01+02;1359
2015-09-28 14:18:01+02;1359
2015-09-28 15:06:01+02;1349
2015-09-28 16:30:01+02;1349
2015-09-28 18:14:01+02;1339
2015-09-28 18:38:01+02;1319
2015-09-28 23:06:01+02;1359
2015-09-29 09:34:01+02;1349
2015-09-29 11:38:01+02;1339
2015-09-29 12:34:01+02;1349
2015-09-29 14:18:01+02;1339
2015-09-29 15:22:01+02;1329
2015-09-29 18:14:01+02;1319
2015-09-29 23:06:01+02;1349
2015-09-30 11:42:01+02;1339
2015-09-30 12:34:01+02;1339
2015-09-30 14:22:01+02;1339
2015-09-30 15:06:01+02;1329
2015-09-30 17:42:01+02;1329
2015-09-30 18:06:01+02;1319
2015-09-30 23:06:01+02;1339
2015-10-01 11:02:01+02;1339
2015-10-01 11:42:01+02;1329
2015-10-01 12:34:01+02;1349
2015-10-01 14:10:01+02;1349
2015-10-01 15:22:01+02;1339
2015-10-01 18:02:01+02;1319
2015-10-01 23:06:01+02;1349
2015-10-02 11:38:01+02;1339
2015-10-02 12:34:01+02;1349
2015-10-02 13:42:01+02;1339
2015-10-02 14:02:01+02;1329
2015-10-02 17:34:01+02;1319
2015-10-02 20:02:01+02;1309
2015-10-02 23:06:01+02;1349
2015-10-03 11:06:01+02;1319
2015-10-03 12:34:01+02;1349
2015-10-03 13:38:01+02;1319
2015-10-03 16:06:01+02;1309
2015-10-03 23:06:01+02;1349
2015-10-04 11:22:01+02;1319
2015-10-04 12:34:01+02;1349
2015-10-04 12:58:01+02;1319
2015-10-04 16:02:01+02;1309
2015-10-04 23:06:01+02;1349
2015-10-05 11:46:01+02;1339
2015-10-05 12:34:01+02;1339
2015-10-05 14:02:01+02;1339
2015-10-05 15:10:01+02;1329
2015-10-05 18:34:01+02;1319
2015-10-05 23:06:01+02;1339
2015-10-06 11:38:01+02;1329
2015-10-06 12:34:01+02;1359
2015-10-06 13:42:01+02;1339
2015-10-06 18:34:01+02;1319
2015-10-06 21:02:01+02;1309
2015-10-06 23:06:01+02;1359
2015-10-07 12:34:01+02;1359
2015-10-07 15:30:01+02;1359
2015-10-07 16:26:01+02;1339
2015-10-07 17:02:01+02;1339
2015-10-07 18:18:01+02;1319
2015-10-07 18:34:01+02;1319
2015-10-07 23:06:01+02;1359
2015-10-08 11:42:01+02;1349
2015-10-08 12:06:01+02;1349
2015-10-08 12:34:01+02;1369
2015-10-08 13:42:01+02;1349
2015-10-08 15:30:01+02;1329
2015-10-08 23:06:01+02;1369
2015-10-09 11:02:01+02;1319
2015-10-09 12:34:01+02;1349
2015-10-09 13:38:01+02;1319
2015-10-09 18:30:01+02;1309
2015-10-09 23:06:01+02;1359
2015-10-10 09:34:01+02;1329
2015-10-10 12:34:01+02;1359
2015-10-10 13:22:01+02;1329
2015-10-10 16:02:01+02;1319
2015-10-10 20:02:01+02;1309
2015-10-10 23:06:01+02;1359
2015-10-11 10:02:01+02;1349
2015-10-11 11:14:01+02;1329
2015-10-11 12:34:01+02;1359
2015-10-11 12:54:01+02;1329
2015-10-11 16:02:01+02;1319
2015-10-11 23:06:01+02;1359
2015-10-12 11:38:01+02;1349
2015-10-12 12:06:01+02;1329
2015-10-12 12:34:01+02;1359
2015-10-12 13:58:01+02;1329
2015-10-12 18:30:01+02;1319
2015-10-12 19:02:01+02;1319
2015-10-12 23:06:01+02;1359
2015-10-13 09:34:01+02;1349
2015-10-13 10:34:01+02;1319
2015-10-13 12:34:01+02;1349
2015-10-13 13:22:01+02;1319
2015-10-13 14:50:01+02;1309
2015-10-13 18:30:01+02;1299
2015-10-13 23:06:01+02;1359
2015-10-14 09:34:02+02;1349
2015-10-14 11:38:01+02;1349
2015-10-14 12:02:01+02;1319
2015-10-14 12:34:01+02;1339
2015-10-14 13:22:01+02;1319
2015-10-14 14:50:01+02;1309
2015-10-14 18:30:01+02;1299
2015-10-14 23:06:02+02;1339
2015-10-15 11:38:01+02;1319
2015-10-15 12:34:01+02;1339
2015-10-15 13:26:01+02;1319
2015-10-15 13:46:01+02;1319
2015-10-15 14:46:01+02;1309
2015-10-15 18:34:01+02;1299
2015-10-15 23:06:01+02;1339
2015-10-16 11:46:01+02;1319
2015-10-16 12:34:01+02;1329
2015-10-16 14:22:01+02;1319
2015-10-16 20:18:01+02;1289
2015-10-16 23:06:01+02;1329
2015-10-17 11:54:01+02;1309
2015-10-17 12:34:01+02;1339
2015-10-17 13:22:01+02;1309
2015-10-17 17:46:01+02;1299
2015-10-17 23:06:01+02;1339
2015-10-18 14:18:01+02;1339
2015-10-18 18:06:01+02;1309
2015-10-18 23:06:01+02;1339
2015-10-19 11:38:01+02;1319
2015-10-19 12:02:01+02;1309
2015-10-19 12:34:01+02;1339
2015-10-19 13:26:01+02;1309
2015-10-19 13:34:01+02;1289
2015-10-19 23:06:01+02;1339
2015-10-20 11:34:01+02;1319
2015-10-20 12:34:01+02;1329
2015-10-20 13:22:01+02;1319
2015-10-20 19:02:01+02;1309
2015-10-20 23:06:01+02;1329
2015-10-21 10:06:01+02;1319
2015-10-21 12:34:01+02;1319
2015-10-21 13:22:01+02;1319
2015-10-21 19:02:01+02;1309
2015-10-21 22:54:01+02;1319
2015-10-22 11:38:01+02;1309
2015-10-22 12:38:01+02;1319
2015-10-22 13:22:01+02;1309
2015-10-22 16:50:01+02;1299
2015-10-22 23:06:01+02;1319
2015-10-23 11:38:01+02;1309
2015-10-23 12:34:01+02;1319
2015-10-23 13:26:01+02;1309
2015-10-23 16:34:01+02;1299
2015-10-23 17:30:01+02;1289
2015-10-23 20:10:01+02;1279
2015-10-23 23:06:01+02;1329
2015-10-24 10:22:01+02;1319
2015-10-24 12:34:01+02;1339
2015-10-24 13:10:01+02;1319
2015-10-24 23:06:01+02;1339
2015-10-25 11:02:01+01;1319
2015-10-25 12:34:01+01;1339
2015-10-25 12:46:01+01;1319
2015-10-25 19:02:01+01;1289
2015-10-25 23:06:01+01;1339
2015-10-26 11:42:01+01;1319
2015-10-26 12:34:01+01;1339
2015-10-26 13:26:01+01;1319
2015-10-26 16:06:01+01;1309
2015-10-26 22:42:01+01;1339
2015-10-27 11:02:02+01;1329
2015-10-27 12:34:01+01;1339
2015-10-27 13:22:01+01;1329
2015-10-27 15:50:01+01;1319
2015-10-27 17:46:01+01;1309
2015-10-27 20:18:01+01;1279
2015-10-27 23:06:01+01;1339
2015-10-28 08:22:01+01;1329
2015-10-28 13:46:01+01;1329
2015-10-28 17:26:01+01;1319
2015-10-28 20:30:01+01;1309
2015-10-28 22:50:01+01;1329
2015-10-29 12:34:01+01;1349
2015-10-29 13:22:01+01;1329
2015-10-29 13:46:01+01;1309
2015-10-29 15:46:01+01;1299
2015-10-29 18:18:01+01;1289
2015-10-29 23:06:01+01;1349
2015-10-30 08:18:01+01;1339
2015-10-30 11:46:01+01;1329
2015-10-30 12:34:01+01;1359
2015-10-30 13:22:01+01;1329
2015-10-30 13:46:02+01;1299
2015-10-30 15:02:01+01;1289
2015-10-30 20:46:01+01;1289
2015-10-30 23:06:01+01;1349
2015-10-31 07:18:01+01;1299
2015-10-31 11:30:01+01;1299
2015-10-31 12:34:01+01;1329
2015-10-31 13:14:01+01;1299
2015-10-31 17:02:01+01;1289
2015-10-31 23:06:01+01;1349
2015-11-01 12:02:01+01;1289
2015-11-01 12:34:01+01;1319
2015-11-01 13:26:01+01;1289
2015-11-01 23:06:01+01;1349
2015-11-02 11:22:01+01;1339
2015-11-02 11:34:01+01;1319
2015-11-02 12:34:01+01;1349
2015-11-02 13:22:01+01;1329
2015-11-02 15:34:01+01;1319
2015-11-02 23:06:01+01;1359
2015-11-03 10:50:01+01;1329
2015-11-03 12:34:01+01;1359
2015-11-03 13:22:01+01;1329
2015-11-03 18:46:01+01;1309
2015-11-03 23:06:01+01;1359
2015-11-04 11:22:01+01;1329
2015-11-04 12:34:01+01;1359
2015-11-04 13:22:01+01;1329
2015-11-04 23:06:02+01;1379
2015-11-05 08:50:01+01;1359
2015-11-05 11:02:01+01;1349
2015-11-05 12:38:01+01;1379
2015-11-05 13:22:01+01;1349
2015-11-05 14:46:01+01;1339
2015-11-05 18:18:01+01;1329
2015-11-05 23:06:01+01;1379
2015-11-06 11:22:01+01;1369
2015-11-06 12:34:01+01;1379
2015-11-06 13:22:01+01;1359
2015-11-06 14:26:01+01;1349
2015-11-06 14:50:01+01;1349
2015-11-06 18:18:01+01;1339
2015-11-06 23:06:01+01;1379
2015-11-07 09:38:01+01;1349
2015-11-07 12:34:01+01;1379
2015-11-07 13:22:01+01;1349
2015-11-07 15:22:01+01;1329
2015-11-07 15:46:01+01;1329
2015-11-07 23:06:01+01;1379
2015-11-08 08:18:01+01;1329
2015-11-08 10:46:01+01;1329
2015-11-08 11:26:01+01;1319
2015-11-08 12:34:01+01;1349
2015-11-08 13:02:01+01;1319
2015-11-08 15:46:01+01;1309
2015-11-08 23:06:01+01;1369
2015-11-09 08:34:01+01;1359
2015-11-09 11:26:01+01;1349
2015-11-09 12:38:01+01;1379
2015-11-09 13:26:01+01;1359
2015-11-09 13:46:01+01;1349
2015-11-09 15:50:01+01;1349
2015-11-09 18:18:01+01;1339
2015-11-09 19:02:01+01;1329
2015-11-09 23:06:01+01;1379
2015-11-10 10:50:01+01;1359
2015-11-10 12:34:01+01;1389
2015-11-10 13:26:01+01;1379
2015-11-10 14:02:01+01;1359
2015-11-10 14:50:01+01;1349
2015-11-10 18:14:01+01;1339
2015-11-10 21:50:01+01;1389
2015-11-11 10:34:01+01;1379
2015-11-11 10:50:01+01;1359
2015-11-11 12:34:01+01;1389
2015-11-11 13:26:01+01;1359
2015-11-11 17:38:01+01;1349
2015-11-11 23:06:01+01;1389
2015-11-12 14:06:01+01;1379
2015-11-12 14:18:01+01;1359
2015-11-12 14:46:01+01;1359
2015-11-12 18:14:01+01;1349
2015-11-12 23:06:01+01;1379
2015-11-13 11:26:01+01;1369
2015-11-13 14:50:01+01;1359
2015-11-13 17:02:01+01;1349
2015-11-13 18:18:01+01;1339
2015-11-13 23:06:01+01;1369
2015-11-14 09:38:01+01;1359
2015-11-14 11:22:02+01;1359
2015-11-14 15:46:01+01;1349
2015-11-14 23:06:01+01;1349
2015-11-15 11:26:01+01;1339
2015-11-15 12:34:01+01;1349
2015-11-15 13:26:01+01;1339
2015-11-15 15:34:01+01;1329
2015-11-15 15:46:01+01;1329
2015-11-15 23:06:01+01;1349
2015-11-16 11:26:01+01;1339
2015-11-16 11:30:01+01;1329
2015-11-16 12:34:01+01;1349
2015-11-16 14:50:01+01;1339
2015-11-16 15:46:01+01;1329
2015-11-16 18:30:01+01;1319
2015-11-16 23:06:01+01;1349
2015-11-17 11:22:01+01;1339
2015-11-17 12:34:01+01;1339
2015-11-17 12:50:01+01;1339
2015-11-17 14:46:01+01;1329
2015-11-17 18:18:01+01;1319
2015-11-17 23:06:01+01;1339
2015-11-18 11:30:01+01;1329
2015-11-18 12:34:01+01;1339
2015-11-18 13:38:01+01;1329
2015-11-18 18:18:01+01;1319
2015-11-18 23:06:01+01;1339
2015-11-19 11:30:01+01;1329
2015-11-19 12:34:01+01;1349
2015-11-19 13:26:01+01;1339
2015-11-19 14:22:01+01;1329
2015-11-19 14:50:01+01;1319
2015-11-19 18:18:01+01;1309
2015-11-19 23:06:01+01;1349
2015-11-20 11:22:01+01;1339
2015-11-20 12:34:01+01;1349
2015-11-20 13:18:01+01;1339
2015-11-20 16:46:01+01;1319
2015-11-20 18:02:01+01;1309
2015-11-20 23:06:01+01;1349
2015-11-21 09:42:01+01;1299
2015-11-21 12:34:01+01;1329
2015-11-21 13:26:01+01;1299
2015-11-21 15:46:01+01;1289
2015-11-21 23:06:01+01;1349
2015-11-22 10:46:01+01;1299
2015-11-22 12:34:01+01;1329
2015-11-22 12:54:01+01;1299
2015-11-22 15:46:01+01;1289
2015-11-22 18:02:01+01;1279
2015-11-22 23:06:01+01;1339
2015-11-23 08:30:01+01;1329
2015-11-23 09:10:02+01;1319
2015-11-23 12:34:01+01;1349
2015-11-23 13:22:01+01;1319
2015-11-23 17:06:01+01;1309
2015-11-23 18:18:01+01;1299
2015-11-23 23:06:01+01;1349
2015-11-24 09:06:01+01;1339
2015-11-24 12:34:01+01;1339
2015-11-24 13:22:01+01;1339
2015-11-24 14:50:01+01;1329
2015-11-24 17:06:01+01;1319
2015-11-24 18:18:01+01;1309
2015-11-24 23:06:01+01;1339
2015-11-25 09:06:01+01;1329
2015-11-25 12:34:01+01;1359
2015-11-25 13:26:01+01;1329
2015-11-25 14:46:01+01;1319
2015-11-25 17:22:01+01;1309
2015-11-25 23:06:01+01;1359
2015-11-26 09:06:01+01;1349
2015-11-26 12:34:01+01;1359
2015-11-26 13:22:01+01;1349
2015-11-26 14:46:01+01;1349
2015-11-26 17:06:01+01;1339
2015-11-26 18:18:01+01;1329
2015-11-26 19:18:01+01;1309
2015-11-26 23:06:01+01;1359
2015-11-27 09:06:01+01;1349
2015-11-27 12:34:01+01;1359
2015-11-27 13:26:01+01;1349
2015-11-27 14:50:01+01;1339
2015-11-27 16:18:01+01;1329
2015-11-27 17:06:01+01;1319
2015-11-27 18:18:01+01;1309
2015-11-27 23:06:01+01;1359
2015-11-28 09:06:01+01;1349
2015-11-28 11:30:01+01;1349
2015-11-28 12:34:01+01;1359
2015-11-28 13:22:01+01;1349
2015-11-28 15:30:01+01;1329
2015-11-28 15:46:01+01;1329
2015-11-28 17:06:01+01;1319
2015-11-28 23:06:01+01;1359
2015-11-29 09:10:01+01;1349
2015-11-29 11:22:01+01;1329
2015-11-29 12:34:01+01;1359
2015-11-29 13:14:01+01;1329
2015-11-29 15:46:01+01;1319
2015-11-29 17:06:01+01;1309
2015-11-29 23:06:01+01;1359
2015-11-30 09:06:01+01;1349
2015-11-30 10:34:01+01;1329
2015-11-30 12:34:01+01;1359
2015-11-30 13:22:01+01;1329
2015-11-30 14:50:01+01;1319
2015-11-30 17:06:01+01;1309
2015-11-30 18:18:01+01;1299
2015-12-01 00:42:01+01;1359
2015-12-01 08:34:02+01;1299
2015-12-01 09:06:01+01;1289
2015-12-01 12:34:01+01;1319
2015-12-01 13:22:01+01;1289
2015-12-01 17:14:01+01;1279
2015-12-01 18:18:01+01;1279
2015-12-01 23:06:01+01;1339
2015-12-02 09:06:01+01;1329
2015-12-02 12:34:01+01;1349
2015-12-02 13:30:01+01;1329
2015-12-02 16:06:01+01;1309
2015-12-02 17:10:01+01;1299
2015-12-02 18:18:01+01;1289
2015-12-02 23:06:01+01;1349
2015-12-03 08:18:01+01;1339
2015-12-03 09:06:01+01;1329
2015-12-03 12:34:01+01;1339
2015-12-03 13:22:01+01;1309
2015-12-03 14:46:01+01;1299
2015-12-03 17:06:01+01;1289
2015-12-03 18:18:01+01;1279
2015-12-03 23:06:01+01;1339
2015-12-04 09:10:01+01;1329
2015-12-04 12:34:01+01;1329
2015-12-04 13:22:01+01;1329
2015-12-04 15:02:01+01;1309
2015-12-04 17:06:01+01;1299
2015-12-04 18:18:01+01;1289
2015-12-04 23:06:01+01;1329
2015-12-05 06:38:01+01;1289
2015-12-05 09:06:01+01;1279
2015-12-05 12:34:01+01;1309
2015-12-05 13:26:01+01;1289
2015-12-05 15:46:01+01;1279
2015-12-05 17:06:01+01;1269
2015-12-05 23:06:01+01;1319
2015-12-06 09:06:01+01;1309
2015-12-06 11:02:01+01;1279
2015-12-06 11:30:01+01;1279
2015-12-06 12:34:01+01;1309
2015-12-06 13:02:01+01;1279
2015-12-06 15:46:01+01;1269
2015-12-06 17:06:01+01;1259
2015-12-06 23:06:01+01;1319
2015-12-07 09:10:01+01;1309
2015-12-07 12:34:01+01;1319
2015-12-07 13:26:01+01;1309
2015-12-07 17:10:01+01;1299
2015-12-07 18:18:01+01;1289
2015-12-07 23:06:01+01;1319
2015-12-08 09:18:01+01;1309
2015-12-08 14:50:01+01;1299
2015-12-08 17:06:01+01;1289
2015-12-08 18:18:01+01;1279
2015-12-08 22:50:01+01;1309
2015-12-09 09:10:01+01;1299
2015-12-09 12:34:01+01;1309
2015-12-09 13:26:01+01;1299
2015-12-09 14:46:01+01;1289
2015-12-09 17:06:01+01;1279
2015-12-09 18:18:01+01;1269
2015-12-09 23:06:01+01;1309
2015-12-10 09:06:01+01;1299
2015-12-10 12:34:01+01;1309
2015-12-10 13:22:01+01;1299
2015-12-10 17:06:01+01;1289
2015-12-10 18:18:01+01;1279
2015-12-10 23:06:01+01;1309
2015-12-11 05:26:01+01;1279
2015-12-11 09:06:01+01;1269
2015-12-11 12:34:01+01;1299
2015-12-11 13:26:01+01;1269
2015-12-11 14:46:01+01;1259
2015-12-11 17:06:01+01;1249
2015-12-11 18:18:01+01;1239
2015-12-11 23:06:01+01;1299
2015-12-12 09:06:01+01;1289
2015-12-12 09:38:01+01;1289
2015-12-12 12:34:01+01;1319
2015-12-12 13:26:01+01;1289
2015-12-12 15:50:01+01;1279
2015-12-12 17:06:01+01;1269
2015-12-12 23:06:01+01;1319
2015-12-13 09:06:01+01;1309
2015-12-13 10:46:01+01;1269
2015-12-13 12:34:01+01;1299
2015-12-13 13:22:01+01;1279
2015-12-13 14:34:01+01;1269
2015-12-13 15:46:01+01;1259
2015-12-13 17:06:01+01;1249
2015-12-13 23:06:01+01;1309
2015-12-14 09:06:01+01;1299
2015-12-14 12:34:01+01;1319
2015-12-14 13:26:01+01;1299
2015-12-14 14:50:01+01;1289
2015-12-14 17:06:01+01;1279
2015-12-14 17:46:01+01;1269
2015-12-14 18:18:01+01;1269
2015-12-14 23:06:01+01;1319
2015-12-15 08:34:01+01;1269
2015-12-15 09:06:01+01;1259
2015-12-15 12:34:01+01;1289
2015-12-15 13:26:01+01;1259
2015-12-15 17:06:01+01;1249
2015-12-15 18:18:01+01;1239
2015-12-15 23:06:01+01;1299
2015-12-16 09:22:01+01;1289
2015-12-16 12:34:01+01;1299
2015-12-16 13:22:01+01;1289
2015-12-16 17:10:01+01;1279
2015-12-16 18:18:01+01;1269
2015-12-16 23:06:01+01;1299
2015-12-17 09:10:01+01;1289
2015-12-17 12:34:01+01;1299
2015-12-17 13:26:01+01;1289
2015-12-17 17:06:01+01;1279
2015-12-17 18:18:01+01;1269
2015-12-17 23:06:01+01;1299
2015-12-18 09:06:01+01;1289
2015-12-18 12:34:01+01;1309
2015-12-18 13:22:01+01;1289
2015-12-18 14:58:02+01;1289
2015-12-18 16:18:01+01;1279
2015-12-18 17:22:01+01;1269
2015-12-18 23:06:01+01;1309
2015-12-19 09:06:01+01;1299
2015-12-19 11:22:01+01;1289
2015-12-19 12:34:01+01;1309
2015-12-19 13:34:01+01;1289
2015-12-19 15:50:01+01;1279
2015-12-19 17:06:01+01;1269
2015-12-19 23:06:01+01;1309
2015-12-20 09:06:01+01;1299
2015-12-20 11:02:01+01;1289
2015-12-20 12:34:01+01;1309
2015-12-20 13:22:01+01;1289
2015-12-20 15:46:01+01;1279
2015-12-20 17:06:01+01;1269
2015-12-20 23:06:01+01;1309
2015-12-21 09:10:01+01;1299
2015-12-21 11:02:01+01;1299
2015-12-21 11:26:01+01;1289
2015-12-21 12:34:01+01;1309
2015-12-21 13:22:01+01;1289
2015-12-21 14:50:01+01;1279
2015-12-21 16:22:01+01;1259
2015-12-21 17:06:01+01;1249
2015-12-21 18:18:01+01;1239
2015-12-21 23:06:01+01;1299
2015-12-22 09:06:01+01;1289
2015-12-22 11:02:01+01;1289
2015-12-22 12:34:01+01;1299
2015-12-22 13:22:01+01;1289
2015-12-22 17:06:01+01;1279
2015-12-22 17:30:01+01;1249
2015-12-22 19:46:01+01;1249
2015-12-22 23:06:01+01;1299
2015-12-23 09:22:02+01;1289
2015-12-23 10:50:01+01;1289
2015-12-23 12:34:01+01;1289
2015-12-23 13:26:01+01;1289
2015-12-23 17:10:01+01;1279
2015-12-23 18:46:01+01;1249
2015-12-23 23:06:01+01;1289
2015-12-24 09:06:01+01;1279
2015-12-24 10:46:01+01;1279
2015-12-24 12:34:01+01;1289
2015-12-24 13:22:02+01;1279
2015-12-24 15:22:01+01;1279
2015-12-24 17:06:01+01;1269
2015-12-24 18:18:01+01;1259
2015-12-24 23:06:01+01;1289
2015-12-25 09:06:01+01;1279
2015-12-25 11:22:01+01;1279
2015-12-25 12:34:01+01;1289
2015-12-25 13:22:01+01;1279
2015-12-25 14:46:02+01;1269
2015-12-25 17:06:01+01;1259
2015-12-25 18:14:01+01;1249
2015-12-25 23:06:01+01;1289
2015-12-26 09:06:01+01;1279
2015-12-26 09:50:01+01;1249
2015-12-26 12:34:01+01;1279
2015-12-26 13:26:01+01;1249
2015-12-26 15:46:01+01;1239
2015-12-26 17:10:01+01;1229
2015-12-26 20:22:01+01;1229
2015-12-26 23:06:01+01;1289
2015-12-27 11:22:01+01;1279
2015-12-27 12:02:01+01;1249
2015-12-27 12:34:01+01;1279
2015-12-27 13:22:01+01;1249
2015-12-27 15:46:01+01;1239
2015-12-27 17:10:01+01;1229
2015-12-27 23:06:01+01;1289
2015-12-28 09:06:01+01;1279
2015-12-28 12:34:01+01;1299
2015-12-28 13:22:01+01;1279
2015-12-28 17:06:01+01;1269
2015-12-28 18:18:01+01;1259
2015-12-28 23:06:01+01;1299
2015-12-29 09:10:01+01;1289
2015-12-29 11:02:01+01;1279
2015-12-29 12:34:01+01;1299
2015-12-29 13:26:01+01;1279
2015-12-29 14:34:01+01;1269
2015-12-29 17:06:01+01;1259
2015-12-29 18:18:01+01;1249
2015-12-29 23:06:01+01;1299
2015-12-30 09:06:01+01;1289
2015-12-30 11:22:01+01;1289
2015-12-30 12:46:01+01;1299
2015-12-30 13:26:01+01;1289
2015-12-30 17:06:01+01;1279
2015-12-30 18:18:01+01;1269
2015-12-30 19:58:01+01;1259
2015-12-30 22:38:01+01;1299
2015-12-31 09:18:01+01;1289
2015-12-31 12:34:01+01;1299
2015-12-31 13:26:01+01;1289
2015-12-31 14:30:01+01;1279
2015-12-31 14:46:01+01;1269
2015-12-31 15:22:01+01;1269
2015-12-31 16:02:01+01;1259
2015-12-31 17:06:01+01;1249
2015-12-31 18:14:01+01;1239
2015-12-31 23:06:01+01;1299
2016-01-01 09:10:01+01;1289
2016-01-01 11:22:01+01;1259
2016-01-01 12:34:01+01;1289
2016-01-01 13:02:01+01;1259
2016-01-01 14:46:01+01;1249
2016-01-01 17:06:01+01;1239
2016-01-01 18:18:01+01;1229
2016-01-01 23:06:01+01;1289
2016-01-02 09:06:01+01;1279
2016-01-02 09:18:01+01;1249
2016-01-02 12:34:01+01;1279
2016-01-02 13:26:01+01;1249
2016-01-02 15:46:01+01;1239
2016-01-02 17:06:01+01;1229
2016-01-02 23:06:01+01;1289
2016-01-03 09:06:01+01;1279
2016-01-03 11:02:01+01;1249
2016-01-03 12:34:01+01;1279
2016-01-03 13:22:01+01;1249
2016-01-03 15:46:01+01;1239
2016-01-03 17:06:01+01;1229
2016-01-03 23:06:01+01;1289
2016-01-04 09:30:01+01;1279
2016-01-04 12:34:01+01;1299
2016-01-04 13:26:01+01;1279
2016-01-04 16:18:01+01;1279
2016-01-04 17:34:01+01;1269
2016-01-04 23:06:01+01;1299
2016-01-05 09:06:01+01;1289
2016-01-05 12:38:01+01;1319
2016-01-05 13:26:01+01;1289
2016-01-05 14:50:01+01;1279
2016-01-05 16:50:01+01;1279
2016-01-05 17:06:01+01;1269
2016-01-05 18:22:01+01;1259
2016-01-05 23:06:01+01;1319
2016-01-06 09:10:02+01;1309
2016-01-06 12:38:01+01;1319
2016-01-06 13:26:02+01;1309
2016-01-06 16:46:01+01;1269
2016-01-06 17:06:01+01;1259
2016-01-06 18:18:01+01;1249
2016-01-06 23:06:01+01;1309
2016-01-07 09:10:01+01;1299
2016-01-07 12:34:01+01;1299
2016-01-07 13:22:01+01;1269
2016-01-07 17:22:01+01;1259
2016-01-07 18:18:01+01;1249
2016-01-07 21:02:01+01;1229
2016-01-07 23:06:02+01;1289
2016-01-08 09:42:01+01;1279
2016-01-08 12:34:01+01;1289
2016-01-08 13:22:01+01;1269
2016-01-08 15:34:01+01;1259
2016-01-08 17:10:01+01;1249
2016-01-08 18:18:01+01;1239
2016-01-08 23:06:01+01;1289
2016-01-09 09:06:01+01;1279
2016-01-09 11:46:01+01;1269
2016-01-09 12:34:01+01;1279
2016-01-09 13:22:01+01;1269
2016-01-09 15:46:01+01;1259
2016-01-09 17:06:01+01;1249
2016-01-09 23:06:01+01;1279
2016-01-10 09:06:01+01;1269
2016-01-10 11:22:01+01;1259
2016-01-10 11:34:01+01;1249
2016-01-10 12:34:01+01;1279
2016-01-10 13:22:01+01;1249
2016-01-10 15:46:01+01;1239
2016-01-10 17:06:01+01;1229
2016-01-10 23:06:01+01;1279
2016-01-11 09:06:01+01;1269
2016-01-11 12:34:01+01;1279
2016-01-11 13:26:01+01;1269
2016-01-11 15:22:01+01;1259
2016-01-11 17:10:01+01;1249
2016-01-11 18:18:01+01;1239
2016-01-11 23:06:01+01;1279
2016-01-12 08:34:01+01;1249
2016-01-12 09:06:01+01;1239
2016-01-12 12:34:01+01;1269
2016-01-12 13:26:01+01;1229
2016-01-12 17:18:01+01;1219
2016-01-12 23:06:01+01;1269
2016-01-13 09:06:01+01;1259
2016-01-13 12:34:01+01;1269
2016-01-13 13:22:01+01;1259
2016-01-13 17:42:01+01;1249
2016-01-13 17:46:01+01;1249
2016-01-13 23:06:01+01;1269
2016-01-14 09:22:01+01;1259
2016-01-14 13:22:01+01;1249
2016-01-14 16:18:01+01;1229
2016-01-14 17:10:01+01;1219
2016-01-14 17:34:01+01;1189
2016-01-14 18:14:01+01;1189
2016-01-14 23:18:01+01;1249
2016-01-15 05:26:01+01;1229
2016-01-15 05:46:01+01;1229
2016-01-15 09:26:01+01;1219
2016-01-15 12:34:01+01;1249
2016-01-15 13:22:01+01;1219
2016-01-15 16:34:01+01;1219
2016-01-15 17:06:01+01;1209
2016-01-15 23:06:01+01;1259
2016-01-16 06:38:01+01;1249
2016-01-16 09:22:01+01;1209
2016-01-16 11:22:01+01;1209
2016-01-16 12:38:01+01;1239
2016-01-16 13:26:01+01;1209
2016-01-16 15:46:01+01;1199
2016-01-16 23:06:01+01;1259
2016-01-17 09:10:02+01;1249
2016-01-17 11:18:01+01;1199
2016-01-17 11:46:01+01;1199
2016-01-17 12:34:01+01;1229
2016-01-17 12:46:01+01;1199
2016-01-17 13:22:01+01;1199
2016-01-17 23:06:01+01;1259
2016-01-18 06:06:01+01;1209
2016-01-18 07:50:02+01;1199
2016-01-18 12:38:01+01;1229
2016-01-18 13:22:01+01;1199
2016-01-18 14:46:01+01;1199
2016-01-18 23:06:01+01;1259
2016-01-19 06:02:01+01;1239
2016-01-19 09:22:01+01;1229
2016-01-19 11:02:01+01;1229
2016-01-19 12:34:01+01;1249
2016-01-19 13:26:01+01;1229
2016-01-19 14:46:01+01;1219
2016-01-19 17:06:01+01;1209
2016-01-19 18:18:01+01;1199
2016-01-19 22:46:01+01;1249
2016-01-20 05:46:01+01;1249
2016-01-20 09:06:01+01;1239
2016-01-20 10:34:01+01;1229
2016-01-20 12:38:01+01;1259
2016-01-20 13:26:01+01;1229
2016-01-20 17:26:01+01;1219
2016-01-20 22:46:01+01;1259
2016-01-21 05:50:02+01;1249
2016-01-21 09:10:02+01;1239
2016-01-21 11:34:01+01;1229
2016-01-21 12:34:01+01;1259
2016-01-21 13:26:01+01;1229
2016-01-21 17:06:01+01;1219
2016-01-21 18:18:01+01;1209
2016-01-21 19:18:02+01;1199
2016-01-21 23:06:02+01;1259
2016-01-22 05:46:01+01;1249
2016-01-22 09:10:01+01;1239
2016-01-22 12:34:01+01;1259
2016-01-22 13:22:01+01;1219
2016-01-22 17:10:01+01;1209
2016-01-22 18:18:01+01;1199
2016-01-22 23:06:01+01;1259
2016-01-23 06:38:01+01;1249
2016-01-23 09:06:01+01;1239
2016-01-23 10:02:01+01;1209
2016-01-23 12:34:01+01;1239
2016-01-23 13:22:01+01;1209
2016-01-23 15:30:02+01;1199
2016-01-23 23:06:01+01;1259
2016-01-24 09:06:01+01;1249
2016-01-24 09:42:01+01;1249
2016-01-24 11:02:01+01;1209
2016-01-24 12:34:01+01;1239
2016-01-24 13:06:01+01;1209
2016-01-24 23:06:01+01;1269
2016-01-25 06:02:01+01;1249
2016-01-25 09:18:01+01;1239
2016-01-25 12:34:01+01;1269
2016-01-25 13:58:01+01;1239
2016-01-25 17:18:02+01;1229
2016-01-25 23:06:01+01;1279
2016-01-26 06:06:01+01;1249
2016-01-26 09:22:01+01;1239
2016-01-26 11:34:01+01;1229
2016-01-26 12:38:01+01;1259
2016-01-26 13:22:01+01;1229
2016-01-26 15:02:01+01;1219
2016-01-26 17:06:01+01;1209
2016-01-26 18:18:01+01;1199
2016-01-26 23:06:01+01;1259
2016-01-27 09:26:01+01;1249
2016-01-27 12:34:01+01;1259
2016-01-27 13:22:01+01;1249
2016-01-27 17:06:01+01;1229
2016-01-27 18:18:01+01;1219
2016-01-27 23:06:01+01;1259
2016-01-28 09:06:01+01;1249
2016-01-28 11:22:01+01;1249
2016-01-28 12:38:01+01;1259
2016-01-28 13:22:01+01;1249
2016-01-28 14:50:01+01;1239
2016-01-28 16:02:01+01;1239
2016-01-28 17:06:01+01;1229
2016-01-28 17:46:01+01;1219
2016-01-28 18:18:01+01;1219
2016-01-28 23:06:01+01;1259
2016-01-29 09:22:01+01;1249
2016-01-29 10:34:01+01;1239
2016-01-29 10:46:01+01;1239
2016-01-29 12:34:01+01;1269
2016-01-29 13:18:01+01;1239
2016-01-29 17:02:01+01;1219
2016-01-29 17:26:01+01;1209
2016-01-29 23:06:01+01;1269
2016-01-30 09:26:01+01;1259
2016-01-30 11:22:01+01;1239
2016-01-30 12:34:01+01;1269
2016-01-30 13:26:01+01;1219
2016-01-30 14:46:01+01;1209
2016-01-30 17:02:01+01;1199
2016-01-30 23:06:01+01;1259
2016-01-31 09:06:01+01;1249
2016-01-31 11:22:01+01;1239
2016-01-31 12:02:01+01;1209
2016-01-31 12:34:01+01;1239
2016-01-31 13:22:01+01;1209
2016-01-31 15:46:01+01;1199
2016-01-31 23:06:01+01;1259
2016-02-01 09:30:01+01;1249
2016-02-01 12:34:01+01;1279
2016-02-01 13:26:01+01;1249
2016-02-01 15:34:01+01;1239
2016-02-01 17:38:01+01;1229
2016-02-01 18:30:02+01;1219
2016-02-01 23:06:01+01;1279
2016-02-02 09:06:01+01;1269
2016-02-02 11:22:01+01;1249
2016-02-02 12:34:01+01;1279
2016-02-02 13:22:01+01;1249
2016-02-02 17:10:01+01;1239
2016-02-02 18:18:01+01;1229
2016-02-02 23:06:01+01;1279
2016-02-03 09:06:01+01;1269
2016-02-03 12:34:01+01;1269
2016-02-03 13:26:01+01;1269
2016-02-03 14:50:01+01;1259
2016-02-03 17:22:01+01;1249
2016-02-03 23:06:01+01;1249
2016-02-04 09:06:01+01;1239
2016-02-04 12:34:01+01;1239
2016-02-04 13:22:01+01;1239
2016-02-04 14:46:01+01;1229
2016-02-04 17:22:01+01;1219
2016-02-04 23:06:01+01;1239
2016-02-05 09:06:01+01;1229
2016-02-05 12:38:01+01;1249
2016-02-05 13:22:01+01;1229
2016-02-05 15:22:01+01;1229
2016-02-05 16:30:01+01;1219
2016-02-05 17:18:01+01;1209
2016-02-05 18:18:01+01;1199
2016-02-05 23:06:01+01;1249
2016-02-06 09:06:01+01;1239
2016-02-06 09:18:01+01;1219
2016-02-06 12:34:01+01;1239
2016-02-06 13:22:01+01;1219
2016-02-06 15:46:01+01;1209
2016-02-06 16:30:01+01;1209
2016-02-06 23:06:02+01;1239
2016-02-07 11:02:01+01;1219
2016-02-07 12:34:01+01;1239
2016-02-07 13:22:02+01;1219
2016-02-07 15:46:01+01;1209
2016-02-07 17:06:01+01;1199
2016-02-07 23:06:01+01;1239
2016-02-08 09:06:01+01;1229
2016-02-08 11:34:01+01;1229
2016-02-08 12:34:01+01;1249
2016-02-08 13:22:01+01;1229
2016-02-08 17:34:01+01;1219
2016-02-08 23:06:01+01;1249
2016-02-09 08:34:01+01;1219
2016-02-09 09:06:01+01;1209
2016-02-09 12:34:01+01;1239
2016-02-09 13:22:01+01;1209
2016-02-09 17:06:01+01;1199
2016-02-09 18:18:01+01;1189
2016-02-09 23:06:01+01;1239
2016-02-10 09:10:01+01;1229
2016-02-10 11:02:01+01;1209
2016-02-10 12:34:01+01;1219
2016-02-10 13:22:01+01;1209
2016-02-10 17:10:01+01;1199
2016-02-10 18:18:01+01;1189
2016-02-10 23:06:01+01;1219
2016-02-11 09:06:01+01;1209
2016-02-11 11:22:01+01;1209
2016-02-11 12:34:01+01;1209
2016-02-11 13:22:01+01;1209
2016-02-11 14:46:01+01;1199
2016-02-11 17:34:01+01;1189
2016-02-11 23:06:01+01;1209
2016-02-12 09:06:01+01;1199
2016-02-12 12:34:01+01;1219
2016-02-12 13:22:01+01;1199
2016-02-12 14:46:01+01;1199
2016-02-12 17:10:01+01;1189
2016-02-12 18:18:01+01;1179
2016-02-12 23:06:01+01;1219
2016-02-13 09:02:01+01;1189
2016-02-13 09:06:01+01;1179
2016-02-13 12:38:01+01;1209
2016-02-13 13:22:01+01;1179
2016-02-13 15:46:01+01;1169
2016-02-13 23:06:01+01;1229
2016-02-14 09:06:01+01;1219
2016-02-14 09:46:01+01;1179
2016-02-14 11:58:01+01;1169
2016-02-14 12:34:01+01;1199
2016-02-14 13:26:01+01;1169
2016-02-14 15:50:01+01;1159
2016-02-14 17:10:01+01;1149
2016-02-14 23:06:01+01;1209
2016-02-15 09:06:01+01;1199
2016-02-15 12:34:01+01;1229
2016-02-15 13:22:01+01;1199
2016-02-15 17:06:01+01;1189
2016-02-15 18:18:01+01;1179
2016-02-15 23:06:01+01;1229
2016-02-16 09:06:01+01;1219
2016-02-16 11:22:01+01;1179
2016-02-16 12:34:01+01;1209
2016-02-16 13:22:01+01;1189
2016-02-16 17:30:01+01;1179
2016-02-16 23:06:01+01;1239
2016-02-17 09:02:01+01;1229
2016-02-17 11:34:01+01;1229
2016-02-17 12:34:01+01;1239
2016-02-17 13:26:01+01;1229
2016-02-17 17:26:01+01;1219
2016-02-17 23:06:01+01;1239
2016-02-18 09:10:01+01;1229
2016-02-18 12:34:01+01;1229
2016-02-18 14:54:01+01;1219
2016-02-18 15:22:01+01;1219
2016-02-18 17:06:01+01;1209
2016-02-18 18:18:01+01;1199
2016-02-18 23:06:01+01;1229
2016-02-19 09:06:01+01;1219
2016-02-19 09:50:01+01;1219
2016-02-19 12:34:01+01;1229
2016-02-19 13:26:01+01;1219
2016-02-19 17:06:01+01;1209
2016-02-19 18:18:01+01;1199
2016-02-19 23:06:01+01;1229
2016-02-20 08:30:01+01;1149
2016-02-20 09:06:01+01;1149
2016-02-20 12:34:01+01;1179
2016-02-20 15:46:01+01;1169
2016-02-20 17:06:01+01;1159
2016-02-20 23:06:01+01;1219
2016-02-21 09:22:01+01;1209
2016-02-21 11:22:01+01;1199
2016-02-21 12:34:01+01;1219
2016-02-21 13:22:01+01;1209
2016-02-21 15:50:01+01;1199
2016-02-21 19:58:01+01;1189
2016-02-21 23:06:01+01;1219
2016-02-22 09:10:01+01;1209
2016-02-22 12:34:01+01;1219
2016-02-22 13:26:01+01;1209
2016-02-22 16:50:01+01;1199
2016-02-22 17:06:01+01;1189
2016-02-22 18:22:01+01;1179
2016-02-22 23:06:01+01;1219
2016-02-23 09:06:01+01;1209
2016-02-23 12:34:01+01;1229
2016-02-23 13:34:01+01;1209
2016-02-23 16:50:01+01;1199
2016-02-23 17:06:01+01;1189
2016-02-23 18:18:01+01;1179
2016-02-23 22:38:01+01;1229
2016-02-24 08:06:01+01;1229
2016-02-24 09:06:01+01;1219
2016-02-24 12:34:01+01;1219
2016-02-24 13:26:01+01;1219
2016-02-24 14:50:01+01;1209
2016-02-24 16:50:01+01;1199
2016-02-24 17:06:01+01;1189
2016-02-24 18:22:01+01;1179
2016-02-24 23:06:01+01;1219
2016-02-25 09:18:01+01;1209
2016-02-25 11:50:01+01;1199
2016-02-25 12:34:01+01;1219
2016-02-25 13:26:01+01;1199
2016-02-25 14:50:01+01;1189
2016-02-25 17:06:01+01;1179
2016-02-25 18:18:01+01;1169
2016-02-25 23:06:01+01;1219
2016-02-26 08:50:02+01;1209
2016-02-26 09:10:01+01;1199
2016-02-26 12:34:01+01;1219
2016-02-26 13:22:01+01;1189
2016-02-26 15:34:01+01;1189
2016-02-26 17:18:01+01;1179
2016-02-26 23:06:01+01;1239
2016-02-27 09:34:01+01;1229
2016-02-27 12:34:01+01;1249
2016-02-27 13:22:01+01;1229
2016-02-27 15:46:01+01;1219
2016-02-27 17:05:01+01;1209
2016-02-27 23:04:01+01;1249
2016-02-28 09:05:02+01;1239
2016-02-28 11:21:01+01;1229
2016-02-28 12:34:01+01;1249
2016-02-28 13:24:01+01;1239
2016-02-28 15:46:01+01;1229
2016-02-28 20:44:01+01;1219
2016-02-28 23:04:01+01;1249
2016-02-29 09:01:01+01;1229
2016-02-29 09:19:01+01;1219
2016-02-29 12:33:01+01;1239
2016-02-29 13:24:01+01;1219
2016-02-29 14:19:01+01;1209
2016-02-29 17:06:01+01;1199
2016-02-29 18:16:01+01;1189
2016-02-29 19:31:01+01;1179
2016-02-29 23:04:01+01;1239
2016-03-01 09:19:01+01;1229
2016-03-01 12:33:01+01;1239
2016-03-01 13:24:01+01;1229
2016-03-01 14:05:01+01;1219
2016-03-01 14:46:01+01;1209
2016-03-01 17:18:01+01;1199
2016-03-01 23:04:01+01;1239
2016-03-02 09:11:01+01;1229
2016-03-02 10:18:01+01;1229
2016-03-02 12:33:01+01;1229
2016-03-02 13:24:01+01;1229
2016-03-02 14:04:01+01;1219
2016-03-02 14:47:01+01;1209
2016-03-02 17:13:01+01;1199
2016-03-02 18:18:01+01;1189
2016-03-02 23:05:02+01;1229
2016-03-03 09:09:01+01;1219
2016-03-03 10:14:01+01;1219
2016-03-03 12:34:01+01;1229
2016-03-03 13:22:01+01;1219
2016-03-03 14:48:01+01;1209
2016-03-03 17:10:02+01;1199
2016-03-03 18:16:01+01;1189
2016-03-03 23:04:01+01;1229
2016-03-04 09:09:01+01;1219
2016-03-04 12:34:01+01;1239
2016-03-04 13:23:01+01;1219
2016-03-04 14:31:01+01;1209
2016-03-04 17:11:01+01;1199
2016-03-04 18:17:01+01;1189
2016-03-04 23:05:01+01;1239
2016-03-05 09:10:01+01;1229
2016-03-05 12:36:01+01;1239
2016-03-05 13:22:01+01;1229
2016-03-05 15:48:01+01;1219
2016-03-05 17:11:01+01;1209
2016-03-05 23:04:01+01;1239
2016-03-06 09:09:01+01;1229
2016-03-06 09:46:01+01;1219
2016-03-06 12:33:01+01;1239
2016-03-06 13:22:01+01;1219
2016-03-06 15:45:01+01;1209
2016-03-06 17:09:01+01;1199
2016-03-06 23:04:01+01;1239
2016-03-07 09:10:01+01;1229
2016-03-07 11:23:01+01;1189
2016-03-07 12:34:02+01;1209
2016-03-07 13:21:01+01;1189
2016-03-07 15:23:01+01;1179
2016-03-07 17:11:01+01;1169
2016-03-07 18:16:01+01;1159
2016-03-07 23:06:01+01;1219
2016-03-08 11:21:01+01;1209
2016-03-08 12:28:01+01;1239
2016-03-08 13:26:01+01;1219
2016-03-08 14:23:01+01;1209
2016-03-08 15:05:01+01;1209
2016-03-08 15:24:01+01;1199
2016-03-08 17:09:01+01;1189
2016-03-08 18:16:01+01;1179
2016-03-08 23:06:02+01;1239
2016-03-09 09:10:01+01;1229
2016-03-09 12:34:01+01;1249
2016-03-09 13:21:01+01;1229
2016-03-09 17:11:01+01;1219
2016-03-09 18:16:01+01;1209
2016-03-10 09:09:01+01;1199
2016-03-10 12:33:01+01;1219
2016-03-10 13:23:01+01;1209
2016-03-10 17:10:01+01;1199
2016-03-10 18:13:01+01;1189
2016-03-10 22:25:01+01;1249
2016-03-11 09:10:01+01;1239
2016-03-11 12:34:01+01;1259
2016-03-11 13:18:01+01;1239
2016-03-11 17:11:01+01;1229
2016-03-11 18:12:01+01;1219
2016-03-11 23:05:01+01;1279
2016-03-12 06:15:01+01;1269
2016-03-12 09:10:01+01;1259
2016-03-12 12:32:01+01;1259
2016-03-12 13:23:01+01;1259
2016-03-12 15:43:01+01;1249
2016-03-12 17:10:01+01;1239
2016-03-12 23:03:01+01;1259
2016-03-13 09:10:01+01;1249
2016-03-13 09:15:01+01;1239
2016-03-13 11:22:01+01;1229
2016-03-13 12:33:01+01;1249
2016-03-13 13:23:01+01;1229
2016-03-13 15:49:01+01;1219
2016-03-13 17:10:01+01;1209
2016-03-13 18:42:01+01;1189
2016-03-14 06:24:01+01;1219
2016-03-14 09:09:01+01;1209
2016-03-14 12:34:01+01;1229
2016-03-14 13:22:01+01;1209
2016-03-14 14:44:01+01;1199
2016-03-14 17:11:01+01;1189
2016-03-14 18:14:01+01;1179
2016-03-14 23:05:01+01;1239
2016-03-15 09:10:01+01;1229
2016-03-15 12:33:02+01;1249
2016-03-15 13:23:01+01;1229
2016-03-15 17:10:02+01;1219
2016-03-15 18:15:01+01;1209
2016-03-15 23:05:01+01;1259
2016-03-16 09:10:01+01;1249
2016-03-16 12:34:01+01;1259
2016-03-16 13:18:01+01;1249
2016-03-16 17:09:02+01;1239
2016-03-16 18:13:01+01;1229
2016-03-16 23:06:01+01;1249
2016-03-17 09:10:01+01;1239
2016-03-17 12:34:01+01;1259
2016-03-17 13:17:01+01;1239
2016-03-17 14:44:01+01;1229
2016-03-17 17:10:01+01;1219
2016-03-17 18:13:01+01;1209
2016-03-17 23:04:01+01;1259
2016-03-18 09:11:01+01;1249
2016-03-18 12:34:01+01;1259
2016-03-18 13:19:01+01;1249
2016-03-18 14:44:01+01;1229
2016-03-18 17:09:01+01;1219
2016-03-18 18:13:01+01;1209
2016-03-18 23:05:01+01;1259
2016-03-19 09:10:01+01;1249
2016-03-19 12:33:01+01;1269
2016-03-19 13:19:01+01;1249
2016-03-19 15:43:02+01;1239
2016-03-19 17:09:01+01;1229
2016-03-19 23:04:01+01;1269
2016-03-20 09:10:01+01;1259
2016-03-20 11:23:01+01;1249
2016-03-20 12:35:01+01;1269
2016-03-20 13:23:01+01;1249
2016-03-20 15:27:01+01;1239
2016-03-20 17:10:01+01;1229
2016-03-20 23:03:01+01;1269
2016-03-21 09:09:01+01;1259
2016-03-21 12:33:01+01;1269
2016-03-21 13:20:01+01;1259
2016-03-21 16:29:02+01;1249
2016-03-21 17:10:01+01;1239
2016-03-21 18:15:01+01;1229
2016-03-21 23:04:02+01;1269
2016-03-22 09:10:01+01;1259
2016-03-22 12:33:01+01;1269
2016-03-22 13:20:01+01;1259
2016-03-22 14:45:01+01;1259
2016-03-22 15:18:01+01;1249
2016-03-22 16:27:01+01;1229
2016-03-22 17:09:01+01;1219
2016-03-22 18:14:01+01;1209
2016-03-22 19:28:01+01;1199
2016-03-22 23:04:01+01;1259
2016-03-23 09:10:01+01;1249
2016-03-23 12:33:02+01;1269
2016-03-23 13:18:01+01;1249
2016-03-23 15:29:01+01;1249
2016-03-23 17:10:01+01;1239
2016-03-23 18:14:01+01;1229
2016-03-23 23:20:01+01;1279
2016-03-24 07:18:01+01;1269
2016-03-24 09:10:01+01;1259
2016-03-24 11:22:01+01;1259
2016-03-24 12:33:01+01;1279
2016-03-24 13:23:01+01;1259
2016-03-24 14:30:01+01;1259
2016-03-24 14:47:01+01;1249
2016-03-24 17:10:01+01;1239
2016-03-24 18:14:01+01;1229
2016-03-24 23:05:01+01;1289
2016-03-25 09:11:01+01;1279
2016-03-25 12:33:01+01;1289
2016-03-25 13:18:01+01;1279
2016-03-25 14:43:01+01;1279
2016-03-25 17:09:01+01;1269
2016-03-25 18:13:01+01;1259
2016-03-25 23:05:01+01;1289
2016-03-26 09:11:01+01;1279
2016-03-26 11:20:02+01;1279
2016-03-26 12:35:01+01;1299
2016-03-26 13:20:01+01;1279
2016-03-26 14:29:01+01;1279
2016-03-26 15:44:01+01;1269
2016-03-26 17:09:01+01;1259
2016-03-26 23:04:01+01;1299
2016-03-27 09:10:02+02;1289
2016-03-27 11:22:01+02;1279
2016-03-27 12:34:01+02;1299
2016-03-27 13:19:01+02;1289
2016-03-27 14:14:02+02;1279
2016-03-27 14:44:01+02;1199
2016-03-27 15:43:01+02;1199
2016-03-27 17:09:01+02;1199
2016-03-27 23:04:01+02;1269
2016-03-28 09:09:01+02;1259
2016-03-28 11:23:01+02;1259
2016-03-28 12:34:01+02;1279
2016-03-28 13:22:01+02;1259
2016-03-28 14:15:01+02;1259
2016-03-28 14:50:02+02;1249
2016-03-28 17:10:01+02;1239
2016-03-28 18:12:01+02;1229
2016-03-28 23:04:01+02;1289
2016-03-29 09:09:01+02;1279
2016-03-29 12:34:01+02;1299
2016-03-29 15:24:01+02;1279
2016-03-29 16:28:01+02;1279
2016-03-29 17:11:01+02;1269
2016-03-29 18:14:01+02;1259
2016-03-29 23:04:01+02;1299
2016-03-30 09:09:01+02;1289
2016-03-30 11:23:01+02;1289
2016-03-30 12:34:01+02;1309
2016-03-30 13:18:01+02;1289
2016-03-30 14:30:01+02;1289
2016-03-30 14:44:01+02;1279
2016-03-30 15:30:02+02;1269
2016-03-30 17:10:01+02;1259
2016-03-30 18:13:01+02;1249
2016-03-30 23:05:01+02;1309
2016-03-31 09:09:01+02;1299
2016-03-31 12:33:02+02;1319
2016-03-31 13:23:01+02;1299
2016-03-31 14:29:01+02;1299
2016-03-31 14:45:01+02;1289
2016-03-31 17:10:01+02;1279
2016-03-31 17:43:01+02;1269
2016-03-31 18:15:01+02;1269
2016-03-31 23:05:01+02;1319
2016-04-01 07:29:01+02;1309
2016-04-01 09:08:01+02;1299
2016-04-01 11:22:01+02;1299
2016-04-01 11:28:01+02;1289
2016-04-01 12:33:01+02;1309
2016-04-01 13:19:01+02;1289
2016-04-01 15:00:01+02;1279
2016-04-01 17:09:01+02;1269
2016-04-01 18:14:01+02;1259
2016-04-01 23:05:01+02;1309
2016-04-02 09:11:01+02;1299
2016-04-02 11:24:01+02;1299
2016-04-02 12:33:01+02;1299
2016-04-02 13:21:01+02;1299
2016-04-02 15:45:01+02;1289
2016-04-02 17:11:01+02;1279
2016-04-02 23:03:01+02;1299
2016-04-03 09:09:01+02;1289
2016-04-03 11:21:01+02;1289
2016-04-03 12:34:01+02;1299
2016-04-03 13:17:01+02;1289
2016-04-03 14:28:01+02;1289
2016-04-03 15:44:01+02;1279
2016-04-03 15:59:01+02;1249
2016-04-03 17:10:01+02;1239
2016-04-03 23:04:01+02;1299
2016-04-04 09:09:01+02;1289
2016-04-04 12:34:01+02;1309
2016-04-04 13:22:01+02;1289
2016-04-04 14:15:01+02;1289
2016-04-04 14:43:01+02;1279
2016-04-04 17:09:01+02;1269
2016-04-04 18:14:01+02;1259
2016-04-04 23:05:01+02;1309
2016-04-05 06:18:01+02;1299
2016-04-05 09:10:01+02;1289
2016-04-05 11:18:01+02;1289
2016-04-05 12:33:01+02;1299
2016-04-05 13:21:01+02;1289
2016-04-05 14:15:02+02;1289
2016-04-05 14:44:01+02;1279
2016-04-05 16:44:01+02;1269
2016-04-05 17:10:02+02;1259
2016-04-05 18:15:01+02;1249
2016-04-05 23:05:01+02;1299
2016-04-06 09:11:01+02;1289
2016-04-06 11:23:01+02;1289
2016-04-06 12:33:01+02;1299
2016-04-06 13:24:02+02;1289
2016-04-06 14:45:01+02;1279
2016-04-06 17:11:01+02;1269
2016-04-06 18:13:01+02;1259
2016-04-06 23:03:01+02;1299
2016-04-07 09:10:01+02;1289
2016-04-07 11:22:01+02;1279
2016-04-07 12:14:01+02;1269
2016-04-07 12:33:01+02;1289
2016-04-07 13:25:01+02;1269
2016-04-07 14:15:01+02;1269
2016-04-07 14:44:01+02;1269
2016-04-07 17:10:01+02;1259
2016-04-07 18:12:01+02;1249
2016-04-07 23:04:01+02;1299
2016-04-08 09:11:01+02;1289
2016-04-08 11:23:01+02;1289
2016-04-08 12:33:01+02;1299
2016-04-08 13:25:01+02;1289
2016-04-08 14:17:01+02;1289
2016-04-08 14:33:01+02;1279
2016-04-08 17:10:01+02;1269
2016-04-08 18:12:01+02;1259
2016-04-08 23:06:01+02;1299
2016-04-09 09:10:01+02;1289
2016-04-09 11:21:01+02;1289
2016-04-09 12:34:01+02;1309
2016-04-09 13:23:02+02;1289
2016-04-09 14:16:01+02;1289
2016-04-09 15:44:02+02;1279
2016-04-09 17:09:01+02;1269
2016-04-09 23:04:01+02;1309
2016-04-10 09:10:01+02;1299
2016-04-10 11:20:01+02;1289
2016-04-10 12:33:01+02;1309
2016-04-10 13:23:01+02;1289
2016-04-10 14:15:01+02;1289
2016-04-10 15:43:01+02;1279
2016-04-10 17:09:01+02;1269
2016-04-10 23:04:01+02;1309
2016-04-11 09:10:01+02;1299
2016-04-11 11:24:01+02;1299
2016-04-11 12:33:01+02;1309
2016-04-11 13:21:01+02;1299
2016-04-11 14:14:01+02;1299
2016-04-11 14:44:01+02;1289
2016-04-11 17:10:01+02;1279
2016-04-11 18:14:01+02;1269
2016-04-11 23:03:01+02;1309
2016-04-12 09:11:01+02;1299
2016-04-12 11:22:01+02;1299
2016-04-12 12:34:01+02;1319
2016-04-12 13:25:01+02;1299
2016-04-12 14:15:01+02;1299
2016-04-12 14:44:01+02;1289
2016-04-12 16:57:01+02;1279
2016-04-12 17:10:01+02;1269
2016-04-12 18:13:01+02;1259
2016-04-12 23:05:01+02;1319
2016-04-13 06:43:01+02;1289
2016-04-13 09:09:01+02;1279
2016-04-13 11:23:01+02;1279
2016-04-13 12:34:01+02;1299
2016-04-13 13:20:01+02;1279
2016-04-13 13:43:01+02;1279
2016-04-13 14:44:01+02;1269
2016-04-13 17:10:01+02;1259
2016-04-13 18:13:01+02;1259
2016-04-13 23:08:01+02;1319
2016-04-14 07:28:01+02;1299
2016-04-14 09:10:01+02;1289
2016-04-14 11:18:01+02;1289
2016-04-14 12:34:01+02;1309
2016-04-14 13:20:01+02;1289
2016-04-14 14:15:01+02;1289
2016-04-14 14:44:01+02;1279
2016-04-14 17:10:01+02;1269
2016-04-14 18:12:01+02;1259
2016-04-14 23:04:01+02;1319
2016-04-15 09:09:01+02;1309
2016-04-15 12:35:01+02;1329
2016-04-15 13:24:01+02;1309
2016-04-15 14:17:01+02;1309
2016-04-15 14:44:01+02;1299
2016-04-15 17:09:01+02;1289
2016-04-15 18:14:01+02;1279
2016-04-15 23:06:01+02;1329
2016-04-16 09:10:01+02;1319
2016-04-16 11:21:01+02;1319
2016-04-16 12:33:01+02;1319
2016-04-16 13:19:01+02;1319
2016-04-16 15:45:01+02;1309
2016-04-16 17:09:01+02;1299
2016-04-16 18:57:01+02;1269
2016-04-16 19:44:01+02;1269
2016-04-16 23:04:01+02;1319
2016-04-17 09:10:01+02;1309
2016-04-17 11:23:01+02;1299
2016-04-17 12:33:01+02;1319
2016-04-17 13:24:01+02;1299
2016-04-17 14:14:01+02;1299
2016-04-17 15:22:01+02;1289
2016-04-17 15:28:01+02;1269
2016-04-17 16:15:01+02;1269
2016-04-17 16:33:01+02;1269
2016-04-17 16:44:01+02;1259
2016-04-17 17:10:01+02;1249
2016-04-17 18:14:01+02;1249
2016-04-17 23:04:01+02;1309
2016-04-18 09:14:01+02;1299
2016-04-18 12:33:01+02;1319
2016-04-18 13:26:01+02;1299
2016-04-18 14:16:01+02;1299
2016-04-18 19:29:01+02;1299
2016-04-18 23:04:01+02;1319
2016-04-19 09:38:01+02;1309
2016-04-19 11:23:01+02;1309
2016-04-19 12:34:01+02;1309
2016-04-19 13:24:01+02;1309
2016-04-19 23:04:01+02;1309
2016-04-20 08:32:01+02;1289
2016-04-20 11:23:02+02;1289
2016-04-20 12:33:01+02;1309
2016-04-20 13:23:01+02;1289
2016-04-20 14:30:02+02;1289
2016-04-20 15:59:01+02;1279
2016-04-20 18:14:01+02;1279
2016-04-20 23:04:01+02;1319
2016-04-21 10:14:01+02;1309
2016-04-21 12:14:01+02;1309
2016-04-21 12:34:01+02;1319
2016-04-21 13:31:01+02;1309
2016-04-21 14:46:01+02;1309
2016-04-21 17:15:01+02;1309
2016-04-21 17:22:01+02;1309
2016-04-21 23:04:01+02;1319
2016-04-22 14:28:01+02;1319
2016-04-22 23:07:01+02;1329
2016-04-23 11:26:01+02;1329
2016-04-23 12:35:02+02;1339
2016-04-23 13:24:01+02;1329
2016-04-23 14:30:01+02;1329
2016-04-23 23:04:01+02;1339
2016-04-24 11:20:01+02;1339
2016-04-24 12:33:01+02;1339
2016-04-24 13:17:01+02;1339
2016-04-24 21:46:01+02;1339
2016-04-24 23:03:01+02;1339
2016-04-25 11:23:01+02;1339
2016-04-25 12:33:01+02;1339
2016-04-25 13:33:01+02;1339
2016-04-25 23:05:01+02;1339
2016-04-26 11:24:01+02;1339
2016-04-26 11:58:01+02;1309
2016-04-26 12:33:01+02;1329
2016-04-26 13:26:01+02;1309
2016-04-26 14:58:01+02;1309
2016-04-26 19:28:01+02;1289
2016-04-26 23:04:01+02;1329
2016-04-27 10:45:01+02;1329
2016-04-27 11:20:01+02;1329
2016-04-27 12:33:01+02;1339
2016-04-27 13:57:01+02;1329
2016-04-27 14:59:01+02;1329
2016-04-27 17:28:01+02;1309
2016-04-27 19:00:01+02;1299
2016-04-27 23:03:02+02;1339
2016-04-28 13:27:01+02;1329
2016-04-28 14:59:01+02;1329
2016-04-28 15:42:01+02;1309
2016-04-28 17:07:01+02;1309
2016-04-28 19:13:01+02;1289
2016-04-28 19:42:01+02;1289
2016-04-28 23:02:00+02;1339
2016-04-29 09:36:01+02;1329
2016-04-29 12:12:01+02;1329
2016-04-29 12:32:01+02;1339
2016-04-29 13:24:01+02;1329
2016-04-29 14:45:01+02;1329
2016-04-29 17:23:01+02;1309
2016-04-29 17:57:01+02;1279
2016-04-29 23:02:01+02;1339
2016-04-30 07:44:01+02;1279
2016-04-30 11:20:01+02;1279
2016-04-30 12:34:01+02;1299
2016-04-30 13:23:01+02;1289
2016-04-30 15:22:01+02;1289
2016-04-30 23:03:01+02;1349
2016-05-01 11:19:01+02;1339
2016-05-01 12:32:01+02;1349
2016-05-01 13:22:01+02;1339
2016-05-01 14:15:01+02;1259
2016-05-01 17:41:01+02;1259
2016-05-01 21:26:06+02;1259
2016-05-01 23:02:01+02;1319
2016-05-01 23:05:01+02;1319
2016-05-02 11:17:01+02;1319
2016-05-02 12:33:01+02;1339
2016-05-02 13:21:01+02;1319
2016-05-02 15:17:01+02;1319
2016-05-02 18:45:01+02;1289
2016-05-02 23:02:01+02;1349
2016-05-03 10:45:01+02;1339
2016-05-03 11:56:01+02;1319
2016-05-03 12:32:01+02;1339
2016-05-03 13:23:01+02;1319
2016-05-03 14:58:01+02;1319
2016-05-03 17:28:01+02;1299
2016-05-03 19:26:01+02;1279
2016-05-03 19:44:01+02;1279
2016-05-03 23:23:02+02;1339
2016-05-04 09:13:01+02;1329
2016-05-04 11:16:01+02;1329
2016-05-04 11:43:01+02;1309
2016-05-04 12:32:01+02;1329
2016-05-04 13:17:01+02;1309
2016-05-04 14:43:01+02;1309
2016-05-04 17:43:01+02;1269
2016-05-04 23:03:01+02;1329
2016-05-05 10:56:01+02;1299
2016-05-05 12:12:01+02;1299
2016-05-05 12:32:01+02;1319
2016-05-05 13:17:01+02;1299
2016-05-05 14:26:01+02;1299
2016-05-05 14:57:01+02;1269
2016-05-05 15:16:01+02;1269
2016-05-05 15:42:01+02;1269
2016-05-05 23:02:01+02;1329
2016-05-06 12:32:01+02;1329
2016-05-06 13:23:01+02;1309
2016-05-06 14:27:01+02;1309
2016-05-06 17:26:01+02;1269
2016-05-06 17:56:02+02;1259
2016-05-06 23:03:01+02;1319
2016-05-07 10:59:01+02;1279
2016-05-07 12:12:01+02;1279
2016-05-07 12:32:01+02;1299
2016-05-07 13:22:01+02;1279
2016-05-07 14:57:01+02;1279
2016-05-07 23:02:01+02;1319
2016-05-08 11:19:01+02;1319
2016-05-08 11:42:01+02;1269
2016-05-08 12:32:01+02;1289
2016-05-08 12:56:01+02;1269
2016-05-08 14:13:01+02;1269
2016-05-08 23:02:01+02;1319
2016-05-09 10:57:01+02;1299
2016-05-09 11:28:01+02;1289
2016-05-09 12:33:01+02;1309
2016-05-09 13:17:01+02;1289
2016-05-09 14:57:01+02;1289
2016-05-09 18:26:01+02;1279
2016-05-09 23:02:01+02;1319
2016-05-10 10:12:01+02;1309
2016-05-10 10:57:01+02;1289
2016-05-10 12:12:01+02;1289
2016-05-10 12:33:01+02;1309
2016-05-10 13:17:01+02;1279
2016-05-10 14:58:01+02;1279
2016-05-10 18:56:01+02;1259
2016-05-10 19:12:01+02;1249
2016-05-10 19:40:01+02;1249
2016-05-10 23:02:01+02;1309
2016-05-11 06:41:01+02;1309
2016-05-11 09:44:01+02;1299
2016-05-11 12:11:01+02;1299
2016-05-11 12:32:01+02;1319
2016-05-11 13:18:01+02;1299
2016-05-11 15:00:02+02;1299
2016-05-11 16:42:01+02;1289
2016-05-11 17:43:01+02;1289
2016-05-11 18:28:01+02;1259
2016-05-11 18:41:01+02;1259
2016-05-11 19:41:01+02;1259
2016-05-11 23:02:01+02;1319
2016-05-12 12:32:01+02;1329
2016-05-12 13:26:01+02;1319
2016-05-12 14:44:01+02;1319
2016-05-12 17:27:01+02;1279
2016-05-12 23:02:01+02;1339
2016-05-13 11:17:01+02;1289
2016-05-13 12:32:01+02;1309
2016-05-13 13:19:01+02;1289
2016-05-13 14:27:01+02;1289
2016-05-13 19:16:01+02;1279
2016-05-13 23:02:01+02;1339
2016-05-14 11:25:01+02;1339
2016-05-14 12:33:01+02;1349
2016-05-14 13:25:01+02;1339
2016-05-14 14:16:01+02;1339
2016-05-14 14:42:01+02;1299
2016-05-14 16:11:01+02;1299
2016-05-14 23:02:01+02;1349
2016-05-15 11:26:01+02;1349
2016-05-15 11:43:01+02;1339
2016-05-15 12:32:01+02;1349
2016-05-15 13:22:01+02;1339
2016-05-15 13:57:01+02;1319
2016-05-15 14:42:01+02;1319
2016-05-15 17:27:01+02;1299
2016-05-15 23:02:01+02;1349
2016-05-16 10:57:01+02;1339
2016-05-16 12:11:01+02;1339
2016-05-16 12:32:01+02;1349
2016-05-16 13:17:01+02;1339
2016-05-16 14:54:01+02;1339
2016-05-16 14:56:01+02;1299
2016-05-16 16:11:01+02;1299
2016-05-16 23:02:01+02;1349
2016-05-17 10:57:01+02;1299
2016-05-17 12:12:01+02;1299
2016-05-17 12:32:01+02;1319
2016-05-17 13:18:01+02;1299
2016-05-17 15:17:01+02;1299
2016-05-17 17:42:01+02;1299
2016-05-17 17:57:01+02;1289
2016-05-17 23:02:01+02;1349
2016-05-18 11:22:01+02;1349
2016-05-18 12:32:01+02;1359
2016-05-18 13:22:01+02;1349
2016-05-18 14:28:01+02;1349
2016-05-18 23:04:01+02;1359
2016-05-19 11:23:01+02;1359
2016-05-19 12:32:01+02;1359
2016-05-19 13:22:01+02;1359
2016-05-19 16:42:01+02;1339
2016-05-19 18:11:01+02;1339
2016-05-19 23:02:01+02;1359
2016-05-20 11:22:01+02;1359
2016-05-20 12:32:01+02;1359
2016-05-20 13:22:01+02;1359
2016-05-20 16:12:01+02;1349
2016-05-20 17:22:01+02;1329
2016-05-20 17:43:01+02;1319
2016-05-20 18:59:01+02;1299
2016-05-20 19:41:01+02;1299
2016-05-20 23:02:01+02;1359
2016-05-21 12:32:01+02;1359
2016-05-21 13:21:01+02;1359
2016-05-21 17:06:01+02;1329
2016-05-21 18:12:01+02;1329
2016-05-21 23:02:01+02;1359
2016-05-22 11:23:01+02;1359
2016-05-22 12:32:01+02;1359
2016-05-22 12:59:01+02;1309
2016-05-22 14:15:01+02;1309
2016-05-22 23:02:01+02;1359
2016-05-23 11:18:01+02;1359
2016-05-23 12:32:01+02;1359
2016-05-23 13:16:01+02;1359
2016-05-23 16:44:01+02;1329
2016-05-23 16:57:01+02;1319
2016-05-23 18:12:01+02;1319
2016-05-23 23:02:01+02;1359
2016-05-24 10:43:01+02;1349
2016-05-24 11:22:01+02;1349
2016-05-24 12:12:01+02;1349
2016-05-24 12:32:01+02;1359
2016-05-24 13:01:01+02;1349
2016-05-24 14:15:01+02;1349
2016-05-24 16:43:01+02;1329
2016-05-24 18:12:01+02;1329
2016-05-24 23:02:01+02;1359
2016-05-25 11:17:01+02;1349
2016-05-25 12:32:01+02;1369
2016-05-25 13:16:01+02;1349
2016-05-25 14:57:01+02;1349
2016-05-25 19:26:01+02;1309
2016-05-25 19:40:01+02;1309
2016-05-25 23:02:02+02;1369
2016-05-26 11:22:01+02;1369
2016-05-26 12:32:01+02;1379
2016-05-26 13:23:01+02;1369
2016-05-26 14:28:02+02;1369
2016-05-26 19:11:01+02;1329
2016-05-26 19:56:01+02;1329
2016-05-26 23:02:02+02;1379
2016-05-27 10:41:01+02;1369
2016-05-27 11:27:01+02;1319
2016-05-27 11:41:02+02;1319
2016-05-27 12:33:01+02;1339
2016-05-27 13:17:02+02;1319
2016-05-27 14:28:01+02;1319
2016-05-27 23:02:01+02;1379
2016-05-28 09:13:01+02;1369
2016-05-28 11:24:01+02;1369
2016-05-28 12:32:01+02;1379
2016-05-28 13:21:01+02;1369
2016-05-28 14:44:01+02;1369
2016-05-28 14:59:01+02;1359
2016-05-28 16:12:01+02;1359
2016-05-28 16:56:01+02;1319
2016-05-28 17:26:01+02;1319
2016-05-28 23:02:01+02;1379
2016-05-29 11:22:01+02;1339
2016-05-29 12:32:01+02;1359
2016-05-29 13:21:01+02;1339
2016-05-29 14:16:01+02;1339
2016-05-29 23:02:01+02;1379
2016-05-30 10:41:01+02;1369
2016-05-30 11:17:01+02;1359
2016-05-30 12:32:01+02;1379
2016-05-30 13:17:01+02;1359
2016-05-30 14:43:01+02;1359
2016-05-30 16:42:01+02;1329
2016-05-30 18:13:01+02;1329
2016-05-30 23:02:01+02;1399
2016-05-31 11:17:01+02;1389
2016-05-31 13:18:01+02;1349
2016-05-31 13:57:01+02;1349
2016-05-31 14:43:01+02;1349
2016-05-31 18:56:01+02;1349
2016-05-31 23:02:01+02;1399
2016-06-01 11:17:01+02;1359
2016-06-01 12:32:01+02;1379
2016-06-01 13:18:01+02;1359
2016-06-01 14:59:01+02;1339
2016-06-01 15:42:01+02;1339
2016-06-01 23:02:01+02;1399
2016-06-02 09:33:01+02;1379
2016-06-02 10:56:01+02;1369
2016-06-02 12:14:01+02;1369
2016-06-02 12:32:01+02;1369
2016-06-02 13:17:01+02;1369
2016-06-02 14:12:01+02;1359
2016-06-02 16:12:01+02;1309
2016-06-02 17:26:01+02;1309
2016-06-02 23:02:01+02;1389
2016-06-03 05:23:01+02;1369
2016-06-03 10:57:01+02;1359
2016-06-03 11:23:01+02;1359
2016-06-03 12:32:01+02;1369
2016-06-03 13:22:01+02;1319
2016-06-03 14:43:01+02;1319
2016-06-03 16:27:01+02;1319
2016-06-03 18:28:01+02;1309
2016-06-03 23:03:01+02;1389
2016-06-04 06:14:01+02;1379
2016-06-04 06:34:01+02;1369
2016-06-04 10:45:01+02;1339
2016-06-04 11:56:01+02;1319
2016-06-04 12:33:01+02;1339
2016-06-04 13:16:01+02;1319
2016-06-04 14:14:01+02;1319
2016-06-04 14:56:01+02;1319
2016-06-04 23:02:01+02;1389
2016-06-05 07:15:01+02;1379
2016-06-05 11:19:01+02;1379
2016-06-05 11:56:01+02;1319
2016-06-05 12:11:01+02;1319
2016-06-05 12:34:01+02;1339
2016-06-05 12:56:01+02;1329
2016-06-05 14:12:01+02;1329
2016-06-05 14:43:01+02;1319
2016-06-05 16:12:01+02;1319
2016-06-05 16:43:01+02;1319
2016-06-05 17:56:01+02;1309
2016-06-05 23:02:01+02;1389
2016-06-06 05:23:01+02;1369
2016-06-06 11:17:01+02;1369
2016-06-06 12:32:02+02;1369
2016-06-06 12:56:01+02;1329
2016-06-06 14:14:01+02;1329
2016-06-06 18:12:01+02;1309
2016-06-06 23:02:01+02;1389
2016-06-07 05:22:01+02;1369
2016-06-07 10:41:01+02;1349
2016-06-07 12:12:01+02;1349
2016-06-07 12:32:01+02;1359
2016-06-07 13:17:01+02;1349
2016-06-07 14:43:01+02;1339
2016-06-07 15:42:01+02;1339
2016-06-07 16:27:01+02;1319
2016-06-07 18:12:01+02;1319
2016-06-07 19:56:01+02;1299
2016-06-07 23:02:01+02;1379
2016-06-08 05:23:01+02;1379
2016-06-08 08:28:01+02;1369
2016-06-08 11:17:01+02;1369
2016-06-08 12:32:01+02;1369
2016-06-08 13:18:01+02;1309
2016-06-08 14:26:01+02;1309
2016-06-08 14:42:01+02;1309
2016-06-08 23:02:01+02;1379
2016-06-09 05:23:01+02;1369
2016-06-09 10:43:01+02;1339
2016-06-09 12:12:01+02;1339
2016-06-09 12:34:01+02;1359
2016-06-09 13:22:01+02;1309
2016-06-09 15:22:01+02;1309
2016-06-09 18:57:01+02;1299
2016-06-09 19:42:01+02;1289
2016-06-09 23:02:01+02;1369
2016-06-10 05:20:01+02;1349
2016-06-10 10:56:01+02;1349
2016-06-10 12:32:01+02;1369
2016-06-10 13:18:01+02;1319
2016-06-10 16:27:01+02;1309
2016-06-10 17:27:01+02;1309
2016-06-10 18:11:01+02;1299
2016-06-10 23:02:01+02;1379
2016-06-11 06:38:01+02;1359
2016-06-11 08:58:01+02;1359
2016-06-11 10:58:01+02;1339
2016-06-11 11:57:01+02;1319
2016-06-11 12:32:01+02;1339
2016-06-11 13:18:01+02;1319
2016-06-11 15:00:01+02;1309
2016-06-11 15:26:01+02;1309
2016-06-11 18:28:01+02;1299
2016-06-11 18:40:01+02;1299
2016-06-11 23:02:01+02;1379
2016-06-12 09:32:01+02;1359
2016-06-12 11:27:01+02;1329
2016-06-12 12:32:01+02;1349
2016-06-12 13:22:01+02;1319
2016-06-12 14:56:02+02;1299
2016-06-12 15:26:01+02;1299
2016-06-12 18:42:01+02;1289
2016-06-12 23:03:01+02;1369
2016-06-13 05:22:01+02;1359
2016-06-13 10:12:01+02;1349
2016-06-13 10:56:01+02;1339
2016-06-13 12:35:01+02;1359
2016-06-13 12:57:01+02;1319
2016-06-13 15:42:01+02;1309
2016-06-13 16:43:01+02;1309
2016-06-13 18:45:01+02;1299
2016-06-13 23:03:01+02;1379
2016-06-14 05:22:01+02;1359
2016-06-14 09:43:01+02;1349
2016-06-14 12:33:01+02;1359
2016-06-14 13:17:01+02;1339
2016-06-14 15:43:01+02;1319
2016-06-14 16:42:01+02;1319
2016-06-14 17:56:01+02;1299
2016-06-14 18:28:01+02;1299
2016-06-14 23:02:01+02;1379
2016-06-15 05:20:01+02;1359
2016-06-15 09:32:02+02;1349
2016-06-15 11:59:01+02;1309
2016-06-15 12:12:01+02;1309
2016-06-15 12:32:01+02;1329
2016-06-15 12:59:01+02;1319
2016-06-15 13:17:01+02;1309
2016-06-15 14:42:01+02;1309
2016-06-15 16:28:01+02;1299
2016-06-15 17:56:01+02;1299
2016-06-15 18:27:01+02;1289
2016-06-15 18:41:01+02;1289
2016-06-15 23:03:01+02;1369
2016-06-16 05:22:01+02;1349
2016-06-16 09:13:01+02;1339
2016-06-16 12:32:01+02;1349
2016-06-16 13:18:01+02;1299
2016-06-16 18:26:01+02;1279
2016-06-16 19:42:01+02;1279
2016-06-16 23:03:01+02;1359
2016-06-17 05:19:01+02;1339
2016-06-17 09:12:01+02;1329
2016-06-17 12:32:01+02;1349
2016-06-17 13:17:02+02;1299
2016-06-17 16:12:01+02;1289
2016-06-17 23:02:01+02;1369
2016-06-18 06:35:01+02;1349
2016-06-18 14:45:01+02;1329
2016-06-18 17:23:01+02;1289
2016-06-18 17:42:01+02;1289
2016-06-18 18:57:01+02;1289
2016-06-18 19:12:01+02;1279
2016-06-18 19:42:01+02;1279
2016-06-18 23:03:01+02;1359
2016-06-19 08:14:01+02;1359
2016-06-19 09:33:02+02;1339
2016-06-19 10:57:01+02;1299
2016-06-19 12:32:01+02;1319
2016-06-19 13:18:01+02;1299
2016-06-19 15:19:01+02;1279
2016-06-19 15:41:01+02;1279
2016-06-19 16:42:01+02;1279
2016-06-19 23:03:01+02;1359
2016-06-20 05:23:01+02;1339
2016-06-20 10:57:01+02;1319
2016-06-20 11:55:01+02;1309
2016-06-20 12:11:01+02;1299
2016-06-20 12:33:01+02;1319
2016-06-20 12:57:01+02;1309
2016-06-20 15:18:01+02;1299
2016-06-20 18:43:01+02;1279
2016-06-20 19:12:01+02;1279
2016-06-20 23:02:01+02;1359
2016-06-21 05:22:01+02;1339
2016-06-21 10:56:01+02;1329
2016-06-21 11:17:01+02;1319
2016-06-21 11:58:01+02;1309
2016-06-21 12:32:01+02;1329
2016-06-21 13:18:02+02;1299
2016-06-21 14:13:02+02;1299
2016-06-21 18:41:01+02;1289
2016-06-21 23:02:01+02;1369
2016-06-22 05:22:01+02;1349
2016-06-22 10:14:01+02;1339
2016-06-22 12:13:01+02;1319
2016-06-22 12:32:01+02;1339
2016-06-22 13:17:01+02;1319
2016-06-22 16:42:01+02;1309
2016-06-22 17:57:01+02;1309
2016-06-22 18:27:01+02;1299
2016-06-22 18:42:01+02;1299
2016-06-22 23:03:01+02;1379
2016-06-23 05:23:01+02;1359
2016-06-23 10:59:01+02;1349
2016-06-23 12:13:01+02;1329
2016-06-23 12:34:01+02;1349
2016-06-23 13:23:01+02;1329
2016-06-23 16:27:01+02;1319
2016-06-23 18:27:01+02;1309
2016-06-23 18:42:01+02;1309
2016-06-23 23:02:01+02;1389
2016-06-24 05:22:01+02;1309
2016-06-24 12:32:01+02;1329
2016-06-24 13:16:01+02;1309
2016-06-24 14:43:01+02;1309
2016-06-24 18:28:01+02;1299
2016-06-24 18:42:01+02;1299
2016-06-24 23:03:01+02;1379
2016-06-25 06:34:01+02;1359
2016-06-25 11:26:01+02;1319
2016-06-25 12:32:01+02;1339
2016-06-25 13:18:01+02;1319
2016-06-25 18:42:01+02;1299
2016-06-25 23:02:01+02;1379
2016-06-26 09:32:01+02;1359
2016-06-26 11:43:01+02;1319
2016-06-26 11:58:01+02;1309
2016-06-26 12:12:01+02;1299
2016-06-26 12:32:01+02;1319
2016-06-26 13:00:01+02;1309
2016-06-26 14:14:01+02;1309
2016-06-26 14:57:01+02;1299
2016-06-26 15:21:01+02;1299
2016-06-26 23:03:01+02;1379
2016-06-27 05:23:01+02;1359
2016-06-27 10:57:01+02;1339
2016-06-27 12:33:01+02;1359
2016-06-27 13:23:01+02;1319
2016-06-27 19:12:01+02;1299
2016-06-27 19:42:01+02;1299
2016-06-27 23:02:01+02;1379
2016-06-28 05:21:01+02;1359
2016-06-28 10:57:01+02;1339
2016-06-28 12:13:01+02;1319
2016-06-28 12:32:01+02;1339
2016-06-28 13:22:01+02;1319
2016-06-28 23:03:01+02;1369
2016-06-29 09:32:01+02;1349
2016-06-29 12:33:01+02;1349
2016-06-29 13:16:01+02;1349
2016-06-29 18:26:02+02;1329
2016-06-29 23:02:01+02;1369
2016-06-30 10:57:01+02;1349
2016-06-30 11:42:01+02;1309
2016-06-30 12:35:01+02;1329
2016-06-30 13:18:01+02;1309
2016-06-30 23:02:01+02;1369
2016-07-01 05:20:01+02;1369
2016-07-01 10:42:01+02;1349
2016-07-01 11:57:01+02;1309
2016-07-01 12:34:01+02;1329
2016-07-01 13:18:01+02;1309
2016-07-01 18:56:01+02;1289
2016-07-01 23:02:01+02;1369
2016-07-02 06:33:01+02;1359
2016-07-02 10:59:01+02;1349
2016-07-02 16:58:01+02;1319
2016-07-02 17:23:01+02;1309
2016-07-02 23:03:01+02;1359
2016-07-03 10:57:01+02;1349
2016-07-03 11:43:01+02;1309
2016-07-03 12:32:01+02;1329
2016-07-03 13:24:01+02;1309
2016-07-03 19:11:01+02;1289
2016-07-03 19:26:01+02;1289
2016-07-03 23:03:01+02;1359
2016-07-04 05:19:01+02;1359
2016-07-04 10:44:01+02;1339
2016-07-04 12:12:01+02;1309
2016-07-04 12:32:01+02;1329
2016-07-04 13:18:01+02;1309
2016-07-04 23:02:01+02;1359
2016-07-05 10:42:01+02;1349
2016-07-05 12:13:01+02;1309
2016-07-05 12:33:01+02;1329
2016-07-05 13:21:01+02;1309
2016-07-05 23:02:01+02;1349
2016-07-06 10:43:01+02;1339
2016-07-06 14:57:01+02;1329
2016-07-06 16:57:01+02;1289
2016-07-06 17:27:01+02;1289
2016-07-06 18:27:01+02;1279
2016-07-06 18:41:01+02;1269
2016-07-06 23:03:01+02;1339
2016-07-07 05:23:01+02;1339
2016-07-07 10:57:01+02;1299
2016-07-07 12:10:01+02;1279
2016-07-07 12:32:01+02;1299
2016-07-07 12:59:01+02;1289
2016-07-07 13:20:01+02;1279
2016-07-07 14:27:01+02;1279
2016-07-07 23:02:01+02;1339
2016-07-08 10:59:01+02;1329
2016-07-08 12:13:01+02;1289
2016-07-08 12:32:01+02;1309
2016-07-08 13:21:01+02;1289
2016-07-08 16:28:01+02;1279
2016-07-08 18:27:01+02;1259
2016-07-08 23:03:01+02;1329
2016-07-09 06:37:01+02;1329
2016-07-09 10:58:01+02;1299
2016-07-09 12:32:01+02;1299
2016-07-09 13:24:01+02;1289
2016-07-09 17:27:01+02;1279
2016-07-09 23:03:01+02;1319
2016-07-10 10:58:01+02;1289
2016-07-10 12:32:01+02;1299
2016-07-10 13:21:01+02;1289
2016-07-10 16:29:01+02;1279
2016-07-10 23:02:01+02;1319
2016-07-11 10:57:01+02;1319
2016-07-11 11:57:01+02;1269
2016-07-11 12:12:01+02;1269
2016-07-11 12:32:01+02;1289
2016-07-11 12:57:01+02;1279
2016-07-11 13:17:01+02;1269
2016-07-11 14:14:01+02;1269
2016-07-11 18:12:01+02;1259
2016-07-11 18:27:01+02;1249
2016-07-11 18:43:01+02;1249
2016-07-11 23:03:01+02;1329
2016-07-12 05:23:01+02;1309
2016-07-12 13:17:01+02;1269
2016-07-12 18:27:01+02;1249
2016-07-12 23:02:01+02;1329
2016-07-13 05:22:01+02;1309
2016-07-13 12:12:01+02;1269
2016-07-13 12:33:01+02;1289
2016-07-13 13:20:02+02;1269
2016-07-13 18:57:01+02;1249
2016-07-13 19:26:01+02;1249
2016-07-13 23:03:01+02;1329
2016-07-14 05:18:01+02;1329
2016-07-14 10:43:01+02;1319
2016-07-14 12:58:01+02;1279
2016-07-14 18:27:01+02;1259
2016-07-14 18:41:01+02;1259
2016-07-14 23:02:01+02;1329
2016-07-15 05:19:01+02;1319
2016-07-15 14:15:01+02;1309
2016-07-15 14:43:01+02;1289
2016-07-15 16:43:01+02;1269
2016-07-15 18:57:01+02;1249
2016-07-15 23:02:01+02;1329
2016-07-16 06:33:01+02;1329
2016-07-16 10:44:01+02;1319
2016-07-16 11:42:01+02;1269
2016-07-16 12:34:01+02;1289
2016-07-16 13:17:01+02;1269
2016-07-16 17:56:01+02;1249
2016-07-16 23:03:01+02;1329
2016-07-17 09:34:01+02;1329
2016-07-17 11:42:01+02;1249
2016-07-17 12:33:01+02;1269
2016-07-17 13:15:01+02;1249
2016-07-17 23:02:01+02;1329
2016-07-18 05:19:01+02;1329
2016-07-18 10:58:01+02;1299
2016-07-18 12:32:01+02;1319
2016-07-18 13:23:01+02;1279
2016-07-18 18:27:01+02;1249
2016-07-18 23:02:01+02;1329
2016-07-19 05:22:01+02;1329
2016-07-19 10:58:01+02;1309
2016-07-19 12:13:01+02;1279
2016-07-19 12:32:01+02;1299
2016-07-19 13:24:01+02;1279
2016-07-19 18:15:01+02;1269
2016-07-19 18:26:02+02;1259
2016-07-19 23:02:01+02;1339
2016-07-20 05:21:01+02;1329
2016-07-20 10:29:01+02;1319
2016-07-20 12:12:01+02;1269
2016-07-20 12:33:01+02;1289
2016-07-20 13:18:01+02;1269
2016-07-20 18:28:01+02;1259
2016-07-20 18:42:01+02;1249
2016-07-20 23:02:01+02;1329
2016-07-21 05:18:01+02;1329
2016-07-21 10:43:01+02;1299
2016-07-21 12:12:01+02;1269
2016-07-21 12:33:01+02;1289
2016-07-21 13:18:01+02;1269
2016-07-21 18:26:01+02;1249
2016-07-21 23:03:01+02;1329
2016-07-22 06:34:01+02;1319
2016-07-22 10:57:01+02;1279
2016-07-22 12:13:02+02;1269
2016-07-22 12:33:01+02;1289
2016-07-22 13:23:02+02;1269
2016-07-22 14:44:01+02;1269
2016-07-22 15:44:01+02;1269
2016-07-22 23:02:01+02;1329
2016-07-23 08:57:01+02;1319
2016-07-23 10:43:01+02;1289
2016-07-23 12:32:01+02;1299
2016-07-23 13:23:01+02;1269
2016-07-23 17:56:01+02;1269
2016-07-23 18:43:01+02;1249
2016-07-23 23:02:01+02;1319
2016-07-24 10:58:01+02;1259
2016-07-24 11:41:01+02;1249
2016-07-24 12:33:01+02;1269
2016-07-24 13:18:01+02;1249
2016-07-24 14:43:01+02;1249
2016-07-24 23:02:01+02;1319
2016-07-25 08:28:01+02;1309
2016-07-25 10:57:01+02;1309
2016-07-25 13:19:01+02;1269
2016-07-25 16:13:01+02;1269
2016-07-25 16:26:01+02;1259
2016-07-25 18:56:01+02;1239
2016-07-25 23:02:01+02;1319
2016-07-26 08:28:01+02;1309
2016-07-26 10:57:01+02;1259
2016-07-26 11:27:01+02;1259
2016-07-26 12:12:01+02;1259
2016-07-26 12:32:01+02;1279
2016-07-26 13:19:01+02;1259
2016-07-26 17:17:01+02;1249
2016-07-26 18:26:01+02;1249
2016-07-26 23:02:01+02;1319
2016-07-27 08:14:01+02;1309
2016-07-27 10:57:01+02;1279
2016-07-27 11:57:01+02;1279
2016-07-27 12:12:01+02;1249
2016-07-27 12:32:01+02;1269
2016-07-27 13:25:01+02;1249
2016-07-27 18:28:01+02;1239
2016-07-27 18:43:01+02;1229
2016-07-27 23:03:01+02;1309
2016-07-28 06:18:01+02;1309
2016-07-28 10:58:01+02;1279
2016-07-28 12:14:01+02;1259
2016-07-28 12:32:01+02;1279
2016-07-28 13:25:01+02;1259
2016-07-28 18:29:01+02;1239
2016-07-28 23:02:01+02;1319
2016-07-29 08:28:01+02;1309
2016-07-29 10:59:01+02;1259
2016-07-29 12:13:01+02;1249
2016-07-29 12:32:01+02;1269
2016-07-29 13:24:01+02;1249
2016-07-29 18:28:01+02;1239
2016-07-29 18:42:01+02;1229
2016-07-29 20:28:01+02;1229
2016-07-29 23:02:01+02;1309
2016-07-30 06:59:01+02;1309
2016-07-30 08:46:01+02;1299
2016-07-30 10:59:01+02;1259
2016-07-30 12:12:01+02;1249
2016-07-30 12:32:01+02;1269
2016-07-30 13:17:01+02;1249
2016-07-30 17:28:01+02;1239
2016-07-30 18:12:01+02;1239
2016-07-30 19:28:01+02;1229
2016-07-30 23:02:01+02;1309
2016-07-31 10:57:01+02;1239
2016-07-31 11:42:01+02;1229
2016-07-31 12:32:01+02;1249
2016-07-31 13:17:01+02;1239
2016-07-31 18:25:02+02;1229
2016-07-31 23:02:01+02;1309
2016-08-01 08:12:01+02;1299
2016-08-01 10:57:01+02;1279
2016-08-01 11:57:01+02;1239
2016-08-01 12:33:01+02;1259
2016-08-01 13:19:01+02;1239
2016-08-01 15:28:01+02;1239
2016-08-01 16:42:01+02;1239
2016-08-01 18:56:01+02;1219
2016-08-01 23:03:01+02;1299
2016-08-02 06:39:01+02;1299
2016-08-02 11:24:01+02;1269
2016-08-02 12:32:01+02;1289
2016-08-02 13:23:01+02;1239
2016-08-02 16:27:01+02;1239
2016-08-02 18:56:01+02;1219
2016-08-02 23:03:01+02;1299
2016-08-03 06:35:01+02;1299
2016-08-03 10:56:01+02;1269
2016-08-03 12:35:01+02;1289
2016-08-03 13:23:01+02;1239
2016-08-03 16:27:01+02;1239
2016-08-03 19:27:01+02;1219
2016-08-03 23:02:01+02;1299
2016-08-04 06:39:01+02;1299
2016-08-04 10:57:01+02;1269
2016-08-04 12:33:01+02;1289
2016-08-04 13:19:01+02;1239
2016-08-04 18:57:01+02;1229
2016-08-04 23:03:01+02;1309
2016-08-05 11:27:01+02;1259
2016-08-05 12:32:01+02;1279
2016-08-05 13:16:01+02;1259
2016-08-05 16:27:01+02;1249
2016-08-05 18:27:01+02;1229
2016-08-05 23:03:01+02;1309
2016-08-06 10:57:01+02;1249
2016-08-06 12:32:01+02;1269
2016-08-06 13:19:01+02;1249
2016-08-06 23:02:01+02;1329
2016-08-07 09:39:01+02;1319
2016-08-07 10:57:01+02;1319
2016-08-07 11:20:01+02;1249
2016-08-07 12:32:01+02;1269
2016-08-07 13:19:01+02;1249
2016-08-07 23:02:01+02;1329
2016-08-08 05:21:01+02;1319
2016-08-08 08:12:01+02;1309
2016-08-08 10:55:02+02;1249
2016-08-08 11:57:01+02;1239
2016-08-08 12:33:01+02;1259
2016-08-08 12:57:01+02;1249
2016-08-08 13:17:01+02;1239
2016-08-08 14:59:01+02;1239
2016-08-08 23:02:01+02;1319
2016-08-09 10:59:01+02;1279
2016-08-09 12:33:02+02;1299
2016-08-09 13:23:01+02;1269
2016-08-09 18:27:01+02;1249
2016-08-09 23:02:02+02;1329
2016-08-10 09:33:01+02;1319
2016-08-10 10:59:01+02;1249
2016-08-10 12:32:01+02;1269
2016-08-10 13:17:01+02;1249
2016-08-10 23:02:01+02;1329
2016-08-11 08:15:01+02;1309
2016-08-11 10:59:01+02;1249
2016-08-11 12:33:01+02;1269
2016-08-11 13:20:01+02;1249
2016-08-11 15:27:01+02;1249
2016-08-11 18:27:01+02;1239
2016-08-11 23:03:01+02;1319
2016-08-12 08:13:01+02;1309
2016-08-12 10:56:02+02;1259
2016-08-12 12:12:01+02;1249
2016-08-12 12:33:01+02;1269
2016-08-12 13:19:01+02;1249
2016-08-12 18:27:01+02;1229
2016-08-12 23:03:01+02;1309
2016-08-13 10:59:01+02;1259
2016-08-13 11:19:01+02;1259
2016-08-13 12:35:01+02;1279
2016-08-13 12:59:01+02;1259
2016-08-13 16:12:01+02;1249
2016-08-13 19:27:01+02;1239
2016-08-13 23:03:01+02;1319
2016-08-14 10:59:01+02;1289
2016-08-14 11:27:01+02;1249
2016-08-14 11:56:01+02;1249
2016-08-14 12:35:01+02;1269
2016-08-14 13:17:01+02;1249
2016-08-14 18:27:01+02;1239
2016-08-14 23:02:01+02;1319
2016-08-15 10:56:01+02;1289
2016-08-15 12:12:01+02;1259
2016-08-15 12:32:02+02;1279
2016-08-15 13:17:01+02;1259
2016-08-15 18:27:01+02;1229
2016-08-15 23:02:01+02;1309
2016-08-16 06:16:01+02;1309
2016-08-16 10:56:01+02;1279
2016-08-16 12:33:01+02;1299
2016-08-16 13:23:01+02;1269
2016-08-16 18:13:01+02;1259
2016-08-16 18:27:01+02;1249
2016-08-16 23:03:01+02;1329
2016-08-17 08:12:01+02;1249
2016-08-17 12:33:01+02;1269
2016-08-17 13:19:01+02;1259
2016-08-17 23:02:01+02;1339
2016-08-18 08:13:01+02;1319
2016-08-18 10:57:01+02;1299
2016-08-18 11:28:01+02;1289
2016-08-18 12:13:01+02;1269
2016-08-18 12:32:01+02;1289
2016-08-18 13:21:01+02;1269
2016-08-18 18:27:01+02;1259
2016-08-18 23:03:01+02;1339
2016-08-19 05:23:01+02;1339
2016-08-19 08:13:01+02;1329
2016-08-19 10:57:01+02;1289
2016-08-19 12:12:01+02;1279
2016-08-19 12:33:01+02;1299
2016-08-19 13:19:01+02;1279
2016-08-19 18:31:01+02;1259
2016-08-19 23:02:01+02;1339
2016-08-20 10:59:01+02;1269
2016-08-20 12:33:01+02;1289
2016-08-20 13:23:01+02;1269
2016-08-20 18:28:01+02;1259
2016-08-20 23:02:01+02;1339
2016-08-21 08:17:01+02;1339
2016-08-21 12:32:01+02;1359
2016-08-21 13:23:01+02;1269
2016-08-21 23:02:01+02;1349
2016-08-22 08:15:01+02;1339
2016-08-22 10:57:01+02;1309
2016-08-22 12:32:01+02;1329
2016-08-22 13:24:01+02;1289
2016-08-22 18:42:01+02;1279
2016-08-22 18:57:01+02;1269
2016-08-22 23:03:01+02;1359
2016-08-23 05:21:01+02;1349
2016-08-23 08:13:01+02;1339
2016-08-23 10:57:01+02;1319
2016-08-23 12:32:01+02;1339
2016-08-23 13:23:01+02;1289
2016-08-23 18:27:01+02;1269
2016-08-23 23:02:01+02;1359
2016-08-24 05:23:01+02;1349
2016-08-24 07:59:01+02;1329
2016-08-24 10:44:01+02;1309
2016-08-24 12:32:01+02;1329
2016-08-24 13:23:01+02;1279
2016-08-24 18:27:01+02;1259
2016-08-24 23:03:01+02;1349
2016-08-25 08:15:01+02;1329
2016-08-25 10:57:01+02;1309
2016-08-25 11:57:01+02;1279
2016-08-25 12:32:01+02;1299
2016-08-25 13:19:01+02;1279
2016-08-25 18:27:01+02;1279
2016-08-25 18:41:01+02;1259
2016-08-25 23:03:01+02;1349
2016-08-26 05:29:01+02;1349
2016-08-26 08:13:01+02;1339
2016-08-26 10:59:01+02;1259
2016-08-26 12:32:01+02;1279
2016-08-26 13:23:01+02;1259
2016-08-26 14:45:01+02;1259
2016-08-26 23:02:01+02;1349
2016-08-27 06:37:01+02;1349
2016-08-27 08:59:01+02;1339
2016-08-27 10:57:01+02;1279
2016-08-27 11:44:01+02;1259
2016-08-27 12:16:01+02;1259
2016-08-27 12:32:01+02;1279
2016-08-27 13:23:01+02;1279
2016-08-27 15:28:01+02;1259
2016-08-27 23:02:01+02;1349
2016-08-28 12:13:01+02;1259
2016-08-28 12:33:01+02;1279
2016-08-28 13:21:01+02;1279
2016-08-28 15:29:01+02;1269
2016-08-28 15:42:01+02;1259
2016-08-28 23:02:01+02;1349
2016-08-29 05:23:01+02;1349
2016-08-29 08:12:01+02;1339
2016-08-29 10:56:01+02;1309
2016-08-29 12:32:01+02;1329
2016-08-29 13:17:01+02;1309
2016-08-29 16:42:01+02;1279
2016-08-29 18:27:01+02;1259
2016-08-29 23:02:01+02;1349
2016-08-30 05:21:01+02;1349
2016-08-30 08:13:01+02;1339
2016-08-30 10:57:01+02;1299
2016-08-30 12:32:01+02;1319
2016-08-30 13:23:01+02;1299
2016-08-30 18:29:01+02;1279
2016-08-30 19:56:01+02;1269
2016-08-30 22:39:02+02;1359
2016-08-31 05:20:01+02;1359
2016-08-31 08:13:01+02;1339
2016-08-31 10:57:01+02;1309
2016-08-31 12:33:01+02;1329
2016-08-31 13:22:01+02;1299
2016-08-31 16:27:01+02;1289
2016-08-31 18:27:01+02;1279
2016-08-31 20:25:01+02;1269
2016-08-31 23:02:01+02;1359
2016-09-01 05:22:02+02;1359
2016-09-01 08:12:01+02;1329
2016-09-01 10:57:01+02;1289
2016-09-01 12:33:01+02;1309
2016-09-01 13:17:01+02;1279
2016-09-01 18:58:01+02;1259
2016-09-01 23:03:01+02;1349
2016-09-02 05:21:01+02;1349
2016-09-02 08:59:01+02;1329
2016-09-02 10:44:01+02;1289
2016-09-02 12:12:01+02;1279
2016-09-02 12:33:01+02;1299
2016-09-02 13:23:01+02;1269
2016-09-02 18:27:01+02;1259
2016-09-02 18:44:01+02;1249
2016-09-02 23:02:01+02;1339
2016-09-03 06:34:01+02;1339
2016-09-03 09:00:02+02;1309
2016-09-03 10:45:01+02;1279
2016-09-03 11:43:01+02;1269
2016-09-03 12:33:01+02;1289
2016-09-03 13:27:01+02;1269
2016-09-03 18:28:01+02;1249
2016-09-03 23:02:01+02;1339
2016-09-04 09:33:01+02;1339
2016-09-04 12:13:01+02;1249
2016-09-04 12:32:01+02;1269
2016-09-04 13:23:01+02;1259
2016-09-04 15:26:01+02;1249
2016-09-04 23:02:01+02;1339
2016-09-05 05:20:01+02;1339
2016-09-05 08:13:01+02;1309
2016-09-05 10:57:01+02;1249
2016-09-05 12:32:01+02;1269
2016-09-05 13:18:01+02;1249
2016-09-05 18:28:01+02;1239
2016-09-05 23:02:01+02;1329
2016-09-06 05:20:01+02;1329
2016-09-06 10:58:01+02;1249
2016-09-06 12:32:01+02;1269
2016-09-06 13:19:01+02;1259
2016-09-06 13:43:01+02;1249
2016-09-06 14:42:01+02;1249
2016-09-06 23:02:01+02;1339
2016-09-07 08:13:31+02;1329
2016-09-07 10:58:31+02;1289
2016-09-07 12:31:32+02;1309
2016-09-07 13:23:31+02;1279
2016-09-07 15:21:31+02;1269
2016-09-07 18:12:31+02;1269
2016-09-07 18:27:31+02;1259
2016-09-07 23:02:31+02;1349
2016-09-08 05:20:31+02;1339
2016-09-08 08:13:31+02;1329
2016-09-08 10:43:31+02;1279
2016-09-08 12:31:31+02;1299
2016-09-08 13:23:32+02;1279
2016-09-08 16:26:31+02;1279
2016-09-08 18:27:31+02;1259
2016-09-08 23:01:31+02;1349
2016-09-09 05:20:31+02;1349
2016-09-09 08:12:31+02;1339
2016-09-09 10:43:31+02;1289
2016-09-09 12:31:31+02;1309
2016-09-09 13:23:31+02;1289
2016-09-09 18:12:31+02;1269
2016-09-09 19:25:31+02;1259
2016-09-09 23:02:31+02;1349
2016-09-10 06:32:31+02;1349
2016-09-10 08:58:31+02;1349
2016-09-10 10:44:31+02;1269
2016-09-10 12:32:31+02;1289
2016-09-10 13:16:31+02;1269
2016-09-10 23:01:31+02;1359
2016-09-11 09:32:31+02;1349
2016-09-11 10:56:31+02;1319
2016-09-11 11:56:31+02;1269
2016-09-11 12:11:31+02;1269
2016-09-11 12:33:31+02;1289
2016-09-11 13:21:31+02;1269
2016-09-11 23:01:31+02;1359
2016-09-12 05:19:31+02;1349
2016-09-12 10:56:31+02;1309
2016-09-12 12:31:31+02;1329
2016-09-12 13:17:31+02;1299
2016-09-12 18:25:31+02;1279
2016-09-12 23:02:31+02;1379
2016-09-13 05:20:31+02;1349
2016-09-13 08:12:31+02;1339
2016-09-13 10:55:31+02;1319
2016-09-13 12:31:31+02;1339
2016-09-13 13:16:31+02;1289
2016-09-13 18:25:31+02;1279
2016-09-13 18:43:31+02;1269
2016-09-13 23:01:31+02;1359
2016-09-14 05:20:32+02;1349
2016-09-14 09:37:31+02;1339
2016-09-14 10:44:31+02;1319
2016-09-14 11:25:31+02;1319
2016-09-14 12:31:31+02;1339
2016-09-14 13:22:31+02;1289
2016-09-14 17:57:32+02;1289
2016-09-14 18:26:31+02;1279
2016-09-14 18:43:31+02;1269
2016-09-14 23:01:31+02;1359
2016-09-15 05:21:31+02;1339
2016-09-15 10:41:31+02;1319
2016-09-15 11:25:31+02;1309
2016-09-15 11:59:31+02;1289
2016-09-15 12:31:31+02;1309
2016-09-15 13:17:31+02;1289
2016-09-15 13:48:31+02;1289
2016-09-15 15:17:31+02;1289
2016-09-15 16:35:31+02;1289
2016-09-15 17:50:31+02;1289
2016-09-15 19:05:31+02;1269
2016-09-15 19:45:31+02;1269
2016-09-15 23:02:31+02;1359
2016-09-16 05:19:31+02;1339
2016-09-16 08:13:31+02;1329
2016-09-16 10:45:31+02;1329
2016-09-16 10:57:31+02;1309
2016-09-16 12:31:31+02;1329
2016-09-16 13:16:31+02;1289
2016-09-16 17:55:31+02;1269
2016-09-16 19:55:31+02;1259
2016-09-16 23:01:31+02;1349
2016-09-17 08:41:31+02;1339
2016-09-17 09:55:31+02;1319
2016-09-17 10:57:31+02;1299
2016-09-17 12:12:31+02;1289
2016-09-17 12:32:31+02;1309
2016-09-17 13:16:31+02;1289
2016-09-17 18:26:32+02;1279
2016-09-17 18:41:31+02;1269
2016-09-17 23:01:31+02;1359
2016-09-18 09:38:31+02;1359
2016-09-18 12:31:31+02;1369
2016-09-18 13:22:31+02;1289
2016-09-18 14:54:31+02;1289
2016-09-18 16:15:31+02;1289
2016-09-18 17:32:31+02;1289
2016-09-18 18:11:31+02;1279
2016-09-18 18:44:31+02;1269
2016-09-18 19:30:31+02;1269
2016-09-18 23:01:31+02;1359
2016-09-19 05:20:31+02;1359
2016-09-19 08:12:31+02;1339
2016-09-19 10:56:31+02;1309
2016-09-19 12:31:31+02;1329
2016-09-19 13:22:31+02;1289
2016-09-19 18:41:31+02;1269
2016-09-19 23:02:31+02;1359
2016-09-20 05:20:31+02;1359
2016-09-20 08:11:31+02;1339
2016-09-20 10:56:31+02;1319
2016-09-20 12:31:31+02;1339
2016-09-20 13:17:31+02;1299
2016-09-20 18:27:31+02;1279
2016-09-20 23:01:31+02;1359
2016-09-21 06:32:31+02;1279
2016-09-21 12:31:31+02;1299
2016-09-21 13:17:31+02;1279
2016-09-21 14:14:31+02;1279
2016-09-21 18:41:31+02;1269
2016-09-21 23:02:31+02;1359
2016-09-22 05:20:31+02;1349
2016-09-22 08:12:31+02;1339
2016-09-22 10:42:31+02;1319
2016-09-22 11:26:32+02;1309
2016-09-22 12:32:31+02;1329
2016-09-22 13:17:31+02;1289
2016-09-22 18:27:31+02;1279
2016-09-22 18:42:31+02;1269
2016-09-22 23:01:31+02;1359
2016-09-23 05:21:31+02;1349
2016-09-23 10:13:31+02;1279
2016-09-23 10:26:31+02;1269
2016-09-23 12:33:31+02;1289
2016-09-23 13:22:31+02;1289
2016-09-23 14:57:31+02;1279
2016-09-23 15:42:31+02;1269
2016-09-23 23:01:31+02;1359
2016-09-24 08:59:31+02;1329
2016-09-24 10:56:31+02;1309
2016-09-24 12:11:31+02;1289
2016-09-24 12:31:31+02;1309
2016-09-24 13:22:31+02;1289
2016-09-24 13:41:31+02;1269
2016-09-24 14:16:31+02;1269
2016-09-24 17:55:31+02;1269
2016-09-24 23:01:31+02;1349
2016-09-25 12:12:31+02;1269
2016-09-25 12:31:31+02;1289
2016-09-25 13:21:31+02;1279
2016-09-25 16:25:31+02;1269
2016-09-25 17:55:31+02;1269
2016-09-25 23:01:31+02;1349
2016-09-26 08:11:31+02;1329
2016-09-26 10:41:32+02;1319
2016-09-26 12:31:31+02;1339
2016-09-26 13:22:31+02;1289
2016-09-26 18:28:31+02;1269
2016-09-26 23:01:31+02;1359
2016-09-27 05:20:31+02;1349
2016-09-27 08:11:31+02;1329
2016-09-27 10:57:31+02;1299
2016-09-27 12:32:31+02;1319
2016-09-27 13:16:31+02;1279
2016-09-27 18:26:31+02;1259
2016-09-27 23:01:31+02;1349
2016-09-28 08:12:31+02;1329
2016-09-28 10:55:31+02;1299
2016-09-28 12:31:31+02;1319
2016-09-28 13:18:31+02;1279
2016-09-28 18:26:31+02;1259
2016-09-28 23:02:31+02;1349
2016-09-29 05:24:31+02;1339
2016-09-29 10:56:31+02;1289
2016-09-29 12:32:31+02;1309
2016-09-29 13:17:31+02;1279
2016-09-29 18:26:31+02;1269
2016-09-29 18:41:31+02;1269
2016-09-29 23:01:31+02;1359
2016-09-30 05:23:31+02;1349
2016-09-30 10:13:31+02;1269
2016-09-30 12:31:31+02;1289
2016-09-30 13:22:31+02;1269
2016-09-30 23:01:31+02;1359
2016-10-01 08:59:31+02;1349
2016-10-01 10:57:31+02;1309
2016-10-01 12:12:31+02;1299
2016-10-01 12:31:31+02;1319
2016-10-01 13:22:31+02;1299
2016-10-01 18:26:31+02;1279
2016-10-01 23:01:31+02;1369
2016-10-02 10:56:31+02;1299
2016-10-02 12:31:31+02;1319
2016-10-02 13:14:31+02;1299
2016-10-02 18:25:31+02;1279
2016-10-02 23:02:31+02;1369
2016-10-03 10:56:32+02;1269
2016-10-03 12:32:31+02;1289
2016-10-03 13:16:31+02;1269
2016-10-03 14:13:31+02;1269
2016-10-03 23:01:32+02;1359
2016-10-04 10:12:31+02;1349
2016-10-04 10:41:31+02;1329
2016-10-04 11:25:31+02;1329
2016-10-04 12:11:31+02;1299
2016-10-04 12:31:31+02;1319
2016-10-04 13:16:31+02;1299
2016-10-04 17:56:31+02;1279
2016-10-04 23:01:31+02;1369
2016-10-05 05:19:31+02;1369
2016-10-05 08:12:31+02;1359
2016-10-05 09:40:31+02;1359
2016-10-05 10:27:31+02;1319
2016-10-05 12:32:31+02;1339
2016-10-05 13:21:31+02;1309
2016-10-05 18:26:31+02;1289
2016-10-05 23:01:31+02;1379
2016-10-06 05:23:31+02;1379
2016-10-06 08:14:31+02;1369
2016-10-06 09:39:31+02;1369
2016-10-06 10:57:31+02;1329
2016-10-06 12:31:31+02;1349
2016-10-06 13:23:31+02;1329
2016-10-06 18:11:31+02;1309
2016-10-06 23:01:31+02;1399
2016-10-07 05:23:31+02;1379
2016-10-07 08:57:31+02;1369
2016-10-07 10:56:31+02;1359
2016-10-07 11:27:31+02;1349
2016-10-07 12:31:31+02;1369
2016-10-07 13:22:31+02;1319
2016-10-07 17:56:31+02;1299
2016-10-07 23:01:31+02;1389
2016-10-08 08:58:31+02;1369
2016-10-08 10:57:31+02;1309
2016-10-08 12:31:31+02;1329
2016-10-08 13:22:31+02;1309
2016-10-08 18:25:31+02;1299
2016-10-08 23:01:31+02;1389
2016-10-09 10:56:31+02;1309
2016-10-09 12:31:31+02;1329
2016-10-09 13:22:31+02;1309
2016-10-09 17:55:31+02;1299
2016-10-09 23:01:31+02;1389
2016-10-10 08:12:31+02;1369
2016-10-10 10:57:31+02;1329
2016-10-10 12:33:31+02;1349
2016-10-10 13:23:31+02;1329
2016-10-10 18:27:31+02;1309
2016-10-10 20:26:31+02;1299
2016-10-10 23:01:31+02;1389
2016-10-11 06:16:31+02;1379
2016-10-11 08:11:31+02;1369
2016-10-11 08:26:31+02;1369
2016-10-11 10:56:31+02;1339
2016-10-11 11:56:31+02;1319
2016-10-11 12:32:31+02;1339
2016-10-11 13:19:31+02;1319
2016-10-11 18:11:31+02;1299
2016-10-11 19:55:31+02;1289
2016-10-11 20:40:31+02;1289
2016-10-11 23:02:31+02;1379
2016-10-12 08:14:31+02;1369
2016-10-12 08:27:32+02;1369
2016-10-12 10:41:31+02;1319
2016-10-12 12:32:31+02;1339
2016-10-12 13:16:31+02;1319
2016-10-12 17:57:31+02;1299
2016-10-12 23:01:31+02;1389
2016-10-13 06:39:31+02;1379
2016-10-13 08:13:31+02;1369
2016-10-13 08:26:31+02;1369
2016-10-13 10:57:31+02;1319
2016-10-13 11:16:31+02;1319
2016-10-13 12:31:31+02;1339
2016-10-13 13:21:31+02;1319
2016-10-13 16:57:31+02;1309
2016-10-13 18:26:31+02;1299
2016-10-13 20:41:31+02;1279
2016-10-13 23:01:31+02;1369
2016-10-14 06:38:31+02;1359
2016-10-14 10:56:31+02;1299
2016-10-14 12:41:31+02;1319
2016-10-14 13:22:31+02;1309
2016-10-14 14:16:31+02;1299
2016-10-14 15:20:31+02;1299
2016-10-14 19:25:31+02;1289
2016-10-14 23:01:31+02;1379
2016-10-15 15:50:07+02;1349
2016-10-15 15:58:31+02;1309
2016-10-15 19:18:31+02;1289
2016-10-15 19:26:31+02;1279
2016-10-15 23:02:31+02;1369
2016-10-16 08:15:31+02;1369
2016-10-16 11:21:31+02;1279
2016-10-16 11:56:31+02;1279
2016-10-16 12:31:31+02;1299
2016-10-16 13:16:31+02;1279
2016-10-16 14:27:31+02;1279
2016-10-16 23:01:31+02;1369
2016-10-17 05:23:31+02;1369
2016-11-01 17:58:31+01;1299
2016-11-01 23:02:31+01;1379
2016-11-02 05:19:32+01;1369
2016-11-02 10:55:32+01;1339
2016-11-02 12:31:31+01;1359
2016-11-02 13:22:31+01;1309
2016-11-02 18:26:31+01;1289
2016-11-02 23:01:31+01;1379
2016-11-03 05:23:31+01;1359
2016-11-03 08:12:31+01;1359
2016-11-03 10:56:32+01;1329
2016-11-03 12:31:31+01;1349
2016-11-03 13:15:31+01;1299
2016-11-03 18:29:32+01;1279
2016-11-03 23:02:31+01;1369
2016-11-04 05:22:31+01;1349
2016-11-04 11:18:31+01;1329
2016-11-04 12:31:31+01;1349
2016-11-04 13:22:31+01;1299
2016-11-04 17:56:31+01;1279
2016-11-04 23:01:32+01;1369
2016-11-05 06:32:31+01;1359
2016-11-05 08:59:31+01;1349
2016-11-05 11:43:31+01;1299
2016-11-05 12:31:31+01;1319
2016-11-05 13:21:31+01;1299
2016-11-05 18:10:31+01;1279
2016-11-05 23:02:31+01;1369
2016-11-06 09:34:31+01;1359
2016-11-06 10:57:31+01;1289
2016-11-06 12:31:31+01;1309
2016-11-06 13:17:31+01;1289
2016-11-06 17:56:31+01;1279
2016-11-06 23:01:31+01;1369
2016-11-07 05:19:31+01;1359
2016-11-07 08:12:31+01;1349
2016-11-07 11:17:31+01;1319
2016-11-07 12:13:31+01;1289
2016-11-07 12:31:31+01;1309
2016-11-07 13:19:31+01;1289
2016-11-07 23:01:31+01;1369
2016-11-08 05:19:31+01;1349
2016-11-08 08:12:31+01;1339
2016-11-08 12:31:31+01;1359
2016-11-08 13:21:31+01;1339
2016-11-08 14:26:31+01;1329
2016-11-08 14:57:31+01;1289
2016-11-08 18:55:31+01;1279
2016-11-08 22:42:31+01;1359
2016-11-09 05:13:31+01;1339
2016-11-09 08:11:31+01;1289
2016-11-09 12:31:31+01;1309
2016-11-09 13:15:32+01;1289
2016-11-09 13:56:31+01;1289
2016-11-09 16:25:31+01;1279
2016-11-09 17:56:31+01;1279
2016-11-09 18:55:31+01;1259
2016-11-09 23:01:31+01;1349
2016-11-10 05:16:31+01;1339
2016-11-10 08:11:31+01;1329
2016-11-10 11:17:31+01;1309
2016-11-10 12:33:31+01;1329
2016-11-10 13:18:31+01;1279
2016-11-10 18:25:31+01;1259
2016-11-10 23:02:31+01;1349
2016-11-11 05:15:31+01;1339
2016-11-11 08:10:31+01;1329
2016-11-11 11:26:31+01;1309
2016-11-11 12:31:31+01;1329
2016-11-11 13:17:31+01;1279
2016-11-11 17:56:31+01;1259
2016-11-11 23:01:31+01;1349
2016-11-12 06:30:31+01;1339
2016-11-12 08:55:31+01;1329
2016-11-12 10:55:31+01;1309
2016-11-12 12:12:31+01;1279
2016-11-12 12:31:31+01;1299
2016-11-12 13:16:31+01;1279
2016-11-12 17:54:31+01;1259
2016-11-12 23:01:31+01;1349
2016-11-13 09:28:31+01;1339
2016-11-13 10:55:31+01;1279
2016-11-13 11:15:31+01;1279
2016-11-13 12:32:31+01;1299
2016-11-13 12:57:31+01;1279
2016-11-13 17:54:31+01;1259
2016-11-13 23:02:31+01;1349
2016-11-14 05:13:31+01;1339
2016-11-14 08:11:31+01;1329
2016-11-14 11:14:31+01;1309
2016-11-14 12:11:31+01;1279
2016-11-14 12:32:31+01;1299
2016-11-14 13:15:31+01;1279
2016-11-14 18:12:31+01;1259
2016-11-14 23:01:31+01;1349
2016-11-15 05:13:31+01;1329
2016-11-15 11:14:31+01;1299
2016-11-15 12:31:31+01;1319
2016-11-15 13:15:31+01;1269
2016-11-15 18:26:32+01;1259
2016-11-15 18:40:31+01;1249
2016-11-15 23:02:31+01;1339
2016-11-16 05:15:31+01;1329
2016-11-16 11:15:31+01;1299
2016-11-16 12:31:31+01;1319
2016-11-16 13:17:31+01;1269
2016-11-16 17:56:31+01;1249
2016-11-16 23:01:31+01;1339
2016-11-17 05:14:31+01;1339
2016-11-17 07:55:31+01;1329
2016-11-17 10:55:31+01;1329
2016-11-17 11:56:31+01;1279
2016-11-17 12:31:31+01;1309
2016-11-17 13:16:31+01;1279
2016-11-17 18:26:31+01;1259
2016-11-17 23:01:31+01;1349
2016-11-18 05:15:31+01;1339
2016-11-18 08:12:31+01;1329
2016-11-18 10:55:31+01;1319
2016-11-18 11:25:31+01;1309
2016-11-18 12:31:31+01;1329
2016-11-18 13:16:32+01;1279
2016-11-18 16:12:31+01;1269
2016-11-18 17:56:31+01;1259
2016-11-18 18:09:31+01;1249
2016-11-18 23:01:31+01;1339
2016-11-19 06:29:31+01;1339
2016-11-19 07:12:31+01;1339
2016-11-19 08:43:31+01;1329
2016-11-19 10:55:31+01;1309
2016-11-19 11:56:31+01;1279
2016-11-19 12:32:31+01;1299
2016-11-19 13:16:31+01;1279
2016-11-19 17:55:31+01;1259
2016-11-19 18:41:31+01;1259
2016-11-19 23:01:31+01;1349
2016-11-20 09:28:31+01;1349
2016-11-20 10:55:31+01;1289
2016-11-20 11:55:31+01;1279
2016-11-20 12:31:31+01;1299
2016-11-20 13:15:31+01;1279
2016-11-20 17:55:31+01;1259
2016-11-20 23:01:31+01;1349
2016-11-21 05:14:31+01;1349
2016-11-21 08:10:31+01;1329
2016-11-21 09:30:31+01;1329
2016-11-21 10:55:31+01;1299
2016-11-21 11:40:31+01;1279
2016-11-21 12:31:32+01;1299
2016-11-21 13:17:31+01;1279
2016-11-21 17:55:31+01;1269
2016-11-21 18:11:31+01;1259
2016-11-21 23:01:31+01;1349
2016-11-22 05:15:31+01;1339
2016-11-22 10:55:31+01;1319
2016-11-22 11:54:31+01;1289
2016-11-22 12:31:31+01;1309
2016-11-22 13:16:31+01;1289
2016-11-22 17:55:31+01;1269
2016-11-22 22:37:31+01;1359
2016-11-23 05:16:31+01;1359
2016-11-23 08:41:31+01;1339
2016-11-23 10:55:31+01;1329
2016-11-23 11:55:31+01;1309
2016-11-23 12:31:31+01;1329
2016-11-23 13:16:31+01;1309
2016-11-23 17:57:31+01;1289
2016-11-23 18:39:31+01;1289
2016-11-23 23:01:31+01;1379
2016-11-24 05:15:31+01;1369
2016-11-24 08:11:31+01;1349
2016-11-24 10:54:31+01;1329
2016-11-24 11:57:31+01;1299
2016-11-24 12:32:31+01;1319
2016-11-24 13:16:31+01;1299
2016-11-24 14:55:31+01;1289
2016-11-24 15:26:31+01;1289
2016-11-24 17:56:31+01;1279
2016-11-24 23:01:31+01;1369
2016-11-25 08:12:31+01;1349
2016-11-25 10:55:31+01;1339
2016-11-25 11:18:32+01;1329
2016-11-25 11:54:31+01;1299
2016-11-25 12:31:31+01;1319
2016-11-25 13:16:31+01;1299
2016-11-25 19:55:31+01;1279
2016-11-25 23:01:31+01;1369
2016-11-26 06:29:31+01;1369
2016-11-26 08:57:31+01;1349
2016-11-26 10:56:31+01;1309
2016-11-26 11:17:31+01;1299
2016-11-26 11:56:31+01;1299
2016-11-26 12:32:31+01;1319
2016-11-26 13:15:31+01;1299
2016-11-26 17:56:31+01;1279
2016-11-26 23:02:31+01;1369
2016-11-27 09:28:31+01;1369
2016-11-27 10:56:31+01;1309
2016-11-27 11:14:31+01;1299
2016-11-27 11:55:31+01;1299
2016-11-27 12:31:31+01;1319
2016-11-27 13:15:31+01;1299
2016-11-27 17:55:31+01;1279
2016-11-27 23:01:32+01;1369
2016-11-28 05:16:31+01;1369
2016-11-28 08:10:31+01;1349
2016-11-28 10:54:31+01;1319
2016-11-28 11:14:31+01;1299
2016-11-28 11:56:31+01;1299
2016-11-28 12:33:31+01;1319
2016-11-28 13:14:31+01;1299
2016-11-28 14:26:31+01;1299
2016-11-28 18:10:31+01;1279
2016-11-28 23:01:32+01;1369
2016-11-29 05:16:31+01;1369
2016-11-29 08:27:31+01;1339
2016-11-29 10:56:31+01;1329
2016-11-29 11:16:31+01;1319
2016-11-29 11:43:31+01;1289
2016-11-29 12:32:31+01;1309
2016-11-29 13:17:31+01;1289
2016-11-29 18:11:31+01;1269
2016-11-29 23:01:31+01;1359
2016-11-30 05:16:31+01;1359
2016-11-30 08:25:31+01;1339
2016-11-30 10:56:31+01;1329
2016-11-30 11:41:31+01;1289
2016-11-30 12:31:31+01;1309
2016-11-30 13:17:31+01;1289
2016-11-30 23:02:31+01;1379
2016-12-01 05:16:31+01;1379
2016-12-01 08:10:31+01;1349
2016-12-01 10:56:31+01;1339
2016-12-01 11:26:31+01;1319
2016-12-01 12:32:31+01;1339
2016-12-01 13:16:31+01;1319
2016-12-01 18:55:31+01;1299
2016-12-01 23:02:31+01;1389
2016-12-02 05:16:31+01;1379
2016-12-02 08:11:31+01;1369
2016-12-02 10:55:31+01;1359
2016-12-02 11:25:31+01;1319
2016-12-02 12:32:31+01;1349
2016-12-02 13:18:31+01;1319
2016-12-02 23:01:31+01;1409
2016-12-03 06:28:31+01;1399
2016-12-03 08:56:31+01;1379
2016-12-03 10:56:31+01;1329
2016-12-03 12:33:31+01;1349
2016-12-03 13:14:31+01;1329
2016-12-03 23:01:31+01;1419
2016-12-04 09:30:31+01;1399
2016-12-04 11:56:31+01;1329
2016-12-04 12:32:31+01;1349
2016-12-04 13:15:31+01;1329
2016-12-04 23:01:31+01;1419
2016-12-05 05:15:31+01;1399
2016-12-05 08:12:31+01;1379
2016-12-05 10:56:31+01;1319
2016-12-05 11:40:31+01;1319
2016-12-05 12:31:31+01;1339
2016-12-05 13:18:31+01;1319
2016-12-05 14:26:31+01;1319
2016-12-05 18:55:31+01;1319
2016-12-05 22:47:31+01;1409
2016-12-06 05:15:31+01;1399
2016-12-06 08:26:31+01;1389
2016-12-06 10:56:31+01;1359
2016-12-06 12:31:31+01;1379
2016-12-06 13:16:31+01;1339
2016-12-06 16:55:31+01;1329
2016-12-06 18:55:32+01;1319
2016-12-06 23:01:31+01;1409
2016-12-07 05:17:31+01;1409
2016-12-07 08:11:31+01;1389
2016-12-07 10:26:31+01;1389
2016-12-07 10:56:31+01;1369
2016-12-07 11:17:31+01;1359
2016-12-07 12:31:31+01;1379
2016-12-07 13:17:31+01;1329
2016-12-07 18:11:31+01;1309
2016-12-07 23:01:31+01;1399
2016-12-08 08:10:31+01;1379
2016-12-08 09:55:31+01;1379
2016-12-08 10:55:31+01;1359
2016-12-08 12:31:31+01;1379
2016-12-08 13:15:31+01;1329
2016-12-08 18:26:31+01;1309
2016-12-08 23:01:31+01;1399
2016-12-09 08:11:31+01;1369
2016-12-09 10:56:31+01;1349
2016-12-09 12:31:31+01;1369
2016-12-09 13:17:31+01;1319
2016-12-09 17:56:31+01;1299
2016-12-09 23:01:31+01;1389
2016-12-10 08:55:31+01;1379
2016-12-10 09:55:31+01;1379
2016-12-10 11:26:31+01;1349
2016-12-10 12:31:31+01;1369
2016-12-10 13:15:31+01;1319
2016-12-10 18:25:31+01;1299
2016-12-10 23:01:31+01;1389
2016-12-11 12:31:31+01;1409
2016-12-11 20:32:31+01;1319
2016-12-11 23:01:31+01;1409
2016-12-12 05:16:31+01;1399
2016-12-12 08:11:31+01;1379
2016-12-12 10:55:31+01;1359
2016-12-12 12:32:31+01;1379
2016-12-12 13:17:31+01;1339
2016-12-12 14:13:31+01;1339
2016-12-12 18:25:31+01;1329
2016-12-12 18:42:31+01;1319
2016-12-12 23:01:31+01;1409
2016-12-13 05:15:31+01;1399
2016-12-13 06:30:31+01;1389
2016-12-13 10:55:31+01;1379
2016-12-13 12:31:31+01;1399
2016-12-13 13:17:31+01;1349
2016-12-13 15:56:31+01;1349
2016-12-13 18:25:31+01;1329
2016-12-13 23:01:31+01;1419
2016-12-14 05:16:31+01;1419
2016-12-14 08:11:31+01;1399
2016-12-14 11:41:31+01;1369
2016-12-14 12:31:31+01;1389
2016-12-14 13:17:32+01;1339
2016-12-14 18:25:31+01;1329
2016-12-14 18:40:32+01;1319
2016-12-14 23:01:31+01;1409
2016-12-15 05:16:31+01;1409
2016-12-15 08:42:31+01;1389
2016-12-15 10:56:31+01;1379
2016-12-15 12:31:31+01;1399
2016-12-15 13:16:31+01;1379
2016-12-15 16:25:31+01;1339
2016-12-15 18:25:31+01;1329
2016-12-15 18:43:31+01;1319
2016-12-15 23:02:31+01;1409
2016-12-16 05:15:31+01;1409
2016-12-16 08:11:31+01;1399
2016-12-16 11:42:31+01;1379
2016-12-16 12:32:31+01;1399
2016-12-16 12:58:31+01;1349
2016-12-16 18:25:31+01;1329
2016-12-16 23:01:31+01;1419
2016-12-17 06:29:31+01;1419
2016-12-17 08:43:31+01;1399
2016-12-17 10:55:31+01;1399
2016-12-17 11:27:31+01;1379
2016-12-17 11:54:31+01;1379
2016-12-17 12:32:31+01;1399
2016-12-17 13:15:31+01;1349
2016-12-17 18:25:31+01;1329
2016-12-17 23:02:31+01;1419
2016-12-18 09:30:31+01;1419
2016-12-18 10:57:31+01;1399
2016-12-18 12:34:31+01;1419
2016-12-18 12:57:31+01;1339
2016-12-18 14:19:31+01;1339
2016-12-18 18:25:31+01;1329
2016-12-18 23:01:31+01;1419
2016-12-19 05:14:31+01;1419
2016-12-19 08:12:31+01;1399
2016-12-19 10:56:31+01;1389
2016-12-19 12:11:31+01;1379
2016-12-19 12:31:31+01;1399
2016-12-19 13:17:31+01;1349
2016-12-19 18:26:31+01;1329
2016-12-19 23:01:31+01;1419
2016-12-20 08:11:31+01;1399
2016-12-20 10:57:31+01;1379
2016-12-20 12:11:31+01;1349
2016-12-20 12:33:31+01;1369
2016-12-20 13:17:31+01;1349
2016-12-20 18:25:31+01;1329
2016-12-20 23:01:31+01;1419
2016-12-21 08:11:31+01;1399
2016-12-21 10:55:31+01;1399
2016-12-21 11:43:31+01;1379
2016-12-21 12:31:31+01;1399
2016-12-21 13:17:31+01;1349
2016-12-21 18:25:31+01;1339
2016-12-21 18:40:31+01;1329
2016-12-21 23:01:31+01;1419
2016-12-22 08:12:31+01;1409
2016-12-22 09:42:31+01;1409
2016-12-22 10:25:31+01;1389
2016-12-22 10:55:31+01;1389
2016-12-22 12:31:31+01;1409
2016-12-22 13:18:31+01;1359
2016-12-22 18:25:31+01;1339
2016-12-22 23:01:31+01;1429
2016-12-23 06:32:31+01;1399
2016-12-23 10:43:32+01;1379
2016-12-23 12:32:31+01;1399
2016-12-23 13:16:31+01;1349
2016-12-23 18:26:31+01;1339
2016-12-23 18:40:31+01;1329
2016-12-23 21:09:31+01;1319
2016-12-23 23:01:31+01;1409
2016-12-24 06:56:31+01;1409
2016-12-24 07:25:31+01;1399
2016-12-24 10:56:31+01;1399
2016-12-24 12:31:31+01;1419
2016-12-24 13:16:31+01;1399
2016-12-24 14:11:31+01;1389
2016-12-24 16:25:31+01;1349
2016-12-24 17:25:31+01;1349
2016-12-24 18:24:31+01;1339
2016-12-24 19:24:31+01;1329
2016-12-24 23:01:31+01;1419
2016-12-25 08:12:31+01;1419
2016-12-25 11:25:31+01;1379
2016-12-25 12:31:31+01;1399
2016-12-25 13:14:31+01;1349
2016-12-25 18:25:31+01;1329
2016-12-25 23:01:31+01;1419
2016-12-26 08:11:31+01;1419
2016-12-26 10:55:31+01;1409
2016-12-26 12:31:31+01;1429
2016-12-26 13:15:31+01;1409
2016-12-26 13:55:31+01;1399
2016-12-26 14:55:31+01;1399
2016-12-26 15:55:31+01;1359
2016-12-26 16:25:31+01;1349
2016-12-26 18:25:31+01;1329
2016-12-26 23:01:31+01;1419
2016-12-27 05:15:31+01;1419
2016-12-27 08:12:31+01;1409
2016-12-27 10:55:31+01;1399
2016-12-27 11:17:31+01;1379
2016-12-27 12:31:31+01;1399
2016-12-27 13:19:31+01;1349
2016-12-27 18:24:31+01;1339
2016-12-27 18:40:31+01;1329
2016-12-27 23:01:31+01;1419
2016-12-28 05:17:31+01;1419
2016-12-28 06:32:31+01;1409
2016-12-28 07:55:31+01;1379
2016-12-28 08:12:31+01;1349
2016-12-28 12:31:31+01;1369
2016-12-28 13:16:31+01;1349
2016-12-28 18:25:31+01;1349
2016-12-28 23:05:31+01;1439
2016-12-29 05:16:31+01;1419
2016-12-29 10:41:31+01;1349
2016-12-29 12:31:31+01;1369
2016-12-29 13:19:31+01;1349
2016-12-29 14:26:31+01;1349
2016-12-29 16:25:31+01;1349
2016-12-29 23:01:31+01;1439
2016-12-30 08:10:31+01;1429
2016-12-30 10:55:31+01;1399
2016-12-30 12:32:31+01;1419
2016-12-30 13:18:31+01;1379
2016-12-30 18:26:31+01;1359
2016-12-30 23:01:31+01;1449
2016-12-31 08:55:31+01;1429
2016-12-31 10:56:31+01;1419
2016-12-31 11:16:31+01;1409
2016-12-31 12:32:31+01;1429
2016-12-31 13:15:31+01;1379
2016-12-31 15:57:31+01;1369
2016-12-31 16:11:31+01;1349
2016-12-31 16:55:31+01;1349
2016-12-31 17:39:31+01;1349
2016-12-31 23:01:31+01;1439
2017-01-01 10:55:31+01;1369
2017-01-01 11:25:31+01;1369
2017-01-01 12:32:31+01;1389
2017-01-01 13:16:31+01;1369
2017-01-01 15:55:31+01;1369
2017-01-01 23:01:31+01;1459
2017-01-02 05:16:31+01;1449
2017-01-02 08:10:31+01;1429
2017-01-02 10:57:31+01;1409
2017-01-02 12:32:31+01;1429
2017-01-02 13:15:31+01;1369
2017-01-02 18:25:31+01;1349
2017-01-02 20:10:31+01;1349
2017-01-02 20:24:31+01;1349
2017-01-02 23:01:31+01;1439
2017-01-03 06:29:31+01;1429
2017-01-03 07:55:31+01;1369
2017-01-03 08:10:31+01;1359
2017-01-03 10:41:31+01;1349
2017-01-03 11:25:31+01;1349
2017-01-03 12:31:32+01;1369
2017-01-03 13:15:31+01;1369
2017-01-03 14:12:31+01;1359
2017-01-03 18:26:31+01;1349
2017-01-03 19:39:31+01;1349
2017-01-03 23:01:31+01;1439
2017-01-04 06:42:31+01;1429
2017-01-04 10:55:31+01;1419
2017-01-04 11:42:31+01;1409
2017-01-04 12:31:31+01;1429
2017-01-04 13:16:31+01;1379
2017-01-04 18:25:31+01;1369
2017-01-04 18:42:31+01;1359
2017-01-04 20:24:31+01;1349
2017-01-04 23:01:31+01;1439
2017-01-05 06:31:31+01;1439
2017-01-05 06:41:31+01;1429
2017-01-05 10:55:31+01;1419
2017-01-05 11:25:31+01;1409
2017-01-05 12:32:31+01;1429
2017-01-05 13:16:31+01;1379
2017-01-05 16:13:31+01;1309
2017-01-05 18:24:31+01;1309
2017-01-05 18:40:31+01;1309
2017-01-05 23:02:31+01;1409
2017-01-06 05:15:31+01;1409
2017-01-06 12:31:31+01;1429
2017-01-06 13:16:31+01;1379
2017-01-06 18:24:31+01;1369
2017-01-06 18:41:31+01;1359
2017-01-06 23:01:31+01;1449
2017-01-07 06:31:31+01;1429
2017-01-07 11:26:31+01;1409
2017-01-07 12:11:31+01;1379
2017-01-07 12:32:31+01;1399
2017-01-07 13:17:31+01;1379
2017-01-07 18:25:31+01;1359
2017-01-07 23:01:31+01;1449
2017-01-08 09:29:32+01;1429
2017-01-08 10:55:31+01;1399
2017-01-08 12:31:31+01;1419
2017-01-08 12:56:31+01;1379
2017-01-08 18:10:31+01;1369
2017-01-08 18:41:31+01;1359
2017-01-08 23:01:31+01;1449
2017-01-09 05:15:31+01;1429
2017-01-09 10:55:31+01;1409
2017-01-09 12:31:31+01;1429
2017-01-09 13:17:31+01;1379
2017-01-09 17:55:31+01;1359
2017-01-09 23:01:31+01;1449
2017-01-10 05:16:31+01;1429
2017-01-10 10:55:31+01;1409
2017-01-10 11:41:31+01;1399
2017-01-10 11:55:32+01;1379
2017-01-10 12:31:31+01;1399
2017-01-10 13:17:31+01;1369
2017-01-10 18:26:31+01;1349
2017-01-10 23:01:31+01;1439
2017-01-11 05:16:31+01;1429
2017-01-11 06:30:31+01;1409
2017-01-11 11:26:31+01;1389
2017-01-11 12:31:31+01;1409
2017-01-11 13:17:31+01;1359
2017-01-11 18:27:31+01;1349
2017-01-11 18:41:31+01;1339
2017-01-11 23:01:31+01;1429
2017-01-12 05:17:31+01;1419
2017-01-12 06:40:31+01;1409
2017-01-12 11:26:31+01;1379
2017-01-12 12:31:31+01;1399
2017-01-12 13:17:31+01;1349
2017-01-12 16:41:31+01;1339
2017-01-12 18:26:31+01;1339
2017-01-12 18:42:31+01;1329
2017-01-12 23:01:31+01;1419
2017-01-13 05:16:31+01;1419
2017-01-13 09:32:31+01;1419
2017-01-13 10:11:31+01;1409
2017-01-13 10:55:31+01;1399
2017-01-13 12:31:31+01;1419
2017-01-13 13:18:31+01;1369
2017-01-13 15:17:31+01;1309
2017-01-13 23:01:31+01;1399
2017-01-14 06:30:31+01;1399
2017-01-14 07:12:31+01;1399
2017-01-14 08:56:31+01;1399
2017-01-14 12:31:31+01;1419
2017-01-14 13:18:31+01;1399
2017-01-14 16:12:31+01;1359
2017-01-14 16:25:31+01;1359
2017-01-14 16:40:31+01;1349
2017-01-14 23:01:31+01;1439
2017-01-15 09:29:31+01;1439
2017-01-15 12:32:31+01;1459
2017-01-15 13:15:31+01;1439
2017-01-15 13:55:31+01;1409
2017-01-15 14:41:31+01;1389
2017-01-15 15:25:31+01;1389
2017-01-15 15:40:31+01;1389
2017-01-15 15:56:31+01;1369
2017-01-15 16:25:31+01;1359
2017-01-15 16:42:31+01;1349
2017-01-15 19:25:31+01;1329
2017-01-15 23:01:31+01;1419
2017-01-16 06:30:31+01;1419
2017-01-16 10:55:31+01;1409
2017-01-16 11:28:31+01;1399
2017-01-16 12:31:31+01;1419
2017-01-16 13:19:31+01;1369
2017-01-16 18:27:31+01;1359
2017-01-16 18:42:31+01;1349
2017-01-16 23:01:31+01;1439
2017-01-17 05:16:31+01;1429
2017-01-17 06:41:31+01;1419
2017-01-17 10:55:31+01;1399
2017-01-17 11:56:31+01;1389
2017-01-17 12:31:31+01;1409
2017-01-17 13:18:31+01;1359
2017-01-17 16:12:31+01;1359
2017-01-17 18:26:31+01;1349
2017-01-17 18:41:31+01;1339
2017-01-17 19:54:31+01;1339
2017-01-17 23:02:31+01;1429
2017-01-18 05:16:31+01;1429
2017-01-18 06:40:31+01;1419
2017-01-18 11:55:31+01;1379
2017-01-18 12:32:31+01;1399
2017-01-18 13:16:31+01;1369
2017-01-18 18:25:31+01;1359
2017-01-18 18:41:31+01;1349
2017-01-18 21:10:31+01;1339
2017-01-18 23:01:31+01;1429
2017-01-19 05:17:32+01;1429
2017-01-19 06:42:31+01;1419
2017-01-19 10:56:31+01;1409
2017-01-19 11:26:31+01;1389
2017-01-19 12:31:31+01;1409
2017-01-19 13:18:31+01;1359
2017-01-19 18:25:31+01;1349
2017-01-19 18:39:31+01;1339
2017-01-19 23:02:31+01;1429
2017-01-20 05:18:31+01;1429
2017-01-20 06:42:31+01;1409
2017-01-20 11:41:31+01;1389
2017-01-20 12:31:31+01;1409
2017-01-20 13:19:31+01;1359
2017-01-20 18:26:31+01;1349
2017-01-20 19:19:31+01;1339
2017-01-20 19:56:31+01;1329
2017-01-20 20:40:31+01;1329
2017-01-20 23:01:31+01;1419
2017-01-21 06:29:31+01;1419
2017-01-21 07:13:31+01;1409
2017-01-21 12:13:31+01;1369
2017-01-21 12:32:31+01;1389
2017-01-21 13:16:31+01;1359
2017-01-21 23:01:31+01;1449
2017-01-22 09:29:31+01;1429
2017-01-22 10:55:31+01;1369
2017-01-22 12:33:31+01;1389
2017-01-22 13:16:31+01;1359
2017-01-22 18:10:31+01;1359
2017-01-22 18:41:31+01;1339
2017-01-22 23:02:31+01;1429
2017-01-23 05:15:31+01;1429
2017-01-23 08:10:31+01;1419
2017-01-23 10:56:31+01;1399
2017-01-23 11:26:31+01;1389
2017-01-23 12:31:31+01;1409
2017-01-23 13:16:31+01;1359
2017-01-23 15:56:31+01;1359
2017-01-23 16:12:31+01;1349
2017-01-23 16:27:31+01;1339
2017-01-23 23:01:31+01;1429
2017-01-24 05:17:31+01;1429
2017-01-24 06:41:31+01;1409
2017-01-24 10:55:31+01;1399
2017-01-24 11:26:31+01;1389
2017-01-24 12:31:31+01;1409
2017-01-24 13:17:31+01;1359
2017-01-24 18:40:31+01;1339
2017-01-24 20:40:31+01;1329
2017-01-24 23:02:31+01;1419
2017-01-25 05:18:31+01;1419
2017-01-25 06:42:31+01;1419
2017-01-25 06:55:31+01;1409
2017-01-25 10:55:31+01;1399
2017-01-25 12:31:31+01;1419
2017-01-25 12:57:31+01;1359
2017-01-25 23:01:31+01;1449
2017-01-26 05:18:31+01;1429
2017-01-26 08:11:31+01;1419
2017-01-26 10:56:31+01;1389
2017-01-26 11:16:31+01;1359
2017-01-26 12:31:31+01;1389
2017-01-26 13:19:31+01;1359
2017-01-26 14:12:31+01;1359
2017-01-26 14:26:31+01;1359
2017-01-26 18:25:31+01;1349
2017-01-26 18:40:31+01;1339
2017-01-26 23:01:31+01;1429
2017-01-27 05:17:31+01;1429
2017-01-27 06:40:31+01;1409
2017-01-27 10:56:31+01;1399
2017-01-27 11:43:31+01;1389
2017-01-27 12:32:31+01;1419
2017-01-27 13:20:31+01;1359
2017-01-27 18:27:31+01;1339
2017-01-27 23:01:31+01;1429
2017-01-28 06:29:31+01;1429
2017-01-28 07:13:31+01;1419
2017-01-28 10:56:31+01;1409
2017-01-28 11:56:31+01;1359
2017-01-28 12:32:31+01;1379
2017-01-28 13:15:31+01;1359
2017-01-28 18:11:31+01;1349
2017-01-28 18:40:31+01;1339
2017-01-28 23:01:31+01;1429
2017-01-29 09:29:31+01;1429
2017-01-29 10:55:31+01;1359
2017-01-29 11:41:31+01;1349
2017-01-29 12:31:31+01;1369
2017-01-29 13:15:31+01;1349
2017-01-29 19:25:31+01;1339
2017-01-29 23:01:31+01;1429
2017-01-30 05:16:31+01;1429
2017-01-30 08:11:31+01;1419
2017-01-30 10:56:31+01;1399
2017-01-30 11:27:31+01;1389
2017-01-30 11:56:31+01;1389
2017-01-30 12:32:31+01;1409
2017-01-30 13:15:31+01;1359
2017-01-30 18:25:32+01;1349
2017-01-30 18:41:31+01;1339
2017-01-30 19:54:31+01;1339
2017-01-30 20:24:31+01;1319
2017-01-30 23:01:31+01;1409
2017-01-31 06:32:31+01;1399
2017-01-31 10:42:31+01;1399
2017-01-31 11:27:31+01;1389
2017-01-31 12:32:31+01;1409
2017-01-31 13:17:31+01;1359
2017-01-31 18:10:31+01;1349
2017-01-31 18:40:31+01;1339
2017-01-31 20:39:31+01;1329
2017-01-31 23:02:31+01;1419
2017-02-01 05:16:31+01;1419
2017-02-01 06:42:31+01;1409
2017-02-01 10:56:31+01;1399
2017-02-01 11:25:31+01;1389
2017-02-01 12:31:31+01;1409
2017-02-01 13:18:31+01;1359
2017-02-01 18:26:31+01;1349
2017-02-01 18:44:31+01;1339
2017-02-01 19:25:31+01;1319
2017-02-01 23:01:31+01;1409
2017-02-02 05:17:31+01;1409
2017-02-02 10:56:31+01;1399
2017-02-02 11:26:31+01;1389
2017-02-02 12:32:31+01;1419
2017-02-02 13:18:31+01;1359
2017-02-02 18:14:31+01;1349
2017-02-02 18:41:31+01;1339
2017-02-02 19:40:31+01;1329
2017-02-02 23:01:31+01;1419
2017-02-03 05:16:31+01;1419
2017-02-03 10:56:31+01;1399
2017-02-03 12:31:31+01;1429
2017-02-03 13:19:31+01;1379
2017-02-03 18:26:31+01;1359
2017-02-03 19:54:31+01;1349
2017-02-03 23:01:31+01;1439
2017-02-04 06:33:32+01;1439
2017-02-04 07:13:31+01;1429
2017-02-04 10:56:31+01;1419
2017-02-04 12:31:31+01;1439
2017-02-04 12:57:31+01;1379
2017-02-04 15:56:31+01;1379
2017-02-04 18:26:31+01;1359
2017-02-04 23:01:31+01;1449
2017-02-05 09:30:31+01;1439
2017-02-05 10:56:31+01;1379
2017-02-05 12:31:31+01;1399
2017-02-05 13:15:31+01;1379
2017-02-05 18:25:31+01;1359
2017-02-05 23:01:31+01;1449
2017-02-06 05:16:31+01;1439
2017-02-06 06:29:31+01;1369
2017-02-06 12:32:31+01;1389
2017-02-06 13:16:31+01;1379
2017-02-06 14:13:31+01;1369
2017-02-06 18:25:31+01;1359
2017-02-06 19:56:31+01;1349
2017-02-06 23:01:31+01;1439
2017-02-07 05:17:31+01;1439
2017-02-07 06:55:31+01;1429
2017-02-07 10:56:31+01;1409
2017-02-07 11:55:31+01;1399
2017-02-07 12:12:31+01;1369
2017-02-07 12:31:31+01;1389
2017-02-07 13:16:31+01;1369
2017-02-07 18:25:31+01;1359
2017-02-07 18:41:31+01;1349
2017-02-07 19:55:31+01;1349
2017-02-07 23:02:31+01;1439
2017-02-07 23:06:31+01;1349
2017-02-07 23:26:31+01;1439
2017-02-08 05:17:31+01;1439
2017-02-08 06:41:31+01;1419
2017-02-08 10:56:31+01;1399
2017-02-08 11:24:31+01;1389
2017-02-08 12:32:31+01;1409
2017-02-08 13:19:31+01;1359
2017-02-08 15:55:31+01;1359
2017-02-08 18:25:31+01;1359
2017-02-08 18:40:31+01;1339
2017-02-08 19:54:31+01;1339
2017-02-08 23:01:31+01;1429
2017-02-09 05:17:31+01;1429
2017-02-09 06:32:31+01;1409
2017-02-09 10:56:31+01;1379
2017-02-09 12:32:31+01;1399
2017-02-09 13:17:31+01;1359
2017-02-09 15:56:31+01;1359
2017-02-09 18:11:31+01;1349
2017-02-09 18:25:31+01;1339
2017-02-09 20:09:31+01;1339
2017-02-09 20:55:31+01;1339
2017-02-09 23:01:31+01;1429
2017-02-10 06:30:31+01;1419
2017-02-10 10:56:31+01;1399
2017-02-10 12:31:31+01;1429
2017-02-10 13:18:31+01;1379
2017-02-10 16:55:31+01;1369
2017-02-10 18:26:31+01;1359
2017-02-10 18:41:31+01;1349
2017-02-10 23:01:31+01;1439
2017-02-11 06:29:31+01;1439
2017-02-11 10:55:31+01;1409
2017-02-11 11:25:31+01;1409
2017-02-11 12:11:31+01;1399
2017-02-11 12:31:31+01;1429
2017-02-11 13:16:31+01;1359
2017-02-11 18:10:31+01;1359
2017-02-11 23:01:31+01;1449
2017-02-12 09:28:31+01;1449
2017-02-12 10:55:31+01;1369
2017-02-12 11:26:31+01;1359
2017-02-12 12:32:31+01;1389
2017-02-12 13:19:31+01;1369
2017-02-12 15:55:31+01;1359
2017-02-12 18:10:31+01;1359
2017-02-12 23:01:31+01;1459
2017-02-13 05:17:31+01;1449
2017-02-13 08:11:31+01;1439
2017-02-13 10:55:31+01;1399
2017-02-13 12:32:31+01;1419
2017-02-13 12:57:31+01;1379
2017-02-13 18:25:31+01;1369
2017-02-13 19:16:31+01;1359
2017-02-13 20:40:31+01;1349
2017-02-13 23:01:31+01;1439
2017-02-14 06:31:31+01;1439
2017-02-14 06:42:31+01;1429
2017-02-14 10:56:31+01;1399
2017-02-14 12:46:31+01;1419
2017-02-14 13:36:31+01;1379
2017-02-14 18:25:31+01;1369
2017-02-14 18:44:31+01;1359
2017-02-14 20:55:31+01;1349
2017-02-14 23:01:31+01;1439
2017-02-15 06:33:31+01;1439
2017-02-15 06:43:31+01;1429
2017-02-15 10:56:31+01;1399
2017-02-15 11:44:31+01;1389
2017-02-15 12:46:31+01;1409
2017-02-15 13:39:31+01;1379
2017-02-15 18:12:31+01;1369
2017-02-15 18:26:31+01;1369
2017-02-15 23:02:31+01;1459
2017-02-16 05:19:31+01;1459
2017-02-16 06:43:31+01;1449
2017-02-16 08:13:31+01;1439
2017-02-16 10:57:31+01;1399
2017-02-16 12:47:31+01;1429
2017-02-16 13:39:31+01;1379
2017-02-16 18:25:31+01;1369
2017-02-16 18:44:31+01;1359
2017-02-16 19:56:31+01;1359
2017-02-16 23:01:31+01;1449
2017-02-17 06:39:31+01;1449
2017-02-17 09:57:31+01;1439
2017-02-17 10:57:31+01;1399
2017-02-17 12:47:31+01;1419
2017-02-17 13:38:32+01;1379
2017-02-17 18:26:31+01;1369
2017-02-17 18:43:31+01;1359
2017-02-17 23:01:31+01;1449
2017-02-18 06:31:31+01;1449
2017-02-18 07:15:31+01;1439
2017-02-18 08:58:31+01;1429
2017-02-18 10:57:31+01;1419
2017-02-18 11:26:31+01;1409
2017-02-18 11:56:31+01;1399
2017-02-18 12:46:31+01;1419
2017-02-18 13:34:31+01;1379
2017-02-18 18:27:31+01;1369
2017-02-18 19:25:31+01;1359
2017-02-18 23:01:31+01;1449
2017-02-19 09:36:31+01;1449
2017-02-19 12:46:31+01;1469
2017-02-19 13:35:31+01;1379
2017-02-19 18:41:31+01;1359
2017-02-19 23:01:31+01;1449
2017-02-20 09:47:31+01;1439
2017-02-20 11:08:31+01;1409
2017-02-20 11:43:31+01;1359
2017-02-20 12:46:31+01;1379
2017-02-20 13:39:31+01;1369
2017-02-20 16:17:31+01;1359
2017-02-20 16:44:31+01;1349
2017-02-20 23:01:31+01;1439
2017-02-21 05:20:31+01;1439
2017-02-21 09:57:31+01;1429
2017-02-21 10:57:31+01;1409
2017-02-21 12:46:31+01;1429
2017-02-21 13:40:31+01;1379
2017-02-21 18:13:31+01;1369
2017-02-21 18:42:31+01;1359
2017-02-21 23:01:31+01;1449
2017-02-22 05:20:31+01;1449
2017-02-22 08:57:31+01;1439
2017-02-22 10:59:31+01;1409
2017-02-22 12:46:32+01;1439
2017-02-22 13:40:31+01;1379
2017-02-22 18:27:31+01;1369
2017-02-22 18:41:31+01;1359
2017-02-22 20:13:31+01;1359
2017-02-22 23:01:31+01;1449
2017-02-23 05:19:32+01;1449
2017-02-23 06:43:31+01;1449
2017-02-23 08:12:31+01;1439
2017-02-23 10:58:31+01;1409
2017-02-23 12:46:31+01;1429
2017-02-23 13:38:32+01;1379
2017-02-23 18:12:31+01;1369
2017-02-23 18:42:31+01;1359
2017-02-23 19:56:31+01;1359
2017-02-23 23:01:31+01;1449
2017-02-24 06:34:31+01;1439
2017-02-24 10:57:31+01;1409
2017-02-24 12:48:31+01;1439
2017-02-24 13:42:31+01;1379
2017-02-24 18:13:31+01;1369
2017-02-24 18:44:31+01;1359
2017-02-24 19:55:31+01;1359
2017-02-24 23:01:31+01;1449
2017-02-25 07:18:31+01;1439
2017-02-25 10:57:31+01;1419
2017-02-25 11:29:31+01;1409
2017-02-25 12:46:31+01;1429
2017-02-25 13:35:31+01;1379
2017-02-25 17:43:31+01;1369
2017-02-25 17:56:31+01;1369
2017-02-25 18:26:31+01;1359
2017-02-25 23:01:31+01;1449
2017-02-26 09:37:31+01;1449
2017-02-26 10:58:31+01;1369
2017-02-26 11:31:31+01;1349
2017-02-26 12:48:31+01;1369
2017-02-26 15:07:31+01;1369
2017-02-26 16:45:31+01;1359
2017-02-26 23:01:31+01;1449
2017-02-27 05:22:31+01;1449
2017-02-27 08:13:31+01;1439
2017-02-27 08:59:31+01;1429
2017-02-27 10:43:31+01;1399
2017-02-27 12:46:31+01;1429
2017-02-27 13:40:31+01;1369
2017-02-27 18:14:31+01;1359
2017-02-27 18:28:31+01;1359
2017-02-27 18:43:31+01;1349
2017-02-27 23:01:31+01;1439
2017-02-28 05:22:31+01;1439
2017-02-28 06:34:31+01;1429
2017-02-28 10:57:31+01;1399
2017-02-28 12:46:31+01;1429
2017-02-28 13:43:31+01;1369
2017-02-28 16:42:31+01;1369
2017-02-28 17:29:31+01;1359
2017-02-28 18:12:31+01;1359
2017-02-28 18:43:31+01;1349
2017-02-28 23:01:32+01;1439
2017-03-01 05:21:31+01;1439
2017-03-01 06:35:31+01;1429
2017-03-01 11:24:31+01;1399
2017-03-01 12:46:31+01;1429
2017-03-01 13:41:31+01;1369
2017-03-01 18:13:31+01;1369
2017-03-01 18:28:31+01;1359
2017-03-01 18:41:31+01;1349
2017-03-01 23:01:31+01;1439
2017-03-02 05:20:31+01;1439
2017-03-02 08:12:31+01;1429
2017-03-02 10:57:31+01;1409
2017-03-02 12:14:31+01;1399
2017-03-02 12:46:31+01;1429
2017-03-02 13:40:31+01;1369
2017-03-02 18:12:31+01;1359
2017-03-02 18:42:31+01;1349
2017-03-02 19:57:31+01;1339
2017-03-02 20:55:31+01;1339
2017-03-02 23:01:31+01;1429
2017-03-03 05:17:31+01;1429
2017-03-03 06:32:31+01;1419
2017-03-03 10:58:31+01;1399
2017-03-03 11:44:31+01;1389
2017-03-03 12:46:31+01;1419
2017-03-03 13:41:31+01;1359
2017-03-03 18:57:31+01;1339
2017-03-03 20:26:31+01;1329
2017-03-03 23:01:31+01;1419
2017-03-04 07:14:31+01;1409
2017-03-04 10:57:31+01;1369
2017-03-04 12:46:31+01;1399
2017-03-04 13:38:31+01;1359
2017-03-04 15:58:31+01;1349
2017-03-04 16:28:31+01;1339
2017-03-04 23:01:31+01;1429
2017-03-05 08:13:31+01;1429
2017-03-05 10:57:31+01;1379
2017-03-05 12:46:31+01;1409
2017-03-05 13:38:31+01;1359
2017-03-05 16:57:31+01;1359
2017-03-05 17:25:32+01;1349
2017-03-05 18:28:32+01;1349
2017-03-05 18:44:31+01;1339
2017-03-05 23:01:31+01;1429
2017-03-06 05:20:31+01;1429
2017-03-06 08:12:31+01;1419
2017-03-06 10:57:32+01;1389
2017-03-06 11:27:31+01;1379
2017-03-06 12:46:31+01;1409
2017-03-06 13:36:31+01;1379
2017-03-06 15:28:31+01;1309
2017-03-06 16:27:31+01;1309
2017-03-06 19:26:31+01;1309
2017-03-06 20:11:31+01;1309
2017-03-06 23:01:31+01;1399
2017-03-07 05:19:31+01;1399
2017-03-07 06:15:31+01;1399
2017-03-07 10:57:31+01;1399
2017-03-07 11:28:31+01;1379
2017-03-07 12:46:32+01;1409
2017-03-07 13:41:31+01;1349
2017-03-07 15:58:31+01;1349
2017-03-07 18:29:31+01;1329
2017-03-07 20:12:31+01;1329
2017-03-07 20:25:31+01;1319
2017-03-07 23:02:31+01;1409
2017-03-08 05:20:31+01;1409
2017-03-08 06:17:31+01;1399
2017-03-08 10:58:31+01;1399
2017-03-08 11:29:31+01;1389
2017-03-08 12:46:31+01;1419
2017-03-08 13:41:31+01;1359
2017-03-08 18:13:31+01;1339
2017-03-08 18:43:31+01;1329
2017-03-08 23:01:31+01;1419
2017-03-09 06:16:31+01;1409
2017-03-09 10:58:31+01;1379
2017-03-09 12:46:31+01;1409
2017-03-09 13:05:32+01;1399
2017-03-09 13:40:31+01;1359
2017-03-09 14:17:31+01;1359
2017-03-09 18:44:31+01;1339
2017-03-09 23:01:31+01;1429
2017-03-10 05:20:31+01;1429
2017-03-10 08:14:31+01;1409
2017-03-10 10:58:31+01;1379
2017-03-10 11:29:31+01;1369
2017-03-10 12:46:31+01;1399
2017-03-10 13:42:31+01;1339
2017-03-10 20:11:31+01;1339
2017-03-10 20:41:31+01;1299
2017-03-10 23:01:31+01;1389
2017-03-11 07:17:31+01;1389
2017-03-11 10:57:31+01;1379
2017-03-11 11:27:31+01;1369
2017-03-11 12:46:31+01;1399
2017-03-11 13:40:31+01;1339
2017-03-11 17:56:31+01;1339
2017-03-11 18:26:31+01;1319
2017-03-11 19:41:31+01;1309
2017-03-11 23:01:31+01;1399
2017-03-12 08:13:31+01;1389
2017-03-12 11:56:31+01;1349
2017-03-12 12:13:31+01;1339
2017-03-12 12:46:31+01;1369
2017-03-12 13:36:31+01;1339
2017-03-12 17:56:31+01;1339
2017-03-12 18:27:31+01;1319
2017-03-12 23:01:31+01;1409
2017-03-13 05:21:31+01;1409
2017-03-13 09:44:31+01;1399
2017-03-13 10:58:31+01;1339
2017-03-13 12:46:31+01;1369
2017-03-13 13:40:31+01;1339
2017-03-13 18:28:31+01;1319
2017-03-13 23:01:31+01;1409
2017-03-14 05:20:31+01;1409
2017-03-14 08:14:31+01;1399
2017-03-14 10:58:31+01;1379
2017-03-14 11:28:31+01;1349
2017-03-14 12:47:31+01;1379
2017-03-14 13:45:31+01;1319
2017-03-14 18:44:31+01;1299
2017-03-14 20:11:31+01;1299
2017-03-14 23:01:31+01;1389
2017-03-15 06:17:31+01;1369
2017-03-15 10:57:31+01;1329
2017-03-15 12:46:31+01;1359
2017-03-15 13:41:31+01;1319
2017-03-15 18:58:31+01;1319
2017-03-15 22:46:31+01;1409
2017-03-16 05:26:31+01;1399
2017-03-16 10:14:31+01;1319
2017-03-16 12:46:31+01;1349
2017-03-16 13:40:31+01;1319
2017-03-16 23:01:31+01;1409
2017-03-17 05:53:31+01;1399
2017-03-17 10:57:31+01;1359
2017-03-17 11:45:31+01;1349
2017-03-17 12:47:31+01;1379
2017-03-17 13:41:31+01;1319
2017-03-17 16:15:31+01;1319
2017-03-17 18:26:31+01;1309
2017-03-17 18:42:31+01;1299
2017-03-17 19:42:31+01;1299
2017-03-17 20:41:31+01;1299
2017-03-17 23:01:31+01;1389
2017-03-18 07:18:31+01;1369
2017-03-18 10:57:31+01;1369
2017-03-18 11:30:31+01;1349
2017-03-18 12:46:31+01;1379
2017-03-18 13:40:32+01;1319
2017-03-18 16:14:31+01;1309
2017-03-18 23:01:31+01;1399
2017-03-19 09:36:31+01;1399
2017-03-19 11:27:31+01;1319
2017-03-19 12:46:31+01;1349
2017-03-19 13:39:31+01;1319
2017-03-19 15:56:31+01;1319
2017-03-19 16:14:31+01;1309
2017-03-19 18:15:31+01;1309
2017-03-19 18:27:31+01;1289
2017-03-19 23:01:31+01;1379
2017-03-20 05:23:31+01;1379
2017-03-20 10:59:31+01;1349
2017-03-20 12:46:31+01;1379
2017-03-20 13:46:31+01;1319
2017-03-20 23:01:31+01;1409
2017-03-21 05:20:31+01;1399
2017-03-21 10:57:31+01;1349
2017-03-21 12:46:31+01;1379
2017-03-21 13:40:31+01;1339
2017-03-21 16:15:31+01;1339
2017-03-21 18:55:31+01;1309
2017-03-21 19:23:31+01;1299
2017-03-21 23:01:31+01;1389
2017-03-22 10:57:31+01;1349
2017-03-22 12:48:31+01;1379
2017-03-22 13:40:31+01;1319
2017-03-22 18:57:31+01;1299
2017-03-22 19:54:31+01;1289
2017-03-22 23:01:31+01;1379
2017-03-23 06:16:31+01;1369
2017-03-23 10:58:31+01;1349
2017-03-23 12:46:31+01;1379
2017-03-23 13:40:31+01;1319
2017-03-23 18:28:31+01;1299
2017-03-23 18:42:31+01;1299
2017-03-23 23:01:31+01;1389
2017-03-24 06:34:31+01;1369
2017-03-24 11:00:31+01;1349
2017-03-24 11:44:31+01;1319
2017-03-24 12:47:31+01;1349
2017-03-24 13:43:31+01;1319
2017-03-24 17:58:31+01;1299
2017-03-24 19:44:31+01;1279
2017-03-24 23:01:31+01;1369
2017-03-25 10:57:31+01;1359
2017-03-25 11:30:31+01;1349
2017-03-25 11:58:31+01;1309
2017-03-25 12:48:32+01;1339
2017-03-25 13:38:31+01;1309
2017-03-25 18:15:31+01;1299
2017-03-25 18:43:31+01;1289
2017-03-25 19:42:31+01;1279
2017-03-25 23:01:31+01;1379
2017-03-26 09:36:31+02;1379
2017-03-26 12:46:31+02;1409
2017-03-26 13:38:31+02;1379
2017-03-26 18:57:31+02;1299
2017-03-26 19:40:31+02;1299
2017-03-26 23:01:31+02;1399
2017-03-27 05:24:31+02;1389
2017-03-27 09:57:31+02;1379
2017-03-27 10:57:31+02;1339
2017-03-27 12:46:31+02;1369
2017-03-27 13:45:31+02;1319
2017-03-27 18:28:31+02;1309
2017-03-27 18:44:31+02;1299
2017-03-27 20:12:31+02;1289
2017-03-27 23:01:31+02;1379
2017-03-28 05:21:31+02;1379
2017-03-28 06:16:31+02;1379
2017-03-28 06:35:31+02;1369
2017-03-28 10:58:31+02;1349
2017-03-28 12:46:31+02;1379
2017-03-28 13:37:31+02;1329
2017-03-28 20:12:31+02;1289
2017-03-28 23:01:31+02;1379
2017-03-29 06:17:31+02;1379
2017-03-29 10:58:31+02;1349
2017-03-29 12:46:31+02;1379
2017-03-29 13:43:31+02;1329
2017-03-29 20:11:31+02;1319
2017-03-29 20:40:31+02;1309
2017-03-29 23:01:31+02;1409
2017-03-30 05:21:31+02;1399
2017-03-30 06:33:31+02;1399
2017-03-30 09:58:31+02;1389
2017-03-30 10:57:31+02;1349
2017-03-30 12:13:31+02;1349
2017-03-30 12:46:31+02;1379
2017-03-30 13:40:31+02;1349
2017-03-30 17:56:31+02;1349
2017-03-30 20:10:32+02;1319
2017-03-30 23:01:31+02;1419
2017-03-31 05:24:31+02;1409
2017-03-31 06:46:31+02;1409
2017-03-31 10:58:31+02;1359
2017-03-31 12:46:31+02;1389
2017-03-31 13:40:31+02;1349
2017-03-31 15:57:31+02;1349
2017-03-31 16:45:31+02;1339
2017-03-31 18:14:31+02;1329
2017-03-31 23:01:31+02;1419
2017-04-01 05:30:31+02;1419
2017-04-01 09:57:31+02;1409
2017-04-01 11:00:31+02;1359
2017-04-01 12:46:31+02;1389
2017-04-01 13:48:31+02;1349
2017-04-01 16:15:31+02;1339
2017-04-01 17:56:31+02;1339
2017-04-01 23:01:31+02;1429
2017-04-02 09:35:31+02;1419
2017-04-02 10:57:31+02;1339
2017-04-02 12:46:31+02;1369
2017-04-02 13:39:31+02;1339
2017-04-02 17:56:31+02;1339
2017-04-02 23:02:31+02;1439
2017-04-03 05:22:31+02;1419
2017-04-03 10:16:31+02;1409
2017-04-03 10:59:31+02;1349
2017-04-03 12:46:31+02;1379
2017-04-03 13:47:31+02;1349
2017-04-03 18:28:31+02;1339
2017-04-03 20:12:31+02;1339
2017-04-03 23:01:31+02;1429
2017-04-04 06:34:31+02;1419
2017-04-04 10:58:31+02;1359
2017-04-04 12:46:31+02;1389
2017-04-04 13:41:31+02;1359
2017-04-04 16:01:31+02;1349
2017-04-04 19:42:31+02;1339
2017-04-04 19:54:31+02;1339
2017-04-04 20:55:31+02;1339
2017-04-04 23:01:31+02;1439
2017-04-05 06:44:31+02;1429
2017-04-05 11:01:31+02;1369
2017-04-05 12:50:31+02;1399
2017-04-05 13:43:31+02;1369
2017-04-05 15:58:31+02;1369
2017-04-05 18:27:31+02;1349
2017-04-05 19:55:31+02;1349
2017-04-05 23:01:31+02;1439
2017-04-06 06:33:31+02;1429
2017-04-06 10:57:31+02;1379
2017-04-06 12:47:31+02;1409
2017-04-06 13:40:31+02;1379
2017-04-06 18:26:31+02;1359
2017-04-06 18:56:32+02;1349
2017-04-06 19:55:31+02;1349
2017-04-06 23:01:31+02;1439
2017-04-07 06:36:31+02;1429
2017-04-07 11:00:31+02;1379
2017-04-07 12:46:31+02;1409
2017-04-07 13:40:31+02;1379
2017-04-07 17:56:31+02;1359
2017-04-07 19:26:31+02;1349
2017-04-07 19:41:31+02;1339
2017-04-07 23:01:31+02;1429
2017-04-08 07:16:31+02;1429
2017-04-08 11:00:31+02;1369
2017-04-08 12:47:31+02;1399
2017-04-08 13:43:31+02;1369
2017-04-08 19:23:31+02;1349
2017-04-08 19:40:31+02;1349
2017-04-08 23:01:31+02;1439
2017-04-09 11:22:31+02;1369
2017-04-09 12:47:31+02;1399
2017-04-09 13:39:31+02;1369
2017-04-09 17:56:31+02;1349
2017-04-09 18:26:31+02;1349
2017-04-09 19:27:31+02;1349
2017-04-09 23:01:31+02;1439
2017-04-10 10:57:31+02;1379
2017-04-10 12:47:31+02;1409
2017-04-10 13:44:31+02;1379
2017-04-10 18:26:31+02;1369
2017-04-10 19:56:31+02;1359
2017-04-10 20:10:31+02;1359
2017-04-10 20:55:31+02;1359
2017-04-10 23:01:31+02;1449
2017-04-11 06:17:32+02;1439
2017-04-11 10:58:31+02;1409
2017-04-11 12:46:31+02;1439
2017-04-11 13:44:31+02;1389
2017-04-11 18:26:31+02;1369
2017-04-11 20:11:31+02;1369
2017-04-11 23:01:31+02;1469
2017-04-12 05:20:31+02;1449
2017-04-12 10:58:31+02;1409
2017-04-12 12:14:31+02;1399
2017-04-12 12:47:31+02;1429
2017-04-12 13:40:31+02;1389
2017-04-12 18:15:31+02;1369
2017-04-12 20:11:31+02;1359
2017-04-12 23:01:31+02;1449
2017-04-13 10:58:31+02;1409
2017-04-13 12:47:31+02;1439
2017-04-13 13:40:31+02;1389
2017-04-13 17:57:31+02;1369
2017-04-13 20:25:31+02;1369
2017-04-13 23:01:31+02;1459
2017-04-14 09:36:31+02;1449
2017-04-14 09:46:31+02;1419
2017-04-14 11:27:31+02;1419
2017-04-14 11:56:31+02;1379
2017-04-14 12:47:31+02;1409
2017-04-14 13:37:31+02;1379
2017-04-14 17:57:31+02;1359
2017-04-14 19:40:31+02;1349
2017-04-14 23:02:31+02;1439
2017-04-15 06:32:31+02;1439
2017-04-15 07:16:31+02;1439
2017-04-15 10:57:31+02;1409
2017-04-15 12:46:31+02;1439
2017-04-15 13:38:31+02;1379
2017-04-15 23:01:31+02;1469
2017-04-16 09:34:31+02;1449
2017-04-16 09:46:31+02;1419
2017-04-16 11:58:31+02;1389
2017-04-16 12:14:31+02;1379
2017-04-16 12:46:31+02;1409
2017-04-16 13:38:31+02;1379
2017-04-16 17:56:31+02;1369
2017-04-16 18:26:31+02;1359
2017-04-16 19:42:31+02;1349
2017-04-16 23:01:31+02;1439
2017-04-17 08:14:31+02;1439
2017-04-17 09:56:31+02;1439
2017-04-17 10:56:31+02;1369
2017-04-17 12:47:31+02;1399
2017-04-17 13:37:31+02;1369
2017-04-17 17:56:32+02;1369
2017-04-17 18:11:31+02;1359
2017-04-17 19:40:31+02;1349
2017-04-17 23:02:31+02;1439
2017-04-18 05:19:31+02;1439
2017-04-18 06:16:31+02;1439
2017-04-18 11:02:31+02;1399
2017-04-18 12:46:31+02;1429
2017-04-18 13:40:31+02;1389
2017-04-18 15:59:31+02;1379
2017-04-18 20:11:31+02;1359
2017-04-18 23:01:31+02;1449
2017-04-19 05:20:31+02;1449
2017-04-19 10:57:31+02;1409
2017-04-19 12:46:31+02;1439
2017-04-19 13:41:31+02;1379
2017-04-19 19:29:31+02;1359
2017-04-19 19:42:31+02;1349
2017-04-19 23:01:31+02;1439
2017-04-20 10:57:31+02;1419
2017-04-20 12:13:31+02;1379
2017-04-20 12:46:31+02;1409
2017-04-20 13:38:31+02;1379
2017-04-20 18:57:31+02;1369
2017-04-20 19:56:24+02;1369
2017-04-20 23:02:31+02;1459
2017-04-21 05:21:31+02;1449
2017-04-21 08:15:31+02;1439
2017-04-21 11:03:31+02;1419
2017-04-21 11:29:31+02;1389
2017-04-21 12:47:31+02;1419
2017-04-21 13:44:31+02;1359
2017-04-21 14:47:31+02;1359
2017-04-21 17:56:31+02;1359
2017-04-21 19:29:31+02;1339
2017-04-21 23:01:31+02;1429
2017-04-22 09:58:31+02;1419
2017-04-22 11:28:31+02;1389
2017-04-22 12:46:31+02;1419
2017-04-22 13:36:31+02;1359
2017-04-22 14:47:31+02;1359
2017-04-22 16:28:31+02;1359
2017-04-22 16:44:31+02;1349
2017-04-22 19:26:32+02;1349
2017-04-22 19:41:31+02;1339
2017-04-22 23:01:31+02;1429
2017-04-23 11:00:31+02;1359
2017-04-23 11:42:31+02;1359
2017-04-23 12:46:31+02;1389
2017-04-23 13:36:31+02;1359
2017-04-23 15:57:31+02;1359
2017-04-23 16:31:31+02;1349
2017-04-23 19:30:31+02;1349
2017-04-23 19:41:31+02;1339
2017-04-23 23:01:31+02;1429
2017-04-24 09:59:31+02;1419
2017-04-24 10:59:31+02;1389
2017-04-24 12:46:31+02;1419
2017-04-24 13:03:31+02;1359
2017-04-24 18:44:31+02;1349
2017-04-24 19:28:31+02;1339
2017-04-24 20:27:31+02;1339
2017-04-24 23:01:31+02;1429
2017-04-25 05:20:31+02;1429
2017-04-25 06:36:31+02;1419
2017-04-25 10:58:31+02;1379
2017-04-25 12:46:31+02;1409
2017-04-25 13:42:31+02;1349
2017-04-25 14:31:30+02;1349
2017-04-25 18:45:31+02;1349
2017-04-25 19:27:31+02;1339
2017-04-25 20:41:31+02;1329
2017-04-25 23:03:31+02;1419
2017-04-26 07:19:31+02;1409
2017-04-26 10:58:31+02;1389
2017-04-26 11:45:31+02;1379
2017-04-26 12:47:31+02;1409
2017-04-26 13:45:31+02;1349
2017-04-26 17:11:31+02;1369
2017-04-26 17:41:31+02;1349
2017-04-26 18:45:31+02;1329
2017-04-26 20:41:31+02;1329
2017-04-26 23:01:31+02;1419
2017-04-27 06:16:31+02;1409
2017-04-27 10:59:31+02;1389
2017-04-27 11:32:31+02;1379
2017-04-27 12:46:31+02;1409
2017-04-27 13:47:31+02;1349
2017-04-27 17:13:31+02;1369
2017-04-27 17:57:31+02;1349
2017-04-27 18:17:31+02;1339
2017-04-27 18:59:32+02;1329
2017-04-27 23:01:31+02;1419
2017-04-28 05:22:31+02;1399
2017-04-28 11:29:31+02;1379
2017-04-28 12:46:31+02;1409
2017-04-28 13:50:31+02;1339
2017-04-28 16:22:31+02;1339
2017-04-28 16:34:31+02;1329
2017-04-28 17:11:31+02;1349
2017-04-28 17:46:31+02;1339
2017-04-28 18:33:31+02;1339
2017-04-28 18:48:31+02;1309
2017-04-28 23:01:31+02;1399
2017-04-29 07:24:31+02;1389
2017-04-29 11:29:31+02;1379
2017-04-29 11:34:31+02;1369
2017-04-29 12:46:31+02;1399
2017-04-29 13:50:31+02;1339
2017-04-29 16:19:31+02;1339
2017-04-29 16:48:31+02;1329
2017-04-29 17:12:31+02;1349
2017-04-29 17:40:31+02;1329
2017-04-29 17:48:31+02;1339
2017-04-29 18:29:31+02;1319
2017-04-29 18:47:31+02;1309
2017-04-29 19:44:31+02;1299
2017-04-29 23:01:31+02;1389
2017-04-30 08:19:31+02;1389
2017-04-30 10:59:31+02;1339
2017-04-30 12:46:31+02;1369
2017-04-30 13:42:31+02;1339
2017-04-30 16:16:31+02;1339
2017-04-30 16:27:31+02;1329
2017-04-30 17:12:31+02;1349
2017-04-30 17:43:31+02;1339
2017-04-30 18:21:31+02;1339
2017-04-30 18:46:31+02;1309
2017-04-30 23:01:31+02;1399
2017-05-01 08:20:32+02;1399
2017-05-01 11:28:31+02;1349
2017-05-01 12:46:31+02;1379
2017-05-01 13:45:31+02;1339
2017-05-01 16:02:31+02;1339
2017-05-01 16:33:31+02;1329
2017-05-01 17:12:31+02;1349
2017-05-01 17:55:31+02;1339
2017-05-01 18:31:31+02;1339
2017-05-01 18:47:31+02;1309
2017-05-01 19:48:31+02;1299
2017-05-01 23:02:31+02;1389
2017-05-02 06:36:31+02;1389
2017-05-02 10:58:31+02;1379
2017-05-02 11:46:31+02;1369
2017-05-02 12:47:31+02;1399
2017-05-02 13:06:31+02;1329
2017-05-02 16:45:31+02;1319
2017-05-02 17:12:31+02;1339
2017-05-02 17:44:31+02;1329
2017-05-02 18:49:31+02;1299
2017-05-02 23:01:31+02;1389
2017-05-03 05:25:31+02;1389
2017-05-03 06:38:31+02;1389
2017-05-03 11:27:31+02;1359
2017-05-03 11:47:31+02;1359
2017-05-03 12:47:31+02;1389
2017-05-03 13:52:31+02;1329
2017-05-03 16:48:31+02;1329
2017-05-03 17:11:31+02;1349
2017-05-03 17:57:31+02;1329
2017-05-03 18:48:31+02;1319
2017-05-03 19:15:31+02;1299
2017-05-03 23:01:31+02;1389
2017-05-04 05:25:31+02;1389
2017-05-04 06:23:31+02;1379
2017-05-04 11:27:31+02;1349
2017-05-04 12:46:31+02;1379
2017-05-04 13:06:31+02;1329
2017-05-04 16:28:31+02;1329
2017-05-04 16:45:31+02;1319
2017-05-04 17:13:31+02;1339
2017-05-04 18:05:31+02;1329
2017-05-04 19:02:31+02;1309
2017-05-04 19:05:31+02;1299
2017-05-04 23:01:31+02;1389
2017-05-05 05:24:31+02;1389
2017-05-05 06:23:31+02;1379
2017-05-05 11:03:31+02;1359
2017-05-05 12:48:31+02;1389
2017-05-05 13:52:31+02;1359
2017-05-05 14:31:31+02;1359
2017-05-05 17:11:35+02;1379
2017-05-05 18:00:31+02;1359
2017-05-05 18:54:31+02;1299
2017-05-05 23:02:31+02;1389
2017-05-06 06:37:31+02;1379
2017-05-06 06:57:31+02;1379
2017-05-06 11:32:31+02;1349
2017-05-06 12:46:31+02;1379
2017-05-06 13:08:32+02;1329
2017-05-06 16:17:31+02;1319
2017-05-06 17:11:32+02;1339
2017-05-06 17:58:31+02;1319
2017-05-06 19:02:31+02;1319
2017-05-06 19:14:31+02;1299
2017-05-06 23:01:31+02;1389
2017-05-07 09:38:31+02;1379
2017-05-07 10:57:31+02;1369
2017-05-07 11:43:31+02;1359
2017-05-07 12:46:31+02;1389
2017-05-07 13:38:31+02;1359
2017-05-07 17:11:31+02;1379
2017-05-07 18:00:31+02;1359
2017-05-07 18:34:31+02;1309
2017-05-07 18:51:31+02;1299
2017-05-07 23:01:31+02;1389
2017-05-08 05:21:31+02;1379
2017-05-08 10:06:31+02;1379
2017-05-08 11:44:31+02;1349
2017-05-08 12:46:31+02;1379
2017-05-08 13:42:31+02;1349
2017-05-08 17:11:31+02;1369
2017-05-08 17:59:31+02;1349
2017-05-08 18:50:31+02;1309
2017-05-08 19:17:31+02;1299
2017-05-08 23:01:31+02;1389
2017-05-09 05:22:31+02;1379
2017-05-09 12:16:31+02;1359
2017-05-09 12:46:31+02;1389
2017-05-09 13:50:31+02;1329
2017-05-09 17:11:31+02;1349
2017-05-09 18:03:31+02;1329
2017-05-09 18:33:31+02;1319
2017-05-09 18:51:31+02;1309
2017-05-09 20:45:31+02;1299
2017-05-09 23:01:31+02;1389
2017-05-10 05:22:31+02;1379
2017-05-10 10:59:31+02;1359
2017-05-10 12:46:31+02;1389
2017-05-10 13:45:31+02;1339
2017-05-10 17:13:31+02;1359
2017-05-10 17:59:31+02;1339
2017-05-10 18:16:31+02;1329
2017-05-10 18:33:31+02;1319
2017-05-10 20:11:31+02;1319
2017-05-10 20:44:31+02;1309
2017-05-10 23:01:31+02;1399
2017-05-11 05:23:31+02;1389
2017-05-11 10:57:31+02;1359
2017-05-11 12:46:31+02;1389
2017-05-11 13:47:31+02;1329
2017-05-11 17:12:31+02;1349
2017-05-11 17:59:31+02;1329
2017-05-11 23:01:32+02;1419
2017-05-12 05:23:32+02;1399
2017-05-12 10:58:31+02;1359
2017-05-12 12:48:31+02;1389
2017-05-12 13:42:31+02;1359
2017-05-12 16:46:31+02;1329
2017-05-12 17:12:31+02;1349
2017-05-12 17:58:31+02;1329
2017-05-12 18:47:31+02;1309
2017-05-12 20:11:31+02;1309
2017-05-12 23:01:31+02;1399
2017-05-13 06:36:31+02;1399
2017-05-13 11:29:31+02;1369
2017-05-13 12:13:31+02;1339
2017-05-13 12:48:31+02;1369
2017-05-13 13:47:31+02;1339
2017-05-13 15:59:31+02;1329
2017-05-13 17:12:31+02;1349
2017-05-13 18:04:31+02;1329
2017-05-13 18:49:31+02;1309
2017-05-13 23:01:31+02;1399
2017-05-14 09:36:31+02;1399
2017-05-14 12:46:31+02;1429
2017-05-14 13:40:31+02;1399
2017-05-14 17:12:31+02;1419
2017-05-14 17:55:31+02;1399
2017-05-14 23:01:31+02;1439
2017-05-15 10:02:03+02;1399
2017-05-15 11:26:31+02;1389
2017-05-15 12:47:31+02;1419
2017-05-15 13:05:31+02;1349
2017-05-15 15:59:31+02;1339
2017-05-15 17:12:31+02;1359
2017-05-15 18:00:31+02;1339
2017-05-15 20:27:31+02;1319
2017-05-15 20:59:31+02;1319
2017-05-15 23:01:31+02;1409
2017-05-16 06:18:31+02;1399
2017-05-16 11:23:31+02;1359
2017-05-16 12:18:31+02;1359
2017-05-16 12:47:31+02;1389
2017-05-16 13:48:31+02;1359
2017-05-16 16:00:31+02;1349
2017-05-16 17:12:31+02;1369
2017-05-16 17:58:31+02;1349
2017-05-16 20:42:31+02;1329
2017-05-16 23:02:31+02;1419
2017-05-17 05:21:31+02;1409
2017-05-17 06:35:31+02;1369
2017-05-17 11:44:31+02;1349
2017-05-17 12:46:31+02;1379
2017-05-17 13:47:31+02;1349
2017-05-17 16:16:31+02;1339
2017-05-17 17:11:31+02;1359
2017-05-17 18:04:31+02;1339
2017-05-17 20:13:31+02;1329
2017-05-17 20:45:31+02;1319
2017-05-17 23:01:31+02;1409
2017-05-18 06:45:31+02;1399
2017-05-18 11:26:31+02;1329
2017-05-18 12:15:31+02;1329
2017-05-18 12:46:31+02;1359
2017-05-18 13:04:31+02;1329
2017-05-18 17:12:31+02;1349
2017-05-18 18:00:31+02;1329
2017-05-18 20:46:31+02;1309
2017-05-18 23:01:31+02;1399
2017-05-19 06:45:31+02;1389
2017-05-19 11:31:31+02;1369
2017-05-19 12:46:31+02;1399
2017-05-19 13:03:31+02;1339
2017-05-19 16:57:31+02;1329
2017-05-19 17:10:31+02;1359
2017-05-19 18:03:31+02;1329
2017-05-19 23:01:31+02;1419
2017-05-20 06:34:31+02;1419
2017-05-20 09:59:31+02;1399
2017-05-20 11:00:31+02;1359
2017-05-20 12:46:31+02;1389
2017-05-20 13:46:31+02;1339
2017-05-20 16:15:31+02;1329
2017-05-20 17:10:31+02;1349
2017-05-20 18:03:31+02;1329
2017-05-20 23:01:31+02;1419
2017-05-21 09:40:31+02;1419
2017-05-21 12:47:31+02;1439
2017-05-21 13:44:31+02;1419
2017-05-21 17:11:31+02;1439
2017-05-21 17:56:31+02;1419
2017-05-21 19:27:32+02;1339
2017-05-21 23:01:31+02;1429
2017-05-22 05:24:31+02;1419
2017-05-22 10:00:31+02;1399
2017-05-22 11:02:32+02;1369
2017-05-22 12:46:31+02;1399
2017-05-22 13:57:31+02;1349
2017-05-22 16:02:31+02;1339
2017-05-22 17:11:31+02;1359
2017-05-22 18:13:31+02;1339
2017-05-22 23:02:31+02;1429
2017-05-23 05:25:31+02;1409
2017-05-23 11:01:31+02;1369
2017-05-23 11:44:31+02;1359
2017-05-23 12:46:31+02;1389
2017-05-23 13:44:31+02;1349
2017-05-23 16:17:31+02;1339
2017-05-23 17:10:31+02;1359
2017-05-23 18:02:31+02;1339
2017-05-23 23:01:31+02;1429
2017-05-24 05:27:31+02;1409
2017-05-24 10:59:07+02;1379
2017-05-24 12:46:06+02;1409
2017-05-24 13:45:06+02;1349
2017-05-24 16:16:05+02;1339
2017-05-24 17:10:06+02;1359
2017-05-24 17:56:06+02;1339
2017-05-24 23:01:06+02;1429
2017-05-25 09:38:06+02;1409
2017-05-25 10:57:05+02;1389
2017-05-25 11:27:05+02;1369
2017-05-25 11:31:05+02;1369
2017-05-25 11:59:05+02;1369
2017-05-25 12:11:06+02;1349
2017-05-25 12:46:06+02;1379
2017-05-25 13:41:06+02;1349
2017-05-25 16:27:06+02;1339
2017-05-25 17:10:06+02;1359
2017-05-25 17:54:06+02;1339
2017-05-25 23:01:06+02;1429
2017-05-26 05:23:06+02;1409
2017-05-26 11:02:06+02;1369
2017-05-26 11:32:07+02;1369
2017-05-26 12:13:07+02;1349
2017-05-26 12:48:08+02;1379
2017-05-26 13:46:10+02;1349
2017-05-26 16:15:06+02;1339
2017-05-26 17:10:06+02;1359
2017-05-26 17:57:06+02;1339
2017-05-26 23:01:06+02;1429
2017-05-27 06:34:05+02;1409
2017-05-27 10:59:06+02;1389
2017-05-27 12:46:06+02;1419
2017-05-27 13:44:06+02;1349
2017-05-27 16:19:05+02;1339
2017-05-27 17:11:06+02;1359
2017-05-27 17:55:06+02;1339
2017-05-27 23:01:06+02;1429
2017-05-28 09:36:06+02;1409
2017-05-28 10:58:06+02;1349
2017-05-28 12:46:06+02;1379
2017-05-28 13:38:06+02;1349
2017-05-28 15:56:06+02;1339
2017-05-28 17:10:06+02;1359
2017-05-28 17:55:05+02;1339
2017-05-28 23:01:06+02;1429
2017-05-29 05:21:05+02;1409
2017-05-29 10:58:06+02;1379
2017-05-29 12:46:06+02;1409
2017-05-29 13:52:06+02;1339
2017-05-29 16:22:06+02;1339
2017-05-29 16:25:07+02;1329
2017-05-29 17:11:06+02;1349
2017-05-29 18:02:06+02;1329
2017-05-29 23:02:06+02;1419
2017-05-30 05:22:05+02;1399
2017-05-30 11:01:06+02;1369
2017-05-30 12:14:06+02;1339
2017-05-30 12:46:06+02;1369
2017-05-30 13:41:06+02;1339
2017-05-30 16:17:05+02;1329
2017-05-30 17:10:06+02;1349
2017-05-30 17:59:06+02;1329
2017-05-30 23:01:06+02;1419
2017-05-31 05:21:06+02;1389
2017-05-31 11:02:06+02;1379
2017-05-31 11:45:07+02;1369
2017-05-31 12:46:06+02;1399
2017-05-31 13:42:06+02;1339
2017-05-31 16:18:06+02;1329
2017-05-31 17:10:12+02;1349
2017-05-31 17:58:24+02;1329
2017-05-31 23:02:06+02;1419
2017-06-01 05:23:06+02;1389
2017-06-01 10:58:05+02;1379
2017-06-01 12:47:05+02;1409
2017-06-01 13:46:07+02;1339
2017-06-01 14:48:06+02;1339
2017-06-01 16:18:06+02;1329
2017-06-01 17:11:05+02;1349
2017-06-01 17:57:05+02;1329
2017-06-01 23:01:05+02;1419
2017-06-02 05:23:05+02;1389
2017-06-02 11:03:06+02;1379
2017-06-02 11:23:05+02;1329
2017-06-02 12:00:06+02;1329
2017-06-02 12:15:06+02;1329
2017-06-02 12:46:06+02;1359
2017-06-02 13:40:06+02;1329
2017-06-02 16:27:06+02;1329
2017-06-02 17:11:06+02;1349
2017-06-02 17:56:06+02;1329
2017-06-02 23:01:05+02;1419
2017-06-03 06:34:06+02;1389
2017-06-03 10:57:06+02;1359
2017-06-03 12:13:05+02;1339
2017-06-03 12:48:06+02;1369
2017-06-03 13:41:06+02;1339
2017-06-03 15:44:06+02;1329
2017-06-03 17:10:07+02;1349
2017-06-03 17:55:06+02;1329
2017-06-03 23:01:06+02;1419
2017-06-04 09:36:06+02;1389
2017-06-04 10:57:05+02;1339
2017-06-04 11:43:05+02;1339
2017-06-04 12:46:06+02;1369
2017-06-04 13:40:06+02;1339
2017-06-04 16:12:06+02;1329
2017-06-04 17:10:06+02;1349
2017-06-04 17:54:06+02;1329
2017-06-04 23:01:06+02;1419
2017-06-05 09:35:06+02;1389
2017-06-05 10:57:06+02;1359
2017-06-05 12:46:05+02;1389
2017-06-05 13:40:06+02;1359
2017-06-05 15:58:06+02;1329
2017-06-05 17:10:06+02;1349
2017-06-05 17:55:06+02;1329
2017-06-05 23:01:06+02;1419
2017-06-06 05:22:08+02;1389
2017-06-06 11:01:06+02;1359
2017-06-06 11:27:06+02;1359
2017-06-06 12:13:06+02;1329
2017-06-06 12:46:06+02;1359
2017-06-06 13:44:08+02;1329
2017-06-06 16:16:06+02;1319
2017-06-06 17:10:07+02;1339
2017-06-06 18:02:06+02;1319
2017-06-06 18:31:05+02;1319
2017-06-06 23:01:06+02;1409
2017-06-07 05:23:05+02;1379
2017-06-07 10:59:06+02;1359
2017-06-07 11:30:09+02;1359
2017-06-07 12:46:06+02;1389
2017-06-07 13:43:05+02;1329
2017-06-07 16:16:06+02;1319
2017-06-07 17:12:06+02;1339
2017-06-07 17:59:06+02;1319
2017-06-07 23:01:06+02;1409
2017-06-08 05:22:05+02;1379
2017-06-08 10:58:06+02;1359
2017-06-08 11:31:05+02;1359
2017-06-08 11:32:06+02;1359
2017-06-08 12:15:06+02;1329
2017-06-08 12:46:06+02;1359
2017-06-08 13:42:06+02;1329
2017-06-08 16:17:06+02;1319
2017-06-08 17:10:06+02;1339
2017-06-08 17:58:05+02;1319
2017-06-08 23:02:05+02;1409
2017-06-09 05:21:05+02;1379
2017-06-09 10:45:06+02;1349
2017-06-09 11:46:06+02;1349
2017-06-09 12:14:06+02;1319
2017-06-09 12:47:06+02;1349
2017-06-09 13:42:10+02;1319
2017-06-09 15:57:06+02;1319
2017-06-09 16:15:09+02;1309
2017-06-09 17:11:06+02;1329
2017-06-09 17:55:06+02;1319
2017-06-09 18:45:06+02;1309
2017-06-09 23:01:06+02;1399
2017-06-10 06:36:06+02;1379
2017-06-10 10:58:05+02;1349
2017-06-10 11:29:05+02;1349
2017-06-10 11:34:06+02;1349
2017-06-10 12:45:05+02;1339
2017-06-10 13:11:06+02;1379
2017-06-10 13:26:06+02;1339
2017-06-10 16:46:06+02;1319
2017-06-10 16:59:05+02;1309
2017-06-10 17:35:05+02;1339
2017-06-10 18:26:06+02;1319
2017-06-10 19:18:05+02;1309
2017-06-10 23:26:06+02;1399
2017-06-11 09:35:06+02;1379
2017-06-11 10:58:05+02;1339
2017-06-11 12:13:05+02;1319
2017-06-11 12:46:05+02;1349
2017-06-11 13:37:05+02;1319
2017-06-11 15:58:05+02;1319
2017-06-11 16:27:06+02;1309
2017-06-11 17:10:06+02;1329
2017-06-11 17:54:06+02;1309
2017-06-11 23:01:06+02;1399
2017-06-12 05:23:05+02;1379
2017-06-12 11:25:04+02;1379
2017-06-12 11:26:06+02;1349
2017-06-12 12:02:04+02;1349
2017-06-12 12:03:06+02;1349
2017-06-12 12:39:04+02;1349
2017-06-12 12:40:10+02;1329
2017-06-12 12:46:08+02;1359
2017-06-12 13:41:06+02;1359
2017-06-12 13:47:05+02;1329
2017-06-12 14:51:06+02;1319
2017-06-12 16:01:06+02;1319
2017-06-12 16:30:07+02;1309
2017-06-12 17:12:06+02;1329
2017-06-12 18:00:07+02;1319
2017-06-12 18:50:06+02;1309
2017-06-12 23:02:06+02;1399
2017-06-13 05:41:06+02;1379
2017-06-13 10:58:06+02;1359
2017-06-13 12:46:06+02;1389
2017-06-13 13:43:05+02;1329
2017-06-13 16:17:06+02;1319
2017-06-13 17:13:06+02;1339
2017-06-13 17:59:05+02;1319
2017-06-13 19:14:06+02;1319
2017-06-13 23:01:06+02;1409
2017-06-14 05:22:06+02;1379
2017-06-14 11:01:06+02;1369
2017-06-14 12:15:06+02;1319
2017-06-14 12:46:06+02;1349
2017-06-14 13:43:06+02;1319
2017-06-14 16:16:06+02;1319
2017-06-14 16:45:10+02;1309
2017-06-14 17:11:06+02;1329
2017-06-14 17:55:06+02;1319
2017-06-14 18:47:05+02;1309
2017-06-14 23:01:06+02;1399
2017-06-15 09:33:06+02;1319
2017-06-15 12:46:06+02;1349
2017-06-15 13:37:06+02;1319
2017-06-15 15:43:05+02;1309
2017-06-15 17:10:06+02;1329
2017-06-15 17:55:06+02;1309
2017-06-15 23:01:05+02;1399
2017-06-16 05:21:05+02;1379
2017-06-16 11:01:06+02;1339
2017-06-16 12:46:05+02;1369
2017-06-16 13:49:06+02;1319
2017-06-16 16:18:06+02;1309
2017-06-16 17:11:06+02;1329
2017-06-16 17:59:05+02;1309
2017-06-16 23:01:06+02;1399
2017-06-17 06:38:05+02;1379
2017-06-17 10:31:05+02;1349
2017-06-17 10:59:06+02;1319
2017-06-17 12:47:05+02;1349
2017-06-17 13:43:06+02;1319
2017-06-17 15:56:06+02;1309
2017-06-17 17:13:06+02;1329
2017-06-17 18:02:06+02;1309
2017-06-17 23:01:06+02;1399
2017-06-18 08:58:05+02;1309
2017-06-18 12:46:06+02;1339
2017-06-18 13:38:06+02;1309
2017-06-18 17:10:06+02;1329
2017-06-18 17:54:05+02;1309
2017-06-18 23:01:05+02;1399
2017-06-19 05:27:05+02;1379
2017-06-19 10:59:06+02;1359
2017-06-19 11:47:05+02;1339
2017-06-19 12:46:06+02;1369
2017-06-19 13:50:06+02;1309
2017-06-19 16:20:06+02;1299
2017-06-19 17:10:06+02;1319
2017-06-19 18:12:06+02;1309
2017-06-19 19:11:06+02;1299
2017-06-19 23:01:06+02;1389
2017-06-20 05:22:05+02;1379
2017-06-20 11:21:06+02;1359
2017-06-20 11:59:11+02;1339
2017-06-20 12:46:20+02;1369
2017-06-20 13:39:06+02;1309
2017-06-20 15:59:05+02;1309
2017-06-20 16:28:06+02;1299
2017-06-20 17:10:06+02;1319
2017-06-20 17:57:06+02;1309
2017-06-20 18:29:05+02;1299
2017-06-20 23:01:06+02;1389
2017-06-21 05:24:07+02;1369
2017-06-21 11:29:06+02;1339
2017-06-21 12:46:06+02;1369
2017-06-21 13:49:06+02;1309
2017-06-21 16:15:06+02;1299
2017-06-21 17:10:06+02;1319
2017-06-21 17:57:05+02;1299
2017-06-21 23:01:05+02;1389
2017-06-22 05:23:05+02;1369
2017-06-22 10:59:05+02;1359
2017-06-22 12:18:06+02;1339
2017-06-22 12:46:06+02;1369
2017-06-22 13:44:06+02;1309
2017-06-22 15:57:08+02;1299
2017-06-22 16:31:05+02;1299
2017-06-22 17:10:06+02;1319
2017-06-22 17:58:06+02;1299
2017-06-22 18:51:05+02;1299
2017-06-22 19:57:05+02;1289
2017-06-22 23:01:06+02;1379
2017-06-23 05:26:06+02;1369
2017-06-23 11:02:06+02;1299
2017-06-23 11:27:07+02;1299
2017-06-23 11:48:06+02;1289
2017-06-23 12:48:07+02;1319
2017-06-23 13:46:06+02;1289
2017-06-23 17:12:05+02;1309
2017-06-23 17:57:06+02;1289
2017-06-23 23:01:05+02;1379
2017-06-24 06:33:06+02;1369
2017-06-24 10:57:06+02;1329
2017-06-24 12:46:06+02;1359
2017-06-24 13:41:06+02;1299
2017-06-24 14:29:20+02;1299
2017-06-24 15:58:06+02;1299
2017-06-24 16:28:06+02;1289
2017-06-24 17:10:06+02;1309
2017-06-24 17:57:06+02;1299
2017-06-24 18:46:06+02;1289
2017-06-24 23:01:06+02;1379
2017-06-25 09:37:14+02;1369
2017-06-25 10:58:06+02;1299
2017-06-25 11:44:05+02;1299
2017-06-25 12:46:05+02;1329
2017-06-25 13:40:06+02;1299
2017-06-25 14:19:06+02;1299
2017-06-25 15:58:05+02;1299
2017-06-25 16:28:06+02;1289
2017-06-25 17:11:06+02;1309
2017-06-25 17:57:05+02;1299
2017-06-25 18:48:05+02;1289
2017-06-25 23:01:05+02;1379
2017-06-26 05:29:05+02;1369
2017-06-26 08:19:05+02;1359
2017-06-26 12:03:06+02;1349
2017-06-26 12:46:06+02;1379
2017-06-26 13:57:05+02;1309
2017-06-26 16:21:06+02;1299
2017-06-26 16:53:06+02;1299
2017-06-26 17:10:06+02;1319
2017-06-26 18:19:06+02;1299
2017-06-26 19:28:06+02;1299
2017-06-26 23:01:06+02;1389
2017-06-27 05:24:06+02;1369
2017-06-27 10:58:06+02;1339
2017-06-27 12:46:06+02;1369
2017-06-27 13:44:06+02;1309
2017-06-27 15:57:06+02;1299
2017-06-27 16:15:06+02;1299
2017-06-27 17:10:07+02;1319
2017-06-27 17:54:06+02;1299
2017-06-27 18:46:05+02;1299
2017-06-27 23:01:06+02;1389
2017-06-28 05:25:06+02;1379
2017-06-28 08:12:06+02;1369
2017-06-28 11:00:07+02;1349
2017-06-28 11:24:06+02;1339
2017-06-28 12:46:15+02;1369
2017-06-28 13:41:06+02;1339
2017-06-28 15:44:06+02;1299
2017-06-28 17:10:07+02;1319
2017-06-28 17:55:06+02;1299
2017-06-28 18:44:05+02;1299
2017-06-28 23:01:06+02;1389
2017-06-29 05:22:05+02;1379
2017-06-29 08:14:05+02;1369
2017-06-29 10:58:06+02;1349
2017-06-29 11:34:06+02;1339
2017-06-29 12:46:06+02;1369
2017-06-29 13:44:06+02;1309
2017-06-29 15:59:06+02;1309
2017-06-29 16:28:06+02;1299
2017-06-29 17:10:07+02;1319
2017-06-29 17:58:06+02;1309
2017-06-29 18:46:06+02;1299
2017-06-29 23:01:06+02;1389
2017-06-30 05:23:06+02;1379
2017-06-30 08:15:06+02;1379
2017-06-30 08:28:06+02;1369
2017-06-30 10:58:08+02;1349
2017-06-30 12:14:07+02;1319
2017-06-30 12:46:07+02;1349
2017-06-30 13:42:06+02;1319
2017-06-30 15:59:06+02;1309
2017-06-30 16:29:06+02;1309
2017-06-30 17:10:06+02;1329
2017-06-30 18:00:07+02;1309
2017-06-30 19:58:06+02;1299
2017-06-30 23:02:06+02;1389
2017-07-01 06:35:06+02;1379
2017-07-01 10:57:05+02;1349
2017-07-01 11:20:06+02;1339
2017-07-01 12:03:06+02;1329
2017-07-01 12:17:06+02;1319
2017-07-01 12:46:06+02;1349
2017-07-01 13:39:05+02;1319
2017-07-01 16:27:06+02;1309
2017-07-01 17:11:06+02;1329
2017-07-01 17:54:06+02;1309
2017-07-01 23:01:06+02;1399
2017-07-02 09:36:06+02;1379
2017-07-02 12:46:06+02;1399
2017-07-02 13:36:06+02;1379
2017-07-02 16:12:06+02;1329
2017-07-02 17:10:06+02;1349
2017-07-02 17:54:06+02;1329
2017-07-02 18:47:17+02;1319
2017-07-02 23:01:06+02;1399
2017-07-03 05:23:05+02;1379
2017-07-03 08:13:06+02;1309
2017-07-03 12:46:06+02;1339
2017-07-03 13:48:06+02;1309
2017-07-03 17:11:06+02;1329
2017-07-03 18:03:06+02;1309
2017-07-03 23:01:06+02;1399
2017-07-04 05:23:06+02;1379
2017-07-04 10:58:06+02;1359
2017-07-04 11:28:06+02;1349
2017-07-04 12:12:06+02;1319
2017-07-04 12:47:06+02;1349
2017-07-04 13:47:06+02;1319
2017-07-04 15:57:05+02;1309
2017-07-04 17:11:06+02;1329
2017-07-04 17:59:06+02;1309
2017-07-04 19:56:06+02;1309
2017-07-04 23:01:06+02;1399
2017-07-05 05:26:06+02;1369
2017-07-05 10:58:06+02;1359
2017-07-05 12:13:07+02;1329
2017-07-05 12:46:06+02;1359
2017-07-05 13:41:06+02;1329
2017-07-05 16:26:06+02;1319
2017-07-05 17:11:06+02;1339
2017-07-05 17:55:07+02;1319
2017-07-05 19:55:06+02;1319
2017-07-05 23:01:05+02;1399
2017-07-06 05:24:05+02;1379
2017-07-06 10:45:06+02;1359
2017-07-06 10:59:05+02;1359
2017-07-06 12:13:06+02;1329
2017-07-06 12:46:06+02;1359
2017-07-06 13:43:06+02;1329
2017-07-06 15:28:08+02;1319
2017-07-06 16:27:07+02;1309
2017-07-06 17:10:07+02;1329
2017-07-06 17:59:06+02;1309
2017-07-06 19:56:06+02;1299
2017-07-06 23:01:06+02;1389
2017-07-07 05:21:05+02;1379
2017-07-07 10:58:06+02;1359
2017-07-07 11:44:06+02;1349
2017-07-07 12:14:06+02;1349
2017-07-07 12:46:06+02;1379
2017-07-07 13:41:06+02;1349
2017-07-07 15:58:06+02;1309
2017-07-07 17:11:06+02;1329
2017-07-07 17:53:06+02;1309
2017-07-07 19:27:06+02;1299
2017-07-07 23:01:06+02;1389
2017-07-08 06:35:06+02;1379
2017-07-08 11:26:06+02;1369
2017-07-08 11:46:06+02;1359
2017-07-08 11:58:05+02;1349
2017-07-08 12:46:06+02;1379
2017-07-08 13:43:06+02;1319
2017-07-08 15:58:05+02;1309
2017-07-08 17:11:06+02;1329
2017-07-08 17:57:05+02;1309
2017-07-08 23:01:06+02;1399
2017-07-09 09:37:05+02;1379
2017-07-09 11:22:05+02;1319
2017-07-09 12:46:05+02;1349
2017-07-09 13:36:06+02;1319
2017-07-09 15:26:06+02;1309
2017-07-09 17:10:06+02;1329
2017-07-09 17:58:06+02;1309
2017-07-09 23:02:06+02;1399
2017-07-10 05:23:05+02;1379
2017-07-10 11:00:06+02;1339
2017-07-10 12:46:06+02;1369
2017-07-10 13:42:06+02;1309
2017-07-10 16:17:06+02;1299
2017-07-10 17:10:06+02;1319
2017-07-10 17:59:06+02;1299
2017-07-10 19:57:05+02;1289
2017-07-10 23:02:11+02;1379
2017-07-11 06:43:19+02;1289
2017-07-11 12:46:06+02;1319
2017-07-11 13:40:07+02;1299
2017-07-11 14:17:06+02;1289
2017-07-11 17:11:06+02;1309
2017-07-11 18:00:06+02;1289
2017-07-11 23:01:06+02;1379
2017-07-12 05:23:05+02;1369
2017-07-12 10:58:06+02;1349
2017-07-12 11:44:08+02;1339
2017-07-12 12:13:05+02;1319
2017-07-12 12:46:06+02;1349
2017-07-12 13:40:06+02;1309
2017-07-12 16:29:06+02;1299
2017-07-12 17:10:06+02;1319
2017-07-12 17:58:06+02;1299
2017-07-12 23:01:10+02;1389
2017-07-13 05:21:06+02;1369
2017-07-13 11:25:06+02;1349
2017-07-13 12:46:06+02;1379
2017-07-13 13:45:06+02;1319
2017-07-13 17:10:06+02;1339
2017-07-13 18:07:06+02;1319
2017-07-13 18:52:06+02;1309
2017-07-13 23:01:06+02;1399
2017-07-14 05:24:06+02;1369
2017-07-14 10:59:05+02;1349
2017-07-14 12:47:07+02;1379
2017-07-14 13:43:05+02;1309
2017-07-14 17:10:06+02;1329
2017-07-14 17:59:20+02;1309
2017-07-14 23:01:06+02;1399
2017-07-15 06:35:06+02;1369
2017-07-15 10:29:05+02;1359
2017-07-15 10:45:06+02;1349
2017-07-15 12:15:06+02;1319
2017-07-15 12:47:05+02;1349
2017-07-15 13:40:06+02;1319
2017-07-15 16:27:19+02;1309
2017-07-15 17:10:22+02;1329
2017-07-15 17:53:05+02;1309
2017-07-15 23:01:06+02;1399
2017-07-16 09:36:05+02;1369
2017-07-16 12:46:06+02;1399
2017-07-16 13:36:06+02;1369
2017-07-16 14:17:06+02;1359
2017-07-16 16:29:05+02;1309
2017-07-16 17:10:06+02;1329
2017-07-16 17:47:05+02;1309
2017-07-16 23:01:06+02;1399
2017-07-17 05:25:06+02;1369
2017-07-17 11:29:05+02;1349
2017-07-17 12:15:06+02;1349
2017-07-17 12:46:06+02;1379
2017-07-17 14:24:06+02;1319
2017-07-17 15:59:05+02;1309
2017-07-17 17:10:06+02;1329
2017-07-17 18:00:07+02;1309
2017-07-17 23:01:06+02;1399
2017-07-18 05:23:05+02;1369
2017-07-18 10:58:06+02;1349
2017-07-18 12:47:06+02;1379
2017-07-18 13:42:06+02;1329
2017-07-18 15:43:06+02;1319
2017-07-18 17:10:06+02;1339
2017-07-18 17:57:06+02;1319
2017-07-18 19:56:06+02;1309
2017-07-18 23:01:06+02;1399
2017-07-19 05:24:06+02;1369
2017-07-19 10:45:06+02;1349
2017-07-19 12:46:06+02;1379
2017-07-19 13:45:06+02;1319
2017-07-19 15:31:06+02;1309
2017-07-19 17:10:06+02;1329
2017-07-19 17:59:05+02;1309
2017-07-19 23:01:06+02;1399
2017-07-20 05:22:06+02;1379
2017-07-20 11:00:06+02;1349
2017-07-20 12:14:06+02;1329
2017-07-20 12:46:06+02;1359
2017-07-20 13:44:06+02;1329
2017-07-20 15:45:06+02;1319
2017-07-20 17:10:06+02;1339
2017-07-20 18:00:07+02;1319
2017-07-20 19:15:06+02;1309
2017-07-20 23:01:06+02;1399
2017-07-21 05:22:06+02;1379
2017-07-21 10:48:06+02;1349
2017-07-21 12:46:06+02;1379
2017-07-21 13:46:06+02;1329
2017-07-21 15:59:05+02;1319
2017-07-21 17:10:06+02;1339
2017-07-21 17:58:06+02;1319
2017-07-21 19:27:06+02;1319
2017-07-21 23:01:06+02;1409
2017-07-22 02:20:07+02;1409
2017-07-22 06:34:06+02;1379
2017-07-22 11:00:06+02;1359
2017-07-22 12:46:05+02;1389
2017-07-22 13:38:06+02;1329
2017-07-22 15:59:05+02;1319
2017-07-22 17:10:06+02;1339
2017-07-22 17:53:06+02;1319
2017-07-22 23:01:06+02;1409
2017-07-23 09:45:06+02;1379
2017-07-23 11:02:06+02;1329
2017-07-23 12:46:06+02;1359
2017-07-23 13:39:05+02;1329
2017-07-23 16:12:06+02;1319
2017-07-23 17:12:06+02;1339
2017-07-23 17:56:06+02;1319
2017-07-23 23:01:06+02;1409
2017-07-24 05:24:06+02;1379
2017-07-24 10:29:06+02;1359
2017-07-24 11:59:07+02;1349
2017-07-24 12:46:07+02;1379
2017-07-24 13:04:06+02;1329
2017-07-24 15:58:06+02;1319
2017-07-24 17:10:07+02;1339
2017-07-24 18:02:06+02;1319
2017-07-24 23:01:06+02;1409
2017-07-25 05:22:06+02;1389
2017-07-25 07:59:05+02;1389
2017-07-25 11:00:07+02;1339
2017-07-25 12:47:13+02;1369
2017-07-25 13:46:05+02;1319
2017-07-25 16:18:07+02;1309
2017-07-25 17:10:07+02;1329
2017-07-25 18:02:06+02;1309
2017-07-25 23:01:06+02;1399
2017-07-26 06:36:06+02;1389
2017-07-26 08:13:05+02;1379
2017-07-26 11:00:06+02;1349
2017-07-26 12:47:06+02;1379
2017-07-26 13:40:06+02;1319
2017-07-26 15:44:06+02;1309
2017-07-26 17:11:07+02;1329
2017-07-26 17:55:07+02;1309
2017-07-26 19:57:05+02;1299
2017-07-26 23:01:06+02;1389
2017-07-27 05:23:05+02;1379
2017-07-27 10:57:07+02;1309
2017-07-27 12:47:06+02;1339
2017-07-27 13:39:07+02;1309
2017-07-27 17:12:19+02;1329
2017-07-27 17:56:13+02;1309
2017-07-27 23:02:06+02;1399
2017-07-28 05:20:06+02;1369
2017-07-28 11:44:08+02;1349
2017-07-28 12:01:12+02;1349
2017-07-28 12:46:05+02;1379
2017-07-28 13:32:05+02;1369
2017-07-28 14:12:05+02;1309
2017-07-28 17:11:05+02;1329
2017-07-28 18:00:06+02;1309
2017-07-28 23:01:06+02;1399
2017-07-29 06:33:05+02;1369
2017-07-29 10:57:05+02;1349
2017-07-29 11:59:05+02;1319
2017-07-29 12:47:05+02;1349
2017-07-29 13:38:05+02;1319
2017-07-29 15:57:05+02;1309
2017-07-29 17:10:06+02;1329
2017-07-29 17:53:05+02;1309
2017-07-29 23:02:05+02;1399
2017-07-30 09:39:06+02;1369
2017-07-30 10:58:05+02;1319
2017-07-30 12:46:06+02;1349
2017-07-30 13:40:06+02;1319
2017-07-30 15:58:05+02;1309
2017-07-30 17:10:06+02;1329
2017-07-30 17:56:05+02;1309
2017-07-30 23:02:05+02;1399
2017-07-31 05:27:05+02;1369
2017-07-31 09:37:05+02;1339
2017-07-31 12:48:06+02;1369
2017-07-31 13:43:06+02;1339
2017-07-31 14:48:06+02;1329
2017-07-31 15:10:06+02;1329
2017-07-31 15:59:06+02;1319
2017-07-31 17:10:12+02;1339
2017-07-31 17:59:05+02;1319
2017-07-31 23:02:06+02;1409
2017-08-01 05:24:05+02;1379
2017-08-01 09:40:06+02;1349
2017-08-01 12:46:06+02;1379
2017-08-01 13:40:06+02;1349
2017-08-01 17:10:06+02;1369
2017-08-01 17:57:06+02;1349
2017-08-01 18:45:06+02;1329
2017-08-01 18:57:06+02;1309
2017-08-01 23:01:06+02;1399
2017-08-02 05:23:05+02;1369
2017-08-02 09:40:06+02;1349
2017-08-02 12:47:06+02;1379
2017-08-02 13:44:06+02;1329
2017-08-02 15:46:08+02;1319
2017-08-02 17:10:06+02;1339
2017-08-02 17:58:06+02;1319
2017-08-02 23:01:06+02;1409
2017-08-03 05:23:05+02;1379
2017-08-03 09:15:06+02;1349
2017-08-03 12:12:09+02;1329
2017-08-03 12:47:06+02;1359
2017-08-03 13:41:05+02;1329
2017-08-03 16:00:07+02;1319
2017-08-03 17:10:06+02;1339
2017-08-03 17:56:06+02;1319
2017-08-03 23:01:06+02;1409
2017-08-04 05:20:06+02;1389
2017-08-04 09:40:06+02;1359
2017-08-04 11:25:06+02;1359
2017-08-04 12:14:06+02;1329
2017-08-04 12:47:06+02;1359
2017-08-04 13:43:05+02;1329
2017-08-04 16:17:06+02;1319
2017-08-04 17:10:07+02;1339
2017-08-04 17:59:06+02;1319
2017-08-04 23:01:06+02;1409
2017-08-05 06:36:06+02;1389
2017-08-05 09:37:17+02;1369
2017-08-05 10:58:05+02;1359
2017-08-05 11:21:06+02;1329
2017-08-05 12:46:05+02;1359
2017-08-05 13:36:06+02;1329
2017-08-05 15:41:05+02;1319
2017-08-05 17:10:06+02;1339
2017-08-05 17:53:05+02;1319
2017-08-05 23:01:06+02;1409
2017-08-06 09:37:06+02;1369
2017-08-06 10:57:06+02;1359
2017-08-06 11:42:06+02;1329
2017-08-06 12:46:05+02;1359
2017-08-06 13:36:06+02;1329
2017-08-06 15:43:05+02;1319
2017-08-06 17:10:06+02;1339
2017-08-06 17:56:05+02;1319
2017-08-06 23:01:05+02;1409
2017-08-07 05:26:05+02;1389
2017-08-07 09:41:06+02;1359
2017-08-07 10:17:07+02;1319
2017-08-07 10:46:06+02;1319
2017-08-07 12:47:06+02;1349
2017-08-07 13:43:06+02;1319
2017-08-07 15:58:06+02;1309
2017-08-07 17:10:06+02;1329
2017-08-07 17:59:05+02;1309
2017-08-07 23:01:05+02;1399
2017-08-08 05:29:05+02;1379
2017-08-08 10:29:05+02;1349
2017-08-08 12:46:06+02;1379
2017-08-08 13:48:06+02;1329
2017-08-08 16:15:06+02;1319
2017-08-08 17:11:16+02;1339
2017-08-08 17:59:05+02;1319
2017-08-08 23:01:06+02;1409
2017-08-09 05:23:05+02;1379
2017-08-09 09:39:06+02;1349
2017-08-09 11:59:05+02;1349
2017-08-09 12:13:05+02;1339
2017-08-09 12:47:06+02;1369
2017-08-09 13:43:06+02;1329
2017-08-09 16:15:06+02;1319
2017-08-09 17:11:05+02;1339
2017-08-09 17:57:06+02;1319
2017-08-09 23:01:06+02;1409
2017-08-10 05:18:09+02;1389
2017-08-10 08:14:06+02;1389
2017-08-10 09:40:06+02;1359
2017-08-10 11:45:07+02;1359
2017-08-10 12:14:06+02;1329
2017-08-10 12:46:05+02;1359
2017-08-10 13:44:06+02;1329
2017-08-10 16:14:05+02;1319
2017-08-10 17:11:06+02;1339
2017-08-10 17:59:06+02;1319
2017-08-10 23:01:06+02;1409
2017-08-11 05:21:06+02;1389
2017-08-11 08:14:06+02;1389
2017-08-11 09:40:06+02;1359
2017-08-11 11:57:05+02;1349
2017-08-11 12:46:05+02;1379
2017-08-11 13:39:06+02;1329
2017-08-11 15:44:06+02;1319
2017-08-11 16:42:06+02;1319
2017-08-11 17:10:06+02;1339
2017-08-11 17:54:06+02;1319
2017-08-11 23:01:06+02;1409
2017-08-12 06:33:05+02;1379
2017-08-12 09:37:05+02;1359
2017-08-12 10:57:05+02;1329
2017-08-12 12:46:05+02;1359
2017-08-12 13:40:06+02;1329
2017-08-12 16:13:05+02;1319
2017-08-12 17:10:06+02;1339
2017-08-12 17:57:06+02;1319
2017-08-12 23:02:05+02;1409
2017-08-13 09:39:05+02;1379
2017-08-13 17:10:06+02;1399
2017-08-13 17:52:05+02;1379
2017-08-13 23:01:06+02;1419
2017-08-14 08:14:06+02;1389
2017-08-14 09:38:05+02;1389
2017-08-14 10:59:06+02;1349
2017-08-14 12:16:05+02;1319
2017-08-14 12:46:06+02;1349
2017-08-14 13:40:06+02;1319
2017-08-14 16:14:05+02;1309
2017-08-14 17:10:06+02;1329
2017-08-14 17:59:05+02;1309
2017-08-14 23:01:06+02;1399
2017-08-15 05:23:05+02;1379
2017-08-15 09:37:06+02;1309
2017-08-15 12:46:06+02;1339
2017-08-15 13:39:05+02;1309
2017-08-15 17:10:06+02;1329
2017-08-15 17:54:06+02;1309
2017-08-15 23:01:06+02;1399
2017-08-16 05:22:05+02;1379
2017-08-16 09:41:06+02;1349
2017-08-16 11:00:06+02;1349
2017-08-16 12:47:05+02;1379
2017-08-16 13:41:06+02;1319
2017-08-16 16:15:06+02;1309
2017-08-16 17:11:06+02;1329
2017-08-16 17:54:06+02;1309
2017-08-16 23:02:06+02;1399
2017-08-17 05:23:05+02;1379
2017-08-17 09:35:06+02;1349
2017-08-17 12:15:06+02;1319
2017-08-17 12:47:06+02;1349
2017-08-17 13:38:05+02;1319
2017-08-17 15:57:08+02;1309
2017-08-17 17:11:09+02;1329
2017-08-17 17:54:08+02;1309
2017-08-17 23:02:08+02;1399
2017-08-18 05:22:07+02;1379
2017-08-18 09:39:13+02;1359
2017-08-18 10:59:08+02;1349
2017-08-18 11:31:14+02;1339
2017-08-18 12:13:09+02;1309
2017-08-18 12:46:10+02;1339
2017-08-18 13:44:09+02;1309
2017-08-18 16:15:12+02;1299
2017-08-18 17:11:13+02;1319
2017-08-18 17:56:10+02;1299
2017-08-18 23:01:08+02;1389
2017-08-19 06:36:08+02;1379
2017-08-19 09:36:11+02;1299
2017-08-19 12:46:10+02;1329
2017-08-19 13:43:09+02;1299
2017-08-19 17:10:10+02;1319
2017-08-19 17:56:08+02;1299
2017-08-19 23:01:09+02;1389
2017-08-20 09:39:09+02;1299
2017-08-20 12:46:09+02;1329
2017-08-20 13:45:14+02;1299
2017-08-20 17:10:10+02;1319
2017-08-20 17:56:10+02;1299
2017-08-20 23:01:08+02;1389
2017-08-21 05:29:07+02;1379
2017-08-21 09:39:25+02;1299
2017-08-21 12:46:11+02;1329
2017-08-21 13:43:13+02;1299
2017-08-21 17:10:15+02;1319
2017-08-21 17:58:09+02;1299
2017-08-21 23:01:08+02;1389
2017-08-22 05:20:08+02;1379
2017-08-22 07:44:09+02;1379
2017-08-22 09:37:10+02;1299
2017-08-22 12:46:14+02;1329
2017-08-22 13:41:16+02;1299
2017-08-22 17:11:14+02;1319
2017-08-22 18:03:10+02;1299
2017-08-22 23:01:08+02;1389
2017-08-23 05:22:07+02;1389
2017-08-23 08:16:08+02;1379
2017-08-23 09:42:08+02;1299
2017-08-23 12:47:11+02;1329
2017-08-23 13:47:07+02;1299
2017-08-23 17:11:10+02;1319
2017-08-23 18:02:09+02;1299
2017-08-23 18:30:15+02;1299
2017-08-23 23:02:08+02;1389
2017-08-24 03:33:06+02;1389
2017-08-24 08:16:05+02;1379
2017-08-24 09:41:05+02;1299
2017-08-24 12:47:06+02;1329
2017-08-24 13:43:05+02;1309
2017-08-24 16:28:05+02;1309
2017-08-24 17:11:06+02;1329
2017-08-24 17:58:05+02;1309
2017-08-24 23:01:06+02;1399
2017-08-25 05:22:05+02;1389
2017-08-25 08:14:05+02;1379
2017-08-25 09:39:05+02;1359
2017-08-25 10:58:06+02;1349
2017-08-25 12:47:06+02;1379
2017-08-25 13:38:06+02;1349
2017-08-25 14:15:06+02;1339
2017-08-25 14:57:06+02;1329
2017-08-25 16:43:06+02;1309
2017-08-25 17:10:06+02;1329
2017-08-25 17:53:06+02;1309
2017-08-25 18:45:06+02;1309
2017-08-25 23:01:05+02;1399
2017-08-26 06:35:14+02;1389
2017-08-26 08:45:06+02;1379
2017-08-26 09:38:06+02;1369
2017-08-26 11:20:06+02;1359
2017-08-26 12:13:05+02;1319
2017-08-26 12:46:05+02;1349
2017-08-26 13:40:06+02;1319
2017-08-26 15:44:05+02;1309
2017-08-26 17:11:05+02;1329
2017-08-26 17:53:05+02;1309
2017-08-26 23:01:05+02;1399
2017-08-27 09:39:05+02;1369
2017-08-27 10:59:05+02;1319
2017-08-27 12:46:06+02;1349
2017-08-27 13:38:05+02;1319
2017-08-27 15:58:05+02;1309
2017-08-27 17:10:06+02;1329
2017-08-27 17:54:05+02;1309
2017-08-27 23:01:05+02;1399
2017-08-28 05:26:05+02;1389
2017-08-28 08:17:06+02;1379
2017-08-28 09:41:06+02;1359
2017-08-28 12:46:06+02;1389
2017-08-28 13:54:09+02;1339
2017-08-28 17:10:06+02;1359
2017-08-28 17:40:06+02;1329
2017-08-28 23:02:05+02;1419
2017-08-29 05:23:05+02;1389
2017-08-29 09:43:05+02;1359
2017-08-29 12:14:06+02;1349
2017-08-29 12:47:06+02;1379
2017-08-29 13:44:06+02;1339
2017-08-29 16:27:06+02;1329
2017-08-29 17:11:06+02;1349
2017-08-29 17:57:06+02;1319
2017-08-29 19:57:17+02;1309
2017-08-29 23:01:06+02;1399
2017-08-30 05:25:06+02;1389
2017-08-30 09:37:06+02;1359
2017-08-30 11:28:06+02;1349
2017-08-30 12:15:06+02;1319
2017-08-30 12:47:09+02;1349
2017-08-30 13:43:06+02;1319
2017-08-30 16:28:23+02;1319
2017-08-30 16:45:07+02;1309
2017-08-30 17:12:06+02;1329
2017-08-30 17:57:06+02;1319
2017-08-30 18:30:07+02;1309
2017-08-30 23:01:06+02;1399
2017-08-31 05:21:06+02;1389
2017-08-31 08:15:06+02;1379
2017-08-31 09:41:06+02;1359
2017-08-31 10:59:15+02;1359
2017-08-31 12:12:06+02;1339
2017-08-31 12:46:06+02;1369
2017-08-31 13:42:05+02;1339
2017-08-31 17:10:06+02;1359
2017-08-31 17:13:06+02;1329
2017-08-31 19:57:06+02;1329
2017-08-31 23:01:06+02;1419
2017-09-01 05:22:06+02;1409
2017-09-01 08:13:07+02;1399
2017-09-01 09:40:07+02;1379
2017-09-01 10:30:08+02;1359
2017-09-01 12:46:06+02;1389
2017-09-01 13:43:06+02;1359
2017-09-01 17:12:06+02;1379
2017-09-01 17:57:06+02;1359
2017-09-01 23:02:18+02;1449
2017-09-02 06:33:06+02;1419
2017-09-02 08:45:06+02;1419
2017-09-02 09:36:05+02;1399
2017-09-02 10:20:06+02;1349
2017-09-02 12:46:06+02;1379
2017-09-02 13:40:06+02;1349
2017-09-02 15:28:06+02;1349
2017-09-02 17:10:06+02;1369
2017-09-02 17:57:06+02;1349
2017-09-02 23:01:06+02;1439
2017-09-03 12:47:06+02;1459
2017-09-03 15:24:06+02;1409
2017-09-03 15:57:06+02;1359
2017-09-03 16:28:06+02;1349
2017-09-03 17:10:06+02;1369
2017-09-03 18:00:06+02;1359
2017-09-03 18:13:06+02;1349
2017-09-03 18:29:05+02;1349
2017-09-03 23:01:06+02;1439
2017-09-04 05:25:06+02;1409
2017-09-04 08:17:05+02;1409
2017-09-04 09:42:06+02;1349
2017-09-04 12:47:06+02;1379
2017-09-04 13:51:06+02;1349
2017-09-04 17:10:06+02;1369
2017-09-04 18:03:06+02;1349
2017-09-04 19:13:06+02;1349
2017-09-04 23:01:05+02;1439
2017-09-05 05:21:06+02;1429
2017-09-05 09:38:05+02;1399
2017-09-05 10:58:06+02;1379
2017-09-05 12:14:06+02;1359
2017-09-05 12:47:06+02;1389
2017-09-05 13:42:06+02;1359
2017-09-05 16:28:06+02;1349
2017-09-05 17:11:06+02;1369
2017-09-05 17:55:06+02;1349
2017-09-05 18:59:05+02;1349
2017-09-05 23:01:05+02;1439
2017-09-06 07:44:06+02;1419
2017-09-06 09:37:06+02;1409
2017-09-06 10:46:06+02;1379
2017-09-06 12:13:06+02;1349
2017-09-06 12:47:06+02;1379
2017-09-06 13:45:06+02;1349
2017-09-06 15:59:06+02;1339
2017-09-06 17:11:06+02;1359
2017-09-06 17:35:07+02;1339
2017-09-06 23:01:06+02;1429
2017-09-07 08:14:06+02;1409
2017-09-07 09:40:06+02;1399
2017-09-07 10:46:06+02;1389
2017-09-07 11:30:08+02;1379
2017-09-07 12:14:06+02;1349
2017-09-07 12:46:06+02;1379
2017-09-07 13:47:06+02;1349
2017-09-07 15:30:07+02;1349
2017-09-07 17:10:06+02;1369
2017-09-07 17:58:06+02;1349
2017-09-07 19:57:06+02;1349
2017-09-07 23:01:06+02;1439
2017-09-08 08:14:06+02;1429
2017-09-08 09:37:06+02;1409
2017-09-08 10:59:06+02;1389
2017-09-08 11:21:06+02;1369
2017-09-08 12:13:06+02;1369
2017-09-08 12:47:06+02;1399
2017-09-08 13:38:07+02;1369
2017-09-08 16:27:06+02;1359
2017-09-08 16:58:06+02;1349
2017-09-08 17:10:06+02;1379
2017-09-08 17:53:05+02;1349
2017-09-08 18:30:07+02;1339
2017-09-08 23:01:06+02;1429
2017-09-09 06:34:05+02;1429
2017-09-09 09:38:06+02;1399
2017-09-09 11:27:06+02;1399
2017-09-09 12:15:06+02;1369
2017-09-09 12:47:05+02;1399
2017-09-09 13:40:06+02;1369
2017-09-09 15:28:05+02;1359
2017-09-09 17:10:06+02;1379
2017-09-09 17:52:06+02;1359
2017-09-09 23:01:06+02;1449
2017-09-10 09:37:05+02;1409
2017-09-10 10:58:05+02;1389
2017-09-10 12:12:06+02;1369
2017-09-10 12:46:05+02;1399
2017-09-10 13:36:06+02;1369
2017-09-10 15:56:05+02;1359
2017-09-10 17:10:06+02;1379
2017-09-10 17:56:05+02;1359
2017-09-10 23:01:06+02;1449
2017-09-11 05:21:07+02;1429
2017-09-11 08:13:06+02;1429
2017-09-11 09:36:06+02;1399
2017-09-11 11:28:06+02;1389
2017-09-11 12:15:07+02;1359
2017-09-11 12:47:06+02;1389
2017-09-11 13:39:06+02;1359
2017-09-11 17:10:07+02;1379
2017-09-11 17:56:14+02;1359
2017-09-11 20:13:06+02;1349
2017-09-11 23:01:06+02;1439
2017-09-12 05:23:05+02;1429
2017-09-12 08:15:06+02;1419
2017-09-12 09:44:06+02;1399
2017-09-12 10:57:07+02;1379
2017-09-12 12:16:05+02;1349
2017-09-12 12:47:12+02;1379
2017-09-12 13:43:06+02;1349
2017-09-12 15:59:05+02;1339
2017-09-12 17:11:06+02;1359
2017-09-12 17:53:06+02;1339
2017-09-12 23:01:06+02;1429
2017-09-13 05:25:06+02;1429
2017-09-13 08:14:06+02;1419
2017-09-13 09:41:06+02;1399
2017-09-13 11:02:06+02;1389
2017-09-13 12:47:06+02;1419
2017-09-13 13:46:06+02;1349
2017-09-13 15:44:06+02;1339
2017-09-13 17:10:06+02;1359
2017-09-13 17:59:05+02;1339
2017-09-13 19:58:06+02;1329
2017-09-13 23:01:06+02;1419
2017-09-14 08:15:06+02;1409
2017-09-14 09:38:06+02;1389
2017-09-14 10:46:06+02;1379
2017-09-14 12:16:06+02;1349
2017-09-14 12:46:06+02;1379
2017-09-14 13:42:06+02;1349
2017-09-14 16:28:06+02;1339
2017-09-14 17:10:07+02;1359
2017-09-14 17:55:06+02;1339
2017-09-14 18:58:06+02;1339
2017-09-14 23:01:06+02;1429
2017-09-15 08:15:07+02;1409
2017-09-15 09:14:06+02;1369
2017-09-15 12:13:06+02;1339
2017-09-15 12:47:06+02;1369
2017-09-15 13:45:06+02;1339
2017-09-15 15:58:06+02;1339
2017-09-15 16:14:06+02;1329
2017-09-15 17:10:06+02;1349
2017-09-15 17:58:06+02;1339
2017-09-15 18:46:06+02;1329
2017-09-15 23:01:06+02;1419
2017-09-16 06:35:05+02;1419
2017-09-16 08:45:06+02;1409
2017-09-16 09:36:06+02;1389
2017-09-16 10:45:06+02;1349
2017-09-16 12:15:36+02;1339
2017-09-16 12:46:06+02;1369
2017-09-16 13:40:06+02;1339
2017-09-16 17:10:11+02;1359
2017-09-16 17:55:06+02;1339
2017-09-16 18:34:06+02;1329
2017-09-16 23:01:05+02;1419
2017-09-17 09:43:06+02;1389
2017-09-17 11:23:05+02;1359
2017-09-17 11:32:06+02;1349
2017-09-17 12:46:06+02;1379
2017-09-17 13:39:06+02;1349
2017-09-17 15:22:05+02;1349
2017-09-17 17:11:06+02;1369
2017-09-17 17:50:06+02;1349
2017-09-17 18:33:05+02;1329
2017-09-17 23:01:06+02;1419
2017-09-18 05:23:05+02;1419
2017-09-18 08:16:06+02;1399
2017-09-18 09:39:05+02;1389
2017-09-18 11:01:06+02;1359
2017-09-18 12:46:05+02;1389
2017-09-18 13:46:06+02;1339
2017-09-18 16:15:07+02;1339
2017-09-18 16:29:06+02;1329
2017-09-18 17:11:06+02;1349
2017-09-18 17:57:06+02;1339
2017-09-18 18:45:06+02;1329
2017-09-18 23:01:06+02;1419
2017-09-19 05:21:06+02;1409
2017-09-19 07:43:05+02;1399
2017-09-19 09:39:05+02;1379
2017-09-19 10:59:06+02;1359
2017-09-19 12:46:06+02;1389
2017-09-19 13:45:06+02;1349
2017-09-19 15:58:06+02;1339
2017-09-19 23:16:20+02;1429
2017-09-20 05:21:06+02;1409
2017-09-20 09:44:06+02;1379
2017-09-20 11:00:06+02;1369
2017-09-20 12:46:06+02;1399
2017-09-20 13:44:07+02;1339
2017-09-20 15:31:06+02;1329
2017-09-20 16:43:06+02;1319
2017-09-20 17:11:06+02;1339
2017-09-20 17:59:06+02;1319
2017-09-20 23:01:06+02;1409
2017-09-21 08:13:05+02;1399
2017-09-21 09:38:05+02;1379
2017-09-21 10:59:06+02;1359
2017-09-21 12:14:05+02;1329
2017-09-21 12:47:06+02;1359
2017-09-21 13:46:18+02;1329
2017-09-21 16:00:06+02;1329
2017-09-21 16:15:06+02;1319
2017-09-21 17:10:06+02;1339
2017-09-21 18:00:06+02;1329
2017-09-21 18:47:05+02;1319
2017-09-21 23:01:06+02;1409
