2014-06-08 09:50:01+02;1569
2014-06-08 11:14:01+02;1559
2014-06-08 11:38:01+02;1549
2014-06-08 12:46:01+02;1539
2014-06-08 14:02:01+02;1669
2014-06-09 00:02:01+02;1629
2014-06-09 00:58:01+02;1619
2014-06-09 03:58:01+02;1599
2014-06-09 05:14:01+02;1589
2014-06-09 06:14:01+02;1579
2014-06-09 07:42:01+02;1569
2014-06-09 09:46:01+02;1549
2014-06-09 12:34:01+02;1539
2014-06-09 14:02:01+02;1669
2014-06-09 23:34:01+02;1619
2014-06-10 02:18:01+02;1599
2014-06-10 03:50:01+02;1589
2014-06-10 05:42:01+02;1579
2014-06-10 07:06:01+02;1569
2014-06-10 08:06:01+02;1549
2014-06-10 10:34:01+02;1539
2014-06-10 11:54:01+02;1529
2014-06-10 12:02:01+02;1529
2014-06-10 14:02:01+02;1679
2014-06-10 23:30:01+02;1619
2014-06-11 00:54:01+02;1599
2014-06-11 02:54:01+02;1589
2014-06-11 04:14:01+02;1579
2014-06-11 08:46:01+02;1549
2014-06-11 09:06:01+02;1539
2014-06-11 10:06:01+02;1539
2014-06-11 13:14:01+02;1539
2014-06-11 14:02:01+02;1679
2014-06-11 23:30:01+02;1609
2014-06-12 03:06:01+02;1589
2014-06-12 06:46:01+02;1569
2014-06-12 07:54:01+02;1569
2014-06-12 09:14:01+02;1549
2014-06-12 10:14:02+02;1539
2014-06-12 12:06:01+02;1539
2014-06-12 14:02:01+02;1689
2014-06-12 23:14:01+02;1619
2014-06-13 01:42:01+02;1609
2014-06-13 02:38:01+02;1599
2014-06-13 04:14:01+02;1589
2014-06-13 06:14:01+02;1579
2014-06-13 08:22:01+02;1579
2014-06-13 10:06:01+02;1579
2014-06-13 10:14:01+02;1549
2014-06-13 11:54:01+02;1549
2014-06-13 13:06:01+02;1549
2014-06-13 14:02:01+02;1699
2014-06-13 23:34:01+02;1639
2014-06-14 02:54:01+02;1619
2014-06-14 05:06:01+02;1609
2014-06-14 05:38:01+02;1599
2014-06-14 06:30:01+02;1599
2014-06-14 08:10:01+02;1589
2014-06-14 08:22:01+02;1569
2014-06-14 08:54:01+02;1569
2014-06-14 10:10:01+02;1569
2014-06-14 12:06:01+02;1569
2014-06-14 14:02:01+02;1699
2014-06-14 23:34:01+02;1629
2014-06-15 03:50:01+02;1619
2014-06-15 04:38:01+02;1609
2014-06-15 06:18:01+02;1589
2014-06-15 08:54:01+02;1569
2014-06-15 09:58:01+02;1569
2014-06-15 10:34:01+02;1569
2014-06-15 14:02:01+02;1699
2014-06-15 23:38:01+02;1629
2014-06-16 03:02:01+02;1609
2014-06-16 03:14:01+02;1599
2014-06-16 06:06:01+02;1589
2014-06-16 08:06:01+02;1569
2014-06-16 11:30:01+02;1569
2014-06-16 14:02:01+02;1699
2014-06-16 23:06:01+02;1639
2014-06-17 02:30:01+02;1619
2014-06-17 03:30:01+02;1599
2014-06-17 05:54:01+02;1589
2014-06-17 09:06:01+02;1569
2014-06-17 10:26:01+02;1549
2014-06-17 14:02:01+02;1699
2014-06-17 23:14:01+02;1639
2014-06-18 01:10:01+02;1619
2014-06-18 02:50:01+02;1609
2014-06-18 03:30:01+02;1599
2014-06-18 07:14:01+02;1589
2014-06-18 08:06:01+02;1569
2014-06-18 10:26:01+02;1559
2014-06-18 14:02:01+02;1699
2014-06-18 23:06:01+02;1639
2014-06-19 00:06:01+02;1619
2014-06-19 02:06:01+02;1609
2014-06-19 02:54:01+02;1599
2014-06-19 04:54:01+02;1589
2014-06-19 07:06:01+02;1579
2014-06-19 08:30:01+02;1569
2014-06-19 10:30:01+02;1569
2014-06-19 12:30:01+02;1569
2014-06-19 14:02:01+02;1699
2014-06-19 23:38:01+02;1639
2014-06-20 02:10:01+02;1619
2014-06-20 04:26:02+02;1609
2014-06-20 05:22:01+02;1599
2014-06-20 06:46:01+02;1589
2014-06-20 08:38:01+02;1579
2014-06-20 11:06:01+02;1579
2014-06-20 12:54:01+02;1579
2014-06-20 14:02:01+02;1699
2014-06-20 23:34:01+02;1639
2014-06-21 02:46:01+02;1629
2014-06-21 03:26:01+02;1619
2014-06-21 04:46:01+02;1609
2014-06-21 07:26:01+02;1599
2014-06-21 08:38:01+02;1589
2014-06-21 09:50:01+02;1579
2014-06-21 10:34:01+02;1579
2014-06-21 12:42:01+02;1579
2014-06-21 14:02:01+02;1699
2014-06-21 23:34:01+02;1649
2014-06-22 03:38:01+02;1629
2014-06-22 05:46:01+02;1619
2014-06-22 06:10:01+02;1609
2014-06-22 06:46:01+02;1579
2014-06-22 12:30:01+02;1579
2014-06-22 14:02:01+02;1699
2014-06-22 23:34:01+02;1659
2014-06-23 00:14:01+02;1649
2014-06-23 01:14:01+02;1629
2014-06-23 01:54:01+02;1619
2014-06-23 02:54:01+02;1619
2014-06-23 03:06:01+02;1609
2014-06-23 05:50:01+02;1589
2014-06-23 08:06:01+02;1569
2014-06-23 10:14:01+02;1569
2014-06-23 14:02:01+02;1699
2014-06-23 23:34:01+02;1639
2014-06-24 01:38:01+02;1629
2014-06-24 03:38:01+02;1609
2014-06-24 06:38:01+02;1599
2014-06-24 08:22:01+02;1579
2014-06-24 08:54:01+02;1579
2014-06-24 10:26:01+02;1569
2014-06-24 12:54:01+02;1569
2014-06-24 14:02:01+02;1699
2014-06-24 23:14:01+02;1649
2014-06-25 01:02:01+02;1629
2014-06-25 01:10:01+02;1629
2014-06-25 03:50:01+02;1619
2014-06-25 03:54:01+02;1609
2014-06-25 05:30:01+02;1599
2014-06-25 07:38:01+02;1589
2014-06-25 08:14:01+02;1589
2014-06-25 09:38:01+02;1569
2014-06-25 11:38:01+02;1559
2014-06-25 14:02:01+02;1699
2014-06-25 23:54:01+02;1639
2014-06-26 01:10:01+02;1629
2014-06-26 02:38:01+02;1629
2014-06-26 03:38:01+02;1609
2014-06-26 05:06:01+02;1609
2014-06-26 06:26:01+02;1589
2014-06-26 08:10:01+02;1569
2014-06-26 11:26:01+02;1569
2014-06-26 14:02:01+02;1699
2014-06-26 23:14:01+02;1639
2014-06-27 01:30:01+02;1629
2014-06-27 02:02:01+02;1619
2014-06-27 03:46:01+02;1609
2014-06-27 05:14:01+02;1599
2014-06-27 06:14:01+02;1589
2014-06-27 09:06:01+02;1579
2014-06-27 11:50:01+02;1569
2014-06-27 12:18:01+02;1559
2014-06-27 14:02:01+02;1699
2014-06-27 23:34:01+02;1639
2014-06-28 02:54:01+02;1619
2014-06-28 05:54:01+02;1599
2014-06-28 08:46:01+02;1579
2014-06-28 11:06:01+02;1559
2014-06-28 12:46:01+02;1549
2014-06-28 14:02:01+02;1699
2014-06-28 23:34:01+02;1649
2014-06-29 00:18:01+02;1639
2014-06-29 04:26:01+02;1629
2014-06-29 06:06:01+02;1619
2014-06-29 08:18:01+02;1599
2014-06-29 09:54:01+02;1589
2014-06-29 11:38:01+02;1579
2014-06-29 12:14:01+02;1569
2014-06-29 14:02:01+02;1699
2014-06-29 23:10:01+02;1649
2014-06-30 01:26:01+02;1629
2014-06-30 03:30:01+02;1609
2014-06-30 06:06:01+02;1589
2014-06-30 08:26:01+02;1569
2014-06-30 12:02:01+02;1549
2014-06-30 14:02:01+02;1699
2014-06-30 23:34:01+02;1629
2014-07-01 03:06:01+02;1619
2014-07-01 05:26:01+02;1609
2014-07-01 06:26:01+02;1609
2014-07-01 06:38:01+02;1589
2014-07-01 08:38:01+02;1569
2014-07-01 11:14:01+02;1549
2014-07-01 14:02:01+02;1699
2014-07-01 23:22:01+02;1639
2014-07-02 00:58:01+02;1629
2014-07-02 04:26:01+02;1609
2014-07-02 06:46:01+02;1589
2014-07-02 08:58:01+02;1569
2014-07-02 10:54:01+02;1549
2014-07-02 15:38:01+02;1609
2014-07-02 15:50:01+02;1609
2014-07-03 03:18:01+02;1589
2014-07-03 05:38:01+02;1579
2014-07-03 08:14:01+02;1569
2014-07-03 10:30:01+02;1559
2014-07-03 10:54:01+02;1539
2014-07-03 11:02:01+02;1539
2014-07-03 15:34:01+02;1609
2014-07-03 16:18:01+02;1609
2014-07-04 02:46:01+02;1599
2014-07-04 03:54:01+02;1589
2014-07-04 07:30:01+02;1579
2014-07-04 08:54:01+02;1569
2014-07-04 12:38:01+02;1549
2014-07-04 12:54:01+02;1549
2014-07-04 12:58:01+02;1539
2014-07-04 15:34:01+02;1599
2014-07-05 04:06:01+02;1579
2014-07-05 07:38:01+02;1569
2014-07-05 10:30:01+02;1539
2014-07-05 15:34:01+02;1599
2014-07-06 05:54:01+02;1589
2014-07-06 06:54:01+02;1579
2014-07-06 08:06:01+02;1539
2014-07-06 09:54:01+02;1539
2014-07-06 15:34:01+02;1539
2014-07-07 13:38:01+02;1539
2014-07-07 15:34:01+02;1599
2014-07-08 06:10:01+02;1579
2014-07-08 11:46:01+02;1569
2014-07-08 12:14:01+02;1549
2014-07-08 12:22:01+02;1549
2014-07-08 15:34:01+02;1609
2014-07-09 03:54:01+02;1589
2014-07-09 04:58:01+02;1589
2014-07-09 06:26:01+02;1579
2014-07-09 10:10:01+02;1549
2014-07-09 12:22:01+02;1539
2014-07-09 15:34:01+02;1599
2014-07-10 03:14:01+02;1589
2014-07-10 05:26:01+02;1579
2014-07-10 06:54:01+02;1579
2014-07-10 10:10:01+02;1579
2014-07-10 10:26:01+02;1549
2014-07-10 11:26:01+02;1529
2014-07-10 12:26:01+02;1529
2014-07-10 15:34:01+02;1589
2014-07-11 03:54:01+02;1579
2014-07-11 04:14:01+02;1569
2014-07-11 08:46:01+02;1559
2014-07-11 10:26:01+02;1549
2014-07-11 10:38:01+02;1539
2014-07-11 10:54:01+02;1539
2014-07-11 12:54:01+02;1529
2014-07-11 15:34:01+02;1589
2014-07-12 03:26:01+02;1579
2014-07-12 05:38:01+02;1569
2014-07-12 10:26:01+02;1539
2014-07-12 15:34:01+02;1599
2014-07-12 16:18:01+02;1589
2014-07-13 05:18:01+02;1579
2014-07-13 06:54:01+02;1569
2014-07-13 10:26:01+02;1559
2014-07-13 11:02:01+02;1549
2014-07-13 12:14:01+02;1539
2014-07-13 15:34:01+02;1599
2014-07-13 16:18:01+02;1589
2014-07-14 02:14:01+02;1579
2014-07-14 03:58:01+02;1569
2014-07-14 07:06:01+02;1559
2014-07-14 08:18:01+02;1559
2014-07-14 09:06:01+02;1549
2014-07-14 12:26:01+02;1539
2014-07-14 15:34:01+02;1599
2014-07-14 16:18:01+02;1599
2014-07-15 03:58:01+02;1579
2014-07-15 07:50:01+02;1559
2014-07-15 10:10:01+02;1539
2014-07-15 10:26:01+02;1539
2014-07-15 15:34:01+02;1599
2014-07-16 02:46:01+02;1589
2014-07-16 03:54:01+02;1579
2014-07-16 06:10:01+02;1559
2014-07-16 08:26:01+02;1549
2014-07-16 10:06:01+02;1539
2014-07-16 15:34:01+02;1599
2014-07-17 03:06:01+02;1579
2014-07-17 05:46:01+02;1559
2014-07-17 08:26:01+02;1549
2014-07-17 10:14:01+02;1539
2014-07-17 14:22:01+02;1529
2014-07-17 15:34:01+02;1589
2014-07-18 03:06:01+02;1579
2014-07-18 04:26:01+02;1569
2014-07-18 05:14:01+02;1559
2014-07-18 06:38:01+02;1549
2014-07-18 08:26:01+02;1539
2014-07-18 10:26:01+02;1529
2014-07-18 15:34:01+02;1589
2014-07-19 06:38:01+02;1579
2014-07-19 09:02:01+02;1559
2014-07-19 11:06:01+02;1539
2014-07-19 15:34:01+02;1599
2014-07-20 06:26:01+02;1539
2014-07-20 09:38:01+02;1509
2014-07-20 15:34:01+02;1569
2014-07-21 04:02:01+02;1559
2014-07-21 05:50:01+02;1549
2014-07-21 06:54:01+02;1539
2014-07-21 09:46:01+02;1519
2014-07-21 15:34:01+02;1579
2014-07-22 03:06:01+02;1569
2014-07-22 04:14:01+02;1559
2014-07-22 05:38:01+02;1549
2014-07-22 06:46:01+02;1539
2014-07-22 09:18:01+02;1529
2014-07-22 11:42:01+02;1529
2014-07-22 13:14:01+02;1519
2014-07-22 15:34:01+02;1579
2014-07-23 02:42:01+02;1579
2014-07-23 04:10:01+02;1569
2014-07-23 05:54:01+02;1559
2014-07-23 07:06:01+02;1539
2014-07-23 10:06:01+02;1519
2014-07-23 15:34:01+02;1579
2014-07-24 02:50:01+02;1569
2014-07-24 04:10:01+02;1559
2014-07-24 06:14:01+02;1549
2014-07-24 07:22:01+02;1539
2014-07-24 10:46:01+02;1529
2014-07-25 00:02:01+02;1589
2014-07-25 02:38:01+02;1579
2014-07-25 03:54:01+02;1569
2014-07-25 05:54:01+02;1559
2014-07-25 06:54:01+02;1549
2014-07-25 09:02:01+02;1539
2014-07-25 09:54:01+02;1529
2014-07-25 10:10:01+02;1529
2014-07-25 15:34:01+02;1589
2014-07-26 04:18:01+02;1569
2014-07-26 05:46:01+02;1559
2014-07-26 07:38:01+02;1539
2014-07-26 09:02:01+02;1529
2014-07-26 10:06:01+02;1519
2014-07-26 11:18:01+02;1519
2014-07-26 15:34:01+02;1579
2014-07-27 02:58:01+02;1579
2014-07-27 04:50:01+02;1569
2014-07-27 05:10:01+02;1559
2014-07-27 08:46:01+02;1549
2014-07-27 09:46:01+02;1539
2014-07-27 11:14:01+02;1529
2014-07-27 13:22:01+02;1519
2014-07-27 15:34:01+02;1579
2014-07-28 03:18:01+02;1569
2014-07-28 04:10:01+02;1559
2014-07-28 06:26:01+02;1549
2014-07-28 07:38:01+02;1539
2014-07-28 09:46:01+02;1539
2014-07-28 15:34:01+02;1599
2014-07-29 03:06:01+02;1579
2014-07-29 06:18:01+02;1569
2014-07-29 06:30:01+02;1559
2014-07-29 07:50:01+02;1539
2014-07-29 10:06:01+02;1539
2014-07-29 10:26:01+02;1529
2014-07-29 11:18:01+02;1519
2014-07-29 13:30:01+02;1519
2014-07-29 15:34:01+02;1579
2014-07-30 02:26:01+02;1569
2014-07-30 03:54:01+02;1559
2014-07-30 06:50:01+02;1539
2014-07-30 10:30:01+02;1529
2014-07-30 12:06:01+02;1519
2014-07-30 15:34:01+02;1579
2014-07-30 16:22:01+02;1579
2014-07-31 07:06:01+02;1569
2014-07-31 08:18:01+02;1559
2014-07-31 10:26:01+02;1549
2014-07-31 10:38:01+02;1529
2014-07-31 12:14:01+02;1529
2014-07-31 13:54:01+02;1519
2014-07-31 15:34:01+02;1579
2014-08-01 02:54:01+02;1569
2014-08-01 04:26:01+02;1559
2014-08-01 06:26:01+02;1539
2014-08-01 09:26:01+02;1529
2014-08-01 11:38:01+02;1519
2014-08-01 13:54:01+02;1509
2014-08-01 15:34:01+02;1569
2014-08-02 03:46:01+02;1559
2014-08-02 05:06:01+02;1549
2014-08-02 07:46:01+02;1539
2014-08-02 08:26:01+02;1529
2014-08-02 10:02:01+02;1519
2014-08-02 10:14:01+02;1509
2014-08-02 15:34:01+02;1569
2014-08-02 16:22:01+02;1559
2014-08-03 06:02:01+02;1549
2014-08-03 06:54:01+02;1539
2014-08-03 08:54:01+02;1519
2014-08-03 10:10:01+02;1509
2014-08-03 15:34:01+02;1569
2014-08-04 02:54:01+02;1559
2014-08-04 04:54:01+02;1549
2014-08-04 06:42:01+02;1539
2014-08-04 07:54:01+02;1529
2014-08-04 08:54:01+02;1519
2014-08-04 10:06:01+02;1509
2014-08-04 15:34:01+02;1569
2014-08-05 09:06:01+02;1559
2014-08-05 11:14:01+02;1549
2014-08-05 12:26:01+02;1539
2014-08-05 14:54:01+02;1529
2014-08-05 15:38:01+02;1519
2014-08-05 16:42:01+02;1519
2014-08-05 17:14:01+02;1509
2014-08-05 21:34:01+02;1569
2014-08-06 09:54:01+02;1559
2014-08-06 11:14:01+02;1549
2014-08-06 13:26:01+02;1529
2014-08-06 14:38:01+02;1519
2014-08-06 18:50:02+02;1519
2014-08-06 21:34:01+02;1579
2014-08-07 09:02:01+02;1569
2014-08-07 09:18:01+02;1569
2014-08-07 10:46:01+02;1559
2014-08-07 12:26:01+02;1549
2014-08-07 16:02:01+02;1529
2014-08-07 16:18:01+02;1529
2014-08-07 20:02:01+02;1509
2014-08-07 21:02:01+02;1569
2014-08-08 10:38:01+02;1549
2014-08-08 12:34:01+02;1529
2014-08-08 16:06:01+02;1509
2014-08-08 18:14:01+02;1499
2014-08-08 20:30:01+02;1489
2014-08-08 21:02:01+02;1549
2014-08-09 10:38:01+02;1539
2014-08-09 11:50:01+02;1529
2014-08-09 13:46:01+02;1519
2014-08-09 15:18:01+02;1519
2014-08-09 16:14:01+02;1509
2014-08-09 17:30:01+02;1499
2014-08-09 21:02:01+02;1559
2014-08-10 11:02:01+02;1549
2014-08-10 13:38:01+02;1529
2014-08-10 14:50:01+02;1519
2014-08-10 16:42:01+02;1509
2014-08-10 18:22:01+02;1499
2014-08-10 21:02:01+02;1559
2014-08-11 09:14:01+02;1559
2014-08-11 09:46:01+02;1549
2014-08-11 11:26:01+02;1539
2014-08-11 13:54:01+02;1529
2014-08-11 16:46:01+02;1509
2014-08-11 17:38:01+02;1509
2014-08-11 21:02:01+02;1569
2014-08-11 21:26:01+02;1569
2014-08-12 10:14:01+02;1559
2014-08-12 12:38:01+02;1539
2014-08-12 15:14:01+02;1519
2014-08-12 15:26:01+02;1519
2014-08-12 19:30:01+02;1499
2014-08-12 21:02:01+02;1559
2014-08-13 10:38:01+02;1539
2014-08-13 13:14:01+02;1519
2014-08-13 17:46:01+02;1499
2014-08-13 21:06:01+02;1559
2014-08-14 09:38:01+02;1559
2014-08-14 10:54:01+02;1539
2014-08-14 13:14:01+02;1519
2014-08-14 15:58:01+02;1499
2014-08-14 21:02:01+02;1559
2014-08-15 09:50:01+02;1539
2014-08-15 12:46:01+02;1519
2014-08-15 15:06:01+02;1499
2014-08-15 17:38:01+02;1499
2014-08-15 21:02:01+02;1559
2014-08-16 10:14:01+02;1539
2014-08-16 11:58:01+02;1539
2014-08-16 13:46:01+02;1519
2014-08-16 16:10:01+02;1499
2014-08-16 21:02:01+02;1559
2014-08-17 13:54:01+02;1549
2014-08-17 17:02:01+02;1519
2014-08-17 19:26:01+02;1509
2014-08-17 21:02:01+02;1569
2014-08-18 09:46:01+02;1549
2014-08-18 12:54:01+02;1529
2014-08-18 14:54:01+02;1519
2014-08-18 17:46:01+02;1499
2014-08-18 21:02:01+02;1559
2014-08-19 10:42:01+02;1539
2014-08-19 14:06:01+02;1519
2014-08-19 15:06:01+02;1499
2014-08-19 18:34:01+02;1489
2014-08-19 21:02:01+02;1549
2014-08-20 09:46:01+02;1529
2014-08-20 10:26:01+02;1529
2014-08-20 12:54:01+02;1509
2014-08-20 17:22:01+02;1499
2014-08-20 19:58:01+02;1489
2014-08-20 21:02:01+02;1549
2014-08-21 11:10:01+02;1529
2014-08-21 14:22:01+02;1509
2014-08-21 14:30:01+02;1509
2014-08-21 16:02:01+02;1499
2014-08-21 21:02:01+02;1559
2014-08-22 10:38:01+02;1539
2014-08-22 16:46:01+02;1519
2014-08-22 18:42:01+02;1499
2014-08-22 21:02:01+02;1679
2014-08-23 05:22:01+02;1589
2014-08-23 10:02:01+02;1579
2014-08-23 11:50:01+02;1559
2014-08-23 16:22:01+02;1539
2014-08-23 17:26:01+02;1519
2014-08-23 21:02:01+02;1579
2014-08-24 13:42:01+02;1569
2014-08-24 15:26:01+02;1529
2014-08-24 18:18:01+02;1509
2014-08-24 21:02:01+02;1569
2014-08-25 11:02:01+02;1549
2014-08-25 12:58:01+02;1529
2014-08-25 15:10:01+02;1509
2014-08-25 17:10:01+02;1499
2014-08-25 18:54:01+02;1499
2014-08-25 21:02:01+02;1559
2014-08-26 12:38:01+02;1509
2014-08-26 21:02:01+02;1569
2014-08-26 21:18:01+02;1559
2014-08-27 10:30:01+02;1539
2014-08-27 12:30:01+02;1509
2014-08-27 16:18:01+02;1499
2014-08-27 21:02:01+02;1599
2014-08-27 21:26:01+02;1589
2014-08-28 10:02:01+02;1569
2014-08-28 10:18:01+02;1539
2014-08-28 13:14:01+02;1529
2014-08-28 17:18:01+02;1519
2014-08-28 21:02:01+02;1609
2014-08-28 21:22:01+02;1609
2014-08-29 08:10:01+02;1589
2014-08-29 10:02:01+02;1589
2014-08-29 12:30:01+02;1569
2014-08-29 14:10:01+02;1539
2014-08-29 16:50:01+02;1519
2014-08-29 18:50:01+02;1499
2014-08-29 21:06:01+02;1589
2014-08-29 21:22:01+02;1589
2014-08-30 09:38:01+02;1569
2014-08-30 10:14:01+02;1569
2014-08-30 12:30:01+02;1549
2014-08-30 15:02:01+02;1549
2014-08-30 15:38:01+02;1509
2014-08-30 21:02:01+02;1599
2014-08-31 09:34:01+02;1589
2014-08-31 09:38:01+02;1589
2014-08-31 13:14:02+02;1549
2014-08-31 15:42:01+02;1539
2014-08-31 21:02:01+02;1629
2014-09-01 07:26:01+02;1589
2014-09-01 09:10:01+02;1569
2014-09-01 12:10:01+02;1549
2014-09-01 13:30:01+02;1529
2014-09-01 15:18:01+02;1519
2014-09-01 21:02:01+02;1609
2014-09-02 08:18:01+02;1589
2014-09-02 11:30:01+02;1589
2014-09-02 12:02:01+02;1569
2014-09-02 14:34:01+02;1569
2014-09-02 15:18:01+02;1539
2014-09-02 16:10:01+02;1509
2014-09-02 18:58:01+02;1499
2014-09-02 21:02:01+02;1589
2014-09-03 09:50:01+02;1569
2014-09-03 11:38:01+02;1549
2014-09-03 13:54:01+02;1539
2014-09-03 14:18:01+02;1529
2014-09-03 16:02:01+02;1499
2014-09-03 21:02:01+02;1589
2014-09-04 09:50:01+02;1569
2014-09-04 11:10:01+02;1569
2014-09-04 12:02:01+02;1549
2014-09-04 14:18:01+02;1529
2014-09-04 16:30:01+02;1509
2014-09-04 21:02:01+02;1599
2014-09-04 21:22:01+02;1589
2014-09-05 09:46:01+02;1589
2014-09-05 10:42:01+02;1569
2014-09-05 12:10:01+02;1539
2014-09-05 15:58:01+02;1529
2014-09-05 16:42:01+02;1509
2014-09-05 21:50:01+02;1599
2014-09-05 22:22:01+02;1589
2014-09-06 08:50:01+02;1579
2014-09-06 09:18:01+02;1569
2014-09-06 11:42:01+02;1549
2014-09-06 13:02:01+02;1549
2014-09-06 16:30:01+02;1529
2014-09-06 17:30:01+02;1509
2014-09-06 21:54:01+02;1599
2014-09-06 22:22:01+02;1589
2014-09-07 12:42:01+02;1579
2014-09-07 15:02:01+02;1569
2014-09-07 16:02:01+02;1569
2014-09-07 18:42:01+02;1519
2014-09-07 21:46:01+02;1609
2014-09-08 07:02:01+02;1589
2014-09-08 10:26:01+02;1569
2014-09-08 12:54:01+02;1549
2014-09-08 14:10:01+02;1529
2014-09-08 16:50:01+02;1509
2014-09-08 21:50:01+02;1599
2014-09-09 07:50:01+02;1599
2014-09-09 09:38:01+02;1579
2014-09-09 12:10:01+02;1559
2014-09-09 14:10:01+02;1539
2014-09-09 17:18:01+02;1509
2014-09-09 21:50:01+02;1599
2014-09-10 08:18:01+02;1599
2014-09-10 09:18:01+02;1579
2014-09-10 11:50:01+02;1559
2014-09-10 14:22:01+02;1539
2014-09-10 16:02:01+02;1519
2014-09-10 19:02:01+02;1509
2014-09-10 21:50:01+02;1599
2014-09-11 08:10:01+02;1599
2014-09-11 10:26:01+02;1579
2014-09-11 12:22:01+02;1559
2014-09-11 14:26:01+02;1539
2014-09-11 17:26:01+02;1509
2014-09-11 21:50:01+02;1599
2014-09-12 07:38:01+02;1589
2014-09-12 09:22:01+02;1569
2014-09-12 11:30:01+02;1569
2014-09-12 13:30:01+02;1549
2014-09-12 14:22:01+02;1529
2014-09-12 15:46:01+02;1509
2014-09-12 21:50:01+02;1599
2014-09-13 08:54:01+02;1589
2014-09-13 10:30:01+02;1579
2014-09-13 11:50:01+02;1559
2014-09-13 12:10:01+02;1539
2014-09-13 12:58:01+02;1539
2014-09-13 17:10:01+02;1509
2014-09-13 17:22:01+02;1509
2014-09-13 21:50:01+02;1599
2014-09-13 22:26:01+02;1599
2014-09-14 12:30:01+02;1589
2014-09-14 14:26:01+02;1569
2014-09-14 15:02:01+02;1559
2014-09-14 16:50:01+02;1539
2014-09-14 18:30:01+02;1529
2014-09-14 21:50:01+02;1619
2014-09-15 05:18:01+02;1599
2014-09-15 09:30:01+02;1579
2014-09-15 12:10:01+02;1559
2014-09-15 13:50:01+02;1539
2014-09-15 17:10:01+02;1509
2014-09-15 21:02:01+02;1499
2014-09-15 21:50:01+02;1589
2014-09-16 09:30:01+02;1569
2014-09-16 12:50:01+02;1549
2014-09-16 15:26:01+02;1529
2014-09-16 16:30:01+02;1509
2014-09-16 18:38:01+02;1499
2014-09-16 21:50:01+02;1589
2014-09-17 08:10:01+02;1589
2014-09-17 10:38:01+02;1569
2014-09-17 12:02:02+02;1549
2014-09-17 14:30:01+02;1529
2014-09-17 16:30:01+02;1499
2014-09-17 21:50:01+02;1589
2014-09-18 07:38:01+02;1589
2014-09-18 10:30:01+02;1579
2014-09-18 11:02:01+02;1569
2014-09-18 13:02:01+02;1549
2014-09-18 14:22:01+02;1509
2014-09-18 21:50:01+02;1599
2014-09-19 06:50:01+02;1519
2014-09-19 21:50:01+02;1609
2014-09-20 06:54:01+02;1599
2014-09-20 08:26:01+02;1589
2014-09-20 10:14:01+02;1579
2014-09-20 12:34:01+02;1559
2014-09-20 14:38:01+02;1529
2014-09-20 17:26:01+02;1509
2014-09-20 18:46:01+02;1499
2014-09-20 21:50:01+02;1589
2014-09-21 08:30:01+02;1559
2014-09-21 10:58:01+02;1549
2014-09-21 12:06:01+02;1529
2014-09-21 15:06:01+02;1519
2014-09-21 17:42:01+02;1509
2014-09-21 21:50:01+02;1599
2014-09-22 08:06:01+02;1589
2014-09-22 09:38:01+02;1569
2014-09-22 11:42:01+02;1549
2014-09-22 14:46:01+02;1519
2014-09-22 14:58:01+02;1519
2014-09-22 17:06:01+02;1499
2014-09-22 21:50:01+02;1589
2014-09-23 10:42:01+02;1579
2014-09-23 13:06:01+02;1529
2014-09-23 17:14:01+02;1519
2014-09-23 19:46:01+02;1499
2014-09-23 21:54:01+02;1589
2014-09-24 07:06:01+02;1579
2014-09-24 11:26:01+02;1579
2014-09-24 11:34:01+02;1569
2014-09-24 14:34:01+02;1539
2014-09-24 14:42:01+02;1519
2014-09-24 16:34:01+02;1509
2014-09-24 18:58:01+02;1499
2014-09-24 21:50:01+02;1589
2014-09-25 07:18:01+02;1579
2014-09-25 10:46:01+02;1569
2014-09-25 13:58:01+02;1539
2014-09-25 15:02:01+02;1529
2014-09-25 15:58:01+02;1519
2014-09-25 17:34:01+02;1519
2014-09-25 21:50:01+02;1609
2014-09-26 05:22:01+02;1599
2014-09-26 06:06:01+02;1589
2014-09-26 07:38:01+02;1589
2014-09-26 09:46:01+02;1569
2014-09-26 13:38:01+02;1549
2014-09-26 15:06:01+02;1539
2014-09-26 15:34:01+02;1529
2014-09-26 15:58:01+02;1519
2014-09-26 17:26:01+02;1509
2014-09-26 19:58:01+02;1509
2014-09-26 21:50:01+02;1599
2014-09-27 05:26:01+02;1589
2014-09-27 10:42:01+02;1579
2014-09-27 12:22:01+02;1549
2014-09-27 13:14:01+02;1529
2014-09-27 17:30:01+02;1519
2014-09-27 21:50:01+02;1609
2014-09-28 10:14:01+02;1589
2014-09-28 10:50:01+02;1579
2014-09-28 14:50:01+02;1559
2014-09-28 15:06:01+02;1549
2014-09-28 16:46:01+02;1539
2014-09-28 18:54:01+02;1529
2014-09-28 21:46:01+02;1619
2014-09-29 06:34:01+02;1599
2014-09-29 07:26:01+02;1589
2014-09-29 10:54:01+02;1579
2014-09-29 12:46:01+02;1549
2014-09-29 14:10:01+02;1539
2014-09-29 16:38:01+02;1529
2014-09-29 17:54:01+02;1509
2014-09-29 21:50:01+02;1599
2014-09-30 06:58:01+02;1589
2014-09-30 11:34:01+02;1579
2014-09-30 14:14:01+02;1549
2014-09-30 16:14:01+02;1539
2014-09-30 19:34:01+02;1519
2014-09-30 21:06:01+02;1509
2014-09-30 21:50:01+02;1599
2014-10-01 09:34:01+02;1589
2014-10-01 10:30:01+02;1519
2014-10-01 20:02:01+02;1549
2014-10-01 22:02:01+02;1669
2014-10-02 05:26:01+02;1609
2014-10-02 06:06:01+02;1589
2014-10-02 06:58:01+02;1579
2014-10-02 12:06:01+02;1529
2014-10-02 13:42:01+02;1519
2014-10-02 20:02:01+02;1549
2014-10-02 22:02:01+02;1669
2014-10-03 05:22:01+02;1609
2014-10-03 06:18:01+02;1599
2014-10-03 10:06:01+02;1589
2014-10-03 13:58:01+02;1569
2014-10-03 17:06:01+02;1539
2014-10-03 17:26:01+02;1539
2014-10-03 20:02:01+02;1569
2014-10-03 20:06:01+02;1539
2014-10-03 22:02:01+02;1669
2014-10-04 05:22:01+02;1599
2014-10-04 06:22:01+02;1599
2014-10-04 09:34:01+02;1589
2014-10-04 10:26:01+02;1509
2014-10-04 16:06:01+02;1499
2014-10-04 20:02:01+02;1529
2014-10-04 20:38:01+02;1529
2014-10-04 22:02:02+02;1669
2014-10-05 05:26:01+02;1589
2014-10-05 06:18:01+02;1589
2014-10-05 09:58:01+02;1579
2014-10-05 10:06:01+02;1579
2014-10-05 13:10:01+02;1579
2014-10-05 17:50:01+02;1509
2014-10-05 20:02:01+02;1539
2014-10-05 22:02:01+02;1669
2014-10-06 05:22:01+02;1599
2014-10-06 06:14:01+02;1599
2014-10-06 06:58:01+02;1589
2014-10-06 08:10:01+02;1589
2014-10-06 16:42:01+02;1509
2014-10-06 19:06:01+02;1489
2014-10-06 20:02:01+02;1519
2014-10-06 22:02:01+02;1669
2014-10-07 05:26:01+02;1599
2014-10-07 06:26:01+02;1589
2014-10-07 07:26:01+02;1589
2014-10-07 10:26:01+02;1569
2014-10-07 12:26:01+02;1549
2014-10-07 14:34:01+02;1529
2014-10-07 14:38:01+02;1529
2014-10-07 16:06:01+02;1509
2014-10-07 20:02:01+02;1539
2014-10-07 20:22:01+02;1529
2014-10-07 22:02:01+02;1659
2014-10-08 05:10:01+02;1589
2014-10-08 07:42:01+02;1579
2014-10-08 07:46:01+02;1579
2014-10-08 09:54:01+02;1569
2014-10-08 12:06:01+02;1549
2014-10-08 14:06:01+02;1529
2014-10-08 16:34:01+02;1509
2014-10-08 16:42:01+02;1509
2014-10-08 18:54:01+02;1509
2014-10-08 20:02:01+02;1539
2014-10-08 22:02:01+02;1659
2014-10-09 05:22:01+02;1619
2014-10-09 06:26:01+02;1599
2014-10-09 07:26:01+02;1559
2014-10-09 09:46:01+02;1539
2014-10-09 10:14:01+02;1539
2014-10-09 10:26:01+02;1529
2014-10-09 11:42:01+02;1529
2014-10-09 12:18:01+02;1529
2014-10-09 12:58:01+02;1519
2014-10-09 13:46:01+02;1509
2014-10-09 16:34:01+02;1499
2014-10-09 18:50:01+02;1489
2014-10-09 20:02:01+02;1519
2014-10-09 22:02:01+02;1659
2014-10-10 05:22:01+02;1589
2014-10-10 08:06:01+02;1589
2014-10-10 08:10:01+02;1559
2014-10-10 11:34:01+02;1549
2014-10-10 12:14:01+02;1539
2014-10-10 13:46:01+02;1509
2014-10-10 16:26:01+02;1489
2014-10-10 20:02:01+02;1519
2014-10-10 22:02:01+02;1639
2014-10-11 01:06:01+02;1579
2014-10-11 07:10:01+02;1579
2014-10-11 08:58:01+02;1569
2014-10-11 12:26:01+02;1549
2014-10-11 14:42:01+02;1549
2014-10-11 14:50:01+02;1509
2014-10-11 15:18:01+02;1509
2014-10-11 16:06:01+02;1509
2014-10-11 16:26:01+02;1509
2014-10-11 18:06:01+02;1499
2014-10-11 20:02:01+02;1529
2014-10-11 20:22:01+02;1519
2014-10-11 20:50:01+02;1509
2014-10-11 22:02:01+02;1639
2014-10-12 05:22:01+02;1579
2014-10-12 06:22:01+02;1569
2014-10-12 07:10:01+02;1569
2014-10-12 08:14:01+02;1569
2014-10-12 11:34:01+02;1569
2014-10-12 12:58:02+02;1559
2014-10-12 15:54:01+02;1549
2014-10-12 16:14:01+02;1539
2014-10-12 20:02:01+02;1569
2014-10-12 22:02:01+02;1639
2014-10-13 05:22:01+02;1599
2014-10-13 07:34:01+02;1569
2014-10-13 09:26:01+02;1549
2014-10-13 11:46:01+02;1529
2014-10-13 13:58:01+02;1509
2014-10-13 15:02:01+02;1499
2014-10-13 17:46:01+02;1469
2014-10-13 20:02:01+02;1499
2014-10-13 22:02:01+02;1619
2014-10-14 05:22:01+02;1559
2014-10-14 07:26:01+02;1549
2014-10-14 09:42:01+02;1539
2014-10-14 11:58:01+02;1519
2014-10-14 14:06:01+02;1499
2014-10-14 16:18:01+02;1479
2014-10-14 20:02:01+02;1529
2014-10-14 21:26:01+02;1509
2014-10-14 22:02:01+02;1609
2014-10-15 05:14:01+02;1569
2014-10-15 06:14:01+02;1559
2014-10-15 09:46:01+02;1539
2014-10-15 11:58:01+02;1519
2014-10-15 14:06:01+02;1499
2014-10-15 16:06:01+02;1479
2014-10-15 16:10:01+02;1479
2014-10-15 20:02:01+02;1509
2014-10-15 22:02:01+02;1589
2014-10-16 05:26:01+02;1569
2014-10-16 06:02:01+02;1539
2014-10-16 07:14:01+02;1539
2014-10-16 10:58:01+02;1519
2014-10-16 12:58:01+02;1499
2014-10-16 15:22:01+02;1479
2014-10-16 20:02:01+02;1509
2014-10-16 22:02:01+02;1579
2014-10-17 05:22:01+02;1569
2014-10-17 06:22:01+02;1549
2014-10-17 06:26:01+02;1499
2014-10-17 14:06:01+02;1489
2014-10-17 15:26:01+02;1479
2014-10-17 16:06:01+02;1449
2014-10-17 20:02:01+02;1479
2014-10-17 22:02:01+02;1589
2014-10-18 05:34:01+02;1539
2014-10-18 06:14:01+02;1539
2014-10-18 08:38:01+02;1539
2014-10-18 09:42:01+02;1519
2014-10-18 11:50:01+02;1509
2014-10-18 14:50:01+02;1489
2014-10-18 16:26:01+02;1439
2014-10-18 20:02:01+02;1469
2014-10-18 22:02:01+02;1589
2014-10-19 05:22:01+02;1529
2014-10-19 08:14:01+02;1529
2014-10-19 10:14:01+02;1529
2014-10-19 13:10:01+02;1519
2014-10-19 15:14:01+02;1439
2014-10-19 20:02:01+02;1469
2014-10-19 20:22:01+02;1459
2014-10-19 22:02:01+02;1589
2014-10-20 05:26:01+02;1519
2014-10-20 05:58:01+02;1519
2014-10-20 09:34:01+02;1499
2014-10-20 11:34:01+02;1489
2014-10-20 14:30:01+02;1469
2014-10-20 15:26:01+02;1459
2014-10-20 16:14:01+02;1449
2014-10-20 20:06:01+02;1479
2014-10-20 22:02:01+02;1589
2014-10-21 05:26:01+02;1539
2014-10-21 07:30:01+02;1519
2014-10-21 09:34:01+02;1499
2014-10-21 11:14:01+02;1489
2014-10-21 11:58:01+02;1479
2014-10-21 12:58:01+02;1469
2014-10-21 13:34:01+02;1459
2014-10-21 14:42:01+02;1449
2014-10-21 15:30:01+02;1439
2014-10-21 18:22:01+02;1429
2014-10-21 19:14:01+02;1419
2014-10-21 20:02:01+02;1449
2014-10-21 21:30:01+02;1449
2014-10-21 22:02:01+02;1589
2014-10-22 05:22:01+02;1509
2014-10-22 08:50:01+02;1499
2014-10-22 09:30:01+02;1489
2014-10-22 11:30:01+02;1479
2014-10-22 12:26:01+02;1469
2014-10-22 14:10:01+02;1459
2014-10-22 14:34:01+02;1459
2014-10-22 16:18:01+02;1439
2014-10-22 17:34:01+02;1429
2014-10-22 18:34:01+02;1419
2014-10-22 20:02:01+02;1449
2014-10-22 22:02:01+02;1589
2014-10-23 05:26:01+02;1509
2014-10-23 07:50:01+02;1509
2014-10-23 08:22:01+02;1499
2014-10-23 09:14:01+02;1489
2014-10-23 10:26:01+02;1479
2014-10-23 11:10:01+02;1469
2014-10-23 12:46:01+02;1459
2014-10-23 14:46:01+02;1459
2014-10-23 15:10:01+02;1449
2014-10-23 17:14:01+02;1439
2014-10-23 17:22:01+02;1439
2014-10-23 18:14:01+02;1429
2014-10-23 18:58:01+02;1419
2014-10-23 20:06:01+02;1449
2014-10-23 22:02:01+02;1589
2014-10-24 05:22:01+02;1529
2014-10-24 06:22:01+02;1519
2014-10-24 06:58:01+02;1509
2014-10-24 07:50:01+02;1509
2014-10-24 08:38:01+02;1499
2014-10-24 08:58:01+02;1499
2014-10-24 09:14:01+02;1489
2014-10-24 10:06:01+02;1479
2014-10-24 10:50:01+02;1469
2014-10-24 11:58:01+02;1459
2014-10-24 12:58:01+02;1449
2014-10-24 13:42:01+02;1439
2014-10-24 14:26:01+02;1429
2014-10-24 16:34:01+02;1419
2014-10-24 20:02:01+02;1449
2014-10-24 22:02:01+02;1589
2014-10-25 05:26:01+02;1509
2014-10-25 06:06:01+02;1509
2014-10-25 07:58:01+02;1499
2014-10-25 09:06:01+02;1489
2014-10-25 09:14:01+02;1489
2014-10-25 09:54:01+02;1459
2014-10-25 10:30:01+02;1449
2014-10-25 10:46:01+02;1439
2014-10-25 11:34:01+02;1429
2014-10-25 12:26:01+02;1419
2014-10-25 18:34:01+02;1409
2014-10-25 20:02:01+02;1439
2014-10-25 22:02:01+02;1589
2014-10-26 05:22:01+01;1509
2014-10-26 06:22:01+01;1499
2014-10-26 07:50:01+01;1499
2014-10-26 08:58:01+01;1489
2014-10-26 10:06:01+01;1479
2014-10-26 11:06:01+01;1469
2014-10-26 12:26:01+01;1439
2014-10-26 13:26:01+01;1429
2014-10-26 14:06:01+01;1419
2014-10-26 17:34:01+01;1419
2014-10-26 20:02:01+01;1449
2014-10-26 21:26:01+01;1449
2014-10-26 22:02:01+01;1589
2014-10-27 05:22:01+01;1509
2014-10-27 06:46:01+01;1499
2014-10-27 07:34:01+01;1489
2014-10-27 08:34:01+01;1479
2014-10-27 09:58:01+01;1469
2014-10-27 10:42:01+01;1459
2014-10-27 11:54:01+01;1449
2014-10-27 12:26:01+01;1449
2014-10-27 13:22:01+01;1439
2014-10-27 14:22:01+01;1429
2014-10-27 15:46:01+01;1419
2014-10-27 20:02:01+01;1449
2014-10-27 22:02:01+01;1589
2014-10-28 05:14:01+01;1509
2014-10-28 06:34:01+01;1499
2014-10-28 07:54:01+01;1489
2014-10-28 08:46:01+01;1479
2014-10-28 08:58:01+01;1469
2014-10-28 10:06:01+01;1459
2014-10-28 10:58:01+01;1449
2014-10-28 11:42:01+01;1439
2014-10-28 12:26:01+01;1429
2014-10-28 17:14:01+01;1429
2014-10-28 20:02:01+01;1459
2014-10-28 22:02:01+01;1579
2014-10-29 05:22:01+01;1519
2014-10-29 06:14:02+01;1509
2014-10-29 07:42:02+01;1499
2014-10-29 08:42:01+01;1489
2014-10-29 08:54:01+01;1469
2014-10-29 09:54:01+01;1459
2014-10-29 10:38:01+01;1449
2014-10-29 12:34:01+01;1439
2014-10-29 14:26:01+01;1429
2014-10-29 14:30:01+01;1429
2014-10-29 17:50:02+01;1429
2014-10-29 20:02:01+01;1459
2014-10-29 22:02:01+01;1579
2014-10-30 05:26:01+01;1519
2014-10-30 06:30:01+01;1509
2014-10-30 07:50:01+01;1499
2014-10-30 08:26:02+01;1489
2014-10-30 08:46:01+01;1489
2014-10-30 09:58:01+01;1469
2014-10-30 10:26:02+01;1469
2014-10-30 14:14:01+01;1449
2014-10-30 15:14:01+01;1439
2014-10-30 16:26:01+01;1429
2014-10-30 16:50:02+01;1429
2014-10-30 17:38:01+01;1419
2014-10-30 20:02:01+01;1449
2014-10-30 22:06:01+01;1589
2014-10-31 05:26:01+01;1519
2014-10-31 06:22:01+01;1509
2014-10-31 06:46:01+01;1499
2014-10-31 07:46:01+01;1489
2014-10-31 08:38:01+01;1489
2014-10-31 08:58:01+01;1479
2014-10-31 11:58:01+01;1429
2014-10-31 13:14:01+01;1429
2014-10-31 14:38:02+01;1429
2014-10-31 16:06:01+01;1429
2014-10-31 20:02:02+01;1459
2014-10-31 21:30:01+01;1459
2014-10-31 22:02:01+01;1589
2014-11-01 05:26:01+01;1519
2014-11-01 07:14:01+01;1509
2014-11-01 08:46:01+01;1499
2014-11-01 09:54:01+01;1489
2014-11-01 11:46:01+01;1479
2014-11-01 14:06:01+01;1469
2014-11-01 17:26:01+01;1449
2014-11-01 18:38:01+01;1439
2014-11-01 20:02:01+01;1469
2014-11-01 22:02:01+01;1589
2014-11-02 05:22:01+01;1539
2014-11-02 06:02:01+01;1529
2014-11-02 06:34:01+01;1519
2014-11-02 06:34:02+01;1529
2014-11-02 06:38:01+01;1519
2014-11-02 06:46:01+01;1529
2014-11-02 06:46:02+01;1519
2014-11-02 08:34:01+01;1519
2014-11-02 09:18:01+01;1509
2014-11-02 10:14:01+01;1499
2014-11-02 11:14:01+01;1439
2014-11-02 12:58:01+01;1429
2014-11-02 19:02:01+01;1459
2014-11-02 21:02:01+01;1589
2014-11-03 05:06:01+01;1519
2014-11-03 08:22:01+01;1509
2014-11-03 08:46:01+01;1509
2014-11-03 08:50:01+01;1489
2014-11-03 09:58:01+01;1479
2014-11-03 10:54:01+01;1449
2014-11-03 13:06:01+01;1439
2014-11-03 13:10:01+01;1439
2014-11-03 13:54:01+01;1429
2014-11-03 15:06:01+01;1429
2014-11-03 19:02:01+01;1459
2014-11-03 21:02:01+01;1599
2014-11-03 21:17:00+01;1459
2014-11-03 22:01:00+01;1599
2014-11-04 06:05:00+01;1519
2014-11-04 07:57:00+01;1469
2014-11-04 08:45:00+01;1469
2014-11-04 09:37:00+01;1449
2014-11-04 11:09:00+01;1439
2014-11-04 11:13:00+01;1439
2014-11-04 12:01:00+01;1439
2014-11-04 12:05:00+01;1429
2014-11-04 13:45:00+01;1429
2014-11-04 20:01:00+01;1459
2014-11-04 21:29:00+01;1459
2014-11-04 22:05:00+01;1599
2014-11-05 05:25:00+01;1519
2014-11-05 06:13:00+01;1509
2014-11-05 07:13:00+01;1499
2014-11-05 08:05:00+01;1489
2014-11-05 09:13:00+01;1479
2014-11-05 10:13:00+01;1469
2014-11-05 12:05:00+01;1459
2014-11-05 14:05:00+01;1449
2014-11-05 14:45:00+01;1449
2014-11-05 15:45:00+01;1439
2014-11-05 18:05:00+01;1429
2014-11-05 20:01:00+01;1459
2014-11-05 22:01:00+01;1579
2014-11-06 05:21:00+01;1519
2014-11-06 06:09:00+01;1519
2014-11-06 07:45:00+01;1509
2014-11-06 10:09:00+01;1499
2014-11-06 12:21:00+01;1479
2014-11-06 14:01:00+01;1479
2014-11-06 14:57:00+01;1459
2014-11-06 16:49:00+01;1439
2014-11-06 20:01:00+01;1469
2014-11-06 21:29:00+01;1469
2014-11-06 22:01:00+01;1579
2014-11-07 05:21:00+01;1529
2014-11-07 06:05:00+01;1519
2014-11-07 07:53:00+01;1509
2014-11-07 08:57:00+01;1499
2014-11-07 10:05:00+01;1489
2014-11-07 11:37:00+01;1479
2014-11-07 12:45:00+01;1469
2014-11-07 12:49:00+01;1469
2014-11-07 14:13:00+01;1459
2014-11-07 14:25:00+01;1459
2014-11-07 15:13:00+01;1449
2014-11-07 17:05:00+01;1439
2014-11-07 20:01:00+01;1469
2014-11-07 21:29:00+01;1469
2014-11-07 22:01:00+01;1579
2014-11-08 05:25:00+01;1529
2014-11-08 07:13:00+01;1519
2014-11-08 08:53:00+01;1509
2014-11-08 10:05:00+01;1499
2014-11-08 11:33:00+01;1489
2014-11-08 12:21:00+01;1479
2014-11-08 14:13:00+01;1469
2014-11-08 15:13:00+01;1459
2014-11-08 16:13:00+01;1449
2014-11-08 17:57:00+01;1439
2014-11-08 20:01:00+01;1469
2014-11-08 20:13:00+01;1459
2014-11-08 22:01:00+01;1579
2014-11-09 05:21:00+01;1529
2014-11-09 06:21:00+01;1519
2014-11-09 08:05:00+01;1509
2014-11-09 09:33:00+01;1499
2014-11-09 10:33:00+01;1489
2014-11-09 12:05:00+01;1479
2014-11-09 14:09:00+01;1469
2014-11-09 14:53:00+01;1459
2014-11-09 15:53:00+01;1449
2014-11-09 17:45:00+01;1429
2014-11-09 20:01:00+01;1459
2014-11-09 21:25:00+01;1449
2014-11-09 22:01:00+01;1579
2014-11-10 05:25:00+01;1509
2014-11-10 06:33:00+01;1499
2014-11-10 07:53:00+01;1489
2014-11-10 09:09:00+01;1479
2014-11-10 10:05:00+01;1469
2014-11-10 11:25:00+01;1459
2014-11-10 12:09:00+01;1449
2014-11-10 13:57:00+01;1449
2014-11-10 14:09:00+01;1439
2014-11-10 15:13:00+01;1439
2014-11-10 17:13:00+01;1429
2014-11-10 20:01:00+01;1459
2014-11-10 21:25:00+01;1449
2014-11-10 22:01:00+01;1589
2014-11-11 05:25:00+01;1499
2014-11-11 06:01:00+01;1499
2014-11-11 10:21:00+01;1489
2014-11-11 11:53:00+01;1469
2014-11-11 11:57:00+01;1469
2014-11-11 14:01:00+01;1449
2014-11-11 14:57:00+01;1439
2014-11-11 20:01:00+01;1469
2014-11-11 21:25:00+01;1469
2014-11-11 22:01:00+01;1579
2014-11-12 05:25:00+01;1519
2014-11-12 06:25:00+01;1489
2014-11-12 08:05:00+01;1449
2014-11-12 09:53:00+01;1439
2014-11-12 12:13:00+01;1429
2014-11-12 20:01:00+01;1459
2014-11-12 21:25:00+01;1459
2014-11-12 22:01:00+01;1579
2014-11-13 05:25:00+01;1519
2014-11-13 06:13:00+01;1509
2014-11-13 08:05:00+01;1499
2014-11-13 08:53:00+01;1489
2014-11-13 10:33:00+01;1479
2014-11-13 11:57:00+01;1469
2014-11-13 13:25:00+01;1459
2014-11-13 15:05:00+01;1449
2014-11-13 16:05:00+01;1439
2014-11-13 16:09:00+01;1439
2014-11-13 19:21:00+01;1419
2014-11-13 19:29:00+01;1419
2014-11-13 20:01:00+01;1449
2014-11-13 21:25:00+01;1449
2014-11-13 22:01:00+01;1579
2014-11-14 05:25:00+01;1529
2014-11-14 06:29:00+01;1519
2014-11-14 07:05:00+01;1519
2014-11-14 09:05:00+01;1519
2014-11-14 09:57:00+01;1429
2014-11-14 16:53:00+01;1419
2014-11-14 20:01:00+01;1449
2014-11-14 21:25:00+01;1449
2014-11-14 22:01:00+01;1569
2014-11-15 05:25:00+01;1509
2014-11-15 09:53:00+01;1469
2014-11-15 10:13:00+01;1429
2014-11-15 20:01:00+01;1459
2014-11-15 22:01:00+01;1569
2014-11-16 05:25:00+01;1509
2014-11-16 09:57:00+01;1499
2014-11-16 11:05:00+01;1429
2014-11-16 18:29:00+01;1409
2014-11-16 20:01:00+01;1439
2014-11-16 20:45:00+01;1429
2014-11-16 22:01:00+01;1569
2014-11-17 05:25:00+01;1489
2014-11-17 10:13:00+01;1469
2014-11-17 10:57:00+01;1429
2014-11-17 12:57:00+01;1409
2014-11-17 14:37:00+01;1399
2014-11-17 15:57:00+01;1399
2014-11-17 20:01:00+01;1429
2014-11-17 21:25:00+01;1419
2014-11-17 22:01:00+01;1569
2014-11-18 05:05:00+01;1479
2014-11-18 09:33:00+01;1469
2014-11-18 12:21:00+01;1459
2014-11-18 13:53:00+01;1449
2014-11-18 15:17:00+01;1439
2014-11-18 16:37:00+01;1419
2014-11-18 20:01:00+01;1449
2014-11-18 20:21:00+01;1449
2014-11-18 22:01:00+01;1569
2014-11-19 05:13:00+01;1509
2014-11-19 08:37:00+01;1499
2014-11-19 09:45:00+01;1489
2014-11-19 10:17:00+01;1489
2014-11-19 12:05:00+01;1469
2014-11-19 13:05:00+01;1459
2014-11-19 13:53:00+01;1439
2014-11-19 16:21:00+01;1419
2014-11-19 17:53:00+01;1399
2014-11-19 20:01:00+01;1429
2014-11-19 21:29:00+01;1429
2014-11-19 22:01:00+01;1569
2014-11-20 05:25:00+01;1489
2014-11-20 09:21:00+01;1469
2014-11-20 12:05:00+01;1439
2014-11-20 15:13:00+01;1439
2014-11-20 15:21:00+01;1419
2014-11-20 17:13:00+01;1409
2014-11-20 20:01:00+01;1439
2014-11-20 21:25:00+01;1429
2014-11-20 22:01:00+01;1569
2014-11-21 05:13:00+01;1499
2014-11-21 06:25:00+01;1489
2014-11-21 09:57:00+01;1469
2014-11-21 10:45:00+01;1459
2014-11-21 12:49:00+01;1449
2014-11-21 15:33:00+01;1429
2014-11-21 16:05:00+01;1409
2014-11-21 20:01:00+01;1439
2014-11-21 21:29:00+01;1439
2014-11-21 22:05:00+01;1559
2014-11-22 05:33:00+01;1499
2014-11-22 08:41:00+01;1489
2014-11-22 09:33:00+01;1489
2014-11-22 11:09:00+01;1459
2014-11-22 13:05:00+01;1459
2014-11-22 13:21:00+01;1449
2014-11-22 14:45:00+01;1439
2014-11-22 18:13:00+01;1419
2014-11-22 20:01:00+01;1449
2014-11-22 21:25:00+01;1449
2014-11-22 22:01:00+01;1559
2014-11-23 05:25:00+01;1509
2014-11-23 09:33:00+01;1489
2014-11-23 12:57:00+01;1439
2014-11-23 15:53:00+01;1439
2014-11-23 17:45:00+01;1429
2014-11-23 19:21:00+01;1399
2014-11-23 20:01:00+01;1429
2014-11-23 20:21:00+01;1429
2014-11-23 21:25:00+01;1429
2014-11-23 22:01:00+01;1559
2014-11-24 05:25:00+01;1519
2014-11-24 06:21:00+01;1489
2014-11-24 07:13:00+01;1479
2014-11-24 08:21:00+01;1469
2014-11-24 09:45:00+01;1459
2014-11-24 09:49:00+01;1459
2014-11-24 10:53:00+01;1459
2014-11-24 11:13:00+01;1449
2014-11-24 12:29:00+01;1439
2014-11-24 13:45:00+01;1429
2014-11-24 14:09:00+01;1429
2014-11-24 15:45:00+01;1419
2014-11-24 17:05:00+01;1409
2014-11-24 20:01:00+01;1439
2014-11-24 21:25:00+01;1439
2014-11-24 22:01:00+01;1559
2014-11-25 05:29:00+01;1499
2014-11-25 07:33:00+01;1409
2014-11-25 14:33:00+01;1399
2014-11-25 20:02:00+01;1429
2014-11-25 22:01:00+01;1559
2014-11-26 05:25:00+01;1489
2014-11-26 08:21:00+01;1489
2014-11-26 10:13:00+01;1469
2014-11-26 12:13:00+01;1449
2014-11-26 14:29:00+01;1429
2014-11-26 15:21:00+01;1399
2014-11-26 20:01:00+01;1429
2014-11-26 21:25:00+01;1429
2014-11-26 22:01:00+01;1559
2014-11-27 05:25:00+01;1489
2014-11-27 07:13:00+01;1479
2014-11-27 07:17:00+01;1479
2014-11-27 09:25:00+01;1469
2014-11-27 11:53:00+01;1449
2014-11-27 14:25:00+01;1429
2014-11-27 16:45:00+01;1409
2014-11-27 20:01:00+01;1439
2014-11-27 22:13:01+01;1559
2014-11-28 05:29:00+01;1499
2014-11-28 06:05:00+01;1489
2014-11-28 07:33:00+01;1479
2014-11-28 08:13:00+01;1469
2014-11-28 10:29:00+01;1469
2014-11-28 10:49:00+01;1459
2014-11-28 11:45:00+01;1429
2014-11-28 13:05:00+01;1409
2014-11-28 17:33:00+01;1409
2014-11-28 18:33:00+01;1399
2014-11-28 20:03:00+01;1429
2014-11-28 22:05:00+01;1529
2014-11-29 05:25:00+01;1489
2014-11-29 06:33:00+01;1479
2014-11-29 09:41:00+01;1469
2014-11-29 11:49:00+01;1449
2014-11-29 14:05:00+01;1419
2014-11-29 16:45:00+01;1399
2014-11-29 20:01:00+01;1429
2014-11-29 20:53:00+01;1419
2014-11-29 22:01:00+01;1529
2014-11-30 05:25:00+01;1479
2014-11-30 06:01:00+01;1469
2014-11-30 08:21:00+01;1459
2014-11-30 09:44:00+01;1449
2014-11-30 12:45:00+01;1439
2014-11-30 13:53:00+01;1429
2014-11-30 14:45:00+01;1419
2014-11-30 15:17:00+01;1419
2014-11-30 15:33:00+01;1409
2014-11-30 16:13:00+01;1399
2014-11-30 17:05:00+01;1399
2014-11-30 19:29:00+01;1379
2014-11-30 20:13:00+01;1409
2014-11-30 22:01:00+01;1529
2014-12-01 05:25:00+01;1469
2014-12-01 05:53:00+01;1469
2014-12-01 09:22:00+01;1459
2014-12-01 10:07:00+01;1449
2014-12-01 11:25:00+01;1439
2014-12-01 12:33:00+01;1429
2014-12-01 12:41:00+01;1429
2014-12-01 14:09:00+01;1409
2014-12-01 14:49:00+01;1409
2014-12-01 15:57:00+01;1399
2014-12-01 16:27:00+01;1389
2014-12-01 17:09:00+01;1379
2014-12-01 17:21:00+01;1379
2014-12-01 18:25:00+01;1369
2014-12-01 20:05:00+01;1399
2014-12-01 22:01:00+01;1529
2014-12-02 05:17:00+01;1459
2014-12-02 07:45:00+01;1369
2014-12-02 17:53:00+01;1369
2014-12-02 20:01:00+01;1399
2014-12-02 22:01:00+01;1529
2014-12-03 05:13:00+01;1459
2014-12-03 06:53:00+01;1449
2014-12-03 07:37:00+01;1439
2014-12-03 09:13:00+01;1429
2014-12-03 09:53:00+01;1409
2014-12-03 13:05:00+01;1399
2014-12-03 14:25:00+01;1389
2014-12-03 14:29:00+01;1389
2014-12-03 15:05:00+01;1379
2014-12-03 17:21:00+01;1369
2014-12-03 20:01:00+01;1399
2014-12-03 22:01:00+01;1519
2014-12-04 05:25:00+01;1459
2014-12-04 06:09:00+01;1449
2014-12-04 06:13:00+01;1439
2014-12-04 06:45:00+01;1399
2014-12-04 07:37:00+01;1399
2014-12-04 12:09:00+01;1399
2014-12-04 12:49:00+01;1369
2014-12-04 20:06:00+01;1399
2014-12-04 22:01:00+01;1499
2014-12-05 05:25:00+01;1439
2014-12-05 06:13:00+01;1419
2014-12-05 10:01:00+01;1389
2014-12-05 14:13:00+01;1369
2014-12-05 14:53:00+01;1359
2014-12-05 16:01:00+01;1359
2014-12-05 16:05:00+01;1349
2014-12-05 18:37:00+01;1349
2014-12-05 20:01:00+01;1379
2014-12-05 22:01:00+01;1489
2014-12-06 05:29:00+01;1439
2014-12-06 09:33:00+01;1419
2014-12-06 12:45:00+01;1369
2014-12-06 14:17:00+01;1359
2014-12-06 17:57:00+01;1349
2014-12-06 20:01:00+01;1379
2014-12-06 22:01:00+01;1489
2014-12-07 05:25:00+01;1439
2014-12-07 08:53:00+01;1429
2014-12-07 09:09:00+01;1369
2014-12-07 20:01:00+01;1399
2014-12-07 20:21:00+01;1399
2014-12-07 22:01:00+01;1489
2014-12-08 05:05:00+01;1449
2014-12-08 07:53:00+01;1439
2014-12-08 09:13:00+01;1429
2014-12-08 09:53:00+01;1409
2014-12-08 11:21:00+01;1409
2014-12-08 11:44:00+01;1339
2014-12-08 13:01:00+01;1339
2014-12-08 16:53:00+01;1339
2014-12-08 17:45:00+01;1329
2014-12-08 20:01:00+01;1359
2014-12-08 20:05:00+01;1339
2014-12-08 22:05:00+01;1469
2014-12-09 05:25:00+01;1399
2014-12-09 06:13:00+01;1399
2014-12-09 09:13:00+01;1399
2014-12-09 10:29:00+01;1379
2014-12-09 13:01:00+01;1369
2014-12-09 13:45:00+01;1369
2014-12-09 14:05:00+01;1349
2014-12-09 15:53:00+01;1329
2014-12-09 18:21:00+01;1329
2014-12-09 20:01:00+01;1359
2014-12-09 22:01:00+01;1459
2014-12-10 05:25:00+01;1419
2014-12-10 06:25:00+01;1409
2014-12-10 08:57:00+01;1409
2014-12-10 09:37:00+01;1389
2014-12-10 12:13:00+01;1329
2014-12-10 16:13:00+01;1329
2014-12-10 17:49:00+01;1319
2014-12-10 20:01:00+01;1349
2014-12-10 20:21:00+01;1339
2014-12-10 21:29:00+01;1329
2014-12-10 22:01:00+01;1459
2014-12-11 05:25:00+01;1409
2014-12-11 06:01:00+01;1399
2014-12-11 06:25:00+01;1389
2014-12-11 09:33:00+01;1369
2014-12-11 10:49:00+01;1369
2014-12-11 13:29:00+01;1369
2014-12-11 13:37:00+01;1349
2014-12-11 14:49:00+01;1329
2014-12-11 16:13:00+01;1309
2014-12-11 20:01:00+01;1339
2014-12-11 22:01:00+01;1449
2014-12-12 05:25:00+01;1399
2014-12-12 06:17:00+01;1399
2014-12-12 07:01:00+01;1389
2014-12-12 07:21:00+01;1359
2014-12-12 10:53:00+01;1359
2014-12-12 11:05:00+01;1339
2014-12-12 13:37:00+01;1329
2014-12-12 14:21:00+01;1319
2014-12-12 16:45:00+01;1309
2014-12-12 20:01:00+01;1339
2014-12-12 20:53:00+01;1339
2014-12-12 22:01:00+01;1449
2014-12-13 05:25:00+01;1399
2014-12-13 06:25:00+01;1389
2014-12-13 10:13:00+01;1369
2014-12-13 14:05:00+01;1349
2014-12-13 16:49:00+01;1329
2014-12-13 19:13:00+01;1319
2014-12-13 20:01:00+01;1349
2014-12-13 20:45:00+01;1349
2014-12-13 22:01:00+01;1449
2014-12-14 05:29:00+01;1409
2014-12-14 09:49:00+01;1389
2014-12-14 11:33:00+01;1339
2014-12-14 16:30:01+01;1339
2014-12-14 17:46:01+01;1319
2014-12-14 20:02:01+01;1349
2014-12-14 22:02:01+01;1449
2014-12-15 05:26:01+01;1409
2014-12-15 08:10:01+01;1389
2014-12-15 09:46:01+01;1369
2014-12-15 12:06:01+01;1359
2014-12-15 13:06:01+01;1359
2014-12-15 13:10:01+01;1339
2014-12-15 14:06:01+01;1329
2014-12-15 14:10:01+01;1329
2014-12-15 15:34:01+01;1319
2014-12-15 15:54:01+01;1319
2014-12-15 16:14:01+01;1299
2014-12-15 20:02:01+01;1329
2014-12-15 22:02:01+01;1429
2014-12-16 05:26:01+01;1389
2014-12-16 06:26:01+01;1389
2014-12-16 07:46:01+01;1389
2014-12-16 09:26:01+01;1369
2014-12-16 12:34:01+01;1349
2014-12-16 14:46:01+01;1289
2014-12-16 17:22:01+01;1289
2014-12-16 17:38:01+01;1289
2014-12-16 20:02:01+01;1319
2014-12-16 22:02:01+01;1419
2014-12-17 05:26:01+01;1379
2014-12-17 06:46:01+01;1289
2014-12-17 10:06:01+01;1279
2014-12-17 12:02:01+01;1269
2014-12-17 12:46:01+01;1269
2014-12-17 16:46:01+01;1259
2014-12-17 18:58:01+01;1259
2014-12-17 20:02:01+01;1289
2014-12-17 22:02:01+01;1399
2014-12-18 05:18:01+01;1349
2014-12-18 09:50:01+01;1329
2014-12-18 12:10:01+01;1309
2014-12-18 14:46:01+01;1309
2014-12-18 14:58:01+01;1289
2014-12-18 17:58:01+01;1269
2014-12-18 20:02:01+01;1299
2014-12-18 22:02:01+01;1419
2014-12-19 05:26:01+01;1359
2014-12-19 10:34:01+01;1339
2014-12-19 13:06:01+01;1319
2014-12-19 16:10:01+01;1289
2014-12-19 20:02:01+01;1319
2014-12-19 21:30:01+01;1309
2014-12-19 22:02:01+01;1419
2014-12-20 05:26:01+01;1369
2014-12-20 09:22:01+01;1349
2014-12-20 12:34:01+01;1329
2014-12-20 14:22:01+01;1309
2014-12-20 15:46:01+01;1299
2014-12-20 17:30:01+01;1289
2014-12-20 20:02:01+01;1319
2014-12-20 20:22:01+01;1309
2014-12-20 22:02:01+01;1419
2014-12-21 05:58:01+01;1369
2014-12-21 10:22:01+01;1359
2014-12-21 15:14:01+01;1299
2014-12-21 18:38:01+01;1289
2014-12-21 20:02:01+01;1319
2014-12-21 22:02:01+01;1419
2014-12-22 05:26:01+01;1379
2014-12-22 06:54:01+01;1359
2014-12-22 08:06:01+01;1359
2014-12-22 09:34:01+01;1339
2014-12-22 12:38:01+01;1319
2014-12-22 15:54:01+01;1299
2014-12-22 17:34:01+01;1279
2014-12-22 20:02:01+01;1309
2014-12-22 20:54:01+01;1309
2014-12-22 21:14:01+01;1299
2014-12-22 22:02:01+01;1419
2014-12-23 05:26:01+01;1369
2014-12-23 08:38:01+01;1359
2014-12-23 10:38:01+01;1349
2014-12-23 12:34:01+01;1329
2014-12-23 14:26:01+01;1309
2014-12-23 16:22:01+01;1289
2014-12-23 17:58:01+01;1289
2014-12-23 20:06:01+01;1319
2014-12-23 20:22:01+01;1319
2014-12-23 20:46:01+01;1309
2014-12-23 21:14:01+01;1299
2014-12-23 22:02:01+01;1419
2014-12-24 05:26:01+01;1379
2014-12-24 06:22:01+01;1359
2014-12-24 09:14:01+01;1329
2014-12-24 12:22:01+01;1309
2014-12-24 15:10:01+01;1289
2014-12-24 20:02:01+01;1319
2014-12-24 21:30:01+01;1309
2014-12-24 22:02:01+01;1419
2014-12-25 05:26:01+01;1369
2014-12-25 09:10:01+01;1359
2014-12-25 12:14:01+01;1319
2014-12-25 12:38:01+01;1289
2014-12-25 15:30:01+01;1289
2014-12-25 20:02:01+01;1319
2014-12-25 22:02:01+01;1419
2014-12-26 05:26:01+01;1379
2014-12-26 10:34:01+01;1359
2014-12-26 11:06:01+01;1359
2014-12-26 12:54:01+01;1339
2014-12-26 14:22:01+01;1319
2014-12-26 15:46:01+01;1289
2014-12-26 20:02:01+01;1319
2014-12-26 21:30:01+01;1299
2014-12-26 22:02:01+01;1419
2014-12-27 05:26:01+01;1359
2014-12-27 07:22:01+01;1349
2014-12-27 09:34:01+01;1329
2014-12-27 10:14:01+01;1319
2014-12-27 11:34:02+01;1309
2014-12-27 12:14:01+01;1299
2014-12-27 12:54:01+01;1289
2014-12-27 16:54:01+01;1289
2014-12-27 20:02:01+01;1319
2014-12-27 20:38:01+01;1289
2014-12-27 22:02:01+01;1419
2014-12-28 05:26:01+01;1349
2014-12-28 12:22:01+01;1349
2014-12-28 13:14:01+01;1349
2014-12-28 14:22:01+01;1339
2014-12-28 15:54:01+01;1289
2014-12-28 20:02:01+01;1319
2014-12-28 21:26:01+01;1319
2014-12-28 22:02:01+01;1419
2014-12-29 05:26:01+01;1379
2014-12-29 06:14:01+01;1369
2014-12-29 08:02:01+01;1349
2014-12-29 08:22:01+01;1349
2014-12-29 09:14:01+01;1339
2014-12-29 11:46:01+01;1329
2014-12-29 11:54:01+01;1319
2014-12-29 12:14:01+01;1319
2014-12-29 13:14:01+01;1309
2014-12-29 15:22:01+01;1299
2014-12-29 16:34:01+01;1289
2014-12-29 20:02:01+01;1319
2014-12-29 20:46:01+01;1299
2014-12-29 22:06:01+01;1419
2014-12-30 05:46:01+01;1369
2014-12-30 06:22:01+01;1359
2014-12-30 06:54:01+01;1349
2014-12-30 08:06:01+01;1339
2014-12-30 08:54:01+01;1329
2014-12-30 09:54:01+01;1319
2014-12-30 13:38:01+01;1309
2014-12-30 14:46:01+01;1289
2014-12-30 14:50:01+01;1289
2014-12-30 15:18:01+01;1289
2014-12-30 16:18:01+01;1279
2014-12-30 20:02:01+01;1309
2014-12-30 21:30:01+01;1299
2014-12-30 22:02:02+01;1399
2014-12-31 05:26:01+01;1359
2014-12-31 06:18:01+01;1339
2014-12-31 10:38:01+01;1319
2014-12-31 12:26:01+01;1299
2014-12-31 14:14:01+01;1279
2014-12-31 15:14:01+01;1269
2014-12-31 16:54:01+01;1269
2014-12-31 20:02:02+01;1299
2014-12-31 21:26:01+01;1269
2014-12-31 22:02:01+01;1399
2015-01-01 05:26:01+01;1329
2015-01-01 12:54:01+01;1319
2015-01-01 14:14:01+01;1309
2015-01-01 14:54:01+01;1299
2015-01-01 20:02:01+01;1329
2015-01-01 22:02:01+01;1399
2015-01-02 05:26:01+01;1379
2015-01-02 07:06:01+01;1349
2015-01-02 09:38:01+01;1329
2015-01-02 10:34:01+01;1319
2015-01-02 12:14:01+01;1309
2015-01-02 12:38:01+01;1289
2015-01-02 14:06:01+01;1279
2015-01-02 14:54:01+01;1269
2015-01-02 15:50:01+01;1269
2015-01-02 20:02:01+01;1299
2015-01-02 21:02:01+01;1279
2015-01-02 22:02:01+01;1399
2015-01-03 05:26:01+01;1339
2015-01-03 06:46:01+01;1329
2015-01-03 09:26:01+01;1309
2015-01-03 12:22:01+01;1289
2015-01-03 14:54:01+01;1279
2015-01-03 16:22:01+01;1279
2015-01-03 20:02:01+01;1309
2015-01-03 21:26:01+01;1279
2015-01-03 22:02:01+01;1399
2015-01-04 05:26:01+01;1339
2015-01-04 12:42:01+01;1329
2015-01-04 14:50:01+01;1279
2015-01-04 16:10:01+01;1279
2015-01-04 20:02:01+01;1309
2015-01-04 20:14:01+01;1289
2015-01-04 22:02:01+01;1399
2015-01-05 05:26:01+01;1349
2015-01-05 09:34:01+01;1329
2015-01-05 10:38:01+01;1319
2015-01-05 11:54:01+01;1309
2015-01-05 12:26:01+01;1309
2015-01-05 14:10:01+01;1289
2015-01-05 14:58:01+01;1289
2015-01-05 16:06:01+01;1279
2015-01-05 16:38:01+01;1279
2015-01-05 20:02:01+01;1309
2015-01-05 21:30:01+01;1289
2015-01-05 22:02:01+01;1379
2015-01-06 05:26:01+01;1359
2015-01-06 06:02:01+01;1349
2015-01-06 08:26:01+01;1329
2015-01-06 12:14:01+01;1309
2015-01-06 13:38:01+01;1299
2015-01-06 15:02:01+01;1289
2015-01-06 15:50:01+01;1279
2015-01-06 16:14:01+01;1269
2015-01-06 20:02:01+01;1299
2015-01-06 21:26:01+01;1289
2015-01-06 22:02:01+01;1369
2015-01-07 05:22:01+01;1339
2015-01-07 06:38:01+01;1329
2015-01-07 07:34:01+01;1319
2015-01-07 08:26:01+01;1309
2015-01-07 09:06:01+01;1299
2015-01-07 09:46:01+01;1289
2015-01-07 12:18:01+01;1279
2015-01-07 12:42:01+01;1269
2015-01-07 14:14:01+01;1259
2015-01-07 15:58:01+01;1259
2015-01-07 20:02:01+01;1289
2015-01-07 20:58:01+01;1269
2015-01-07 21:14:01+01;1259
2015-01-07 22:02:01+01;1369
2015-01-08 05:26:01+01;1329
2015-01-08 06:06:01+01;1319
2015-01-08 06:46:01+01;1309
2015-01-08 08:58:01+01;1299
2015-01-08 10:10:01+01;1289
2015-01-08 10:14:01+01;1279
2015-01-08 11:14:01+01;1269
2015-01-08 12:06:01+01;1259
2015-01-08 13:06:01+01;1259
2015-01-08 20:02:01+01;1289
2015-01-08 20:34:01+01;1259
2015-01-08 22:02:01+01;1369
2015-01-09 05:06:01+01;1309
2015-01-09 09:50:01+01;1299
2015-01-09 11:06:01+01;1279
2015-01-09 11:34:01+01;1279
2015-01-09 12:06:01+01;1269
2015-01-09 13:26:01+01;1259
2015-01-09 14:06:01+01;1259
2015-01-09 16:34:01+01;1259
2015-01-09 20:02:01+01;1289
2015-01-09 20:46:01+01;1259
2015-01-09 22:06:01+01;1359
2015-01-10 05:26:01+01;1299
2015-01-10 06:38:01+01;1289
2015-01-10 08:58:01+01;1289
2015-01-10 09:58:01+01;1289
2015-01-10 10:34:01+01;1279
2015-01-10 11:14:01+01;1279
2015-01-10 11:46:01+01;1279
2015-01-10 12:34:01+01;1259
2015-01-10 20:02:01+01;1289
2015-01-10 21:26:01+01;1259
2015-01-10 22:02:01+01;1359
2015-01-11 05:50:01+01;1289
2015-01-11 11:06:01+01;1289
2015-01-11 11:54:01+01;1289
2015-01-11 12:54:01+01;1269
2015-01-11 13:42:01+01;1269
2015-01-11 14:34:01+01;1269
2015-01-11 15:14:01+01;1259
2015-01-11 17:26:01+01;1259
2015-01-11 20:02:01+01;1289
2015-01-11 21:30:01+01;1279
2015-01-11 22:02:01+01;1359
2015-01-12 05:22:01+01;1319
2015-01-12 06:14:01+01;1319
2015-01-12 07:14:01+01;1319
2015-01-12 08:06:01+01;1319
2015-01-12 09:18:01+01;1309
2015-01-12 09:58:01+01;1299
2015-01-12 10:38:01+01;1289
2015-01-12 11:38:01+01;1279
2015-01-12 12:26:01+01;1269
2015-01-12 13:26:01+01;1259
2015-01-12 14:26:01+01;1259
2015-01-12 15:06:01+01;1259
2015-01-12 20:02:02+01;1289
2015-01-12 22:02:01+01;1349
2015-01-13 05:10:01+01;1309
2015-01-13 06:06:01+01;1299
2015-01-13 07:42:01+01;1299
2015-01-13 08:54:01+01;1299
2015-01-13 08:58:01+01;1279
2015-01-13 09:14:01+01;1279
2015-01-13 10:34:01+01;1279
2015-01-13 11:34:01+01;1279
2015-01-13 11:42:01+01;1259
2015-01-13 12:58:01+01;1259
2015-01-13 15:22:01+01;1249
2015-01-13 20:02:01+01;1279
2015-01-13 20:58:01+01;1249
2015-01-13 22:02:01+01;1349
2015-01-14 05:22:01+01;1309
2015-01-14 06:14:01+01;1299
2015-01-14 07:42:01+01;1289
2015-01-14 09:22:01+01;1269
2015-01-14 11:34:01+01;1249
2015-01-14 12:50:01+01;1239
2015-01-14 14:58:01+01;1229
2015-01-14 20:02:01+01;1259
2015-01-14 22:02:01+01;1339
2015-01-15 05:06:01+01;1299
2015-01-15 09:10:01+01;1279
2015-01-15 11:46:01+01;1259
2015-01-15 14:42:01+01;1239
2015-01-15 16:14:01+01;1229
2015-01-15 16:18:02+01;1229
2015-01-15 16:34:01+01;1219
2015-01-15 20:02:01+01;1259
2015-01-15 22:02:01+01;1349
2015-01-16 05:18:01+01;1309
2015-01-16 06:58:01+01;1299
2015-01-16 09:38:01+01;1279
2015-01-16 12:06:01+01;1259
2015-01-16 14:06:01+01;1249
2015-01-16 16:30:01+01;1249
2015-01-16 20:02:02+01;1279
2015-01-16 21:14:01+01;1249
2015-01-16 22:02:01+01;1349
2015-01-17 05:22:01+01;1309
2015-01-17 10:22:01+01;1289
2015-01-17 10:42:01+01;1289
2015-01-17 13:06:01+01;1269
2015-01-17 13:46:01+01;1269
2015-01-17 14:26:01+01;1249
2015-01-17 16:06:01+01;1239
2015-01-17 20:02:01+01;1269
2015-01-17 20:10:01+01;1259
2015-01-17 22:02:01+01;1349
2015-01-18 05:26:01+01;1319
2015-01-18 07:46:01+01;1319
2015-01-18 08:58:01+01;1319
2015-01-18 09:50:01+01;1309
2015-01-18 11:06:01+01;1299
2015-01-18 11:50:01+01;1299
2015-01-18 12:26:01+01;1289
2015-01-18 13:26:01+01;1289
2015-01-18 13:34:01+01;1279
2015-01-18 15:30:01+01;1259
2015-01-18 16:34:01+01;1249
2015-01-18 18:14:01+01;1239
2015-01-18 20:02:01+01;1269
2015-01-18 22:02:02+01;1349
2015-01-19 05:22:01+01;1309
2015-01-19 09:14:01+01;1309
2015-01-19 09:34:01+01;1309
2015-01-19 09:42:01+01;1289
2015-01-19 10:06:01+01;1289
2015-01-19 10:58:01+01;1289
2015-01-19 11:30:01+01;1269
2015-01-19 14:42:01+01;1239
2015-01-19 20:02:01+01;1269
2015-01-19 22:02:01+01;1359
2015-01-20 05:58:01+01;1319
2015-01-20 07:22:01+01;1309
2015-01-20 10:26:01+01;1289
2015-01-20 10:58:01+01;1289
2015-01-20 13:38:01+01;1269
2015-01-20 14:54:01+01;1249
2015-01-20 16:14:01+01;1239
2015-01-20 17:34:01+01;1229
2015-01-20 20:02:01+01;1259
2015-01-20 22:02:01+01;1369
2015-01-21 05:06:01+01;1319
2015-01-21 08:30:01+01;1309
2015-01-21 09:14:01+01;1239
2015-01-21 12:06:01+01;1229
2015-01-21 20:02:01+01;1259
2015-01-21 22:02:01+01;1369
2015-01-22 05:14:01+01;1309
2015-01-22 09:30:01+01;1289
2015-01-22 10:42:01+01;1249
2015-01-22 16:06:01+01;1239
2015-01-22 17:06:01+01;1229
2015-01-22 20:02:01+01;1259
2015-01-22 22:02:01+01;1369
2015-01-23 05:06:01+01;1319
2015-01-23 07:06:01+01;1299
2015-01-23 09:34:01+01;1279
2015-01-23 12:14:01+01;1269
2015-01-23 12:38:01+01;1259
2015-01-23 14:26:01+01;1239
2015-01-23 16:06:01+01;1219
2015-01-23 20:02:01+01;1249
2015-01-23 21:30:01+01;1249
2015-01-23 22:02:01+01;1379
2015-01-24 05:34:01+01;1309
2015-01-24 10:58:01+01;1289
2015-01-24 12:10:01+01;1259
2015-01-24 12:54:01+01;1249
2015-01-24 15:14:01+01;1239
2015-01-24 20:02:01+01;1269
2015-01-24 22:02:01+01;1379
2015-01-25 05:30:01+01;1299
2015-01-25 10:46:01+01;1279
2015-01-25 11:42:01+01;1259
2015-01-25 12:58:01+01;1259
2015-01-25 14:46:01+01;1239
2015-01-25 15:58:01+01;1239
2015-01-25 20:02:01+01;1269
2015-01-25 22:02:01+01;1379
2015-01-26 05:22:01+01;1309
2015-01-26 07:22:01+01;1309
2015-01-26 10:46:01+01;1279
2015-01-26 12:38:01+01;1269
2015-01-26 12:42:01+01;1259
2015-01-26 13:26:01+01;1249
2015-01-26 20:02:01+01;1279
2015-01-26 22:02:01+01;1379
2015-01-27 05:10:01+01;1339
2015-01-27 07:14:01+01;1319
2015-01-27 07:50:01+01;1309
2015-01-27 09:06:01+01;1289
2015-01-27 11:26:01+01;1269
2015-01-27 13:06:01+01;1249
2015-01-27 16:14:01+01;1229
2015-01-27 20:02:01+01;1259
2015-01-27 22:02:01+01;1379
2015-01-28 05:30:01+01;1319
2015-01-28 06:58:01+01;1309
2015-01-28 08:42:01+01;1299
2015-01-28 10:38:01+01;1279
2015-01-28 14:14:01+01;1259
2015-01-28 16:30:01+01;1239
2015-01-28 19:26:01+01;1229
2015-01-28 20:02:01+01;1259
2015-01-28 21:14:01+01;1249
2015-01-28 22:02:01+01;1379
2015-01-29 05:10:01+01;1309
2015-01-29 07:18:01+01;1309
2015-01-29 09:42:01+01;1289
2015-01-29 10:38:01+01;1269
2015-01-29 13:58:01+01;1239
2015-01-29 14:58:01+01;1229
2015-01-29 17:30:01+01;1229
2015-01-29 20:02:01+01;1259
2015-01-29 22:02:01+01;1389
2015-01-30 05:26:01+01;1309
2015-01-30 09:34:01+01;1289
2015-01-30 11:10:01+01;1269
2015-01-30 15:06:01+01;1259
2015-01-30 16:50:01+01;1239
2015-01-30 20:02:01+01;1269
2015-01-30 22:02:01+01;1379
2015-01-31 05:26:01+01;1319
2015-01-31 08:18:02+01;1309
2015-01-31 08:50:01+01;1309
2015-01-31 10:02:01+01;1289
2015-01-31 11:54:01+01;1269
2015-01-31 14:02:01+01;1249
2015-01-31 16:38:01+01;1249
2015-01-31 20:02:01+01;1279
2015-01-31 21:34:01+01;1259
2015-01-31 22:06:01+01;1379
2015-02-01 05:26:01+01;1319
2015-02-01 09:14:01+01;1309
2015-02-01 11:26:01+01;1299
2015-02-01 13:34:01+01;1279
2015-02-01 16:06:01+01;1259
2015-02-01 18:34:01+01;1249
2015-02-01 20:02:01+01;1279
2015-02-01 21:26:01+01;1259
2015-02-01 22:02:01+01;1379
2015-02-02 05:26:01+01;1349
2015-02-02 06:14:01+01;1319
2015-02-02 07:46:01+01;1309
2015-02-02 09:18:01+01;1289
2015-02-02 10:46:01+01;1279
2015-02-02 10:58:01+01;1279
2015-02-02 12:46:01+01;1269
2015-02-02 15:30:01+01;1259
2015-02-02 16:26:01+01;1249
2015-02-02 20:02:01+01;1279
2015-02-02 22:02:01+01;1399
2015-02-03 05:26:01+01;1349
2015-02-03 07:06:01+01;1319
2015-02-03 08:14:01+01;1299
2015-02-03 10:14:01+01;1289
2015-02-03 11:14:01+01;1279
2015-02-03 13:34:01+01;1279
2015-02-03 20:02:01+01;1309
2015-02-03 21:30:01+01;1289
2015-02-03 22:02:01+01;1429
2015-02-04 05:06:01+01;1349
2015-02-04 07:34:01+01;1339
2015-02-04 07:42:01+01;1329
2015-02-04 09:10:01+01;1309
2015-02-04 10:38:01+01;1289
2015-02-04 14:26:01+01;1279
2015-02-04 16:26:01+01;1279
2015-02-04 20:02:01+01;1309
2015-02-04 21:30:01+01;1289
2015-02-04 22:02:01+01;1439
2015-02-05 05:06:01+01;1349
2015-02-05 07:06:01+01;1339
2015-02-05 09:14:01+01;1319
2015-02-05 12:14:01+01;1309
2015-02-05 14:34:01+01;1289
2015-02-05 16:14:01+01;1279
2015-02-05 22:18:02+01;1439
2015-02-06 05:06:01+01;1359
2015-02-06 07:06:01+01;1339
2015-02-06 08:30:01+01;1319
2015-02-06 09:38:01+01;1299
2015-02-06 14:06:01+01;1289
2015-02-06 16:06:01+01;1269
2015-02-06 20:02:01+01;1299
2015-02-06 20:06:01+01;1289
2015-02-06 22:02:01+01;1439
2015-02-07 05:26:01+01;1349
2015-02-07 10:58:01+01;1349
2015-02-07 11:26:01+01;1329
2015-02-07 13:58:01+01;1319
2015-02-07 14:58:01+01;1309
2015-02-07 17:14:01+01;1289
2015-02-07 18:46:01+01;1289
2015-02-07 20:02:01+01;1319
2015-02-07 22:02:01+01;1439
2015-02-08 05:22:01+01;1379
2015-02-08 13:06:01+01;1309
2015-02-08 20:06:01+01;1339
2015-02-08 22:02:01+01;1439
2015-02-09 05:10:01+01;1359
2015-02-09 09:42:01+01;1339
2015-02-09 12:14:01+01;1329
2015-02-09 14:10:01+01;1309
2015-02-09 16:34:01+01;1279
2015-02-09 20:02:01+01;1309
2015-02-09 22:06:01+01;1449
2015-02-10 05:06:01+01;1369
2015-02-10 09:30:01+01;1349
2015-02-10 11:58:01+01;1339
2015-02-10 14:14:01+01;1319
2015-02-10 17:06:01+01;1299
2015-02-10 20:02:01+01;1329
2015-02-10 22:02:01+01;1449
2015-02-11 05:22:01+01;1389
2015-02-11 08:10:01+01;1379
2015-02-11 09:58:01+01;1369
2015-02-11 10:26:01+01;1349
2015-02-11 11:14:01+01;1349
2015-02-11 12:14:01+01;1349
2015-02-11 14:14:01+01;1329
2015-02-11 15:30:01+01;1329
2015-02-11 16:26:01+01;1309
2015-02-11 17:38:01+01;1299
2015-02-11 18:30:01+01;1299
2015-02-11 20:02:01+01;1329
2015-02-11 20:58:01+01;1319
2015-02-11 22:02:01+01;1449
2015-02-12 05:06:01+01;1389
2015-02-12 07:38:01+01;1379
2015-02-12 09:46:01+01;1359
2015-02-12 10:26:01+01;1349
2015-02-12 12:10:01+01;1349
2015-02-12 14:06:01+01;1339
2015-02-12 14:26:01+01;1329
2015-02-12 16:14:01+01;1309
2015-02-12 20:02:01+01;1339
2015-02-12 20:22:01+01;1329
2015-02-12 22:02:01+01;1429
2015-02-13 05:06:01+01;1389
2015-02-13 07:14:01+01;1379
2015-02-13 10:30:01+01;1359
2015-02-13 13:50:01+01;1349
2015-02-13 14:34:01+01;1319
2015-02-13 16:26:01+01;1299
2015-02-13 20:06:01+01;1329
2015-02-13 22:14:01+01;1439
2015-02-14 05:22:01+01;1389
2015-02-14 08:46:01+01;1379
2015-02-14 10:30:01+01;1369
2015-02-14 12:34:01+01;1359
2015-02-14 13:58:01+01;1339
2015-02-14 16:34:01+01;1319
2015-02-14 19:34:01+01;1309
2015-02-14 20:02:01+01;1339
2015-02-14 22:02:01+01;1439
2015-02-15 05:26:01+01;1399
2015-02-15 09:14:01+01;1389
2015-02-15 12:06:01+01;1369
2015-02-15 15:06:01+01;1359
2015-02-15 17:42:01+01;1349
2015-02-15 20:02:01+01;1379
2015-02-15 20:22:01+01;1349
2015-02-15 22:02:01+01;1439
2015-02-16 05:22:01+01;1409
2015-02-16 07:22:01+01;1389
2015-02-16 11:14:01+01;1369
2015-02-16 12:50:01+01;1359
2015-02-16 14:50:01+01;1339
2015-02-16 16:18:01+01;1329
2015-02-16 18:34:01+01;1319
2015-02-16 20:02:01+01;1349
2015-02-16 22:06:02+01;1449
2015-02-17 05:22:01+01;1419
2015-02-17 06:02:02+01;1399
2015-02-17 06:22:01+01;1399
2015-02-17 08:06:01+01;1389
2015-02-17 10:50:01+01;1369
2015-02-17 12:02:01+01;1339
2015-02-17 14:22:01+01;1339
2015-02-17 16:06:01+01;1329
2015-02-17 16:50:01+01;1319
2015-02-17 18:50:01+01;1309
2015-02-17 20:02:01+01;1339
2015-02-17 21:18:01+01;1339
2015-02-17 22:02:01+01;1449
2015-02-18 05:06:01+01;1399
2015-02-18 07:38:01+01;1389
2015-02-18 10:26:01+01;1389
2015-02-18 10:30:01+01;1369
2015-02-18 11:42:01+01;1369
2015-02-18 14:46:01+01;1349
2015-02-18 16:26:01+01;1329
2015-02-18 20:02:01+01;1359
2015-02-18 20:42:01+01;1349
2015-02-18 22:02:01+01;1439
2015-02-19 05:06:01+01;1419
2015-02-19 06:18:01+01;1409
2015-02-19 07:26:01+01;1399
2015-02-19 11:10:01+01;1379
2015-02-19 13:38:01+01;1369
2015-02-19 15:30:01+01;1349
2015-02-19 15:58:01+01;1349
2015-02-19 16:54:01+01;1349
2015-02-19 17:02:01+01;1329
2015-02-19 18:26:01+01;1329
2015-02-19 18:34:01+01;1319
2015-02-19 20:06:01+01;1349
2015-02-19 20:46:01+01;1339
2015-02-19 22:02:01+01;1439
2015-02-20 05:22:01+01;1419
2015-02-20 06:26:01+01;1399
2015-02-20 10:30:01+01;1379
2015-02-20 11:30:01+01;1369
2015-02-20 13:46:01+01;1359
2015-02-20 15:22:01+01;1349
2015-02-20 16:46:01+01;1329
2015-02-20 19:14:01+01;1329
2015-02-20 20:02:01+01;1359
2015-02-20 20:14:01+01;1349
2015-02-20 22:02:01+01;1429
2015-02-21 05:26:01+01;1389
2015-02-21 06:34:01+01;1389
2015-02-21 08:26:01+01;1359
2015-02-21 10:46:01+01;1339
2015-02-21 14:26:01+01;1339
2015-02-21 15:06:01+01;1329
2015-02-21 16:06:01+01;1309
2015-02-21 19:14:01+01;1299
2015-02-21 20:02:01+01;1329
2015-02-21 20:30:01+01;1319
2015-02-21 22:02:01+01;1429
2015-02-22 05:22:01+01;1389
2015-02-22 06:26:01+01;1379
2015-02-22 11:06:01+01;1369
2015-02-22 14:02:01+01;1339
2015-02-22 14:26:01+01;1339
2015-02-22 17:14:01+01;1329
2015-02-22 20:02:01+01;1359
2015-02-22 20:22:01+01;1329
2015-02-22 22:02:01+01;1429
2015-02-23 05:22:01+01;1389
2015-02-23 07:30:01+01;1389
2015-02-23 09:58:01+01;1369
2015-02-23 11:58:01+01;1349
2015-02-23 12:26:01+01;1349
2015-02-23 14:58:01+01;1329
2015-02-23 16:06:01+01;1319
2015-02-23 16:14:01+01;1319
2015-02-23 16:38:01+01;1309
2015-02-23 18:46:01+01;1309
2015-02-23 20:02:01+01;1339
2015-02-23 22:02:01+01;1449
2015-02-24 05:26:01+01;1389
2015-02-24 07:26:01+01;1379
2015-02-24 09:58:01+01;1359
2015-02-24 11:58:01+01;1349
2015-02-24 14:06:01+01;1329
2015-02-24 16:06:01+01;1309
2015-02-24 20:02:01+01;1339
2015-02-24 22:02:01+01;1439
2015-02-25 01:26:01+01;1439
2015-02-25 05:18:01+01;1399
2015-02-25 07:58:01+01;1389
2015-02-25 09:26:01+01;1369
2015-02-25 12:06:01+01;1349
2015-02-25 14:26:01+01;1329
2015-02-25 16:22:01+01;1309
2015-02-25 20:02:01+01;1339
2015-02-25 22:02:01+01;1439
2015-02-26 05:22:02+01;1399
2015-02-26 06:54:01+01;1379
2015-02-26 09:14:01+01;1359
2015-02-26 11:50:01+01;1319
2015-02-26 14:06:01+01;1309
2015-02-26 14:10:01+01;1309
2015-02-26 20:02:01+01;1339
2015-02-26 22:02:01+01;1459
2015-02-27 05:10:01+01;1399
2015-02-27 07:46:01+01;1389
2015-02-27 08:58:01+01;1369
2015-02-27 10:06:01+01;1349
2015-02-27 12:22:01+01;1349
2015-02-27 13:38:01+01;1339
2015-02-27 14:14:01+01;1339
2015-02-27 15:10:01+01;1329
2015-02-27 18:06:01+01;1319
2015-02-27 20:02:01+01;1349
2015-02-27 22:02:01+01;1469
2015-02-28 05:34:01+01;1409
2015-02-28 09:50:01+01;1389
2015-02-28 11:54:01+01;1369
2015-02-28 14:14:01+01;1359
2015-02-28 14:46:01+01;1349
2015-02-28 16:38:01+01;1329
2015-02-28 20:02:01+01;1359
2015-02-28 22:10:01+01;1469
2015-03-01 05:26:01+01;1419
2015-03-01 07:58:01+01;1409
2015-03-01 10:38:01+01;1389
2015-03-01 10:46:01+01;1389
2015-03-01 12:42:01+01;1379
2015-03-01 13:46:01+01;1379
2015-03-01 16:02:01+01;1369
2015-03-01 16:54:01+01;1359
2015-03-01 18:38:01+01;1329
2015-03-01 20:02:01+01;1359
2015-03-01 22:02:01+01;1469
2015-03-02 05:26:01+01;1449
2015-03-02 06:26:01+01;1429
2015-03-02 08:18:01+01;1419
2015-03-02 08:50:01+01;1379
2015-03-02 09:38:01+01;1379
2015-03-02 10:26:01+01;1359
2015-03-02 10:50:01+01;1349
2015-03-02 14:06:02+01;1349
2015-03-02 16:06:01+01;1339
2015-03-02 17:14:01+01;1339
2015-03-02 17:22:01+01;1329
2015-03-02 18:50:01+01;1329
2015-03-02 20:02:01+01;1359
2015-03-02 22:02:01+01;1479
2015-03-03 05:26:01+01;1419
2015-03-03 08:22:01+01;1399
2015-03-03 09:14:01+01;1379
2015-03-03 12:38:01+01;1379
2015-03-03 15:10:01+01;1359
2015-03-03 15:26:01+01;1359
2015-03-03 16:22:01+01;1339
2015-03-03 16:54:01+01;1339
2015-03-03 18:14:01+01;1339
2015-03-03 20:18:01+01;1369
2015-03-03 20:30:01+01;1359
2015-03-03 22:02:01+01;1479
2015-03-04 05:26:01+01;1419
2015-03-04 08:06:01+01;1409
2015-03-04 08:30:01+01;1389
2015-03-04 09:10:01+01;1369
2015-03-04 10:50:01+01;1369
2015-03-04 11:38:01+01;1369
2015-03-04 13:22:01+01;1359
2015-03-04 14:30:01+01;1359
2015-03-04 14:46:01+01;1359
2015-03-04 16:06:01+01;1339
2015-03-04 20:38:01+01;1369
2015-03-04 22:34:01+01;1479
2015-03-05 05:10:01+01;1429
2015-03-05 08:02:01+01;1419
2015-03-05 08:06:01+01;1399
2015-03-05 09:02:01+01;1379
2015-03-05 09:50:01+01;1359
2015-03-05 12:14:01+01;1359
2015-03-05 14:06:01+01;1349
2015-03-05 16:10:01+01;1339
2015-03-05 17:06:01+01;1329
2015-03-05 20:06:01+01;1359
2015-03-05 22:02:01+01;1479
2015-03-06 05:26:02+01;1419
2015-03-06 07:38:01+01;1419
2015-03-06 09:26:01+01;1379
2015-03-06 12:06:01+01;1369
2015-03-06 14:38:01+01;1359
2015-03-06 16:46:01+01;1339
2015-03-06 19:34:01+01;1339
2015-03-06 20:22:01+01;1369
2015-03-06 22:02:01+01;1479
2015-03-07 05:26:01+01;1429
2015-03-07 09:14:01+01;1399
2015-03-07 09:46:01+01;1399
2015-03-07 12:54:01+01;1379
2015-03-07 14:14:01+01;1359
2015-03-07 17:06:01+01;1359
2015-03-07 17:14:01+01;1339
2015-03-07 20:02:01+01;1369
2015-03-07 22:02:01+01;1479
2015-03-08 05:26:01+01;1429
2015-03-08 09:26:01+01;1429
2015-03-08 10:14:01+01;1419
2015-03-08 10:50:01+01;1409
2015-03-08 12:58:01+01;1399
2015-03-08 15:42:01+01;1399
2015-03-08 15:58:02+01;1389
2015-03-08 17:06:01+01;1379
2015-03-08 19:26:01+01;1349
2015-03-08 19:30:01+01;1349
2015-03-08 20:02:01+01;1379
2015-03-08 22:02:01+01;1479
2015-03-09 05:22:01+01;1439
2015-03-09 07:26:01+01;1429
2015-03-09 08:34:01+01;1419
2015-03-09 09:14:01+01;1399
2015-03-09 10:58:01+01;1389
2015-03-09 13:30:01+01;1349
2015-03-09 20:02:01+01;1379
2015-03-09 22:02:01+01;1489
2015-03-10 05:26:01+01;1439
2015-03-10 06:58:01+01;1429
2015-03-10 07:58:01+01;1409
2015-03-10 09:58:01+01;1399
2015-03-10 12:18:01+01;1399
2015-03-10 12:26:01+01;1389
2015-03-10 13:38:01+01;1379
2015-03-10 15:26:01+01;1369
2015-03-10 16:42:01+01;1359
2015-03-10 20:18:01+01;1389
2015-03-10 22:02:01+01;1499
2015-03-11 05:22:01+01;1449
2015-03-11 07:22:01+01;1439
2015-03-11 08:26:01+01;1419
2015-03-11 09:14:01+01;1409
2015-03-11 11:30:01+01;1399
2015-03-11 12:46:01+01;1389
2015-03-11 13:38:01+01;1379
2015-03-11 14:14:01+01;1379
2015-03-11 15:06:01+01;1369
2015-03-11 15:22:01+01;1369
2015-03-11 16:46:01+01;1359
2015-03-11 17:58:01+01;1349
2015-03-11 20:38:01+01;1379
2015-03-11 22:38:01+01;1489
2015-03-12 05:06:01+01;1449
2015-03-12 07:38:01+01;1429
2015-03-12 09:18:01+01;1389
2015-03-12 11:50:01+01;1389
2015-03-12 14:06:01+01;1379
2015-03-12 17:02:01+01;1359
2015-03-12 19:30:01+01;1349
2015-03-12 20:22:01+01;1379
2015-03-12 22:02:01+01;1499
2015-03-13 05:10:01+01;1449
2015-03-13 07:02:01+01;1439
2015-03-13 07:22:01+01;1429
2015-03-13 08:50:02+01;1409
2015-03-13 09:30:01+01;1389
2015-03-13 12:46:01+01;1379
2015-03-13 15:58:01+01;1359
2015-03-13 20:02:01+01;1389
2015-03-13 22:02:01+01;1519
2015-03-14 05:26:01+01;1449
2015-03-14 08:06:01+01;1439
2015-03-14 08:58:01+01;1429
2015-03-14 11:46:01+01;1409
2015-03-14 12:26:02+01;1409
2015-03-14 14:58:01+01;1389
2015-03-14 16:14:01+01;1369
2015-03-14 20:06:02+01;1399
2015-03-14 20:22:01+01;1389
2015-03-14 22:02:01+01;1519
2015-03-15 05:22:01+01;1459
2015-03-15 06:26:01+01;1449
2015-03-15 09:06:01+01;1439
2015-03-15 11:46:01+01;1429
2015-03-15 12:14:01+01;1419
2015-03-15 12:58:01+01;1409
2015-03-15 15:06:01+01;1399
2015-03-15 16:14:01+01;1359
2015-03-15 20:02:01+01;1389
2015-03-15 22:02:01+01;1519
2015-03-16 05:26:01+01;1449
2015-03-16 07:26:01+01;1429
2015-03-16 08:14:01+01;1409
2015-03-16 11:58:01+01;1389
2015-03-16 13:34:01+01;1389
2015-03-16 15:22:01+01;1369
2015-03-16 16:26:01+01;1359
2015-03-16 20:02:01+01;1389
2015-03-16 22:06:01+01;1499
2015-03-17 05:26:01+01;1449
2015-03-17 07:30:01+01;1449
2015-03-17 07:46:01+01;1439
2015-03-17 09:06:01+01;1419
2015-03-17 11:46:01+01;1409
2015-03-17 11:50:01+01;1409
2015-03-17 13:30:01+01;1399
2015-03-17 15:06:01+01;1379
2015-03-17 16:06:01+01;1359
2015-03-17 19:06:01+01;1349
2015-03-17 19:22:01+01;1349
2015-03-17 20:06:01+01;1379
2015-03-17 22:06:01+01;1479
2015-03-18 05:26:01+01;1439
2015-03-18 07:42:01+01;1429
2015-03-18 09:46:01+01;1389
2015-03-18 12:18:01+01;1379
2015-03-18 13:26:01+01;1379
2015-03-18 14:38:01+01;1369
2015-03-18 15:50:01+01;1369
2015-03-18 15:58:01+01;1349
2015-03-18 18:30:01+01;1339
2015-03-18 20:34:01+01;1369
2015-03-18 22:02:01+01;1479
2015-03-19 05:26:01+01;1439
2015-03-19 07:14:01+01;1429
2015-03-19 09:14:01+01;1409
2015-03-19 12:06:01+01;1389
2015-03-19 14:14:01+01;1369
2015-03-19 17:06:01+01;1349
2015-03-19 19:02:01+01;1349
2015-03-19 20:06:01+01;1379
2015-03-19 22:06:01+01;1499
2015-03-20 05:14:01+01;1439
2015-03-20 07:58:01+01;1419
2015-03-20 08:46:01+01;1399
2015-03-20 12:26:01+01;1379
2015-03-20 14:06:01+01;1359
2015-03-20 14:58:01+01;1359
2015-03-20 16:30:01+01;1349
2015-03-20 17:06:01+01;1339
2015-03-20 20:02:01+01;1369
2015-03-20 22:02:01+01;1479
2015-03-21 05:26:01+01;1429
2015-03-21 10:18:01+01;1409
2015-03-21 12:30:01+01;1389
2015-03-21 13:30:01+01;1389
2015-03-21 14:26:01+01;1379
2015-03-21 15:26:01+01;1369
2015-03-21 16:06:01+01;1359
2015-03-21 17:06:01+01;1349
2015-03-21 17:58:01+01;1349
2015-03-21 20:26:01+01;1379
2015-03-21 22:22:01+01;1479
2015-03-22 05:26:01+01;1439
2015-03-22 09:46:01+01;1419
2015-03-22 14:18:01+01;1409
2015-03-22 16:34:01+01;1409
2015-03-22 16:46:01+01;1369
2015-03-22 20:30:01+01;1399
2015-03-22 22:02:01+01;1479
2015-03-23 05:10:01+01;1459
2015-03-23 06:58:02+01;1439
2015-03-23 07:46:01+01;1419
2015-03-23 10:06:01+01;1399
2015-03-23 11:26:01+01;1399
2015-03-23 13:14:01+01;1379
2015-03-23 15:06:01+01;1369
2015-03-23 16:26:01+01;1349
2015-03-23 19:14:01+01;1349
2015-03-23 20:02:01+01;1379
2015-03-23 22:02:01+01;1489
2015-03-24 05:22:01+01;1459
2015-03-24 06:06:01+01;1439
2015-03-24 06:58:01+01;1439
2015-03-24 09:22:01+01;1399
2015-03-24 11:58:01+01;1379
2015-03-24 15:54:02+01;1359
2015-03-24 16:18:01+01;1359
2015-03-24 18:22:01+01;1349
2015-03-24 20:02:01+01;1379
2015-03-24 22:02:01+01;1489
2015-03-25 05:14:01+01;1439
2015-03-25 10:50:01+01;1399
2015-03-25 11:58:01+01;1389
2015-03-25 15:10:01+01;1369
2015-03-25 20:22:01+01;1399
2015-03-25 22:06:01+01;1489
2015-03-26 05:46:01+01;1459
2015-03-26 06:26:01+01;1449
2015-03-26 08:02:01+01;1399
2015-03-26 09:06:01+01;1389
2015-03-26 09:38:01+01;1379
2015-03-26 12:54:01+01;1379
2015-03-26 15:14:01+01;1379
2015-03-26 15:58:01+01;1359
2015-03-26 20:02:01+01;1389
2015-03-26 22:02:01+01;1499
2015-03-27 05:14:01+01;1449
2015-03-27 08:06:01+01;1439
2015-03-27 08:30:01+01;1429
2015-03-27 09:10:01+01;1409
2015-03-27 11:34:01+01;1409
2015-03-27 14:06:01+01;1379
2015-03-27 16:18:01+01;1359
2015-03-27 22:30:01+01;1499
2015-03-28 06:02:01+01;1459
2015-03-28 08:22:01+01;1449
2015-03-28 09:38:01+01;1439
2015-03-28 11:14:01+01;1429
2015-03-28 12:38:01+01;1409
2015-03-28 12:54:01+01;1409
2015-03-28 14:18:01+01;1409
2015-03-28 14:26:01+01;1389
2015-03-28 14:58:01+01;1389
2015-03-28 15:46:01+01;1389
2015-03-28 16:46:01+01;1369
2015-03-28 17:58:01+01;1369
2015-03-28 20:02:01+01;1399
2015-03-28 22:14:01+01;1519
2015-03-28 22:30:01+01;1499
2015-03-29 06:18:01+02;1459
2015-03-29 14:26:01+02;1409
2015-03-29 15:22:01+02;1409
2015-03-29 16:14:01+02;1389
2015-03-29 16:26:01+02;1369
2015-03-29 17:06:01+02;1369
2015-03-29 20:02:01+02;1399
2015-03-29 22:02:01+02;1519
2015-03-29 22:50:01+02;1499
2015-03-30 05:30:01+02;1459
2015-03-30 08:14:01+02;1449
2015-03-30 11:34:01+02;1429
2015-03-30 12:02:01+02;1419
2015-03-30 13:06:01+02;1409
2015-03-30 15:18:01+02;1389
2015-03-30 16:10:01+02;1369
2015-03-30 20:10:01+02;1399
2015-03-30 22:02:01+02;1519
2015-03-30 22:38:01+02;1499
2015-03-31 05:14:01+02;1459
2015-03-31 07:10:01+02;1449
2015-03-31 08:34:01+02;1429
2015-03-31 12:38:01+02;1409
2015-03-31 13:46:01+02;1369
2015-03-31 15:14:01+02;1369
2015-03-31 16:06:01+02;1369
2015-03-31 18:38:01+02;1359
2015-03-31 20:06:01+02;1389
2015-03-31 22:22:01+02;1519
2015-04-01 05:14:01+02;1459
2015-04-01 07:14:01+02;1449
2015-04-01 09:30:01+02;1409
2015-04-01 11:58:01+02;1409
2015-04-01 12:42:01+02;1399
2015-04-01 15:06:01+02;1389
2015-04-01 16:14:01+02;1369
2015-04-01 19:38:01+02;1359
2015-04-01 19:46:01+02;1359
2015-04-01 20:26:01+02;1389
2015-04-01 22:14:01+02;1519
2015-04-02 05:22:01+02;1449
2015-04-02 08:06:01+02;1429
2015-04-02 10:30:01+02;1419
2015-04-02 10:58:01+02;1419
2015-04-02 12:38:01+02;1409
2015-04-02 13:14:01+02;1399
2015-04-02 13:46:01+02;1399
2015-04-02 14:18:01+02;1389
2015-04-02 16:06:01+02;1379
2015-04-03 01:30:01+02;1529
2015-04-03 05:26:01+02;1469
2015-04-03 09:34:01+02;1459
2015-04-03 10:22:01+02;1439
2015-04-03 11:54:01+02;1389
2015-04-03 13:26:01+02;1359
2015-04-03 14:30:01+02;1359
2015-04-03 20:06:01+02;1389
2015-04-03 22:06:01+02;1529
2015-04-04 05:26:01+02;1439
2015-04-04 09:46:01+02;1389
2015-04-04 14:58:01+02;1379
2015-04-04 17:22:01+02;1359
2015-04-04 20:02:01+02;1389
2015-04-04 20:42:01+02;1389
2015-04-04 22:06:01+02;1529
2015-04-05 05:26:01+02;1449
2015-04-05 06:50:01+02;1449
2015-04-05 12:06:01+02;1409
2015-04-05 12:54:01+02;1409
2015-04-05 13:46:01+02;1399
2015-04-05 16:26:01+02;1379
2015-04-05 17:54:01+02;1359
2015-04-05 20:02:01+02;1389
2015-04-05 22:06:01+02;1529
2015-04-06 05:26:01+02;1449
2015-04-06 13:06:01+02;1409
2015-04-06 17:46:01+02;1409
2015-04-06 20:06:01+02;1439
2015-04-06 22:02:01+02;1529
2015-04-07 05:26:01+02;1499
2015-04-07 07:14:01+02;1469
2015-04-07 08:46:01+02;1449
2015-04-07 09:38:01+02;1429
2015-04-07 12:10:01+02;1409
2015-04-07 14:54:01+02;1399
2015-04-07 15:06:01+02;1399
2015-04-07 15:22:01+02;1389
2015-04-07 16:22:01+02;1369
2015-04-07 17:38:01+02;1369
2015-04-07 20:30:01+02;1399
2015-04-07 22:10:01+02;1529
2015-04-08 05:26:01+02;1459
2015-04-08 09:14:01+02;1419
2015-04-08 11:54:01+02;1409
2015-04-08 12:46:01+02;1399
2015-04-08 14:14:01+02;1379
2015-04-08 17:34:01+02;1359
2015-04-08 20:02:01+02;1389
2015-04-08 22:02:01+02;1539
2015-04-09 05:26:01+02;1449
2015-04-09 08:06:01+02;1439
2015-04-09 10:06:01+02;1419
2015-04-09 12:54:01+02;1399
2015-04-09 14:34:01+02;1379
2015-04-09 15:46:01+02;1369
2015-04-09 20:06:01+02;1399
2015-04-09 21:34:01+02;1379
2015-04-09 22:02:01+02;1529
2015-04-10 05:26:01+02;1449
2015-04-10 08:18:01+02;1429
2015-04-10 09:22:01+02;1409
2015-04-10 11:22:01+02;1389
2015-04-10 12:46:01+02;1379
2015-04-10 15:10:01+02;1359
2015-04-10 20:02:01+02;1389
2015-04-10 21:38:01+02;1389
2015-04-10 22:02:01+02;1529
2015-04-11 05:42:01+02;1449
2015-04-11 08:34:01+02;1429
2015-04-11 12:18:01+02;1409
2015-04-11 15:06:01+02;1389
2015-04-11 16:34:01+02;1379
2015-04-11 17:54:01+02;1379
2015-04-11 20:02:01+02;1409
2015-04-11 20:22:01+02;1409
2015-04-11 22:02:01+02;1529
2015-04-12 05:22:01+02;1469
2015-04-12 06:22:01+02;1469
2015-04-12 11:02:01+02;1449
2015-04-12 14:14:01+02;1389
2015-04-12 16:38:01+02;1379
2015-04-12 17:14:01+02;1379
2015-04-12 20:02:01+02;1409
2015-04-12 22:02:01+02;1529
2015-04-13 05:14:01+02;1469
2015-04-13 09:34:01+02;1449
2015-04-13 11:10:01+02;1429
2015-04-13 13:30:01+02;1419
2015-04-13 13:46:01+02;1409
2015-04-13 16:26:01+02;1399
2015-04-13 17:18:01+02;1389
2015-04-13 18:50:01+02;1379
2015-04-13 20:02:01+02;1409
2015-04-13 22:02:01+02;1539
2015-04-14 05:18:01+02;1469
2015-04-14 08:02:01+02;1459
2015-04-14 09:22:01+02;1449
2015-04-14 10:58:01+02;1439
2015-04-14 13:02:01+02;1429
2015-04-14 14:06:01+02;1399
2015-04-14 14:42:01+02;1399
2015-04-14 17:14:01+02;1379
2015-04-14 20:02:01+02;1409
2015-04-14 21:26:01+02;1409
2015-04-14 22:02:01+02;1549
2015-04-15 05:22:01+02;1469
2015-04-15 09:10:02+02;1429
2015-04-15 12:46:01+02;1409
2015-04-15 14:34:01+02;1399
2015-04-15 16:14:01+02;1389
2015-04-15 17:38:01+02;1379
2015-04-15 20:02:01+02;1409
2015-04-15 21:34:01+02;1409
2015-04-15 22:02:01+02;1559
2015-04-16 05:06:01+02;1469
2015-04-16 06:22:01+02;1399
2015-04-16 10:58:01+02;1389
2015-04-16 11:10:01+02;1389
2015-04-16 13:22:01+02;1389
2015-04-16 14:14:01+02;1389
2015-04-16 20:02:01+02;1419
2015-04-16 22:02:01+02;1569
2015-04-17 05:22:01+02;1549
2015-04-17 06:22:01+02;1469
2015-04-17 09:14:01+02;1429
2015-04-17 14:06:01+02;1409
2015-04-17 15:22:01+02;1409
2015-04-17 17:18:01+02;1399
2015-04-17 20:02:01+02;1429
2015-04-17 21:30:01+02;1429
2015-04-17 22:02:01+02;1579
2015-04-18 05:22:01+02;1489
2015-04-18 06:34:01+02;1489
2015-04-18 10:30:01+02;1429
2015-04-18 14:30:01+02;1409
2015-04-18 16:14:01+02;1409
2015-04-18 17:26:01+02;1399
2015-04-18 20:02:01+02;1429
2015-04-18 20:18:01+02;1419
2015-04-18 22:02:02+02;1579
2015-04-19 05:22:01+02;1479
2015-04-19 09:54:01+02;1459
2015-04-19 12:38:01+02;1459
2015-04-19 12:42:01+02;1409
2015-04-19 14:06:01+02;1409
2015-04-19 17:18:01+02;1399
2015-04-19 20:02:01+02;1429
2015-04-19 20:26:01+02;1419
2015-04-19 22:02:01+02;1579
2015-04-20 05:06:01+02;1479
2015-04-20 07:14:01+02;1479
2015-04-20 10:58:01+02;1449
2015-04-20 11:14:01+02;1409
2015-04-20 11:54:01+02;1399
2015-04-20 20:02:01+02;1429
2015-04-20 22:02:01+02;1569
2015-04-21 05:06:01+02;1489
2015-04-21 07:34:01+02;1469
2015-04-21 09:34:01+02;1409
2015-04-21 10:46:01+02;1399
2015-04-21 20:02:01+02;1429
2015-04-21 20:38:01+02;1409
2015-04-21 22:02:01+02;1569
2015-04-22 05:14:01+02;1479
2015-04-22 06:22:01+02;1469
2015-04-22 08:34:01+02;1449
2015-04-22 10:22:01+02;1429
2015-04-22 11:14:01+02;1419
2015-04-22 12:58:01+02;1419
2015-04-22 13:54:01+02;1409
2015-04-22 16:14:01+02;1399
2015-04-22 20:02:01+02;1429
2015-04-22 21:34:01+02;1429
2015-04-22 22:02:01+02;1569
2015-04-23 05:06:01+02;1469
2015-04-23 07:34:02+02;1449
2015-04-23 09:38:01+02;1429
2015-04-23 12:06:01+02;1419
2015-04-23 14:10:01+02;1399
2015-04-23 15:58:01+02;1399
2015-04-23 20:02:01+02;1429
2015-04-23 22:10:01+02;1569
2015-04-24 05:06:01+02;1489
2015-04-24 07:34:01+02;1469
2015-04-24 09:06:01+02;1449
2015-04-24 12:06:01+02;1429
2015-04-24 13:38:01+02;1429
2015-04-24 15:14:02+02;1419
2015-04-24 16:14:01+02;1419
2015-04-24 20:02:01+02;1449
2015-04-24 20:14:01+02;1439
2015-04-24 22:02:01+02;1579
2015-04-25 05:26:01+02;1479
2015-04-25 09:14:01+02;1479
2015-04-25 09:50:01+02;1459
2015-04-25 10:06:01+02;1459
2015-04-25 11:42:01+02;1449
2015-04-25 14:06:01+02;1429
2015-04-25 14:42:01+02;1429
2015-04-25 15:22:01+02;1419
2015-04-25 20:02:01+02;1449
2015-04-25 22:02:01+02;1579
2015-04-26 05:22:01+02;1499
2015-04-26 12:14:01+02;1469
2015-04-26 14:22:01+02;1429
2015-04-26 15:14:01+02;1419
2015-04-26 18:18:01+02;1419
2015-04-26 20:02:01+02;1449
2015-04-26 22:02:01+02;1579
2015-04-27 05:22:01+02;1489
2015-04-27 09:14:01+02;1449
2015-04-27 12:46:01+02;1439
2015-04-27 13:50:01+02;1429
2015-04-27 20:02:01+02;1459
2015-04-27 21:38:01+02;1439
2015-04-27 22:02:01+02;1579
2015-04-28 05:26:01+02;1519
2015-04-28 06:22:01+02;1509
2015-04-28 08:10:01+02;1489
2015-04-28 09:10:01+02;1469
2015-04-28 11:22:01+02;1469
2015-04-28 12:34:01+02;1449
2015-04-28 13:58:01+02;1429
2015-04-28 15:06:01+02;1429
2015-04-28 18:30:01+02;1429
2015-04-28 20:02:01+02;1459
2015-04-28 21:38:01+02;1439
2015-04-28 22:02:01+02;1589
2015-04-29 05:10:01+02;1519
2015-04-29 06:22:01+02;1499
2015-04-29 08:06:01+02;1489
2015-04-29 09:22:01+02;1469
2015-04-29 11:26:01+02;1459
2015-04-29 11:58:01+02;1429
2015-04-29 12:26:01+02;1449
2015-04-29 12:34:01+02;1429
2015-04-29 15:06:01+02;1419
2015-04-29 16:10:01+02;1419
2015-04-29 20:02:01+02;1449
2015-04-29 21:38:01+02;1439
2015-04-29 22:02:01+02;1589
2015-04-30 05:14:01+02;1519
2015-04-30 06:26:01+02;1499
2015-04-30 08:22:01+02;1499
2015-04-30 08:30:01+02;1479
2015-04-30 09:18:01+02;1459
2015-04-30 11:38:01+02;1449
2015-04-30 11:50:01+02;1449
2015-04-30 12:10:01+02;1439
2015-04-30 14:22:01+02;1429
2015-04-30 16:30:02+02;1419
2015-04-30 20:02:01+02;1449
2015-04-30 20:22:01+02;1439
2015-04-30 22:06:01+02;1599
2015-05-01 05:26:01+02;1519
2015-05-01 07:42:01+02;1499
2015-05-01 10:46:01+02;1479
2015-05-01 12:50:01+02;1449
2015-05-01 14:14:01+02;1429
2015-05-01 16:22:01+02;1419
2015-05-01 20:02:01+02;1449
2015-05-01 21:34:01+02;1439
2015-05-01 22:02:01+02;1599
2015-05-02 05:26:01+02;1519
2015-05-02 06:22:01+02;1499
2015-05-02 09:22:01+02;1479
2015-05-02 11:14:01+02;1439
2015-05-02 13:22:01+02;1419
2015-05-02 20:02:01+02;1449
2015-05-02 21:34:01+02;1439
2015-05-02 22:02:01+02;1599
2015-05-03 05:26:01+02;1519
2015-05-03 06:22:01+02;1499
2015-05-03 09:10:01+02;1489
2015-05-03 10:46:01+02;1459
2015-05-03 11:54:01+02;1439
2015-05-03 13:06:01+02;1429
2015-05-03 15:54:01+02;1429
2015-05-03 16:54:01+02;1419
2015-05-03 20:02:01+02;1449
2015-05-03 21:38:01+02;1439
2015-05-03 22:02:01+02;1599
2015-05-04 05:22:01+02;1519
2015-05-04 06:06:01+02;1509
2015-05-04 08:38:01+02;1509
2015-05-04 09:10:01+02;1489
2015-05-04 10:06:01+02;1459
2015-05-04 12:10:01+02;1439
2015-05-04 13:38:01+02;1419
2015-05-04 15:14:01+02;1419
2015-05-04 17:38:01+02;1419
2015-05-04 20:02:01+02;1449
2015-05-04 21:34:01+02;1439
2015-05-04 22:02:02+02;1599
2015-05-05 05:26:01+02;1519
2015-05-05 06:42:01+02;1509
2015-05-05 07:22:02+02;1499
2015-05-05 09:46:01+02;1459
2015-05-05 11:50:01+02;1459
2015-05-05 12:22:01+02;1439
2015-05-05 15:14:01+02;1429
2015-05-05 20:02:01+02;1459
2015-05-05 20:06:01+02;1439
2015-05-05 22:10:01+02;1599
2015-05-06 05:14:01+02;1529
2015-05-06 06:22:01+02;1509
2015-05-06 07:30:01+02;1499
2015-05-06 08:34:01+02;1489
2015-05-06 08:46:02+02;1479
2015-05-06 11:54:01+02;1429
2015-05-06 20:02:01+02;1459
2015-05-06 21:26:01+02;1439
2015-05-06 22:02:01+02;1599
2015-05-07 05:26:01+02;1529
2015-05-07 06:22:01+02;1509
2015-05-07 06:50:01+02;1499
2015-05-07 09:06:01+02;1479
2015-05-07 10:46:02+02;1469
2015-05-07 10:50:01+02;1469
2015-05-07 12:06:01+02;1459
2015-05-07 13:06:01+02;1439
2015-05-07 13:30:01+02;1439
2015-05-07 20:02:01+02;1469
2015-05-07 21:26:01+02;1439
2015-05-07 22:06:01+02;1599
2015-05-08 05:18:01+02;1529
2015-05-08 06:06:01+02;1499
2015-05-08 07:46:01+02;1479
2015-05-08 08:50:01+02;1459
2015-05-08 11:50:02+02;1439
2015-05-08 14:14:01+02;1419
2015-05-08 16:06:01+02;1409
2015-05-08 20:02:01+02;1449
2015-05-08 21:26:01+02;1429
2015-05-08 22:02:01+02;1589
2015-05-09 05:26:01+02;1529
2015-05-09 06:46:01+02;1499
2015-05-09 08:50:01+02;1489
2015-05-09 10:42:01+02;1479
2015-05-09 11:58:01+02;1479
2015-05-09 13:42:01+02;1449
2015-05-09 14:50:01+02;1449
2015-05-09 15:14:01+02;1439
2015-05-09 18:14:01+02;1429
2015-05-09 20:02:01+02;1459
2015-05-09 20:22:01+02;1439
2015-05-09 22:02:01+02;1589
2015-05-10 05:26:01+02;1529
2015-05-10 06:26:01+02;1499
2015-05-10 11:06:01+02;1489
2015-05-10 11:14:01+02;1479
2015-05-10 12:14:01+02;1469
2015-05-10 12:46:01+02;1449
2015-05-10 13:46:01+02;1439
2015-05-10 13:54:01+02;1429
2015-05-10 15:22:01+02;1419
2015-05-10 17:34:01+02;1409
2015-05-10 20:02:01+02;1439
2015-05-10 21:26:01+02;1419
2015-05-10 22:02:01+02;1589
2015-05-11 05:22:01+02;1529
2015-05-11 06:22:01+02;1499
2015-05-11 07:54:01+02;1489
2015-05-11 09:34:01+02;1469
2015-05-11 10:46:01+02;1459
2015-05-11 11:18:01+02;1439
2015-05-11 13:46:01+02;1419
2015-05-11 14:22:01+02;1409
2015-05-11 20:02:01+02;1439
2015-05-11 21:26:01+02;1419
2015-05-11 22:02:01+02;1589
2015-05-12 05:26:01+02;1509
2015-05-12 06:22:01+02;1489
2015-05-12 07:34:01+02;1479
2015-05-12 09:46:01+02;1469
2015-05-12 10:46:01+02;1459
2015-05-12 11:46:01+02;1439
2015-05-12 13:14:01+02;1429
2015-05-12 14:34:01+02;1429
2015-05-12 15:50:01+02;1419
2015-05-12 15:58:01+02;1419
2015-05-12 17:22:01+02;1409
2015-05-12 20:02:01+02;1439
2015-05-12 20:42:01+02;1419
2015-05-12 22:02:01+02;1599
2015-05-13 05:14:01+02;1509
2015-05-13 06:22:01+02;1489
2015-05-13 09:38:01+02;1479
2015-05-13 10:06:01+02;1469
2015-05-13 10:38:01+02;1439
2015-05-13 11:34:02+02;1429
2015-05-13 12:54:01+02;1419
2015-05-13 16:06:01+02;1409
2015-05-13 20:02:01+02;1439
2015-05-13 20:54:01+02;1429
2015-05-13 22:02:01+02;1599
2015-05-14 05:26:01+02;1509
2015-05-14 07:42:01+02;1499
2015-05-14 09:42:01+02;1489
2015-05-14 10:58:01+02;1449
2015-05-14 11:14:01+02;1449
2015-05-14 11:30:01+02;1449
2015-05-14 12:22:02+02;1429
2015-05-14 13:30:01+02;1419
2015-05-14 17:18:01+02;1419
2015-05-14 20:02:01+02;1449
2015-05-14 22:02:01+02;1599
2015-05-15 05:14:02+02;1509
2015-05-15 07:54:01+02;1499
2015-05-15 08:34:01+02;1499
2015-05-15 09:18:01+02;1489
2015-05-15 11:46:01+02;1439
2015-05-15 12:46:01+02;1429
2015-05-15 13:22:01+02;1419
2015-05-15 20:02:01+02;1449
2015-05-15 21:26:01+02;1429
2015-05-15 22:02:01+02;1599
2015-05-16 05:26:01+02;1509
2015-05-16 06:50:01+02;1499
2015-05-16 08:14:01+02;1489
2015-05-16 12:14:01+02;1469
2015-05-16 14:14:01+02;1429
2015-05-16 16:54:01+02;1419
2015-05-16 20:02:01+02;1449
2015-05-16 21:26:01+02;1439
2015-05-16 22:02:01+02;1599
2015-05-17 05:26:01+02;1509
2015-05-17 06:22:01+02;1499
2015-05-17 09:46:01+02;1479
2015-05-17 10:30:01+02;1479
2015-05-17 11:54:01+02;1459
2015-05-17 13:22:01+02;1439
2015-05-17 14:42:01+02;1419
2015-05-17 20:02:01+02;1449
2015-05-17 21:18:01+02;1429
2015-05-17 22:02:01+02;1599
2015-05-18 05:06:01+02;1509
2015-05-18 06:22:01+02;1499
2015-05-18 06:54:01+02;1489
2015-05-18 08:50:01+02;1449
2015-05-18 15:58:01+02;1439
2015-05-18 16:58:01+02;1419
2015-05-18 20:02:01+02;1449
2015-05-18 20:10:01+02;1429
2015-05-18 22:02:01+02;1599
2015-05-19 05:06:01+02;1509
2015-05-19 06:22:01+02;1499
2015-05-19 08:10:01+02;1479
2015-05-19 10:38:01+02;1459
2015-05-19 12:06:01+02;1429
2015-05-19 12:50:01+02;1419
2015-05-19 15:06:01+02;1419
2015-05-19 20:02:01+02;1449
2015-05-19 21:26:01+02;1429
2015-05-19 22:02:01+02;1599
2015-05-20 05:14:01+02;1509
2015-05-20 06:22:01+02;1499
2015-05-20 10:34:01+02;1469
2015-05-20 11:14:01+02;1449
2015-05-20 13:22:01+02;1429
2015-05-20 14:06:01+02;1419
2015-05-20 20:02:01+02;1449
2015-05-20 21:26:01+02;1429
2015-05-20 22:02:01+02;1599
2015-05-21 05:14:01+02;1509
2015-05-21 06:22:01+02;1499
2015-05-21 07:46:01+02;1489
2015-05-21 09:22:01+02;1469
2015-05-21 13:06:01+02;1439
2015-05-21 15:02:01+02;1429
2015-05-21 16:30:01+02;1419
2015-05-21 20:02:01+02;1449
2015-05-21 20:06:01+02;1439
2015-05-21 22:02:01+02;1599
2015-05-22 05:18:01+02;1509
2015-05-22 07:54:01+02;1479
2015-05-22 08:46:01+02;1459
2015-05-22 10:46:01+02;1459
2015-05-22 11:42:01+02;1459
2015-05-22 12:46:01+02;1439
2015-05-22 13:14:01+02;1429
2015-05-22 13:38:01+02;1419
2015-05-22 20:02:01+02;1449
2015-05-22 21:06:01+02;1449
2015-05-22 22:02:01+02;1599
2015-05-23 05:26:01+02;1509
2015-05-23 06:46:01+02;1509
2015-05-23 11:22:02+02;1499
2015-05-23 16:42:01+02;1469
2015-05-23 18:06:01+02;1429
2015-05-23 20:02:01+02;1459
2015-05-23 20:22:01+02;1449
2015-05-23 22:02:01+02;1599
2015-05-24 05:26:01+02;1509
2015-05-24 10:38:01+02;1489
2015-05-24 12:54:01+02;1489
2015-05-24 13:34:01+02;1439
2015-05-24 14:42:01+02;1419
2015-05-24 18:14:01+02;1409
2015-05-24 20:02:01+02;1439
2015-05-24 20:42:01+02;1439
2015-05-24 22:02:01+02;1599
2015-05-25 05:26:01+02;1509
2015-05-25 06:26:01+02;1499
2015-05-25 09:34:01+02;1489
2015-05-25 10:54:01+02;1439
2015-05-25 13:06:01+02;1429
2015-05-25 14:14:01+02;1419
2015-05-25 20:02:01+02;1449
2015-05-25 20:14:01+02;1449
2015-05-25 22:02:01+02;1599
2015-05-26 05:26:01+02;1509
2015-05-26 06:02:01+02;1509
2015-05-26 07:54:01+02;1489
2015-05-26 10:06:01+02;1469
2015-05-26 11:54:01+02;1449
2015-05-26 12:58:01+02;1439
2015-05-26 14:06:01+02;1419
2015-05-26 20:02:01+02;1449
2015-05-26 21:26:01+02;1449
2015-05-26 22:02:01+02;1619
2015-05-27 05:26:01+02;1509
2015-05-27 06:38:01+02;1479
2015-05-27 09:30:01+02;1459
2015-05-27 13:18:01+02;1459
2015-05-27 13:54:01+02;1449
2015-05-27 15:38:01+02;1439
2015-05-27 16:10:01+02;1429
2015-05-27 20:02:01+02;1459
2015-05-27 21:26:01+02;1439
2015-05-27 22:02:01+02;1619
2015-05-28 05:14:01+02;1519
2015-05-28 06:14:01+02;1509
2015-05-28 06:46:01+02;1469
2015-05-28 08:58:01+02;1449
2015-05-28 14:34:01+02;1429
2015-05-28 17:50:01+02;1429
2015-05-28 20:02:01+02;1459
2015-05-28 21:30:01+02;1439
2015-05-28 22:02:01+02;1609
2015-05-29 05:14:01+02;1519
2015-05-29 06:14:01+02;1509
2015-05-29 07:06:02+02;1469
2015-05-29 09:06:01+02;1449
2015-05-29 14:14:01+02;1439
2015-05-29 16:58:01+02;1429
2015-05-29 20:02:01+02;1459
2015-05-29 20:06:01+02;1449
2015-05-29 22:02:01+02;1609
2015-05-30 05:26:01+02;1519
2015-05-30 06:46:01+02;1509
2015-05-30 07:26:01+02;1479
2015-05-30 07:42:01+02;1479
2015-05-30 08:38:01+02;1479
2015-05-30 10:02:01+02;1459
2015-05-30 12:14:01+02;1449
2015-05-30 14:22:01+02;1439
2015-05-30 15:30:01+02;1429
2015-05-30 16:14:01+02;1429
2015-05-30 20:02:01+02;1459
2015-05-30 21:30:01+02;1439
2015-05-30 22:02:01+02;1609
2015-05-31 05:26:01+02;1519
2015-05-31 06:26:01+02;1499
2015-05-31 08:14:01+02;1479
2015-05-31 10:06:01+02;1479
2015-05-31 11:14:01+02;1459
2015-05-31 12:22:01+02;1459
2015-05-31 12:26:01+02;1429
2015-05-31 20:02:01+02;1459
2015-05-31 21:26:01+02;1449
2015-05-31 22:02:01+02;1609
2015-06-01 05:46:01+02;1519
2015-06-01 06:18:01+02;1509
2015-06-01 06:34:01+02;1479
2015-06-01 09:06:01+02;1459
2015-06-01 12:06:01+02;1449
2015-06-01 13:30:01+02;1439
2015-06-01 14:42:01+02;1429
2015-06-01 14:50:01+02;1429
2015-06-01 16:42:01+02;1419
2015-06-01 18:22:01+02;1419
2015-06-01 20:02:01+02;1449
2015-06-01 20:10:01+02;1439
2015-06-01 22:02:01+02;1619
2015-06-02 05:26:01+02;1539
2015-06-02 06:06:01+02;1509
2015-06-02 07:14:01+02;1499
2015-06-02 08:54:01+02;1479
2015-06-02 12:46:01+02;1459
2015-06-02 13:46:01+02;1439
2015-06-02 20:02:01+02;1469
2015-06-02 21:30:01+02;1449
2015-06-02 22:02:01+02;1629
2015-06-03 05:10:01+02;1539
2015-06-03 06:10:01+02;1519
2015-06-03 06:58:01+02;1499
2015-06-03 09:22:01+02;1479
2015-06-03 11:10:01+02;1469
2015-06-03 12:54:01+02;1459
2015-06-03 14:14:01+02;1439
2015-06-03 20:02:01+02;1469
2015-06-03 20:42:01+02;1459
2015-06-03 22:02:01+02;1629
2015-06-04 05:10:01+02;1529
2015-06-04 06:34:01+02;1519
2015-06-04 07:06:01+02;1499
2015-06-04 08:42:02+02;1479
2015-06-04 09:06:01+02;1479
2015-06-04 12:06:01+02;1459
2015-06-04 14:06:01+02;1439
2015-06-04 20:02:01+02;1469
2015-06-04 20:38:01+02;1449
2015-06-04 22:02:01+02;1619
2015-06-05 05:10:01+02;1529
2015-06-05 06:06:01+02;1519
2015-06-05 06:46:01+02;1489
2015-06-05 09:18:01+02;1419
2015-06-05 14:54:01+02;1419
2015-06-05 20:02:01+02;1449
2015-06-05 21:30:01+02;1439
2015-06-05 22:02:01+02;1609
2015-06-06 05:26:01+02;1529
2015-06-06 06:58:01+02;1499
2015-06-06 08:38:01+02;1499
2015-06-06 09:54:01+02;1489
2015-06-06 10:30:01+02;1479
2015-06-06 13:18:01+02;1479
2015-06-06 13:54:01+02;1459
2015-06-06 14:46:01+02;1449
2015-06-06 17:06:01+02;1419
2015-06-06 19:14:01+02;1419
2015-06-06 20:02:01+02;1449
2015-06-06 21:34:01+02;1439
2015-06-06 22:02:01+02;1609
2015-06-07 05:26:02+02;1529
2015-06-07 06:26:01+02;1499
2015-06-07 08:50:01+02;1499
2015-06-07 10:26:01+02;1479
2015-06-07 11:54:01+02;1459
2015-06-07 12:38:01+02;1459
2015-06-07 12:54:01+02;1449
2015-06-07 13:22:01+02;1439
2015-06-07 14:14:01+02;1429
2015-06-07 17:34:01+02;1419
2015-06-07 20:02:01+02;1449
2015-06-07 20:18:01+02;1449
2015-06-07 22:02:01+02;1609
2015-06-08 05:26:01+02;1529
2015-06-08 06:34:01+02;1519
2015-06-08 06:50:01+02;1509
2015-06-08 07:26:01+02;1499
2015-06-08 08:58:01+02;1469
2015-06-08 10:30:01+02;1469
2015-06-08 12:38:01+02;1439
2015-06-08 14:42:01+02;1419
2015-06-08 20:02:01+02;1449
2015-06-08 22:02:01+02;1619
2015-06-09 05:26:01+02;1539
2015-06-09 06:26:01+02;1519
2015-06-09 06:38:01+02;1479
2015-06-09 09:50:01+02;1459
2015-06-09 11:54:01+02;1449
2015-06-09 14:22:01+02;1439
2015-06-09 20:02:01+02;1469
2015-06-09 22:02:01+02;1629
2015-06-10 06:42:01+02;1509
2015-06-10 08:34:01+02;1429
2015-06-10 13:38:01+02;1429
2015-06-10 20:02:01+02;1459
2015-06-10 21:30:01+02;1439
2015-06-10 22:02:01+02;1639
2015-06-11 05:14:01+02;1539
2015-06-11 06:26:01+02;1509
2015-06-11 07:22:02+02;1479
2015-06-11 09:22:01+02;1459
2015-06-11 11:46:01+02;1439
2015-06-11 12:38:01+02;1439
2015-06-11 20:02:01+02;1469
2015-06-11 21:30:01+02;1449
2015-06-11 22:02:01+02;1649
2015-06-12 05:14:01+02;1539
2015-06-12 06:26:01+02;1519
2015-06-12 09:22:01+02;1499
2015-06-12 10:50:01+02;1489
2015-06-12 11:22:01+02;1489
2015-06-12 13:22:01+02;1479
2015-06-12 14:10:01+02;1469
2015-06-12 15:50:01+02;1449
2015-06-12 20:18:01+02;1479
2015-06-12 21:38:01+02;1459
2015-06-12 22:22:01+02;1639
2015-06-13 05:50:01+02;1529
2015-06-13 08:34:01+02;1479
2015-06-13 11:06:01+02;1459
2015-06-13 12:46:01+02;1449
2015-06-13 14:50:01+02;1449
2015-06-13 20:02:01+02;1479
2015-06-13 20:42:01+02;1469
2015-06-13 22:02:01+02;1639
2015-06-14 05:42:01+02;1529
2015-06-14 08:34:01+02;1489
2015-06-14 09:54:01+02;1479
2015-06-14 12:06:01+02;1459
2015-06-14 13:06:01+02;1449
2015-06-14 20:02:01+02;1479
2015-06-14 21:06:01+02;1469
2015-06-14 22:02:01+02;1639
2015-06-15 05:06:01+02;1529
2015-06-15 06:38:01+02;1489
2015-06-15 06:42:01+02;1489
2015-06-15 10:22:01+02;1469
2015-06-15 11:30:01+02;1469
2015-06-15 15:54:01+02;1449
2015-06-15 16:06:01+02;1439
2015-06-15 20:02:01+02;1469
2015-06-15 21:26:01+02;1459
2015-06-15 22:02:01+02;1639
2015-06-16 05:18:01+02;1539
2015-06-16 06:10:01+02;1529
2015-06-16 06:22:02+02;1499
2015-06-16 09:18:01+02;1479
2015-06-16 12:06:01+02;1469
2015-06-16 13:54:01+02;1449
2015-06-16 16:14:01+02;1439
2015-06-16 20:02:01+02;1469
2015-06-16 21:30:01+02;1459
2015-06-16 22:02:01+02;1639
2015-06-17 05:18:01+02;1539
2015-06-17 06:26:01+02;1529
2015-06-17 06:54:01+02;1479
2015-06-17 09:22:01+02;1469
2015-06-17 11:30:01+02;1459
2015-06-17 15:14:01+02;1449
2015-06-17 16:06:01+02;1439
2015-06-17 20:02:01+02;1469
2015-06-17 22:02:01+02;1649
2015-06-18 05:18:01+02;1549
2015-06-18 06:06:01+02;1529
2015-06-18 06:22:01+02;1499
2015-06-18 09:46:01+02;1479
2015-06-18 12:26:01+02;1469
2015-06-18 13:58:01+02;1459
2015-06-18 14:38:01+02;1449
2015-06-18 20:02:01+02;1479
2015-06-18 21:26:01+02;1469
2015-06-18 22:02:01+02;1649
2015-06-19 05:26:01+02;1549
2015-06-19 06:46:01+02;1519
2015-06-19 06:54:01+02;1489
2015-06-19 09:22:01+02;1469
2015-06-19 12:58:01+02;1449
2015-06-19 15:46:01+02;1439
2015-06-19 20:02:01+02;1469
2015-06-19 22:02:01+02;1649
2015-06-20 07:14:01+02;1549
2015-06-20 08:14:01+02;1519
2015-06-20 11:18:01+02;1499
2015-06-20 11:34:01+02;1439
2015-06-20 20:02:01+02;1469
2015-06-20 22:02:01+02;1649
2015-06-21 05:26:01+02;1549
2015-06-21 06:26:01+02;1499
2015-06-21 09:22:01+02;1499
2015-06-21 12:26:01+02;1479
2015-06-21 13:14:01+02;1469
2015-06-21 13:22:01+02;1439
2015-06-21 20:02:01+02;1469
2015-06-21 20:18:01+02;1469
2015-06-21 22:02:01+02;1649
2015-06-22 05:06:01+02;1549
2015-06-22 06:26:01+02;1539
2015-06-22 07:58:01+02;1529
2015-06-22 09:06:01+02;1519
2015-06-22 09:22:01+02;1499
2015-06-22 11:14:01+02;1499
2015-06-22 11:30:01+02;1439
2015-06-22 17:54:01+02;1429
2015-06-22 20:02:02+02;1459
2015-06-22 21:26:01+02;1459
2015-06-22 22:02:01+02;1629
2015-06-23 05:06:01+02;1539
2015-06-23 06:26:01+02;1529
2015-06-23 06:54:01+02;1519
2015-06-23 09:06:01+02;1519
2015-06-23 09:10:01+02;1499
2015-06-23 09:46:01+02;1479
2015-06-23 18:22:02+02;1449
2015-06-23 19:26:01+02;1429
2015-06-23 20:02:01+02;1459
2015-06-23 22:02:01+02;1619
2015-06-24 05:30:01+02;1539
2015-06-24 06:26:01+02;1529
2015-06-24 08:10:01+02;1509
2015-06-24 09:10:01+02;1489
2015-06-24 10:10:01+02;1479
2015-06-24 13:34:01+02;1469
2015-06-24 14:34:01+02;1459
2015-06-24 15:02:01+02;1499
2015-06-24 15:10:01+02;1479
2015-06-24 16:14:01+02;1429
2015-06-24 20:02:01+02;1459
2015-06-24 21:26:01+02;1449
2015-06-24 22:02:01+02;1629
2015-06-25 05:18:02+02;1539
2015-06-25 06:26:01+02;1519
2015-06-25 07:34:01+02;1499
2015-06-25 08:58:01+02;1479
2015-06-25 11:06:02+02;1459
2015-06-25 12:02:01+02;1489
2015-06-25 13:26:01+02;1459
2015-06-25 14:06:01+02;1439
2015-06-25 15:10:01+02;1429
2015-06-25 20:02:01+02;1459
2015-06-25 21:10:01+02;1459
2015-06-25 22:02:01+02;1629
2015-06-26 05:26:01+02;1529
2015-06-26 06:46:01+02;1519
2015-06-26 08:38:01+02;1509
2015-06-26 10:34:01+02;1479
2015-06-26 12:02:01+02;1509
2015-06-26 12:50:01+02;1469
2015-06-26 13:54:01+02;1439
2015-06-26 14:06:01+02;1429
2015-06-26 20:02:01+02;1459
2015-06-26 21:26:01+02;1439
2015-06-26 22:02:01+02;1619
2015-06-27 05:54:01+02;1519
2015-06-27 06:06:01+02;1509
2015-06-27 10:26:01+02;1499
2015-06-27 10:54:01+02;1489
2015-06-27 12:22:01+02;1469
2015-06-27 14:14:01+02;1449
2015-06-27 16:06:01+02;1429
2015-06-27 20:02:01+02;1459
2015-06-27 21:30:01+02;1439
2015-06-27 22:02:01+02;1619
2015-06-28 05:42:01+02;1519
2015-06-28 06:42:01+02;1499
2015-06-28 11:22:01+02;1479
2015-06-28 12:06:01+02;1479
2015-06-28 14:14:01+02;1429
2015-06-28 15:42:01+02;1429
2015-06-28 20:02:01+02;1459
2015-06-28 21:26:01+02;1449
2015-06-28 22:02:01+02;1619
2015-06-29 05:42:01+02;1519
2015-06-29 06:30:01+02;1509
2015-06-29 09:38:01+02;1489
2015-06-29 12:02:01+02;1519
2015-06-29 12:14:01+02;1469
2015-06-29 13:54:01+02;1439
2015-06-29 16:26:01+02;1429
2015-06-29 20:02:01+02;1459
2015-06-29 20:26:01+02;1449
2015-06-29 22:02:01+02;1619
2015-06-30 05:38:01+02;1519
2015-06-30 06:10:01+02;1509
2015-06-30 06:50:01+02;1479
2015-06-30 08:18:01+02;1459
2015-06-30 11:54:01+02;1449
2015-06-30 12:02:01+02;1479
2015-06-30 13:54:01+02;1449
2015-06-30 14:54:01+02;1439
2015-06-30 16:10:01+02;1429
2015-06-30 20:10:01+02;1459
2015-06-30 21:26:01+02;1449
2015-06-30 22:10:01+02;1619
2015-07-01 05:42:01+02;1519
2015-07-01 06:26:01+02;1509
2015-07-01 07:58:01+02;1489
2015-07-01 10:10:01+02;1479
2015-07-01 11:14:01+02;1459
2015-07-01 12:02:01+02;1509
2015-07-01 12:34:01+02;1489
2015-07-01 13:50:01+02;1459
2015-07-01 14:26:01+02;1439
2015-07-01 17:10:01+02;1429
2015-07-01 20:02:01+02;1459
2015-07-01 21:26:02+02;1449
2015-07-01 22:02:01+02;1629
2015-07-02 05:58:01+02;1519
2015-07-02 07:34:01+02;1499
2015-07-02 09:18:01+02;1479
2015-07-02 11:18:01+02;1479
2015-07-02 11:34:01+02;1469
2015-07-02 12:02:01+02;1499
2015-07-02 13:14:01+02;1489
2015-07-02 13:50:01+02;1459
2015-07-02 15:22:01+02;1439
2015-07-02 20:18:01+02;1469
2015-07-02 21:26:01+02;1459
2015-07-02 22:26:01+02;1629
2015-07-03 05:58:01+02;1519
2015-07-03 06:26:01+02;1519
2015-07-03 08:10:01+02;1499
2015-07-03 09:30:01+02;1499
2015-07-03 10:06:01+02;1479
2015-07-03 11:34:01+02;1459
2015-07-03 12:02:01+02;1489
2015-07-03 12:58:01+02;1469
2015-07-03 14:10:01+02;1439
2015-07-03 15:46:01+02;1439
2015-07-03 18:26:01+02;1439
2015-07-03 20:06:01+02;1469
2015-07-03 20:10:01+02;1459
2015-07-03 22:02:01+02;1629
2015-07-04 05:42:01+02;1529
2015-07-04 07:34:01+02;1529
2015-07-04 09:30:01+02;1509
2015-07-04 12:02:01+02;1539
2015-07-04 12:26:01+02;1519
2015-07-04 13:34:01+02;1489
2015-07-04 14:02:01+02;1469
2015-07-04 16:18:01+02;1439
2015-07-04 20:38:01+02;1469
2015-07-04 22:14:01+02;1629
2015-07-05 05:54:01+02;1529
2015-07-05 08:06:01+02;1439
2015-07-05 12:02:01+02;1469
2015-07-05 14:10:02+02;1439
2015-07-05 20:02:01+02;1469
2015-07-05 22:02:01+02;1629
2015-07-06 05:54:01+02;1529
2015-07-06 07:50:01+02;1509
2015-07-06 09:34:01+02;1509
2015-07-06 10:30:01+02;1489
2015-07-06 12:02:01+02;1519
2015-07-06 12:22:01+02;1499
2015-07-06 14:10:01+02;1469
2015-07-06 14:14:01+02;1449
2015-07-06 16:14:01+02;1439
2015-07-06 18:30:01+02;1439
2015-07-06 20:06:01+02;1469
2015-07-06 21:26:01+02;1469
2015-07-06 22:06:01+02;1629
2015-07-07 05:38:01+02;1529
2015-07-07 06:26:01+02;1529
2015-07-07 07:34:01+02;1529
2015-07-07 09:18:01+02;1489
2015-07-07 10:38:01+02;1489
2015-07-07 12:02:01+02;1519
2015-07-07 12:58:01+02;1499
2015-07-07 14:10:01+02;1469
2015-07-07 15:34:01+02;1449
2015-07-07 17:42:01+02;1439
2015-07-07 18:50:01+02;1439
2015-07-07 20:06:01+02;1469
2015-07-07 22:02:01+02;1639
2015-07-08 05:42:01+02;1529
2015-07-08 06:22:01+02;1529
2015-07-08 08:06:01+02;1509
2015-07-08 12:02:01+02;1539
2015-07-08 12:22:01+02;1519
2015-07-08 13:54:01+02;1469
2015-07-08 15:38:01+02;1469
2015-07-08 16:06:01+02;1439
2015-07-08 20:18:01+02;1469
2015-07-08 22:10:01+02;1639
2015-07-09 05:42:01+02;1549
2015-07-09 06:26:01+02;1539
2015-07-09 09:34:01+02;1519
2015-07-09 12:02:01+02;1549
2015-07-09 12:22:01+02;1529
2015-07-09 13:10:01+02;1509
2015-07-09 13:42:01+02;1479
2015-07-09 14:22:01+02;1469
2015-07-09 16:22:01+02;1449
2015-07-09 18:38:01+02;1449
2015-07-09 19:22:01+02;1449
2015-07-09 20:06:01+02;1479
2015-07-09 22:02:01+02;1639
2015-07-10 05:18:01+02;1559
2015-07-10 06:26:01+02;1549
2015-07-10 07:58:01+02;1529
2015-07-10 09:22:01+02;1509
2015-07-10 11:22:01+02;1509
2015-07-10 12:02:01+02;1539
2015-07-10 12:18:01+02;1529
2015-07-10 14:34:01+02;1479
2015-07-10 16:42:01+02;1459
2015-07-10 20:02:01+02;1489
2015-07-10 20:22:01+02;1489
2015-07-10 21:30:01+02;1479
2015-07-10 22:02:01+02;1639
2015-07-11 05:42:01+02;1559
2015-07-11 06:26:01+02;1549
2015-07-11 07:54:01+02;1529
2015-07-11 10:06:01+02;1509
2015-07-11 12:02:01+02;1539
2015-07-11 13:34:01+02;1509
2015-07-11 14:42:01+02;1479
2015-07-11 16:14:01+02;1459
2015-07-11 20:06:01+02;1489
2015-07-11 22:10:01+02;1639
2015-07-12 05:38:01+02;1559
2015-07-12 09:06:01+02;1539
2015-07-12 12:02:01+02;1569
2015-07-12 12:22:01+02;1519
2015-07-12 12:46:01+02;1519
2015-07-12 14:34:01+02;1479
2015-07-12 18:14:01+02;1469
2015-07-12 19:22:01+02;1459
2015-07-12 20:02:02+02;1489
2015-07-12 22:02:01+02;1639
2015-07-13 05:42:01+02;1559
2015-07-13 06:02:02+02;1549
2015-07-13 07:22:01+02;1549
2015-07-13 07:34:01+02;1529
2015-07-13 07:46:01+02;1519
2015-07-13 08:14:01+02;1509
2015-07-13 09:02:01+02;1539
2015-07-13 10:34:01+02;1509
2015-07-13 10:54:01+02;1489
2015-07-13 12:02:01+02;1519
2015-07-13 15:26:01+02;1489
2015-07-13 16:30:01+02;1469
2015-07-13 19:54:01+02;1469
2015-07-13 20:14:01+02;1499
2015-07-13 22:10:01+02;1619
2015-07-14 05:42:01+02;1559
2015-07-14 05:58:01+02;1539
2015-07-14 06:26:01+02;1539
2015-07-14 07:06:01+02;1529
2015-07-14 09:30:01+02;1509
2015-07-14 11:06:01+02;1469
2015-07-14 12:02:01+02;1499
2015-07-14 15:06:01+02;1469
2015-07-14 17:06:01+02;1449
2015-07-14 20:02:01+02;1479
2015-07-14 22:02:01+02;1599
2015-07-15 05:42:01+02;1539
2015-07-15 05:54:01+02;1519
2015-07-15 08:10:01+02;1499
2015-07-15 09:38:01+02;1479
2015-07-15 12:02:01+02;1509
2015-07-15 12:22:01+02;1489
2015-07-15 15:26:01+02;1459
2015-07-15 16:34:01+02;1449
2015-07-15 19:10:01+02;1449
2015-07-15 20:06:02+02;1479
2015-07-15 20:26:01+02;1479
2015-07-15 21:30:01+02;1469
2015-07-15 22:10:01+02;1589
2015-07-16 05:38:01+02;1539
2015-07-16 06:02:01+02;1519
2015-07-16 06:06:01+02;1519
2015-07-16 07:34:01+02;1509
2015-07-16 08:14:01+02;1499
2015-07-16 09:02:01+02;1529
2015-07-16 10:14:01+02;1499
2015-07-16 11:06:01+02;1479
2015-07-16 12:02:01+02;1509
2015-07-16 15:26:01+02;1479
2015-07-16 16:46:01+02;1469
2015-07-16 18:38:01+02;1459
2015-07-16 19:34:01+02;1449
2015-07-16 20:02:02+02;1479
2015-07-16 22:02:01+02;1579
2015-07-17 06:02:01+02;1559
2015-07-17 06:06:01+02;1529
2015-07-17 06:50:01+02;1509
2015-07-17 08:06:01+02;1489
2015-07-17 09:02:01+02;1519
2015-07-17 10:06:01+02;1469
2015-07-17 12:02:01+02;1499
2015-07-17 12:14:01+02;1489
2015-07-17 12:22:01+02;1489
2015-07-17 14:26:01+02;1459
2015-07-17 16:18:01+02;1459
2015-07-17 16:26:01+02;1449
2015-07-17 16:58:02+02;1439
2015-07-17 20:06:01+02;1469
2015-07-17 22:06:01+02;1579
2015-07-18 05:54:01+02;1529
2015-07-18 06:54:01+02;1509
2015-07-18 08:30:01+02;1499
2015-07-18 08:46:01+02;1479
2015-07-18 12:02:01+02;1509
2015-07-18 12:10:01+02;1489
2015-07-18 14:38:01+02;1469
2015-07-18 14:46:01+02;1459
2015-07-18 16:34:01+02;1449
2015-07-18 17:14:01+02;1439
2015-07-18 18:54:01+02;1429
2015-07-18 20:14:01+02;1459
2015-07-18 22:10:01+02;1579
2015-07-19 05:42:01+02;1529
2015-07-19 06:42:01+02;1519
2015-07-19 08:14:01+02;1489
2015-07-19 10:46:01+02;1479
2015-07-19 12:02:01+02;1509
2015-07-19 12:06:01+02;1489
2015-07-19 14:46:01+02;1459
2015-07-19 15:10:01+02;1429
2015-07-19 16:22:01+02;1419
2015-07-19 20:02:01+02;1449
2015-07-19 21:26:01+02;1449
2015-07-19 22:02:01+02;1579
2015-07-20 05:42:01+02;1529
2015-07-20 05:46:01+02;1489
2015-07-20 07:38:01+02;1469
2015-07-20 07:46:01+02;1469
2015-07-20 09:02:01+02;1499
2015-07-20 10:14:01+02;1469
2015-07-20 12:02:01+02;1499
2015-07-20 12:22:01+02;1469
2015-07-20 15:26:01+02;1439
2015-07-20 16:26:01+02;1429
2015-07-20 18:22:01+02;1429
2015-07-20 20:14:01+02;1459
2015-07-20 22:10:01+02;1589
2015-07-21 05:54:01+02;1529
2015-07-21 06:26:01+02;1499
2015-07-21 08:06:01+02;1459
2015-07-21 09:02:01+02;1489
2015-07-21 09:26:01+02;1479
2015-07-21 09:46:01+02;1449
2015-07-21 12:02:01+02;1479
2015-07-21 12:06:01+02;1469
2015-07-21 14:14:01+02;1459
2015-07-21 15:06:01+02;1429
2015-07-21 16:30:01+02;1419
2015-07-21 20:18:01+02;1449
2015-07-21 22:10:03+02;1599
2015-07-22 05:38:01+02;1529
2015-07-22 06:18:01+02;1489
2015-07-22 08:34:01+02;1489
2015-07-22 08:38:01+02;1459
2015-07-22 09:02:01+02;1489
2015-07-22 10:42:01+02;1459
2015-07-22 12:02:01+02;1489
2015-07-22 12:10:01+02;1479
2015-07-22 14:38:01+02;1449
2015-07-22 17:10:01+02;1449
2015-07-22 18:10:01+02;1429
2015-07-22 20:14:01+02;1459
2015-07-22 22:10:01+02;1589
2015-07-23 05:38:01+02;1529
2015-07-23 06:06:01+02;1499
2015-07-23 07:14:01+02;1469
2015-07-23 09:02:01+02;1499
2015-07-23 10:22:01+02;1469
2015-07-23 10:46:02+02;1449
2015-07-23 12:22:01+02;1479
2015-07-23 14:26:01+02;1449
2015-07-23 16:34:01+02;1439
2015-07-23 18:22:01+02;1429
2015-07-23 18:30:01+02;1429
2015-07-23 20:06:01+02;1459
2015-07-23 22:14:01+02;1579
2015-07-24 05:46:01+02;1519
2015-07-24 06:06:01+02;1499
2015-07-24 07:10:01+02;1489
2015-07-24 07:34:01+02;1469
2015-07-24 14:30:01+02;1449
2015-07-24 16:50:01+02;1439
2015-07-24 17:30:01+02;1419
2015-07-24 20:02:01+02;1449
2015-07-24 22:02:01+02;1579
2015-07-25 05:42:01+02;1519
2015-07-25 06:42:01+02;1489
2015-07-25 08:50:01+02;1469
2015-07-25 12:06:01+02;1499
2015-07-25 12:22:01+02;1489
2015-07-25 12:50:02+02;1479
2015-07-25 14:02:01+02;1479
2015-07-25 14:22:01+02;1459
2015-07-25 17:22:01+02;1439
2015-07-25 20:02:01+02;1469
2015-07-25 21:26:01+02;1469
2015-07-25 22:02:01+02;1579
2015-07-26 05:38:01+02;1529
2015-07-26 06:26:01+02;1529
2015-07-26 06:58:01+02;1509
2015-07-26 10:10:02+02;1499
2015-07-26 10:22:01+02;1479
2015-07-26 10:38:01+02;1479
2015-07-26 12:02:01+02;1509
2015-07-26 14:18:01+02;1449
2015-07-26 19:14:01+02;1409
2015-07-26 20:02:01+02;1439
2015-07-26 22:02:01+02;1579
2015-07-27 05:38:01+02;1519
2015-07-27 05:58:01+02;1479
2015-07-27 07:22:01+02;1459
2015-07-27 09:02:01+02;1489
2015-07-27 09:50:01+02;1479
2015-07-27 10:38:01+02;1449
2015-07-27 12:06:01+02;1469
2015-07-27 14:34:01+02;1439
2015-07-27 16:34:01+02;1419
2015-07-27 20:02:01+02;1449
2015-07-27 22:06:01+02;1579
2015-07-28 05:42:01+02;1519
2015-07-28 05:58:01+02;1489
2015-07-28 07:46:01+02;1469
2015-07-28 09:10:01+02;1499
2015-07-28 09:46:01+02;1479
2015-07-28 10:42:01+02;1449
2015-07-28 12:02:01+02;1479
2015-07-28 12:14:01+02;1469
2015-07-28 14:50:01+02;1439
2015-07-28 16:26:01+02;1429
2015-07-28 18:38:01+02;1419
2015-07-28 19:14:02+02;1409
2015-07-28 20:06:01+02;1439
2015-07-28 22:06:01+02;1569
2015-07-29 05:38:01+02;1519
2015-07-29 05:46:01+02;1479
2015-07-29 07:22:01+02;1459
2015-07-29 09:02:01+02;1489
2015-07-29 10:18:01+02;1459
2015-07-29 12:02:01+02;1489
2015-07-29 12:22:01+02;1469
2015-07-29 14:46:01+02;1429
2015-07-29 15:26:01+02;1429
2015-07-29 16:14:01+02;1409
2015-07-29 20:06:01+02;1439
2015-07-29 22:02:01+02;1559
2015-07-30 05:42:01+02;1509
2015-07-30 05:58:01+02;1479
2015-07-30 09:02:01+02;1509
2015-07-30 09:46:01+02;1489
2015-07-30 10:26:01+02;1459
2015-07-30 11:54:01+02;1439
2015-07-30 12:02:01+02;1469
2015-07-30 14:54:01+02;1429
2015-07-30 16:38:01+02;1409
2015-07-30 20:06:01+02;1439
2015-07-30 22:06:01+02;1579
2015-07-31 05:46:02+02;1519
2015-07-31 05:58:01+02;1469
2015-07-31 07:06:01+02;1469
2015-07-31 07:10:01+02;1469
2015-07-31 07:18:01+02;1449
2015-07-31 09:02:01+02;1479
2015-07-31 09:50:01+02;1439
2015-07-31 12:02:01+02;1469
2015-07-31 12:14:01+02;1459
2015-07-31 14:22:01+02;1419
2015-07-31 19:06:01+02;1409
2015-07-31 20:06:01+02;1439
2015-07-31 22:02:01+02;1589
2015-08-01 05:42:01+02;1529
2015-08-01 06:54:01+02;1469
2015-08-01 08:34:01+02;1449
2015-08-01 12:02:01+02;1479
2015-08-01 12:14:01+02;1469
2015-08-01 13:46:01+02;1439
2015-08-01 15:54:01+02;1439
2015-08-01 16:54:01+02;1409
2015-08-01 20:06:01+02;1439
2015-08-01 22:02:01+02;1589
2015-08-02 05:46:01+02;1529
2015-08-02 06:42:01+02;1499
2015-08-02 08:06:01+02;1469
2015-08-02 12:02:01+02;1499
2015-08-02 14:34:01+02;1469
2015-08-02 18:54:02+02;1429
2015-08-02 20:02:01+02;1459
2015-08-02 22:02:01+02;1589
2015-08-03 05:46:01+02;1489
2015-08-03 09:02:01+02;1519
2015-08-03 09:38:01+02;1499
2015-08-03 09:50:01+02;1469
2015-08-03 11:58:01+02;1449
2015-08-03 12:02:01+02;1479
2015-08-03 14:14:01+02;1469
2015-08-03 14:54:01+02;1429
2015-08-03 15:14:01+02;1429
2015-08-03 16:34:01+02;1409
2015-08-03 20:02:01+02;1439
2015-08-03 20:22:01+02;1439
2015-08-03 22:06:01+02;1589
2015-08-04 05:42:01+02;1519
2015-08-04 05:46:01+02;1479
2015-08-04 09:30:01+02;1459
2015-08-04 12:02:01+02;1509
2015-08-04 12:14:01+02;1469
2015-08-04 15:06:01+02;1429
2015-08-04 16:38:01+02;1409
2015-08-04 18:02:01+02;1409
2015-08-04 19:26:01+02;1409
2015-08-04 20:02:01+02;1439
2015-08-04 22:02:01+02;1569
2015-08-05 05:58:01+02;1469
2015-08-05 07:10:01+02;1469
2015-08-05 09:46:02+02;1449
2015-08-05 12:10:01+02;1469
2015-08-05 14:38:01+02;1439
2015-08-05 15:14:01+02;1419
2015-08-05 16:14:01+02;1409
2015-08-05 18:26:01+02;1399
2015-08-05 20:02:01+02;1429
2015-08-05 22:02:01+02;1569
2015-08-06 05:42:01+02;1519
2015-08-06 05:58:01+02;1469
2015-08-06 09:58:01+02;1449
2015-08-06 12:06:01+02;1459
2015-08-06 14:06:01+02;1439
2015-08-06 14:22:01+02;1409
2015-08-06 16:26:01+02;1409
2015-08-06 18:42:01+02;1399
2015-08-06 20:06:01+02;1429
2015-08-06 22:02:01+02;1569
2015-08-07 05:42:01+02;1519
2015-08-07 05:58:01+02;1459
2015-08-07 09:22:01+02;1459
2015-08-07 09:58:01+02;1439
2015-08-07 12:02:01+02;1469
2015-08-07 12:06:01+02;1459
2015-08-07 13:46:01+02;1449
2015-08-07 14:30:01+02;1419
2015-08-07 16:46:01+02;1399
2015-08-07 20:02:01+02;1429
2015-08-07 22:02:01+02;1549
2015-08-08 05:42:01+02;1499
2015-08-08 06:18:01+02;1459
2015-08-08 10:46:01+02;1449
2015-08-08 11:06:01+02;1449
2015-08-08 12:02:01+02;1479
2015-08-08 12:22:01+02;1469
2015-08-08 13:42:01+02;1459
2015-08-08 14:26:01+02;1429
2015-08-08 16:58:01+02;1409
2015-08-08 19:34:01+02;1399
2015-08-08 20:02:01+02;1429
2015-08-08 22:02:01+02;1549
2015-08-09 05:58:01+02;1499
2015-08-09 06:58:01+02;1489
2015-08-09 07:46:01+02;1459
2015-08-09 08:58:01+02;1449
2015-08-09 11:10:01+02;1439
2015-08-09 12:02:01+02;1469
2015-08-09 14:14:01+02;1439
2015-08-09 15:34:01+02;1439
2015-08-09 17:34:01+02;1439
2015-08-09 20:02:01+02;1469
2015-08-09 22:02:01+02;1549
2015-08-10 05:42:01+02;1529
2015-08-10 05:46:01+02;1479
2015-08-10 09:26:01+02;1469
2015-08-10 09:38:01+02;1449
2015-08-10 12:02:01+02;1479
2015-08-10 12:10:01+02;1469
2015-08-10 12:22:01+02;1469
2015-08-10 13:42:01+02;1469
2015-08-10 14:46:01+02;1419
2015-08-10 15:50:01+02;1419
2015-08-10 17:10:01+02;1399
2015-08-10 18:58:01+02;1399
2015-08-10 20:02:01+02;1429
2015-08-10 22:02:01+02;1549
2015-08-11 05:42:01+02;1489
2015-08-11 05:46:01+02;1459
2015-08-11 09:26:01+02;1449
2015-08-11 12:06:02+02;1439
2015-08-11 12:26:01+02;1439
2015-08-11 14:38:01+02;1409
2015-08-11 15:30:01+02;1409
2015-08-11 16:30:01+02;1389
2015-08-11 20:06:01+02;1419
2015-08-11 22:02:01+02;1549
2015-08-12 05:46:01+02;1449
2015-08-12 07:14:01+02;1449
2015-08-12 09:02:01+02;1449
2015-08-12 09:46:01+02;1429
2015-08-12 11:22:01+02;1419
2015-08-12 12:02:01+02;1449
2015-08-12 14:34:01+02;1389
2015-08-12 16:14:01+02;1369
2015-08-12 16:46:01+02;1369
2015-08-12 20:06:01+02;1399
2015-08-12 22:02:01+02;1549
2015-08-13 05:42:01+02;1479
2015-08-13 05:50:02+02;1449
2015-08-13 06:18:01+02;1429
2015-08-13 09:26:01+02;1419
2015-08-13 12:06:01+02;1429
2015-08-13 14:46:01+02;1389
2015-08-13 16:50:01+02;1389
2015-08-13 20:02:01+02;1419
2015-08-13 22:02:01+02;1549
2015-08-14 05:46:01+02;1479
2015-08-14 05:50:01+02;1439
2015-08-14 07:46:01+02;1429
2015-08-14 08:34:01+02;1409
2015-08-14 09:22:01+02;1409
2015-08-14 12:06:01+02;1409
2015-08-14 14:42:01+02;1379
2015-08-14 15:26:01+02;1379
2015-08-14 18:14:01+02;1379
2015-08-14 20:02:01+02;1409
2015-08-14 22:06:01+02;1539
2015-08-15 05:42:01+02;1469
2015-08-15 06:46:01+02;1439
2015-08-15 07:38:01+02;1409
2015-08-15 10:58:01+02;1399
2015-08-15 12:02:01+02;1429
2015-08-15 14:38:01+02;1399
2015-08-15 16:54:01+02;1399
2015-08-15 19:06:01+02;1369
2015-08-15 20:06:01+02;1399
2015-08-15 22:02:01+02;1539
2015-08-16 05:42:01+02;1489
2015-08-16 06:46:01+02;1459
2015-08-16 08:06:01+02;1439
2015-08-16 10:46:01+02;1419
2015-08-16 11:50:01+02;1409
2015-08-16 12:02:01+02;1439
2015-08-16 13:46:01+02;1409
2015-08-16 16:34:01+02;1409
2015-08-16 20:02:01+02;1439
2015-08-16 20:58:01+02;1409
2015-08-16 22:02:01+02;1539
2015-08-17 05:42:01+02;1499
2015-08-17 06:14:01+02;1439
2015-08-17 06:42:01+02;1429
2015-08-17 07:38:01+02;1409
2015-08-17 10:26:01+02;1399
2015-08-17 12:02:01+02;1429
2015-08-17 12:54:01+02;1399
2015-08-17 14:10:01+02;1399
2015-08-17 14:58:01+02;1369
2015-08-17 15:26:01+02;1369
2015-08-17 16:30:01+02;1369
2015-08-17 18:22:01+02;1359
2015-08-17 20:02:01+02;1389
2015-08-17 22:02:01+02;1539
2015-08-18 05:42:01+02;1459
2015-08-18 06:30:01+02;1429
2015-08-18 07:06:01+02;1419
2015-08-18 07:18:01+02;1399
2015-08-18 10:26:01+02;1389
2015-08-18 12:02:01+02;1379
2015-08-18 12:06:01+02;1409
2015-08-18 14:34:01+02;1379
2015-08-18 16:10:01+02;1379
2015-08-18 17:02:01+02;1379
2015-08-18 19:22:01+02;1359
2015-08-18 20:02:01+02;1389
2015-08-18 22:02:01+02;1539
2015-08-19 05:42:01+02;1449
2015-08-19 06:30:01+02;1429
2015-08-19 07:06:01+02;1389
2015-08-19 09:30:01+02;1379
2015-08-19 11:34:01+02;1409
2015-08-19 12:46:01+02;1399
2015-08-19 14:06:01+02;1419
2015-08-19 14:50:01+02;1399
2015-08-19 15:26:01+02;1379
2015-08-19 16:06:01+02;1379
2015-08-19 16:46:01+02;1369
2015-08-19 16:50:01+02;1359
2015-08-19 20:06:01+02;1389
2015-08-19 22:06:01+02;1539
2015-08-20 05:46:01+02;1449
2015-08-20 06:10:01+02;1419
2015-08-20 07:38:01+02;1399
2015-08-20 07:58:01+02;1389
2015-08-20 09:46:01+02;1379
2015-08-20 11:34:01+02;1409
2015-08-20 12:14:01+02;1399
2015-08-20 14:58:01+02;1379
2015-08-20 16:46:01+02;1369
2015-08-20 19:38:01+02;1359
2015-08-20 20:02:01+02;1389
2015-08-20 21:30:01+02;1389
2015-08-20 22:02:01+02;1529
2015-08-21 06:02:01+02;1469
2015-08-21 06:26:01+02;1419
2015-08-21 07:06:01+02;1399
2015-08-21 11:34:01+02;1429
2015-08-21 14:22:01+02;1379
2015-08-21 14:38:01+02;1359
2015-08-21 14:46:01+02;1349
2015-08-21 17:10:01+02;1349
2015-08-21 17:54:01+02;1349
2015-08-21 20:02:01+02;1379
2015-08-21 22:02:01+02;1519
2015-08-22 05:42:01+02;1439
2015-08-22 06:30:01+02;1409
2015-08-22 10:10:01+02;1389
2015-08-22 11:38:01+02;1419
2015-08-22 12:38:01+02;1409
2015-08-22 14:38:01+02;1389
2015-08-22 14:46:01+02;1389
2015-08-22 14:58:01+02;1379
2015-08-22 16:38:01+02;1369
2015-08-22 16:46:01+02;1359
2015-08-22 17:18:01+02;1359
2015-08-22 20:06:01+02;1389
2015-08-22 20:26:01+02;1369
2015-08-22 22:06:01+02;1519
2015-08-23 05:42:01+02;1439
2015-08-23 06:46:01+02;1429
2015-08-23 06:54:01+02;1399
2015-08-23 09:26:01+02;1379
2015-08-23 11:34:01+02;1409
2015-08-23 14:26:01+02;1379
2015-08-23 19:06:01+02;1379
2015-08-23 20:02:01+02;1409
2015-08-23 21:26:01+02;1379
2015-08-23 22:02:01+02;1519
2015-08-24 05:58:01+02;1419
2015-08-24 06:30:01+02;1409
2015-08-24 07:30:01+02;1399
2015-08-24 07:46:01+02;1389
2015-08-24 09:46:01+02;1369
2015-08-24 11:34:01+02;1399
2015-08-24 12:02:01+02;1389
2015-08-24 14:54:01+02;1359
2015-08-24 16:22:01+02;1359
2015-08-24 20:06:01+02;1389
2015-08-24 22:02:01+02;1499
2015-08-25 05:58:01+02;1429
2015-08-25 06:30:01+02;1409
2015-08-25 07:38:01+02;1399
2015-08-25 11:34:01+02;1429
2015-08-25 12:42:01+02;1399
2015-08-25 15:26:01+02;1379
2015-08-25 15:54:01+02;1369
2015-08-25 17:38:01+02;1359
2015-08-25 20:02:01+02;1389
2015-08-25 22:02:01+02;1479
2015-08-26 00:26:01+02;1479
2015-08-26 00:42:01+02;1479
2015-08-26 05:42:01+02;1449
2015-08-26 06:06:01+02;1389
2015-08-26 07:34:01+02;1379
2015-08-26 07:38:01+02;1369
2015-08-26 11:34:01+02;1399
2015-08-26 12:26:01+02;1389
2015-08-26 14:42:01+02;1359
2015-08-26 16:18:01+02;1339
2015-08-26 20:02:01+02;1369
2015-08-26 20:22:01+02;1369
2015-08-26 22:10:01+02;1479
2015-08-27 05:42:01+02;1429
2015-08-27 05:54:01+02;1409
2015-08-27 06:46:01+02;1409
2015-08-27 07:26:01+02;1389
2015-08-27 07:30:01+02;1379
2015-08-27 11:46:01+02;1409
2015-08-27 12:06:01+02;1389
2015-08-27 14:54:01+02;1369
2015-08-27 15:50:01+02;1329
2015-08-27 18:14:01+02;1299
2015-08-27 20:02:01+02;1329
2015-08-27 22:02:01+02;1479
2015-08-28 05:42:01+02;1409
2015-08-28 06:34:02+02;1369
2015-08-28 06:46:01+02;1359
2015-08-28 08:38:01+02;1349
2015-08-28 11:34:01+02;1379
2015-08-28 11:58:01+02;1359
2015-08-28 15:26:01+02;1349
2015-08-28 15:46:01+02;1329
2015-08-28 16:38:01+02;1319
2015-08-28 19:26:01+02;1299
2015-08-28 20:06:01+02;1329
2015-08-28 22:06:01+02;1479
2015-08-29 05:58:01+02;1419
2015-08-29 06:14:01+02;1419
2015-08-29 07:10:01+02;1359
2015-08-29 08:06:01+02;1359
2015-08-29 08:42:01+02;1349
2015-08-29 08:54:01+02;1339
2015-08-29 11:34:01+02;1369
2015-08-29 12:18:01+02;1359
2015-08-29 14:42:01+02;1339
2015-08-29 15:14:01+02;1329
2015-08-29 15:38:01+02;1319
2015-08-29 16:26:01+02;1309
2015-08-29 20:02:01+02;1339
2015-08-29 20:06:01+02;1329
2015-08-29 22:02:01+02;1479
2015-08-30 05:42:01+02;1419
2015-08-30 07:18:01+02;1389
2015-08-30 07:54:01+02;1349
2015-08-30 08:30:01+02;1349
2015-08-30 09:18:01+02;1299
2015-08-30 09:34:01+02;1299
2015-08-30 11:34:01+02;1329
2015-08-30 14:38:01+02;1299
2015-08-30 15:46:01+02;1299
2015-08-30 20:02:01+02;1329
2015-08-30 22:02:01+02;1479
2015-08-31 05:46:01+02;1419
2015-08-31 07:02:01+02;1349
2015-08-31 07:10:02+02;1349
2015-08-31 07:46:01+02;1329
2015-08-31 12:34:01+02;1359
2015-08-31 15:02:01+02;1329
2015-08-31 17:22:01+02;1299
2015-08-31 18:02:01+02;1299
2015-08-31 22:02:01+02;1479
2015-09-01 05:42:01+02;1429
2015-09-01 06:46:02+02;1389
2015-09-01 06:50:02+02;1369
2015-09-01 09:42:01+02;1349
2015-09-01 11:58:01+02;1329
2015-09-01 12:02:01+02;1359
2015-09-01 15:26:01+02;1329
2015-09-01 17:14:01+02;1299
2015-09-01 17:30:01+02;1299
2015-09-01 20:02:01+02;1329
2015-09-01 22:02:01+02;1499
2015-09-02 05:42:01+02;1439
2015-09-02 06:02:01+02;1369
2015-09-02 08:30:01+02;1349
2015-09-02 09:50:01+02;1349
2015-09-02 11:14:01+02;1349
2015-09-02 12:02:01+02;1379
2015-09-02 12:22:01+02;1379
2015-09-02 14:38:01+02;1339
2015-09-02 16:38:01+02;1329
2015-09-02 20:02:01+02;1359
2015-09-02 22:02:01+02;1509
2015-09-03 05:58:01+02;1429
2015-09-03 06:02:01+02;1369
2015-09-03 07:22:01+02;1339
2015-09-03 07:26:01+02;1329
2015-09-03 12:02:01+02;1359
2015-09-03 12:14:01+02;1359
2015-09-03 14:38:01+02;1329
2015-09-03 15:14:01+02;1329
2015-09-03 16:50:01+02;1329
2015-09-03 17:22:01+02;1329
2015-09-03 20:02:01+02;1359
2015-09-03 22:06:01+02;1499
2015-09-04 05:42:01+02;1429
2015-09-04 06:30:01+02;1369
2015-09-04 08:42:01+02;1349
2015-09-04 09:30:01+02;1339
2015-09-04 12:06:01+02;1359
2015-09-04 14:06:01+02;1349
2015-09-04 14:46:02+02;1339
2015-09-04 15:06:01+02;1329
2015-09-04 16:50:01+02;1319
2015-09-04 21:06:01+02;1419
2015-09-05 05:42:01+02;1419
2015-09-05 06:46:01+02;1389
2015-09-05 06:50:01+02;1379
2015-09-05 09:38:01+02;1359
2015-09-05 12:02:01+02;1389
2015-09-05 12:22:01+02;1359
2015-09-05 13:22:01+02;1329
2015-09-05 14:50:01+02;1329
2015-09-05 15:26:01+02;1309
2015-09-05 16:46:01+02;1309
2015-09-05 21:02:01+02;1449
2015-09-05 21:34:01+02;1419
2015-09-06 05:38:01+02;1419
2015-09-06 06:26:01+02;1399
2015-09-06 07:58:01+02;1369
2015-09-06 11:02:01+02;1359
2015-09-06 12:02:01+02;1389
2015-09-06 12:06:01+02;1339
2015-09-06 15:06:01+02;1309
2015-09-06 16:46:01+02;1309
2015-09-06 17:38:01+02;1309
2015-09-06 21:02:01+02;1479
2015-09-06 21:30:01+02;1419
2015-09-07 05:42:01+02;1419
2015-09-07 06:26:01+02;1419
2015-09-07 07:30:02+02;1379
2015-09-07 07:46:01+02;1369
2015-09-07 08:30:01+02;1309
2015-09-07 12:02:01+02;1339
2015-09-07 14:38:01+02;1299
2015-09-07 21:02:01+02;1419
2015-09-08 05:42:01+02;1419
2015-09-08 06:26:01+02;1309
2015-09-08 12:02:01+02;1339
2015-09-08 14:50:01+02;1339
2015-09-08 17:46:01+02;1309
2015-09-08 19:14:01+02;1309
2015-09-08 21:02:01+02;1409
2015-09-09 05:38:01+02;1409
2015-09-09 06:14:01+02;1359
2015-09-09 07:06:01+02;1339
2015-09-09 09:50:01+02;1329
2015-09-09 11:58:01+02;1319
2015-09-09 12:02:01+02;1349
2015-09-09 15:06:01+02;1329
2015-09-09 15:30:01+02;1319
2015-09-09 17:22:01+02;1319
2015-09-09 18:34:01+02;1289
2015-09-09 21:02:01+02;1409
2015-09-10 05:38:01+02;1409
2015-09-10 06:14:01+02;1369
2015-09-10 06:58:01+02;1339
2015-09-10 09:38:01+02;1329
2015-09-10 11:30:01+02;1329
2015-09-10 12:02:01+02;1359
2015-09-10 14:26:01+02;1319
2015-09-10 16:42:01+02;1309
2015-09-10 21:02:01+02;1419
2015-09-11 05:42:01+02;1419
2015-09-11 06:26:01+02;1369
2015-09-11 07:38:01+02;1349
2015-09-11 12:06:01+02;1359
2015-09-11 14:34:01+02;1339
2015-09-11 14:58:01+02;1329
2015-09-11 15:34:01+02;1309
2015-09-11 16:46:01+02;1309
2015-09-11 21:02:01+02;1429
2015-09-12 05:46:01+02;1429
2015-09-12 06:38:01+02;1369
2015-09-12 09:50:01+02;1359
2015-09-12 10:14:01+02;1349
2015-09-12 12:02:01+02;1379
2015-09-12 12:14:01+02;1359
2015-09-12 14:22:01+02;1349
2015-09-12 14:26:01+02;1339
2015-09-12 14:42:01+02;1329
2015-09-12 14:58:01+02;1329
2015-09-12 15:10:01+02;1319
2015-09-12 16:06:01+02;1319
2015-09-12 16:58:01+02;1319
2015-09-12 18:54:01+02;1309
2015-09-12 21:02:01+02;1459
2015-09-12 21:30:01+02;1429
2015-09-13 05:42:01+02;1429
2015-09-13 06:58:01+02;1409
2015-09-13 08:26:01+02;1369
2015-09-13 08:46:01+02;1359
2015-09-13 10:14:01+02;1349
2015-09-13 12:02:01+02;1379
2015-09-13 14:26:01+02;1339
2015-09-13 16:34:01+02;1339
2015-09-13 18:26:01+02;1319
2015-09-13 21:02:01+02;1489
2015-09-13 21:26:01+02;1429
2015-09-14 05:38:01+02;1429
2015-09-14 06:26:01+02;1379
2015-09-14 06:58:01+02;1369
2015-09-14 07:50:01+02;1369
2015-09-14 07:58:01+02;1349
2015-09-14 09:50:01+02;1329
2015-09-14 11:14:01+02;1299
2015-09-14 12:02:01+02;1329
2015-09-14 14:54:01+02;1329
2015-09-14 15:06:01+02;1299
2015-09-14 18:58:01+02;1299
2015-09-14 21:02:01+02;1419
2015-09-15 05:42:01+02;1419
2015-09-15 06:26:01+02;1359
2015-09-15 07:38:01+02;1339
2015-09-15 09:38:01+02;1319
2015-09-15 10:42:01+02;1319
2015-09-15 12:02:01+02;1349
2015-09-15 14:14:01+02;1319
2015-09-15 16:46:01+02;1299
2015-09-15 20:06:01+02;1289
2015-09-15 21:02:01+02;1409
2015-09-16 05:42:01+02;1399
2015-09-16 06:26:01+02;1349
2015-09-16 07:26:01+02;1329
2015-09-16 10:14:01+02;1319
2015-09-16 12:02:01+02;1349
2015-09-16 12:06:02+02;1339
2015-09-16 14:38:01+02;1319
2015-09-16 15:14:01+02;1309
2015-09-16 16:26:01+02;1299
2015-09-16 18:14:01+02;1289
2015-09-16 21:02:01+02;1419
2015-09-17 05:42:01+02;1399
2015-09-17 06:14:01+02;1349
2015-09-17 09:26:01+02;1339
2015-09-17 10:02:01+02;1329
2015-09-17 12:02:01+02;1369
2015-09-17 12:26:01+02;1349
2015-09-17 14:38:01+02;1319
2015-09-17 16:26:01+02;1299
2015-09-17 18:22:01+02;1289
2015-09-17 21:02:01+02;1439
2015-09-18 05:38:01+02;1399
2015-09-18 06:26:01+02;1339
2015-09-18 09:38:01+02;1329
2015-09-18 12:02:01+02;1359
2015-09-18 12:22:01+02;1349
2015-09-18 13:26:01+02;1349
2015-09-18 14:34:01+02;1329
2015-09-18 14:54:01+02;1319
2015-09-18 17:06:01+02;1299
2015-09-18 17:14:01+02;1299
2015-09-18 21:02:01+02;1419
2015-09-19 05:38:01+02;1399
2015-09-19 06:34:01+02;1349
2015-09-19 09:58:01+02;1329
2015-09-19 11:06:01+02;1319
2015-09-19 12:02:01+02;1349
2015-09-19 12:22:01+02;1339
2015-09-19 14:26:01+02;1319
2015-09-19 14:50:01+02;1309
2015-09-19 17:06:01+02;1299
2015-09-19 18:54:01+02;1279
2015-09-19 19:06:01+02;1269
2015-09-19 21:06:01+02;1449
2015-09-19 21:26:01+02;1419
2015-09-20 05:42:01+02;1399
2015-09-20 06:58:01+02;1359
2015-09-20 07:14:01+02;1349
2015-09-20 11:26:01+02;1339
2015-09-20 12:02:01+02;1369
2015-09-20 13:58:01+02;1349
2015-09-20 14:46:01+02;1339
2015-09-20 17:10:01+02;1339
2015-09-20 17:38:01+02;1329
2015-09-20 19:22:01+02;1289
2015-09-20 21:02:01+02;1479
2015-09-20 21:06:01+02;1419
2015-09-21 05:38:01+02;1399
2015-09-21 06:26:01+02;1349
2015-09-21 09:22:01+02;1329
2015-09-21 10:06:01+02;1309
2015-09-21 10:18:01+02;1299
2015-09-21 12:02:01+02;1329
2015-09-21 12:22:01+02;1319
2015-09-21 14:34:01+02;1299
2015-09-21 14:42:01+02;1289
2015-09-21 18:38:01+02;1289
2015-09-21 19:50:01+02;1279
2015-09-21 21:02:01+02;1409
2015-09-22 05:38:01+02;1399
2015-09-22 06:14:01+02;1349
2015-09-22 09:38:01+02;1329
2015-09-22 10:38:01+02;1299
2015-09-22 10:46:01+02;1289
2015-09-22 12:02:01+02;1319
2015-09-22 14:14:01+02;1299
2015-09-22 14:38:01+02;1279
2015-09-22 19:46:01+02;1269
2015-09-22 21:02:01+02;1419
2015-09-23 05:38:01+02;1399
2015-09-23 06:10:01+02;1349
2015-09-23 09:38:01+02;1329
2015-09-23 10:10:01+02;1319
2015-09-23 10:22:01+02;1309
2015-09-23 11:10:01+02;1299
2015-09-23 11:26:01+02;1299
2015-09-23 12:02:01+02;1329
2015-09-23 14:38:01+02;1299
2015-09-23 16:58:01+02;1289
2015-09-23 21:02:01+02;1419
2015-09-24 05:38:01+02;1349
2015-09-24 10:06:01+02;1329
2015-09-24 10:34:01+02;1319
2015-09-24 10:38:01+02;1309
2015-09-24 12:02:01+02;1339
2015-09-24 12:22:01+02;1329
2015-09-24 15:02:01+02;1299
2015-09-24 20:06:01+02;1279
2015-09-24 21:02:01+02;1439
2015-09-25 05:42:01+02;1399
2015-09-25 06:06:01+02;1349
2015-09-25 11:02:01+02;1309
2015-09-25 12:02:01+02;1339
2015-09-25 12:38:02+02;1329
2015-09-25 13:42:01+02;1309
2015-09-25 16:14:01+02;1299
2015-09-25 19:14:01+02;1279
2015-09-25 19:58:01+02;1279
2015-09-25 21:02:01+02;1419
2015-09-26 05:42:01+02;1399
2015-09-26 06:46:01+02;1359
2015-09-26 10:14:01+02;1329
2015-09-26 12:02:01+02;1369
2015-09-26 12:22:01+02;1369
2015-09-26 13:02:02+02;1359
2015-09-26 14:30:01+02;1319
2015-09-26 19:18:01+02;1299
2015-09-26 20:06:01+02;1279
2015-09-26 21:02:01+02;1459
2015-09-26 21:30:01+02;1419
2015-09-27 05:42:01+02;1369
2015-09-27 07:58:01+02;1359
2015-09-27 09:14:01+02;1329
2015-09-27 10:46:01+02;1309
2015-09-27 12:02:01+02;1349
2015-09-27 13:02:01+02;1339
2015-09-27 15:06:01+02;1309
2015-09-27 19:14:01+02;1299
2015-09-27 20:06:01+02;1289
2015-09-27 21:02:01+02;1499
2015-09-27 21:06:01+02;1419
2015-09-28 05:34:01+02;1359
2015-09-28 07:38:01+02;1349
2015-09-28 09:50:01+02;1329
2015-09-28 10:06:01+02;1329
2015-09-28 12:02:01+02;1369
2015-09-28 13:02:01+02;1359
2015-09-28 14:26:01+02;1339
2015-09-28 15:14:01+02;1309
2015-09-28 16:26:01+02;1299
2015-09-28 19:06:01+02;1279
2015-09-28 21:02:01+02;1419
2015-09-29 05:42:01+02;1399
2015-09-29 06:10:01+02;1369
2015-09-29 07:38:01+02;1359
2015-09-29 07:50:01+02;1349
2015-09-29 09:26:01+02;1329
2015-09-29 12:02:01+02;1369
2015-09-29 12:06:01+02;1349
2015-09-29 13:02:01+02;1339
2015-09-29 14:50:01+02;1309
2015-09-29 16:38:01+02;1289
2015-09-29 17:14:01+02;1289
2015-09-29 18:50:01+02;1289
2015-09-29 21:02:01+02;1419
2015-09-30 05:42:01+02;1349
2015-09-30 09:38:01+02;1329
2015-09-30 11:26:01+02;1319
2015-09-30 12:02:01+02;1359
2015-09-30 12:14:01+02;1349
2015-09-30 12:58:01+02;1309
2015-09-30 16:14:01+02;1279
2015-09-30 18:14:01+02;1279
2015-09-30 21:02:01+02;1409
2015-10-01 05:42:01+02;1339
2015-10-01 10:18:01+02;1319
2015-10-01 12:02:01+02;1359
2015-10-01 12:50:01+02;1339
2015-10-01 13:02:01+02;1329
2015-10-01 14:26:01+02;1299
2015-10-01 15:42:01+02;1299
2015-10-01 16:26:01+02;1299
2015-10-01 16:34:01+02;1279
2015-10-01 17:22:02+02;1269
2015-10-01 21:02:01+02;1419
2015-10-02 05:42:01+02;1339
2015-10-02 10:18:01+02;1319
2015-10-02 10:42:01+02;1279
2015-10-02 10:46:01+02;1269
2015-10-02 12:02:01+02;1309
2015-10-02 13:02:01+02;1299
2015-10-02 14:06:01+02;1289
2015-10-02 14:22:02+02;1279
2015-10-02 14:54:01+02;1269
2015-10-02 15:46:01+02;1259
2015-10-02 15:50:01+02;1259
2015-10-02 21:02:01+02;1419
2015-10-03 05:42:01+02;1379
2015-10-03 07:14:01+02;1339
2015-10-03 10:14:01+02;1319
2015-10-03 12:02:01+02;1359
2015-10-03 13:02:01+02;1339
2015-10-03 14:26:01+02;1329
2015-10-03 14:46:01+02;1299
2015-10-03 16:26:01+02;1279
2015-10-03 21:02:01+02;1419
2015-10-04 05:42:01+02;1369
2015-10-04 07:38:01+02;1339
2015-10-04 12:02:01+02;1379
2015-10-04 12:22:01+02;1339
2015-10-04 13:02:01+02;1329
2015-10-04 15:06:01+02;1299
2015-10-04 17:58:01+02;1269
2015-10-04 21:02:01+02;1419
2015-10-05 05:42:01+02;1339
2015-10-05 11:06:01+02;1329
2015-10-05 12:02:01+02;1369
2015-10-05 13:02:01+02;1359
2015-10-05 14:38:01+02;1329
2015-10-05 16:02:01+02;1309
2015-10-05 16:26:01+02;1299
2015-10-05 17:46:01+02;1289
2015-10-05 19:46:01+02;1279
2015-10-05 21:02:01+02;1399
2015-10-06 05:38:01+02;1339
2015-10-06 08:14:01+02;1329
2015-10-06 09:26:01+02;1319
2015-10-06 12:02:01+02;1359
2015-10-06 12:06:01+02;1339
2015-10-06 13:02:02+02;1329
2015-10-06 14:50:01+02;1309
2015-10-06 16:34:01+02;1279
2015-10-06 17:26:01+02;1269
2015-10-06 18:26:01+02;1259
2015-10-06 21:02:01+02;1399
2015-10-07 05:42:01+02;1379
2015-10-07 05:58:01+02;1339
2015-10-07 10:38:01+02;1319
2015-10-07 12:02:01+02;1359
2015-10-07 12:50:01+02;1349
2015-10-07 13:02:01+02;1339
2015-10-07 14:50:01+02;1299
2015-10-07 16:34:01+02;1279
2015-10-07 21:02:01+02;1419
2015-10-08 05:42:01+02;1359
2015-10-08 10:18:01+02;1349
2015-10-08 10:50:01+02;1329
2015-10-08 12:02:01+02;1369
2015-10-08 12:06:01+02;1349
2015-10-08 13:02:01+02;1339
2015-10-08 15:10:01+02;1319
2015-10-08 16:06:01+02;1309
2015-10-08 16:54:01+02;1309
2015-10-08 16:58:01+02;1279
2015-10-08 18:06:01+02;1279
2015-10-08 21:02:01+02;1409
2015-10-09 05:42:01+02;1379
2015-10-09 05:58:01+02;1349
2015-10-09 11:06:01+02;1329
2015-10-09 12:02:01+02;1369
2015-10-09 12:22:01+02;1349
2015-10-09 13:02:01+02;1339
2015-10-09 14:38:01+02;1309
2015-10-09 15:42:01+02;1299
2015-10-09 15:58:01+02;1289
2015-10-09 17:22:01+02;1279
2015-10-09 21:02:01+02;1409
2015-10-10 05:38:01+02;1389
2015-10-10 05:58:01+02;1359
2015-10-10 09:46:01+02;1339
2015-10-10 12:02:02+02;1379
2015-10-10 12:22:01+02;1359
2015-10-10 13:02:01+02;1349
2015-10-10 14:18:01+02;1329
2015-10-10 14:46:01+02;1319
2015-10-10 15:46:01+02;1309
2015-10-10 16:06:01+02;1279
2015-10-10 19:26:01+02;1269
2015-10-10 21:02:01+02;1409
2015-10-11 05:42:01+02;1359
2015-10-11 07:50:01+02;1359
2015-10-11 08:14:01+02;1349
2015-10-11 09:38:01+02;1339
2015-10-11 12:02:01+02;1379
2015-10-11 13:02:01+02;1369
2015-10-11 14:26:01+02;1339
2015-10-11 19:06:01+02;1309
2015-10-11 21:02:01+02;1409
2015-10-12 05:42:01+02;1359
2015-10-12 09:26:01+02;1339
2015-10-12 12:02:01+02;1379
2015-10-12 12:06:01+02;1349
2015-10-12 13:02:01+02;1339
2015-10-12 14:26:01+02;1329
2015-10-12 15:06:01+02;1319
2015-10-12 15:30:01+02;1299
2015-10-12 16:42:01+02;1289
2015-10-12 19:46:01+02;1279
2015-10-12 21:02:01+02;1409
2015-10-13 05:42:01+02;1389
2015-10-13 06:06:01+02;1359
2015-10-13 06:10:01+02;1349
2015-10-13 09:38:01+02;1329
2015-10-13 11:46:01+02;1309
2015-10-13 12:02:01+02;1349
2015-10-13 13:02:01+02;1339
2015-10-13 14:46:01+02;1289
2015-10-13 16:26:01+02;1279
2015-10-13 18:34:01+02;1269
2015-10-13 21:02:01+02;1399
2015-10-14 05:42:01+02;1339
2015-10-14 09:30:01+02;1319
2015-10-14 11:38:01+02;1309
2015-10-14 12:02:01+02;1349
2015-10-14 13:02:01+02;1339
2015-10-14 14:50:01+02;1319
2015-10-14 15:22:01+02;1289
2015-10-14 16:22:01+02;1279
2015-10-14 20:06:01+02;1269
2015-10-14 20:14:01+02;1259
2015-10-14 21:02:01+02;1389
2015-10-15 05:38:01+02;1339
2015-10-15 09:14:01+02;1319
2015-10-15 10:26:01+02;1319
2015-10-15 10:38:01+02;1319
2015-10-15 12:02:01+02;1359
2015-10-15 12:22:01+02;1339
2015-10-15 13:02:01+02;1329
2015-10-15 14:38:01+02;1319
2015-10-15 15:38:01+02;1299
2015-10-15 17:14:01+02;1269
2015-10-15 21:02:01+02;1389
2015-10-16 05:42:01+02;1339
2015-10-16 09:38:01+02;1319
2015-10-16 12:02:01+02;1359
2015-10-16 12:06:01+02;1339
2015-10-16 13:02:01+02;1329
2015-10-16 14:26:01+02;1289
2015-10-16 15:46:01+02;1289
2015-10-16 16:46:01+02;1269
2015-10-16 18:38:01+02;1269
2015-10-16 19:54:01+02;1259
2015-10-16 21:02:01+02;1389
2015-10-17 05:54:01+02;1339
2015-10-17 09:30:01+02;1319
2015-10-17 12:02:01+02;1359
2015-10-17 12:10:01+02;1349
2015-10-17 13:02:01+02;1339
2015-10-17 14:18:01+02;1309
2015-10-17 16:06:01+02;1299
2015-10-17 16:54:01+02;1269
2015-10-17 18:46:01+02;1269
2015-10-17 21:02:01+02;1389
2015-10-18 05:42:01+02;1349
2015-10-18 07:46:01+02;1339
2015-10-18 10:10:01+02;1329
2015-10-18 12:02:01+02;1369
2015-10-18 12:58:01+02;1359
2015-10-18 14:46:01+02;1319
2015-10-18 17:14:01+02;1299
2015-10-18 17:26:01+02;1289
2015-10-18 19:02:01+02;1269
2015-10-18 19:06:01+02;1259
2015-10-18 21:02:01+02;1389
2015-10-19 05:38:01+02;1339
2015-10-19 09:38:01+02;1319
2015-10-19 11:54:01+02;1299
2015-10-19 12:02:01+02;1339
2015-10-19 13:02:01+02;1329
2015-10-19 14:46:01+02;1329
2015-10-19 16:26:01+02;1269
2015-10-19 16:38:01+02;1259
2015-10-19 19:14:01+02;1249
2015-10-19 21:02:01+02;1399
2015-10-20 05:38:01+02;1339
2015-10-20 10:50:01+02;1319
2015-10-20 12:02:01+02;1359
2015-10-20 13:02:01+02;1349
2015-10-20 13:50:01+02;1339
2015-10-20 14:06:01+02;1329
2015-10-20 14:38:01+02;1309
2015-10-20 15:30:01+02;1309
2015-10-20 15:38:01+02;1299
2015-10-20 16:22:01+02;1279
2015-10-20 21:02:01+02;1389
2015-10-21 05:42:01+02;1379
2015-10-21 05:46:01+02;1339
2015-10-21 06:14:01+02;1329
2015-10-21 10:14:01+02;1319
2015-10-21 10:50:01+02;1309
2015-10-21 12:02:01+02;1349
2015-10-21 12:50:01+02;1339
2015-10-21 13:02:01+02;1329
2015-10-21 14:54:01+02;1299
2015-10-21 15:22:01+02;1289
2015-10-21 16:14:01+02;1259
2015-10-21 18:38:01+02;1249
2015-10-21 18:54:01+02;1239
2015-10-21 21:02:01+02;1379
2015-10-22 06:06:01+02;1329
2015-10-22 10:38:01+02;1299
2015-10-22 12:06:01+02;1339
2015-10-22 13:06:01+02;1329
2015-10-22 14:14:01+02;1309
2015-10-22 14:38:01+02;1309
2015-10-22 16:14:01+02;1299
2015-10-22 16:54:01+02;1289
2015-10-22 18:26:01+02;1279
2015-10-22 19:38:01+02;1259
2015-10-22 21:02:01+02;1379
2015-10-23 05:38:01+02;1329
2015-10-23 09:58:01+02;1319
2015-10-23 10:06:01+02;1309
2015-10-23 12:02:01+02;1349
2015-10-23 12:22:01+02;1339
2015-10-23 13:06:01+02;1329
2015-10-23 14:42:01+02;1279
2015-10-23 16:46:01+02;1269
2015-10-23 16:50:01+02;1269
2015-10-23 21:02:01+02;1379
2015-10-24 05:42:01+02;1369
2015-10-24 05:54:01+02;1329
2015-10-24 10:14:01+02;1309
2015-10-24 11:02:02+02;1309
2015-10-24 12:02:01+02;1349
2015-10-24 13:02:01+02;1309
2015-10-24 14:26:01+02;1269
2015-10-24 15:58:01+02;1259
2015-10-24 16:06:01+02;1249
2015-10-24 21:02:01+02;1379
2015-10-25 05:38:01+01;1339
2015-10-25 10:50:01+01;1329
2015-10-25 12:02:01+01;1369
2015-10-25 12:14:01+01;1359
2015-10-25 13:06:01+01;1349
2015-10-25 13:50:01+01;1329
2015-10-25 14:50:01+01;1309
2015-10-25 16:26:01+01;1279
2015-10-25 17:46:01+01;1269
2015-10-25 18:34:01+01;1259
2015-10-25 19:10:01+01;1259
2015-10-25 21:02:01+01;1379
2015-10-26 05:38:01+01;1329
2015-10-26 06:14:01+01;1329
2015-10-26 10:18:01+01;1319
2015-10-26 10:46:01+01;1309
2015-10-26 10:58:01+01;1309
2015-10-26 12:02:01+01;1349
2015-10-26 13:06:01+01;1339
2015-10-26 14:46:01+01;1289
2015-10-26 15:22:01+01;1289
2015-10-26 15:46:01+01;1279
2015-10-26 15:50:01+01;1279
2015-10-26 16:58:01+01;1259
2015-10-26 19:06:01+01;1249
2015-10-26 20:06:01+01;1239
2015-10-26 21:02:01+01;1389
2015-10-27 05:38:01+01;1339
2015-10-27 07:14:01+01;1329
2015-10-27 07:58:01+01;1319
2015-10-27 08:06:01+01;1319
2015-10-27 09:38:01+01;1299
2015-10-27 09:42:01+01;1299
2015-10-27 12:02:01+01;1339
2015-10-27 12:22:01+01;1319
2015-10-27 13:06:01+01;1309
2015-10-27 15:22:01+01;1269
2015-10-27 16:34:01+01;1259
2015-10-27 20:26:01+01;1249
2015-10-27 21:02:01+01;1389
2015-10-28 05:38:01+01;1329
2015-10-28 07:14:01+01;1319
2015-10-28 09:58:01+01;1299
2015-10-28 12:02:01+01;1339
2015-10-28 12:22:01+01;1319
2015-10-28 13:06:01+01;1309
2015-10-28 14:50:01+01;1269
2015-10-28 16:22:01+01;1259
2015-10-28 18:58:01+01;1249
2015-10-28 19:10:01+01;1249
2015-10-28 21:02:01+01;1389
2015-10-29 05:38:01+01;1329
2015-10-29 09:26:01+01;1309
2015-10-29 10:46:01+01;1309
2015-10-29 12:02:01+01;1349
2015-10-29 12:14:01+01;1339
2015-10-29 12:22:01+01;1339
2015-10-29 13:18:01+01;1329
2015-10-29 14:50:01+01;1299
2015-10-29 15:26:01+01;1289
2015-10-29 16:50:01+01;1269
2015-10-29 19:26:01+01;1259
2015-10-29 21:02:01+01;1409
2015-10-30 05:42:01+01;1339
2015-10-30 09:46:01+01;1319
2015-10-30 11:46:01+01;1259
2015-10-30 12:02:01+01;1299
2015-10-30 13:38:01+01;1289
2015-10-30 15:14:01+01;1279
2015-10-30 16:14:01+01;1269
2015-10-30 18:54:01+01;1259
2015-10-30 21:02:01+01;1409
2015-10-31 05:42:01+01;1369
2015-10-31 06:46:01+01;1339
2015-10-31 09:58:01+01;1309
2015-10-31 12:02:01+01;1349
2015-10-31 12:22:01+01;1339
2015-10-31 12:50:01+01;1329
2015-10-31 13:42:01+01;1319
2015-10-31 14:18:01+01;1299
2015-10-31 14:58:01+01;1289
2015-10-31 15:26:01+01;1279
2015-10-31 16:30:02+01;1269
2015-10-31 21:02:01+01;1409
2015-11-01 05:38:01+01;1359
2015-11-01 07:26:01+01;1339
2015-11-01 10:14:01+01;1329
2015-11-01 11:26:01+01;1319
2015-11-01 12:02:01+01;1359
2015-11-01 13:42:01+01;1349
2015-11-01 14:26:01+01;1319
2015-11-01 18:14:01+01;1309
2015-11-01 18:58:01+01;1279
2015-11-01 19:46:01+01;1269
2015-11-01 21:02:01+01;1409
2015-11-02 05:38:01+01;1379
2015-11-02 05:46:01+01;1339
2015-11-02 09:38:01+01;1309
2015-11-02 12:02:01+01;1349
2015-11-02 12:22:01+01;1339
2015-11-02 13:38:01+01;1319
2015-11-02 14:34:01+01;1299
2015-11-02 14:58:01+01;1279
2015-11-02 16:10:01+01;1269
2015-11-02 21:02:01+01;1399
2015-11-03 05:38:01+01;1379
2015-11-03 05:54:01+01;1349
2015-11-03 06:46:01+01;1339
2015-11-03 09:42:01+01;1319
2015-11-03 09:50:01+01;1319
2015-11-03 10:38:01+01;1309
2015-11-03 10:46:01+01;1309
2015-11-03 12:02:01+01;1349
2015-11-03 13:26:01+01;1339
2015-11-03 14:22:01+01;1309
2015-11-03 14:26:01+01;1299
2015-11-03 17:34:01+01;1279
2015-11-03 19:42:01+01;1269
2015-11-03 21:02:01+01;1399
2015-11-04 05:38:01+01;1389
2015-11-04 05:54:01+01;1349
2015-11-04 06:26:01+01;1329
2015-11-04 09:38:01+01;1309
2015-11-04 09:42:01+01;1309
2015-11-04 12:02:01+01;1349
2015-11-04 12:14:01+01;1329
2015-11-04 13:26:01+01;1319
2015-11-04 15:14:01+01;1299
2015-11-04 16:14:01+01;1289
2015-11-04 16:58:01+01;1269
2015-11-04 21:02:01+01;1409
2015-11-05 05:38:01+01;1399
2015-11-05 05:54:01+01;1359
2015-11-05 06:42:01+01;1349
2015-11-05 09:26:01+01;1329
2015-11-05 11:02:01+01;1329
2015-11-05 12:02:01+01;1369
2015-11-05 12:06:01+01;1349
2015-11-05 12:10:01+01;1349
2015-11-05 12:38:01+01;1349
2015-11-05 13:42:01+01;1339
2015-11-05 14:58:01+01;1299
2015-11-05 17:38:01+01;1289
2015-11-05 19:50:01+01;1279
2015-11-05 21:02:01+01;1409
2015-11-06 05:38:01+01;1359
2015-11-06 08:54:01+01;1329
2015-11-06 12:02:01+01;1369
2015-11-06 12:22:01+01;1349
2015-11-06 13:42:01+01;1339
2015-11-06 14:22:01+01;1319
2015-11-06 14:42:01+01;1299
2015-11-06 15:38:01+01;1289
2015-11-06 16:38:01+01;1279
2015-11-06 18:46:01+01;1279
2015-11-06 21:02:01+01;1409
2015-11-07 05:42:01+01;1399
2015-11-07 06:58:01+01;1359
2015-11-07 09:22:01+01;1279
2015-11-07 09:38:01+01;1279
2015-11-07 09:46:01+01;1279
2015-11-07 12:02:01+01;1319
2015-11-07 12:26:01+01;1309
2015-11-07 13:22:01+01;1299
2015-11-07 14:06:01+01;1289
2015-11-07 14:26:01+01;1289
2015-11-07 14:46:01+01;1279
2015-11-07 15:06:01+01;1279
2015-11-07 16:14:01+01;1279
2015-11-07 19:06:01+01;1279
2015-11-07 21:02:01+01;1409
2015-11-08 05:42:01+01;1369
2015-11-08 07:42:01+01;1359
2015-11-08 10:46:01+01;1359
2015-11-08 10:58:01+01;1349
2015-11-08 12:02:01+01;1389
2015-11-08 12:50:01+01;1339
2015-11-08 13:38:01+01;1329
2015-11-08 14:26:01+01;1299
2015-11-08 17:06:01+01;1289
2015-11-08 21:02:01+01;1409
2015-11-09 05:38:01+01;1399
2015-11-09 05:46:01+01;1359
2015-11-09 09:34:01+01;1339
2015-11-09 09:42:01+01;1339
2015-11-09 12:02:01+01;1379
2015-11-09 12:22:01+01;1369
2015-11-09 13:18:01+01;1339
2015-11-09 14:58:01+01;1289
2015-11-09 16:26:01+01;1279
2015-11-09 19:14:01+01;1279
2015-11-09 21:02:01+01;1409
2015-11-10 05:46:01+01;1369
2015-11-10 10:06:01+01;1339
2015-11-10 12:02:01+01;1379
2015-11-10 12:22:01+01;1349
2015-11-10 13:06:01+01;1339
2015-11-10 15:18:01+01;1289
2015-11-10 16:30:01+01;1279
2015-11-10 19:26:01+01;1279
2015-11-10 21:02:01+01;1409
2015-11-11 05:38:01+01;1399
2015-11-11 05:46:01+01;1359
2015-11-11 09:58:01+01;1339
2015-11-11 10:42:01+01;1309
2015-11-11 11:14:01+01;1299
2015-11-11 12:02:01+01;1339
2015-11-11 13:42:01+01;1329
2015-11-11 15:06:01+01;1299
2015-11-11 17:34:01+01;1289
2015-11-11 18:22:01+01;1279
2015-11-11 21:02:01+01;1419
2015-11-12 05:38:01+01;1399
2015-11-12 05:46:01+01;1369
2015-11-12 09:46:01+01;1329
2015-11-12 12:02:01+01;1369
2015-11-12 12:14:01+01;1359
2015-11-12 13:42:01+01;1349
2015-11-12 14:30:01+01;1319
2015-11-12 14:58:01+01;1299
2015-11-12 16:26:01+01;1289
2015-11-12 18:14:01+01;1279
2015-11-12 18:38:01+01;1279
2015-11-12 21:02:01+01;1409
2015-11-13 05:38:01+01;1399
2015-11-13 05:58:01+01;1369
2015-11-13 09:42:01+01;1339
2015-11-13 10:58:01+01;1299
2015-11-13 12:02:01+01;1339
2015-11-13 13:26:02+01;1329
2015-11-13 15:22:01+01;1289
2015-11-13 20:06:01+01;1279
2015-11-13 21:02:01+01;1399
2015-11-14 05:38:01+01;1389
2015-11-14 06:06:01+01;1359
2015-11-14 09:34:01+01;1319
2015-11-14 12:02:01+01;1359
2015-11-14 12:06:01+01;1329
2015-11-14 13:42:01+01;1319
2015-11-14 14:30:01+01;1299
2015-11-14 15:10:01+01;1289
2015-11-14 15:38:01+01;1289
2015-11-14 17:06:01+01;1289
2015-11-14 17:58:01+01;1289
2015-11-14 21:02:01+01;1399
2015-11-15 05:38:01+01;1379
2015-11-15 08:26:01+01;1359
2015-11-15 11:22:01+01;1329
2015-11-15 12:02:01+01;1369
2015-11-15 12:06:01+01;1359
2015-11-15 13:38:01+01;1349
2015-11-15 14:26:01+01;1309
2015-11-15 15:58:01+01;1299
2015-11-15 18:46:01+01;1269
2015-11-15 21:02:01+01;1399
2015-11-16 05:38:01+01;1359
2015-11-16 07:26:01+01;1339
2015-11-16 08:06:01+01;1279
2015-11-16 09:38:01+01;1269
2015-11-16 12:02:01+01;1309
2015-11-16 12:06:01+01;1299
2015-11-16 13:38:01+01;1289
2015-11-16 14:58:01+01;1269
2015-11-16 19:34:01+01;1249
2015-11-16 21:02:01+01;1389
2015-11-17 05:42:01+01;1339
2015-11-17 07:18:01+01;1329
2015-11-17 07:38:01+01;1319
2015-11-17 09:26:01+01;1299
2015-11-17 11:10:01+01;1269
2015-11-17 12:02:01+01;1309
2015-11-17 13:42:01+01;1299
2015-11-17 13:58:01+01;1279
2015-11-17 14:14:01+01;1279
2015-11-17 16:34:01+01;1259
2015-11-17 16:50:01+01;1249
2015-11-17 21:02:01+01;1379
2015-11-18 05:42:01+01;1369
2015-11-18 05:58:01+01;1329
2015-11-18 09:26:01+01;1309
2015-11-18 12:02:01+01;1349
2015-11-18 12:06:01+01;1329
2015-11-18 13:42:01+01;1319
2015-11-18 14:42:01+01;1279
2015-11-18 16:26:01+01;1269
2015-11-18 16:46:01+01;1259
2015-11-18 17:22:01+01;1249
2015-11-18 21:02:01+01;1389
2015-11-19 05:38:01+01;1369
2015-11-19 06:06:01+01;1329
2015-11-19 09:30:01+01;1309
2015-11-19 09:58:01+01;1309
2015-11-19 11:30:01+01;1279
2015-11-19 12:02:01+01;1319
2015-11-19 12:06:01+01;1309
2015-11-19 13:42:01+01;1279
2015-11-19 14:30:01+01;1269
2015-11-19 15:18:01+01;1269
2015-11-19 15:42:01+01;1259
2015-11-19 16:26:01+01;1259
2015-11-19 20:06:01+01;1249
2015-11-19 21:02:01+01;1389
2015-11-20 05:38:01+01;1379
2015-11-20 05:58:01+01;1329
2015-11-20 09:14:01+01;1269
2015-11-20 09:30:01+01;1259
2015-11-20 11:42:01+01;1249
2015-11-20 12:02:01+01;1289
2015-11-20 12:22:01+01;1289
2015-11-20 13:42:01+01;1279
2015-11-20 14:46:01+01;1259
2015-11-20 14:58:01+01;1249
2015-11-20 15:06:01+01;1249
2015-11-20 21:02:01+01;1399
2015-11-21 05:42:01+01;1379
2015-11-21 06:46:01+01;1339
2015-11-21 09:34:01+01;1319
2015-11-21 09:42:01+01;1319
2015-11-21 11:26:01+01;1309
2015-11-21 12:02:01+01;1349
2015-11-21 12:22:01+01;1339
2015-11-21 12:54:01+01;1339
2015-11-21 13:54:01+01;1329
2015-11-21 14:38:01+01;1309
2015-11-21 16:14:01+01;1299
2015-11-21 18:54:01+01;1279
2015-11-21 21:02:01+01;1399
2015-11-22 05:42:01+01;1379
2015-11-22 06:58:01+01;1339
2015-11-22 10:38:01+01;1329
2015-11-22 12:02:01+01;1369
2015-11-22 13:38:01+01;1359
2015-11-22 14:22:01+01;1329
2015-11-22 15:46:01+01;1319
2015-11-22 16:54:01+01;1309
2015-11-22 17:30:01+01;1299
2015-11-22 17:42:01+01;1279
2015-11-22 19:14:01+01;1269
2015-11-22 21:14:01+01;1399
2015-11-23 05:42:01+01;1339
2015-11-23 09:22:01+01;1329
2015-11-23 09:30:01+01;1309
2015-11-23 12:02:01+01;1349
2015-11-23 12:06:01+01;1329
2015-11-23 13:38:01+01;1319
2015-11-23 14:22:01+01;1319
2015-11-23 15:06:01+01;1289
2015-11-23 16:46:01+01;1279
2015-11-23 16:50:01+01;1279
2015-11-23 20:06:01+01;1259
2015-11-23 21:02:01+01;1389
2015-11-24 05:42:01+01;1269
2015-11-24 12:02:01+01;1309
2015-11-24 13:38:01+01;1299
2015-11-24 14:58:01+01;1269
2015-11-24 18:14:01+01;1259
2015-11-24 21:02:01+01;1389
2015-11-25 05:42:01+01;1379
2015-11-25 05:46:01+01;1339
2015-11-25 09:42:01+01;1309
2015-11-25 12:02:01+01;1349
2015-11-25 12:22:01+01;1329
2015-11-25 13:42:02+01;1319
2015-11-25 14:34:01+01;1289
2015-11-25 14:42:01+01;1289
2015-11-25 15:14:02+01;1279
2015-11-25 16:58:01+01;1279
2015-11-25 17:14:01+01;1269
2015-11-25 19:34:01+01;1259
2015-11-25 21:02:01+01;1409
2015-11-25 21:30:01+01;1389
2015-11-26 05:38:01+01;1339
2015-11-26 09:38:01+01;1309
2015-11-26 12:02:01+01;1349
2015-11-26 12:06:01+01;1329
2015-11-26 13:42:01+01;1319
2015-11-26 17:14:01+01;1269
2015-11-26 19:22:01+01;1259
2015-11-26 21:02:01+01;1409
2015-11-26 21:26:01+01;1389
2015-11-27 05:38:01+01;1349
2015-11-27 09:38:01+01;1319
2015-11-27 12:02:01+01;1359
2015-11-27 12:22:01+01;1339
2015-11-27 13:42:01+01;1329
2015-11-27 14:10:01+01;1319
2015-11-27 14:42:01+01;1299
2015-11-27 14:50:01+01;1289
2015-11-27 16:14:01+01;1289
2015-11-27 18:22:01+01;1269
2015-11-27 20:14:01+01;1259
2015-11-27 21:02:01+01;1399
2015-11-28 05:38:01+01;1379
2015-11-28 05:54:01+01;1349
2015-11-28 09:46:01+01;1349
2015-11-28 09:50:01+01;1319
2015-11-28 12:02:01+01;1359
2015-11-28 12:22:01+01;1339
2015-11-28 13:42:01+01;1329
2015-11-28 14:38:01+01;1279
2015-11-28 16:06:01+01;1279
2015-11-28 16:54:01+01;1269
2015-11-28 18:30:01+01;1269
2015-11-28 21:02:01+01;1399
2015-11-29 05:38:01+01;1359
2015-11-29 07:34:01+01;1349
2015-11-29 11:06:01+01;1339
2015-11-29 11:26:01+01;1329
2015-11-29 12:02:02+01;1369
2015-11-29 12:54:01+01;1369
2015-11-29 13:58:01+01;1359
2015-11-29 14:22:01+01;1329
2015-11-29 15:22:01+01;1299
2015-11-29 17:22:01+01;1269
2015-11-29 21:02:01+01;1399
2015-11-30 05:38:01+01;1379
2015-11-30 05:46:01+01;1349
2015-11-30 09:22:01+01;1349
2015-11-30 09:30:01+01;1319
2015-11-30 12:02:01+01;1359
2015-11-30 12:06:01+01;1329
2015-11-30 13:18:01+01;1319
2015-11-30 14:42:01+01;1289
2015-11-30 15:14:01+01;1279
2015-11-30 19:46:01+01;1269
2015-12-01 00:42:01+01;1399
2015-12-01 09:02:01+01;1359
2015-12-01 09:30:01+01;1349
2015-12-01 09:54:01+01;1349
2015-12-01 10:02:01+01;1319
2015-12-01 11:34:01+01;1309
2015-12-01 12:02:01+01;1349
2015-12-01 12:54:01+01;1349
2015-12-01 13:02:01+01;1339
2015-12-01 14:26:01+01;1329
2015-12-01 14:54:01+01;1289
2015-12-01 18:06:01+01;1279
2015-12-01 18:54:01+01;1269
2015-12-01 21:02:01+01;1399
2015-12-02 05:38:01+01;1379
2015-12-02 05:46:01+01;1349
2015-12-02 09:38:01+01;1319
2015-12-02 12:02:01+01;1359
2015-12-02 12:06:01+01;1339
2015-12-02 12:10:01+01;1339
2015-12-02 13:26:01+01;1329
2015-12-02 13:50:01+01;1329
2015-12-02 14:38:01+01;1289
2015-12-02 15:02:01+01;1279
2015-12-02 16:38:01+01;1269
2015-12-02 18:38:01+01;1269
2015-12-02 20:02:01+01;1259
2015-12-02 21:02:01+01;1389
2015-12-03 05:42:01+01;1379
2015-12-03 05:46:01+01;1349
2015-12-03 09:38:01+01;1319
2015-12-03 12:02:01+01;1359
2015-12-03 12:06:01+01;1339
2015-12-03 12:10:01+01;1339
2015-12-03 13:42:01+01;1329
2015-12-03 14:30:01+01;1289
2015-12-03 15:26:01+01;1279
2015-12-03 16:38:01+01;1269
2015-12-03 21:02:01+01;1379
2015-12-04 05:38:01+01;1369
2015-12-04 05:54:01+01;1339
2015-12-04 09:14:01+01;1319
2015-12-04 09:22:01+01;1319
2015-12-04 11:54:01+01;1299
2015-12-04 12:02:01+01;1339
2015-12-04 12:22:02+01;1339
2015-12-04 13:38:01+01;1329
2015-12-04 14:30:01+01;1289
2015-12-04 15:14:01+01;1279
2015-12-04 16:14:01+01;1269
2015-12-04 16:26:01+01;1269
2015-12-04 18:14:01+01;1269
2015-12-04 18:26:01+01;1249
2015-12-04 21:02:01+01;1369
2015-12-05 05:38:01+01;1359
2015-12-05 06:54:01+01;1319
2015-12-05 07:46:01+01;1249
2015-12-05 08:58:01+01;1249
2015-12-05 12:02:01+01;1289
2015-12-05 12:50:01+01;1279
2015-12-05 13:42:01+01;1269
2015-12-05 14:30:01+01;1239
2015-12-05 21:02:01+01;1369
2015-12-06 05:42:01+01;1329
2015-12-06 07:54:01+01;1319
2015-12-06 08:30:01+01;1309
2015-12-06 08:38:01+01;1299
2015-12-06 09:06:01+01;1289
2015-12-06 12:02:01+01;1329
2015-12-06 12:46:01+01;1319
2015-12-06 13:38:01+01;1309
2015-12-06 14:26:01+01;1289
2015-12-06 14:38:01+01;1279
2015-12-06 21:02:01+01;1369
2015-12-07 05:38:01+01;1329
2015-12-07 09:54:01+01;1309
2015-12-07 10:02:01+01;1309
2015-12-07 12:02:01+01;1349
2015-12-07 12:22:01+01;1329
2015-12-07 12:50:01+01;1299
2015-12-07 13:38:01+01;1289
2015-12-07 14:30:01+01;1259
2015-12-07 14:46:01+01;1259
2015-12-07 21:02:01+01;1369
2015-12-08 05:38:01+01;1309
2015-12-08 07:34:01+01;1289
2015-12-08 11:54:01+01;1269
2015-12-08 12:02:01+01;1309
2015-12-08 12:22:01+01;1309
2015-12-08 12:50:01+01;1309
2015-12-08 13:26:01+01;1299
2015-12-08 14:38:01+01;1269
2015-12-08 17:14:01+01;1239
2015-12-08 18:46:01+01;1229
2015-12-08 21:02:01+01;1359
2015-12-09 05:38:01+01;1339
2015-12-09 06:02:01+01;1309
2015-12-09 06:10:01+01;1299
2015-12-09 09:30:01+01;1279
2015-12-09 09:38:01+01;1279
2015-12-09 11:54:01+01;1259
2015-12-09 12:02:01+01;1299
2015-12-09 12:22:01+01;1299
2015-12-09 13:38:01+01;1289
2015-12-09 13:58:01+01;1289
2015-12-09 14:50:01+01;1269
2015-12-09 15:10:01+01;1249
2015-12-09 15:54:01+01;1239
2015-12-09 17:30:01+01;1239
2015-12-09 18:54:01+01;1229
2015-12-09 21:02:01+01;1359
2015-12-10 05:38:01+01;1299
2015-12-10 09:46:01+01;1279
2015-12-10 12:02:01+01;1319
2015-12-10 13:42:02+01;1289
2015-12-10 14:22:01+01;1289
2015-12-10 14:46:01+01;1249
2015-12-10 16:26:02+01;1239
2015-12-10 16:54:01+01;1239
2015-12-10 18:14:01+01;1239
2015-12-10 21:02:02+01;1359
2015-12-11 05:34:01+01;1299
2015-12-11 09:14:01+01;1279
2015-12-11 10:34:01+01;1279
2015-12-11 12:02:01+01;1319
2015-12-11 12:26:01+01;1299
2015-12-11 13:42:02+01;1289
2015-12-11 14:34:01+01;1259
2015-12-11 15:22:01+01;1249
2015-12-11 18:38:01+01;1229
2015-12-11 19:06:01+01;1229
2015-12-11 21:02:01+01;1369
2015-12-12 05:38:01+01;1339
2015-12-12 06:54:01+01;1309
2015-12-12 09:30:01+01;1289
2015-12-12 09:38:01+01;1279
2015-12-12 12:02:01+01;1319
2015-12-12 12:22:01+01;1299
2015-12-12 13:26:01+01;1289
2015-12-12 14:30:01+01;1259
2015-12-12 16:14:01+01;1239
2015-12-12 17:30:01+01;1239
2015-12-12 21:02:01+01;1369
2015-12-13 05:38:01+01;1329
2015-12-13 07:46:01+01;1309
2015-12-13 11:34:01+01;1299
2015-12-13 12:02:01+01;1339
2015-12-13 12:14:01+01;1319
2015-12-13 13:38:01+01;1309
2015-12-13 14:14:01+01;1309
2015-12-13 14:50:01+01;1279
2015-12-13 15:06:01+01;1279
2015-12-13 18:06:01+01;1269
2015-12-13 18:42:01+01;1269
2015-12-13 19:46:01+01;1259
2015-12-13 20:06:02+01;1249
2015-12-13 21:02:01+01;1369
2015-12-14 05:38:01+01;1339
2015-12-14 05:46:01+01;1309
2015-12-14 09:22:01+01;1289
2015-12-14 10:58:01+01;1269
2015-12-14 12:02:01+01;1309
2015-12-14 12:22:01+01;1299
2015-12-14 13:38:01+01;1289
2015-12-14 14:54:02+01;1249
2015-12-14 19:22:01+01;1239
2015-12-14 21:02:01+01;1369
2015-12-15 05:34:01+01;1309
2015-12-15 09:22:01+01;1279
2015-12-15 12:02:01+01;1319
2015-12-15 12:10:01+01;1299
2015-12-15 13:38:01+01;1289
2015-12-15 14:22:01+01;1269
2015-12-15 14:38:01+01;1259
2015-12-15 15:38:01+01;1259
2015-12-15 16:46:01+01;1239
2015-12-15 17:26:01+01;1239
2015-12-15 19:14:01+01;1229
2015-12-15 21:02:01+01;1359
2015-12-16 05:34:01+01;1299
2015-12-16 09:54:01+01;1279
2015-12-16 11:50:01+01;1259
2015-12-16 12:02:01+01;1299
2015-12-16 12:26:01+01;1299
2015-12-16 13:26:01+01;1289
2015-12-16 14:30:01+01;1279
2015-12-16 15:06:01+01;1249
2015-12-16 16:14:01+01;1249
2015-12-16 18:38:01+01;1229
2015-12-16 21:02:01+01;1359
2015-12-17 05:38:01+01;1299
2015-12-17 09:54:01+01;1269
2015-12-17 12:02:01+01;1309
2015-12-17 12:14:01+01;1299
2015-12-17 13:42:01+01;1289
2015-12-17 14:30:02+01;1269
2015-12-17 14:46:01+01;1259
2015-12-17 15:10:01+01;1249
2015-12-17 19:02:01+01;1239
2015-12-17 19:06:01+01;1229
2015-12-17 21:02:01+01;1349
2015-12-18 05:38:01+01;1329
2015-12-18 06:06:01+01;1299
2015-12-18 09:22:01+01;1289
2015-12-18 09:58:01+01;1279
2015-12-18 12:02:01+01;1319
2015-12-18 12:22:01+01;1299
2015-12-18 13:42:01+01;1289
2015-12-18 14:02:01+01;1289
2015-12-18 14:58:02+01;1249
2015-12-18 15:10:01+01;1239
2015-12-18 21:02:01+01;1339
2015-12-19 05:38:01+01;1329
2015-12-19 06:46:01+01;1299
2015-12-19 10:06:01+01;1269
2015-12-19 12:02:01+01;1309
2015-12-19 12:22:01+01;1279
2015-12-19 13:38:01+01;1269
2015-12-19 14:38:01+01;1239
2015-12-19 15:26:01+01;1229
2015-12-19 17:06:01+01;1229
2015-12-19 19:06:01+01;1219
2015-12-19 21:02:01+01;1339
2015-12-20 05:38:01+01;1309
2015-12-20 07:58:01+01;1309
2015-12-20 08:06:01+01;1299
2015-12-20 10:22:01+01;1279
2015-12-20 12:02:01+01;1319
2015-12-20 12:54:01+01;1289
2015-12-20 13:38:01+01;1279
2015-12-20 14:38:01+01;1249
2015-12-20 19:22:01+01;1239
2015-12-20 21:02:01+01;1339
2015-12-21 05:38:01+01;1329
2015-12-21 05:42:01+01;1299
2015-12-21 10:10:01+01;1279
2015-12-21 12:06:01+01;1299
2015-12-21 13:42:01+01;1289
2015-12-21 14:46:01+01;1269
2015-12-21 15:22:01+01;1249
2015-12-21 16:22:01+01;1249
2015-12-21 16:38:01+01;1239
2015-12-21 19:14:01+01;1229
2015-12-21 19:54:01+01;1219
2015-12-21 21:02:01+01;1349
2015-12-22 05:38:01+01;1319
2015-12-22 05:46:01+01;1309
2015-12-22 09:26:01+01;1269
2015-12-22 12:06:01+01;1289
2015-12-22 13:42:01+01;1279
2015-12-22 14:38:01+01;1259
2015-12-22 14:58:01+01;1249
2015-12-22 16:26:01+01;1239
2015-12-22 19:22:01+01;1229
2015-12-22 21:02:01+01;1339
2015-12-23 05:38:01+01;1319
2015-12-23 05:58:01+01;1309
2015-12-23 09:58:01+01;1289
2015-12-23 12:02:01+01;1329
2015-12-23 12:50:01+01;1299
2015-12-23 13:38:01+01;1289
2015-12-23 14:26:01+01;1269
2015-12-23 14:38:01+01;1249
2015-12-23 16:06:01+01;1239
2015-12-23 19:06:01+01;1229
2015-12-23 21:02:01+01;1329
2015-12-24 05:38:01+01;1319
2015-12-24 05:46:01+01;1299
2015-12-24 10:14:01+01;1269
2015-12-24 12:02:01+01;1309
2015-12-24 13:38:01+01;1299
2015-12-24 13:54:01+01;1269
2015-12-24 15:06:01+01;1239
2015-12-24 21:02:01+01;1329
2015-12-25 05:38:01+01;1319
2015-12-25 07:06:02+01;1309
2015-12-25 08:34:01+01;1299
2015-12-25 09:54:01+01;1299
2015-12-25 12:02:01+01;1339
2015-12-25 12:14:01+01;1329
2015-12-25 13:38:01+01;1319
2015-12-25 14:34:01+01;1299
2015-12-25 14:46:02+01;1289
2015-12-25 21:02:01+01;1329
2015-12-26 07:06:01+01;1289
2015-12-26 11:22:01+01;1239
2015-12-26 11:34:01+01;1229
2015-12-26 12:02:01+01;1269
2015-12-26 13:38:01+01;1259
2015-12-26 15:30:01+01;1229
2015-12-26 20:22:01+01;1229
2015-12-26 21:02:01+01;1329
2015-12-27 05:38:01+01;1319
2015-12-27 07:58:01+01;1309
2015-12-27 08:14:01+01;1299
2015-12-27 09:38:01+01;1289
2015-12-27 09:46:01+01;1279
2015-12-27 12:02:01+01;1319
2015-12-27 12:22:01+01;1279
2015-12-27 13:38:01+01;1269
2015-12-27 14:46:01+01;1239
2015-12-27 16:06:01+01;1239
2015-12-27 16:58:01+01;1229
2015-12-27 17:06:01+01;1219
2015-12-27 19:06:01+01;1219
2015-12-27 21:02:01+01;1329
2015-12-28 05:38:01+01;1319
2015-12-28 05:46:01+01;1299
2015-12-28 09:46:01+01;1269
2015-12-28 12:06:01+01;1289
2015-12-28 13:38:01+01;1279
2015-12-28 14:22:01+01;1249
2015-12-28 14:46:01+01;1239
2015-12-28 16:22:01+01;1229
2015-12-28 21:02:01+01;1339
2015-12-29 05:38:01+01;1319
2015-12-29 05:46:01+01;1289
2015-12-29 09:22:01+01;1269
2015-12-29 11:54:01+01;1229
2015-12-29 12:02:01+01;1269
2015-12-29 13:38:01+01;1259
2015-12-29 14:38:01+01;1229
2015-12-29 14:54:01+01;1229
2015-12-29 16:46:01+01;1229
2015-12-29 21:02:01+01;1339
2015-12-30 05:38:01+01;1319
2015-12-30 05:54:02+01;1289
2015-12-30 09:38:01+01;1269
2015-12-30 11:34:01+01;1249
2015-12-30 12:02:02+01;1289
2015-12-30 12:22:01+01;1279
2015-12-30 13:38:01+01;1269
2015-12-30 15:06:01+01;1239
2015-12-30 17:06:01+01;1229
2015-12-30 18:02:01+01;1229
2015-12-30 21:02:01+01;1349
2015-12-31 05:38:01+01;1319
2015-12-31 06:06:01+01;1299
2015-12-31 08:54:01+01;1299
2015-12-31 09:22:01+01;1269
2015-12-31 10:54:01+01;1259
2015-12-31 11:06:01+01;1249
2015-12-31 12:02:01+01;1289
2015-12-31 13:26:01+01;1269
2015-12-31 13:58:01+01;1259
2015-12-31 14:22:01+01;1249
2015-12-31 14:34:01+01;1229
2015-12-31 15:06:01+01;1219
2015-12-31 15:14:01+01;1219
2015-12-31 21:02:01+01;1349
2016-01-01 05:38:01+01;1309
2016-01-01 08:22:01+01;1309
2016-01-01 08:46:02+01;1299
2016-01-01 12:02:01+01;1339
2016-01-01 13:38:01+01;1329
2016-01-01 13:46:01+01;1299
2016-01-01 14:14:01+01;1289
2016-01-01 21:02:01+01;1349
2016-01-02 06:34:01+01;1329
2016-01-02 07:22:01+01;1319
2016-01-02 07:54:01+01;1289
2016-01-02 09:54:01+01;1269
2016-01-02 12:02:01+01;1309
2016-01-02 13:38:01+01;1299
2016-01-02 14:22:01+01;1269
2016-01-02 15:38:01+01;1259
2016-01-02 19:06:01+01;1229
2016-01-02 21:02:01+01;1349
2016-01-03 05:38:01+01;1319
2016-01-03 07:14:01+01;1299
2016-01-03 10:14:01+01;1289
2016-01-03 11:10:01+01;1269
2016-01-03 11:34:01+01;1269
2016-01-03 12:02:01+01;1309
2016-01-03 13:38:01+01;1309
2016-01-03 14:10:01+01;1309
2016-01-03 14:54:01+01;1289
2016-01-03 16:06:01+01;1289
2016-01-03 16:22:01+01;1269
2016-01-03 17:46:01+01;1269
2016-01-03 18:14:01+01;1249
2016-01-03 19:26:01+01;1239
2016-01-03 21:02:01+01;1349
2016-01-04 05:38:01+01;1299
2016-01-04 10:34:01+01;1289
2016-01-04 11:14:01+01;1269
2016-01-04 12:02:01+01;1309
2016-01-04 13:38:01+01;1299
2016-01-04 13:54:01+01;1269
2016-01-04 15:02:01+01;1239
2016-01-04 19:06:01+01;1229
2016-01-04 21:02:01+01;1339
2016-01-05 05:38:01+01;1299
2016-01-05 10:42:01+01;1289
2016-01-05 11:38:01+01;1269
2016-01-05 12:02:01+01;1309
2016-01-05 13:42:01+01;1299
2016-01-05 14:06:01+01;1289
2016-01-05 14:38:01+01;1259
2016-01-05 15:10:01+01;1249
2016-01-05 21:02:01+01;1349
2016-01-06 05:34:01+01;1309
2016-01-06 08:02:01+01;1299
2016-01-06 12:02:01+01;1339
2016-01-06 13:42:01+01;1339
2016-01-06 14:14:01+01;1329
2016-01-06 14:22:01+01;1279
2016-01-06 14:34:01+01;1269
2016-01-06 16:54:01+01;1259
2016-01-06 19:46:01+01;1239
2016-01-06 21:02:01+01;1349
2016-01-07 05:38:01+01;1309
2016-01-07 12:02:01+01;1349
2016-01-07 12:50:01+01;1309
2016-01-07 13:38:01+01;1299
2016-01-07 14:38:01+01;1269
2016-01-07 17:22:01+01;1269
2016-01-07 19:06:01+01;1239
2016-01-07 21:02:01+01;1339
2016-01-08 05:38:01+01;1299
2016-01-08 08:58:01+01;1289
2016-01-08 11:06:01+01;1279
2016-01-08 12:02:01+01;1319
2016-01-08 13:38:01+01;1309
2016-01-08 14:22:01+01;1279
2016-01-08 18:46:01+01;1259
2016-01-08 19:54:01+01;1209
2016-01-08 21:02:01+01;1329
2016-01-09 05:38:01+01;1329
2016-01-09 06:46:01+01;1289
2016-01-09 09:50:01+01;1269
2016-01-09 12:02:01+01;1309
2016-01-09 12:38:01+01;1299
2016-01-09 13:42:01+01;1289
2016-01-09 13:54:01+01;1289
2016-01-09 15:22:01+01;1229
2016-01-09 16:22:01+01;1229
2016-01-09 18:34:01+01;1229
2016-01-09 21:02:01+01;1329
2016-01-10 05:38:01+01;1319
2016-01-10 07:58:01+01;1289
2016-01-10 08:10:02+01;1279
2016-01-10 08:46:01+01;1269
2016-01-10 10:10:01+01;1259
2016-01-10 11:14:01+01;1259
2016-01-10 12:02:01+01;1299
2016-01-10 12:34:01+01;1249
2016-01-10 13:38:01+01;1209
2016-01-10 15:46:01+01;1209
2016-01-10 21:02:01+01;1329
2016-01-11 05:38:01+01;1319
2016-01-11 06:06:01+01;1279
2016-01-11 09:06:01+01;1269
2016-01-11 12:02:01+01;1309
2016-01-11 13:38:01+01;1299
2016-01-11 13:58:01+01;1249
2016-01-11 14:46:01+01;1239
2016-01-11 15:54:01+01;1209
2016-01-11 17:46:01+01;1199
2016-01-11 18:54:02+01;1199
2016-01-11 21:02:01+01;1329
2016-01-12 05:38:01+01;1269
2016-01-12 10:14:01+01;1259
2016-01-12 11:22:01+01;1259
2016-01-12 12:02:02+01;1299
2016-01-12 12:22:01+01;1289
2016-01-12 13:42:01+01;1279
2016-01-12 14:54:01+01;1219
2016-01-12 17:14:01+01;1219
2016-01-12 17:46:01+01;1219
2016-01-12 21:02:01+01;1309
2016-01-13 05:38:01+01;1269
2016-01-13 10:14:01+01;1259
2016-01-13 11:22:01+01;1259
2016-01-13 12:02:01+01;1299
2016-01-13 12:22:01+01;1249
2016-01-13 13:34:01+01;1239
2016-01-13 14:14:01+01;1199
2016-01-13 19:14:01+01;1189
2016-01-13 19:22:01+01;1179
2016-01-13 21:02:01+01;1309
2016-01-14 05:38:01+01;1259
2016-01-14 10:22:01+01;1249
2016-01-14 12:02:01+01;1289
2016-01-14 13:38:01+01;1279
2016-01-14 14:30:02+01;1239
2016-01-14 14:38:01+01;1229
2016-01-14 18:30:02+01;1209
2016-01-14 19:46:01+01;1199
2016-01-14 21:02:01+01;1309
2016-01-15 05:42:01+01;1259
2016-01-15 10:06:01+01;1249
2016-01-15 11:34:01+01;1239
2016-01-15 12:02:01+01;1279
2016-01-15 12:10:01+01;1269
2016-01-15 13:38:01+01;1259
2016-01-15 14:14:01+01;1219
2016-01-15 14:46:01+01;1209
2016-01-15 18:46:01+01;1189
2016-01-15 19:10:02+01;1189
2016-01-15 21:02:01+01;1309
2016-01-16 05:42:01+01;1279
2016-01-16 07:06:01+01;1249
2016-01-16 10:14:01+01;1209
2016-01-16 12:02:01+01;1249
2016-01-16 12:50:02+01;1249
2016-01-16 13:26:01+01;1239
2016-01-16 14:50:02+01;1209
2016-01-16 15:46:01+01;1199
2016-01-16 17:46:01+01;1189
2016-01-16 21:02:01+01;1309
2016-01-17 05:42:01+01;1279
2016-01-17 08:10:02+01;1259
2016-01-17 08:22:01+01;1249
2016-01-17 12:02:01+01;1289
2016-01-17 13:38:01+01;1279
2016-01-17 13:58:01+01;1279
2016-01-17 14:06:01+01;1269
2016-01-17 15:26:01+01;1239
2016-01-17 16:38:01+01;1229
2016-01-17 18:18:01+01;1219
2016-01-17 21:02:02+01;1309
2016-01-18 05:42:01+01;1259
2016-01-18 10:50:01+01;1219
2016-01-18 11:54:01+01;1199
2016-01-18 12:02:01+01;1239
2016-01-18 13:38:01+01;1229
2016-01-18 15:22:01+01;1189
2016-01-18 15:30:01+01;1189
2016-01-18 18:46:01+01;1179
2016-01-18 21:02:01+01;1299
2016-01-19 05:42:01+01;1239
2016-01-19 09:50:02+01;1239
2016-01-19 12:02:01+01;1279
2016-01-19 13:42:01+01;1269
2016-01-19 14:18:01+01;1259
2016-01-19 14:26:01+01;1219
2016-01-19 15:14:01+01;1219
2016-01-19 15:54:01+01;1219
2016-01-19 16:50:01+01;1219
2016-01-19 21:02:01+01;1309
2016-01-20 05:38:01+01;1269
2016-01-20 09:02:01+01;1249
2016-01-20 09:30:01+01;1239
2016-01-20 10:34:01+01;1239
2016-01-20 11:26:01+01;1229
2016-01-20 12:02:01+01;1269
2016-01-20 13:42:02+01;1269
2016-01-20 14:22:01+01;1249
2016-01-20 14:34:01+01;1219
2016-01-20 14:54:01+01;1209
2016-01-20 20:14:01+01;1189
2016-01-20 21:02:01+01;1309
2016-01-21 05:42:01+01;1239
2016-01-21 12:02:01+01;1279
2016-01-21 12:50:02+01;1269
2016-01-21 13:42:01+01;1259
2016-01-21 14:42:01+01;1229
2016-01-21 14:54:01+01;1219
2016-01-21 21:02:01+01;1309
2016-01-22 05:38:01+01;1239
2016-01-22 11:38:01+01;1229
2016-01-22 12:02:01+01;1269
2016-01-22 12:38:01+01;1259
2016-01-22 13:38:01+01;1249
2016-01-22 16:22:01+01;1229
2016-01-22 16:38:01+01;1219
2016-01-22 18:38:01+01;1189
2016-01-22 19:22:01+01;1179
2016-01-22 19:46:01+01;1179
2016-01-22 21:02:01+01;1309
2016-01-23 05:42:01+01;1289
2016-01-23 05:54:01+01;1259
2016-01-23 08:06:01+01;1239
2016-01-23 09:54:01+01;1229
2016-01-23 12:02:01+01;1269
2016-01-23 13:38:01+01;1259
2016-01-23 15:14:01+01;1219
2016-01-23 17:46:01+01;1199
2016-01-23 21:02:01+01;1309
2016-01-24 05:42:01+01;1289
2016-01-24 09:06:01+01;1269
2016-01-24 09:46:01+01;1259
2016-01-24 09:54:01+01;1259
2016-01-24 10:02:01+01;1249
2016-01-24 10:10:02+01;1239
2016-01-24 10:50:02+01;1239
2016-01-24 10:54:01+01;1239
2016-01-24 12:02:01+01;1279
2016-01-24 12:22:01+01;1279
2016-01-24 13:42:01+01;1259
2016-01-24 13:46:01+01;1249
2016-01-24 14:14:01+01;1249
2016-01-24 14:22:01+01;1209
2016-01-24 18:54:01+01;1199
2016-01-24 21:02:01+01;1309
2016-01-25 05:38:01+01;1259
2016-01-25 06:46:01+01;1249
2016-01-25 12:02:01+01;1289
2016-01-25 12:46:01+01;1269
2016-01-25 14:14:01+01;1259
2016-01-25 14:38:01+01;1229
2016-01-25 14:58:01+01;1229
2016-01-25 15:14:01+01;1229
2016-01-25 19:46:01+01;1199
2016-01-25 22:02:01+01;1309
2016-01-26 05:42:01+01;1269
2016-01-26 07:14:01+01;1259
2016-01-26 12:02:01+01;1299
2016-01-26 13:38:01+01;1259
2016-01-26 14:34:01+01;1219
2016-01-26 19:22:01+01;1209
2016-01-26 22:02:01+01;1309
2016-01-27 05:38:01+01;1269
2016-01-27 09:50:01+01;1199
2016-01-27 10:26:01+01;1189
2016-01-27 11:10:01+01;1189
2016-01-27 12:02:01+01;1229
2016-01-27 12:22:01+01;1229
2016-01-27 13:38:01+01;1219
2016-01-27 19:54:01+01;1169
2016-01-27 22:02:01+01;1309
2016-01-28 05:42:01+01;1259
2016-01-28 12:02:01+01;1299
2016-01-28 13:38:02+01;1289
2016-01-28 14:30:01+01;1269
2016-01-28 14:38:01+01;1259
2016-01-28 18:18:01+01;1189
2016-01-28 18:34:01+01;1179
2016-01-28 22:02:01+01;1329
2016-01-29 05:42:01+01;1269
2016-01-29 07:46:01+01;1259
2016-01-29 09:46:01+01;1179
2016-01-29 12:02:01+01;1219
2016-01-29 13:42:01+01;1209
2016-01-29 19:46:01+01;1179
2016-01-29 22:02:01+01;1339
2016-01-30 05:38:01+01;1299
2016-01-30 06:06:01+01;1269
2016-01-30 09:14:01+01;1199
2016-01-30 09:38:01+01;1189
2016-01-30 12:02:01+01;1229
2016-01-30 12:42:01+01;1229
2016-01-30 13:38:01+01;1219
2016-01-30 14:06:02+01;1209
2016-01-30 14:26:01+01;1189
2016-01-30 22:02:01+01;1339
2016-01-31 05:42:01+01;1299
2016-01-31 07:06:01+01;1279
2016-01-31 09:14:01+01;1269
2016-01-31 12:02:01+01;1309
2016-01-31 12:22:01+01;1299
2016-01-31 12:50:01+01;1289
2016-01-31 13:38:01+01;1279
2016-01-31 14:26:01+01;1249
2016-01-31 15:14:01+01;1239
2016-01-31 21:06:01+01;1189
2016-01-31 22:02:01+01;1339
2016-02-01 05:42:01+01;1279
2016-02-01 12:02:01+01;1319
2016-02-01 13:42:01+01;1309
2016-02-01 14:38:01+01;1229
2016-02-01 15:54:01+01;1199
2016-02-01 22:02:01+01;1339
2016-02-02 05:42:01+01;1279
2016-02-02 06:26:01+01;1269
2016-02-02 08:30:01+01;1209
2016-02-02 11:18:02+01;1199
2016-02-02 12:02:02+01;1239
2016-02-02 12:34:01+01;1239
2016-02-02 13:22:01+01;1229
2016-02-02 14:38:01+01;1229
2016-02-02 15:34:01+01;1219
2016-02-02 20:22:01+01;1189
2016-02-02 22:02:01+01;1329
2016-02-03 05:38:01+01;1269
2016-02-03 11:54:01+01;1189
2016-02-03 12:02:01+01;1229
2016-02-03 12:46:01+01;1209
2016-02-03 13:54:01+01;1199
2016-02-03 14:30:01+01;1179
2016-02-03 14:50:01+01;1179
2016-02-03 16:26:01+01;1179
2016-02-03 20:26:01+01;1159
2016-02-03 20:30:01+01;1159
2016-02-03 22:02:01+01;1329
2016-02-04 05:42:01+01;1249
2016-02-04 08:14:01+01;1249
2016-02-04 10:22:01+01;1189
2016-02-04 12:06:01+01;1219
2016-02-04 13:38:01+01;1209
2016-02-04 14:54:01+01;1179
2016-02-04 22:02:01+01;1329
2016-02-05 05:42:01+01;1289
2016-02-05 05:46:01+01;1249
2016-02-05 08:54:01+01;1239
2016-02-05 10:22:01+01;1199
2016-02-05 12:02:01+01;1239
2016-02-05 13:54:01+01;1229
2016-02-05 14:46:01+01;1219
2016-02-05 16:06:02+01;1199
2016-02-05 19:14:01+01;1159
2016-02-05 22:02:01+01;1329
2016-02-06 05:42:01+01;1289
2016-02-06 06:06:02+01;1239
2016-02-06 10:54:01+01;1239
2016-02-06 12:02:01+01;1279
2016-02-06 13:50:01+01;1259
2016-02-06 14:02:01+01;1229
2016-02-06 14:06:01+01;1219
2016-02-06 19:06:01+01;1199
2016-02-06 22:02:01+01;1329
2016-02-07 05:42:01+01;1289
2016-02-07 07:06:02+01;1259
2016-02-07 08:46:01+01;1249
2016-02-07 10:38:01+01;1239
2016-02-07 12:02:01+01;1279
2016-02-07 12:06:01+01;1269
2016-02-07 13:54:01+01;1259
2016-02-07 14:38:01+01;1229
2016-02-07 15:14:01+01;1209
2016-02-07 22:02:01+01;1329
2016-02-08 05:38:01+01;1269
2016-02-08 07:14:01+01;1259
2016-02-08 08:30:01+01;1239
2016-02-08 11:14:01+01;1239
2016-02-08 12:02:01+01;1279
2016-02-08 13:54:01+01;1269
2016-02-08 14:50:01+01;1239
2016-02-08 15:14:01+01;1229
2016-02-08 16:14:01+01;1229
2016-02-08 16:26:01+01;1199
2016-02-08 17:34:01+01;1179
2016-02-08 17:46:01+01;1169
2016-02-08 22:02:01+01;1309
2016-02-09 05:42:01+01;1229
2016-02-09 06:46:01+01;1229
2016-02-09 09:10:01+01;1199
2016-02-09 12:02:01+01;1239
2016-02-09 13:54:01+01;1229
2016-02-09 14:38:01+01;1199
2016-02-09 20:14:01+01;1189
2016-02-09 22:02:01+01;1309
2016-02-10 05:42:01+01;1269
2016-02-10 05:46:01+01;1229
2016-02-10 07:26:01+01;1229
2016-02-10 10:26:01+01;1199
2016-02-10 12:02:01+01;1239
2016-02-10 13:54:01+01;1219
2016-02-10 15:02:01+01;1199
2016-02-10 15:14:01+01;1189
2016-02-10 19:22:01+01;1179
2016-02-10 20:54:01+01;1149
2016-02-10 22:02:01+01;1289
2016-02-11 05:42:01+01;1219
2016-02-11 09:26:01+01;1199
2016-02-11 12:02:01+01;1239
2016-02-11 13:54:01+01;1229
2016-02-11 14:02:01+01;1219
2016-02-11 14:26:01+01;1179
2016-02-11 15:02:01+01;1169
2016-02-11 20:06:01+01;1159
2016-02-11 20:38:01+01;1149
2016-02-11 22:02:01+01;1289
2016-02-12 05:42:01+01;1209
2016-02-12 08:54:01+01;1189
2016-02-12 12:02:01+01;1229
2016-02-12 12:38:01+01;1209
2016-02-12 13:54:01+01;1199
2016-02-12 14:50:01+01;1169
2016-02-12 16:14:01+01;1149
2016-02-12 19:14:02+01;1139
2016-02-12 22:02:01+01;1289
2016-02-13 05:42:01+01;1269
2016-02-13 05:58:01+01;1209
2016-02-13 10:54:01+01;1179
2016-02-13 11:06:01+01;1179
2016-02-13 12:06:01+01;1219
2016-02-13 12:38:01+01;1219
2016-02-13 13:54:01+01;1209
2016-02-13 14:38:02+01;1159
2016-02-13 22:02:01+01;1289
2016-02-14 05:42:01+01;1269
2016-02-14 06:54:01+01;1159
2016-02-14 09:54:01+01;1139
2016-02-14 12:02:01+01;1179
2016-02-14 13:54:01+01;1159
2016-02-14 14:26:01+01;1139
2016-02-14 22:02:01+01;1289
2016-02-15 05:42:01+01;1159
2016-02-15 12:02:01+01;1199
2016-02-15 12:34:01+01;1199
2016-02-15 13:54:01+01;1189
2016-02-15 14:38:01+01;1169
2016-02-15 16:10:01+01;1169
2016-02-15 22:02:01+01;1289
2016-02-16 05:38:02+01;1229
2016-02-16 07:26:01+01;1219
2016-02-16 09:22:01+01;1169
2016-02-16 12:02:01+01;1209
2016-02-16 13:54:01+01;1199
2016-02-16 14:38:01+01;1179
2016-02-16 18:10:01+01;1159
2016-02-16 19:38:01+01;1149
2016-02-16 22:02:01+01;1299
2016-02-17 05:42:01+01;1229
2016-02-17 08:14:01+01;1229
2016-02-17 09:22:01+01;1169
2016-02-17 12:02:01+01;1209
2016-02-17 12:34:01+01;1209
2016-02-17 13:54:01+01;1199
2016-02-17 14:26:01+01;1169
2016-02-17 22:02:01+01;1289
2016-02-18 05:42:01+01;1229
2016-02-18 05:46:01+01;1229
2016-02-18 10:38:01+01;1229
2016-02-18 12:02:01+01;1269
2016-02-18 13:54:01+01;1259
2016-02-18 14:02:01+01;1199
2016-02-18 14:22:01+01;1189
2016-02-18 16:46:01+01;1169
2016-02-18 22:02:01+01;1299
2016-02-19 05:42:01+01;1279
2016-02-19 06:06:01+01;1279
2016-02-19 06:26:01+01;1229
2016-02-19 08:54:01+01;1229
2016-02-19 09:38:01+01;1169
2016-02-19 12:02:01+01;1269
2016-02-19 12:42:01+01;1209
2016-02-19 12:50:01+01;1199
2016-02-19 13:54:01+01;1189
2016-02-19 15:02:01+01;1169
2016-02-19 15:06:01+01;1159
2016-02-19 19:38:01+01;1149
2016-02-19 22:02:01+01;1289
2016-02-20 05:42:01+01;1279
2016-02-20 06:06:01+01;1219
2016-02-20 09:54:01+01;1219
2016-02-20 11:10:01+01;1199
2016-02-20 12:02:01+01;1239
2016-02-20 12:22:01+01;1239
2016-02-20 12:42:01+01;1219
2016-02-20 13:54:01+01;1209
2016-02-20 14:38:01+01;1179
2016-02-20 16:26:01+01;1179
2016-02-20 17:54:01+01;1179
2016-02-20 22:02:01+01;1289
2016-02-21 05:42:01+01;1279
2016-02-21 07:10:01+01;1219
2016-02-21 10:26:01+01;1219
2016-02-21 11:26:01+01;1209
2016-02-21 12:02:01+01;1249
2016-02-21 13:54:01+01;1229
2016-02-21 14:38:01+01;1159
2016-02-21 15:46:01+01;1149
2016-02-21 22:02:01+01;1289
2016-02-22 05:42:01+01;1169
2016-02-22 12:02:01+01;1209
2016-02-22 12:34:01+01;1199
2016-02-22 13:54:01+01;1189
2016-02-22 14:50:01+01;1149
2016-02-22 19:38:01+01;1139
2016-02-22 22:02:01+01;1279
2016-02-23 05:42:01+01;1209
2016-02-23 09:06:01+01;1209
2016-02-23 09:38:01+01;1169
2016-02-23 12:02:01+01;1209
2016-02-23 13:54:01+01;1199
2016-02-23 14:06:01+01;1189
2016-02-23 14:14:02+01;1159
2016-02-23 18:38:01+01;1159
2016-02-23 20:38:01+01;1149
2016-02-23 22:02:01+01;1289
2016-02-24 05:42:01+01;1219
2016-02-24 05:46:01+01;1219
2016-02-24 09:06:01+01;1209
2016-02-24 11:06:02+01;1209
2016-02-24 12:02:01+01;1249
2016-02-24 12:22:01+01;1239
2016-02-24 13:54:01+01;1219
2016-02-24 14:02:01+01;1189
2016-02-24 15:02:01+01;1169
2016-02-24 15:06:01+01;1159
2016-02-24 16:38:01+01;1159
2016-02-24 22:02:01+01;1279
2016-02-25 05:42:01+01;1219
2016-02-25 05:46:01+01;1219
2016-02-25 10:26:01+01;1209
2016-02-25 12:02:01+01;1249
2016-02-25 12:22:01+01;1239
2016-02-25 12:42:01+01;1239
2016-02-25 12:50:01+01;1229
2016-02-25 13:54:01+01;1219
2016-02-25 14:26:01+01;1189
2016-02-25 17:26:01+01;1159
2016-02-25 19:14:01+01;1149
2016-02-25 22:02:01+01;1289
2016-02-26 05:42:01+01;1219
2016-02-26 06:06:01+01;1219
2016-02-26 08:54:01+01;1169
2016-02-26 11:14:01+01;1169
2016-02-26 11:30:01+01;1159
2016-02-26 12:02:01+01;1199
2016-02-26 12:34:01+01;1199
2016-02-26 13:54:02+01;1169
2016-02-26 14:38:01+01;1159
2016-02-26 19:30:01+01;1149
2016-02-26 19:46:01+01;1139
2016-02-26 22:02:01+01;1299
2016-02-27 05:42:01+01;1279
2016-02-27 06:10:01+01;1139
2016-02-27 12:03:02+01;1179
2016-02-27 13:53:01+01;1169
2016-02-27 14:38:01+01;1149
2016-02-27 22:02:01+01;1299
2016-02-28 05:38:01+01;1269
2016-02-28 07:35:01+01;1219
2016-02-28 10:35:01+01;1219
2016-02-28 10:52:01+01;1219
2016-02-28 12:01:01+01;1259
2016-02-28 12:05:01+01;1249
2016-02-28 13:50:01+01;1229
2016-02-28 13:53:01+01;1229
2016-02-28 14:34:01+01;1199
2016-02-28 19:02:01+01;1179
2016-02-28 19:14:01+01;1169
2016-02-28 22:02:01+01;1299
2016-02-29 05:39:01+01;1279
2016-02-29 05:44:01+01;1169
2016-02-29 05:50:01+01;1169
2016-02-29 09:29:01+01;1169
2016-02-29 10:53:01+01;1169
2016-02-29 11:29:02+01;1169
2016-02-29 12:01:01+01;1209
2016-02-29 12:44:01+01;1209
2016-02-29 13:39:01+01;1199
2016-02-29 16:53:01+01;1179
2016-02-29 19:35:01+01;1169
2016-02-29 22:02:01+01;1299
2016-03-01 05:23:01+01;1219
2016-03-01 12:02:01+01;1259
2016-03-01 13:50:01+01;1249
2016-03-01 14:20:01+01;1239
2016-03-01 14:30:01+01;1239
2016-03-01 14:44:01+01;1209
2016-03-01 15:59:01+01;1199
2016-03-01 17:02:01+01;1189
2016-03-01 18:59:01+01;1179
2016-03-01 19:22:01+01;1169
2016-03-01 22:02:01+01;1299
2016-03-02 05:39:01+01;1259
2016-03-02 06:14:01+01;1239
2016-03-02 08:23:01+01;1239
2016-03-02 11:23:01+01;1229
2016-03-02 12:02:01+01;1269
2016-03-02 12:22:01+01;1259
2016-03-02 13:29:01+01;1239
2016-03-02 13:55:01+01;1229
2016-03-02 14:32:01+01;1219
2016-03-02 14:37:01+01;1209
2016-03-02 16:35:01+01;1189
2016-03-02 20:23:01+01;1149
2016-03-02 22:02:01+01;1299
2016-03-03 05:39:01+01;1229
2016-03-03 05:50:01+01;1229
2016-03-03 11:05:02+01;1189
2016-03-03 12:01:01+01;1229
2016-03-03 13:53:01+01;1219
2016-03-03 15:26:01+01;1209
2016-03-03 16:35:01+01;1169
2016-03-03 20:05:01+01;1159
2016-03-03 22:01:01+01;1299
2016-03-04 05:39:01+01;1219
2016-03-04 06:06:01+01;1219
2016-03-04 10:29:01+01;1189
2016-03-04 12:02:01+01;1229
2016-03-04 13:46:01+01;1219
2016-03-04 14:50:01+01;1219
2016-03-04 15:32:01+01;1199
2016-03-04 16:05:01+01;1169
2016-03-04 19:34:02+01;1159
2016-03-04 22:01:01+01;1309
2016-03-05 05:39:01+01;1279
2016-03-05 05:55:01+01;1229
2016-03-05 09:52:01+01;1219
2016-03-05 12:01:02+01;1259
2016-03-05 12:21:01+01;1259
2016-03-05 13:53:01+01;1249
2016-03-05 14:24:01+01;1189
2016-03-05 18:13:02+01;1179
2016-03-05 21:05:01+01;1179
2016-03-05 22:02:01+01;1309
2016-03-06 05:39:01+01;1279
2016-03-06 06:52:01+01;1229
2016-03-06 12:01:01+01;1269
2016-03-06 12:21:02+01;1259
2016-03-06 13:53:01+01;1249
2016-03-06 14:07:01+01;1209
2016-03-06 16:14:01+01;1189
2016-03-06 16:20:01+01;1179
2016-03-06 17:32:01+01;1179
2016-03-06 17:35:01+01;1169
2016-03-06 22:01:01+01;1309
2016-03-07 05:39:01+01;1229
2016-03-07 10:05:02+01;1219
2016-03-07 12:01:01+01;1259
2016-03-07 12:22:01+01;1229
2016-03-07 13:53:01+01;1219
2016-03-07 14:09:01+01;1199
2016-03-07 14:29:01+01;1169
2016-03-07 16:44:01+01;1169
2016-03-07 22:01:02+01;1309
2016-03-08 05:37:01+01;1229
2016-03-08 10:37:01+01;1219
2016-03-08 12:01:01+01;1259
2016-03-08 12:14:01+01;1249
2016-03-08 12:44:01+01;1229
2016-03-08 13:50:01+01;1219
2016-03-08 14:44:01+01;1179
2016-03-08 19:14:01+01;1169
2016-03-08 22:02:01+01;1329
2016-03-09 05:39:01+01;1299
2016-03-09 06:02:01+01;1249
2016-03-09 06:20:01+01;1239
2016-03-09 09:58:01+01;1239
2016-03-09 11:05:01+01;1229
2016-03-09 11:13:01+01;1219
2016-03-09 12:01:01+01;1259
2016-03-09 12:14:01+01;1249
2016-03-09 12:29:01+01;1249
2016-03-09 13:53:01+01;1239
2016-03-09 14:14:01+01;1209
2016-03-09 17:56:01+01;1209
2016-03-09 17:59:01+01;1199
2016-03-09 22:02:01+01;1329
2016-03-10 05:39:01+01;1259
2016-03-10 10:14:01+01;1229
2016-03-10 12:02:01+01;1269
2016-03-10 12:13:01+01;1259
2016-03-10 12:39:01+01;1249
2016-03-10 13:52:01+01;1239
2016-03-10 14:05:01+01;1229
2016-03-10 14:09:01+01;1229
2016-03-10 22:01:01+01;1329
2016-03-11 05:38:01+01;1279
2016-03-11 07:46:01+01;1209
2016-03-11 08:29:01+01;1199
2016-03-11 10:11:01+01;1199
2016-03-11 12:02:01+01;1239
2016-03-11 12:32:01+01;1239
2016-03-11 13:53:01+01;1229
2016-03-11 14:14:01+01;1219
2016-03-11 14:35:01+01;1209
2016-03-11 18:52:01+01;1189
2016-03-11 22:01:01+01;1309
2016-03-12 05:39:01+01;1309
2016-03-12 05:53:01+01;1249
2016-03-12 09:23:01+01;1239
2016-03-12 12:02:01+01;1279
2016-03-12 13:53:01+01;1269
2016-03-12 14:14:01+01;1259
2016-03-12 14:44:01+01;1229
2016-03-12 16:35:01+01;1229
2016-03-12 19:26:01+01;1219
2016-03-12 22:02:01+01;1309
2016-03-13 05:39:01+01;1309
2016-03-13 07:14:01+01;1269
2016-03-13 12:02:01+01;1309
2016-03-13 12:05:01+01;1289
2016-03-13 13:54:01+01;1279
2016-03-13 14:24:01+01;1239
2016-03-13 15:44:01+01;1239
2016-03-13 16:43:01+01;1219
2016-03-13 22:02:01+01;1309
2016-03-14 05:39:01+01;1279
2016-03-14 06:14:01+01;1269
2016-03-14 10:38:01+01;1239
2016-03-14 12:02:01+01;1279
2016-03-14 12:22:01+01;1279
2016-03-14 13:55:01+01;1269
2016-03-14 14:14:01+01;1249
2016-03-14 14:27:01+01;1249
2016-03-14 14:35:01+01;1229
2016-03-14 16:44:01+01;1219
2016-03-14 18:08:01+01;1209
2016-03-14 20:16:02+01;1189
2016-03-14 22:02:01+01;1309
2016-03-15 05:39:02+01;1249
2016-03-15 10:05:01+01;1199
2016-03-15 11:23:02+01;1199
2016-03-15 12:02:01+01;1239
2016-03-15 13:56:01+01;1209
2016-03-15 14:55:01+01;1189
2016-03-15 17:53:01+01;1189
2016-03-15 20:29:01+01;1179
2016-03-15 22:01:01+01;1299
2016-03-16 05:39:01+01;1239
2016-03-16 09:53:01+01;1239
2016-03-16 12:02:01+01;1279
2016-03-16 12:05:01+01;1259
2016-03-16 12:35:01+01;1249
2016-03-16 13:26:02+01;1239
2016-03-16 14:14:01+01;1229
2016-03-16 14:44:01+01;1209
2016-03-16 18:08:01+01;1199
2016-03-16 19:35:01+01;1179
2016-03-16 22:02:01+01;1299
2016-03-17 05:40:01+01;1239
2016-03-17 09:14:01+01;1219
2016-03-17 12:02:01+01;1259
2016-03-17 12:05:02+01;1259
2016-03-17 12:50:01+01;1249
2016-03-17 13:53:01+01;1229
2016-03-17 15:26:01+01;1219
2016-03-17 15:35:01+01;1209
2016-03-17 18:23:02+01;1199
2016-03-17 18:35:01+01;1189
2016-03-17 18:53:01+01;1179
2016-03-17 22:02:01+01;1309
2016-03-18 05:39:01+01;1239
2016-03-18 09:53:01+01;1239
2016-03-18 11:29:01+01;1219
2016-03-18 12:02:01+01;1259
2016-03-18 12:20:01+01;1249
2016-03-18 13:53:01+01;1229
2016-03-18 14:15:01+01;1199
2016-03-18 20:14:01+01;1189
2016-03-18 22:01:01+01;1309
2016-03-19 05:39:01+01;1309
2016-03-19 05:53:01+01;1249
2016-03-19 09:44:01+01;1239
2016-03-19 12:01:01+01;1279
2016-03-19 13:53:01+01;1269
2016-03-19 14:05:01+01;1229
2016-03-19 14:40:01+01;1229
2016-03-19 14:50:01+01;1229
2016-03-19 18:05:01+01;1189
2016-03-19 22:02:01+01;1309
2016-03-20 05:39:01+01;1309
2016-03-20 06:52:01+01;1249
2016-03-20 10:13:01+01;1249
2016-03-20 12:02:01+01;1289
2016-03-20 12:05:01+01;1269
2016-03-20 13:53:01+01;1259
2016-03-20 14:05:01+01;1249
2016-03-20 15:14:01+01;1229
2016-03-20 16:29:01+01;1209
2016-03-20 17:35:02+01;1209
2016-03-20 18:05:01+01;1199
2016-03-20 22:02:01+01;1309
2016-03-21 05:40:01+01;1249
2016-03-21 09:29:01+01;1249
2016-03-21 12:02:01+01;1289
2016-03-21 12:35:01+01;1279
2016-03-21 13:29:01+01;1269
2016-03-21 13:59:01+01;1249
2016-03-21 14:38:01+01;1239
2016-03-21 14:50:01+01;1229
2016-03-21 19:35:02+01;1199
2016-03-21 20:45:01+01;1189
2016-03-21 22:03:01+01;1309
2016-03-22 05:38:01+01;1249
2016-03-22 09:05:01+01;1249
2016-03-22 12:02:01+01;1289
2016-03-22 12:14:01+01;1289
2016-03-22 13:53:01+01;1279
2016-03-22 14:15:01+01;1239
2016-03-22 21:14:01+01;1229
2016-03-22 22:02:01+01;1329
2016-03-23 05:39:01+01;1289
2016-03-23 09:38:01+01;1209
2016-03-23 10:14:01+01;1209
2016-03-23 10:50:01+01;1209
2016-03-23 12:01:01+01;1249
2016-03-23 13:54:01+01;1239
2016-03-23 14:29:01+01;1229
2016-03-23 18:44:01+01;1229
2016-03-23 20:05:01+01;1199
2016-03-23 22:02:02+01;1329
2016-03-24 05:39:01+01;1259
2016-03-24 10:38:01+01;1219
2016-03-24 12:01:01+01;1259
2016-03-24 12:22:01+01;1249
2016-03-24 13:53:01+01;1239
2016-03-24 14:02:01+01;1229
2016-03-24 14:05:01+01;1229
2016-03-24 14:29:01+01;1219
2016-03-24 19:30:01+01;1199
2016-03-24 22:01:01+01;1359
2016-03-25 05:39:02+01;1349
2016-03-25 07:14:01+01;1269
2016-03-25 08:04:01+01;1259
2016-03-25 12:02:01+01;1299
2016-03-25 12:22:01+01;1299
2016-03-25 13:54:01+01;1289
2016-03-25 14:09:01+01;1289
2016-03-25 14:17:01+01;1259
2016-03-25 17:40:01+01;1249
2016-03-25 19:23:01+01;1229
2016-03-25 22:02:01+01;1359
2016-03-26 05:39:01+01;1349
2016-03-26 05:54:01+01;1289
2016-03-26 09:04:01+01;1279
2016-03-26 09:38:01+01;1259
2016-03-26 11:29:01+01;1249
2016-03-26 12:02:01+01;1289
2016-03-26 13:54:01+01;1279
2016-03-26 14:10:01+01;1269
2016-03-26 15:04:01+01;1249
2016-03-26 15:23:01+01;1249
2016-03-26 16:34:01+01;1249
2016-03-26 19:29:01+01;1219
2016-03-26 22:02:01+01;1359
2016-03-27 06:39:01+02;1339
2016-03-27 08:14:01+02;1279
2016-03-27 12:33:01+02;1259
2016-03-27 13:02:01+02;1299
2016-03-27 14:52:01+02;1249
2016-03-27 20:05:01+02;1239
2016-03-27 23:02:01+02;1359
2016-03-28 06:40:01+02;1349
2016-03-28 10:23:01+02;1279
2016-03-28 11:14:01+02;1259
2016-03-28 12:05:01+02;1249
2016-03-28 13:01:02+02;1289
2016-03-28 13:21:01+02;1279
2016-03-28 14:35:01+02;1249
2016-03-28 15:53:01+02;1239
2016-03-28 16:44:01+02;1239
2016-03-28 18:44:01+02;1239
2016-03-28 23:02:01+02;1359
2016-03-29 06:38:01+02;1289
2016-03-29 08:03:01+02;1279
2016-03-29 11:14:01+02;1239
2016-03-29 12:01:01+02;1279
2016-03-29 12:14:01+02;1279
2016-03-29 13:53:01+02;1269
2016-03-29 14:14:01+02;1239
2016-03-29 16:35:02+02;1229
2016-03-29 19:05:01+02;1219
2016-03-29 22:02:01+02;1349
2016-03-30 05:39:01+02;1289
2016-03-30 06:44:01+02;1279
2016-03-30 10:38:01+02;1249
2016-03-30 12:01:01+02;1289
2016-03-30 12:22:01+02;1279
2016-03-30 13:54:01+02;1259
2016-03-30 15:14:01+02;1239
2016-03-30 20:05:01+02;1229
2016-03-30 22:02:01+02;1349
2016-03-31 05:40:01+02;1289
2016-03-31 06:14:01+02;1279
2016-03-31 10:38:01+02;1279
2016-03-31 11:35:01+02;1279
2016-03-31 12:02:01+02;1319
2016-03-31 12:38:01+02;1309
2016-03-31 13:01:01+02;1309
2016-03-31 13:18:01+02;1299
2016-03-31 14:14:01+02;1269
2016-03-31 14:39:01+02;1269
2016-03-31 15:11:01+02;1249
2016-03-31 19:14:01+02;1239
2016-03-31 22:02:00+02;1359
2016-04-01 05:39:01+02;1309
2016-04-01 06:44:01+02;1289
2016-04-01 08:59:01+02;1289
2016-04-01 11:38:01+02;1279
2016-04-01 12:02:01+02;1319
2016-04-01 12:42:01+02;1309
2016-04-01 13:54:01+02;1299
2016-04-01 14:26:01+02;1279
2016-04-01 14:35:01+02;1269
2016-04-01 15:26:01+02;1249
2016-04-01 16:35:01+02;1249
2016-04-01 20:14:01+02;1239
2016-04-01 22:02:01+02;1359
2016-04-02 05:39:01+02;1359
2016-04-02 06:06:01+02;1299
2016-04-02 08:53:01+02;1289
2016-04-02 12:03:01+02;1329
2016-04-02 12:09:01+02;1329
2016-04-02 13:53:01+02;1319
2016-04-02 14:20:01+02;1309
2016-04-02 14:59:01+02;1289
2016-04-02 15:11:01+02;1249
2016-04-02 17:38:01+02;1239
2016-04-02 20:35:01+02;1229
2016-04-02 22:02:01+02;1359
2016-04-03 05:39:01+02;1349
2016-04-03 07:14:01+02;1299
2016-04-03 10:44:01+02;1259
2016-04-03 12:02:01+02;1299
2016-04-03 13:18:02+02;1289
2016-04-03 14:17:01+02;1279
2016-04-03 14:38:01+02;1259
2016-04-03 16:53:01+02;1239
2016-04-03 20:53:01+02;1229
2016-04-03 22:02:01+02;1359
2016-04-04 05:39:02+02;1289
2016-04-04 08:58:01+02;1269
2016-04-04 10:02:01+02;1289
2016-04-04 11:08:01+02;1269
2016-04-04 12:05:01+02;1259
2016-04-04 12:47:01+02;1249
2016-04-04 14:02:02+02;1279
2016-04-04 14:54:01+02;1249
2016-04-04 16:00:01+02;1249
2016-04-04 16:45:01+02;1239
2016-04-04 22:02:01+02;1339
2016-04-05 05:34:01+02;1299
2016-04-05 08:45:01+02;1289
2016-04-05 10:01:01+02;1309
2016-04-05 11:04:01+02;1279
2016-04-05 14:02:01+02;1309
2016-04-05 14:05:01+02;1299
2016-04-05 15:03:01+02;1269
2016-04-05 19:18:01+02;1269
2016-04-05 22:02:01+02;1339
2016-04-06 05:33:01+02;1309
2016-04-06 08:45:01+02;1289
2016-04-06 10:02:01+02;1309
2016-04-06 10:48:01+02;1279
2016-04-06 13:36:01+02;1269
2016-04-06 14:02:01+02;1299
2016-04-06 14:42:01+02;1299
2016-04-06 14:50:01+02;1269
2016-04-06 16:00:01+02;1259
2016-04-06 16:54:01+02;1249
2016-04-06 19:39:01+02;1249
2016-04-06 22:01:01+02;1339
2016-04-07 05:35:01+02;1299
2016-04-07 08:03:01+02;1289
2016-04-07 10:02:01+02;1309
2016-04-07 10:19:01+02;1299
2016-04-07 11:04:01+02;1279
2016-04-07 14:02:01+02;1309
2016-04-07 15:04:01+02;1279
2016-04-07 19:30:01+02;1219
2016-04-07 22:02:01+02;1339
2016-04-08 05:34:02+02;1229
2016-04-08 10:02:01+02;1249
2016-04-08 11:04:01+02;1209
2016-04-08 14:02:01+02;1239
2016-04-08 15:00:01+02;1219
2016-04-08 22:01:01+02;1369
2016-04-09 05:34:01+02;1349
2016-04-09 05:48:01+02;1289
2016-04-09 10:01:01+02;1309
2016-04-09 11:00:01+02;1279
2016-04-09 11:39:01+02;1269
2016-04-09 12:49:01+02;1249
2016-04-09 14:02:01+02;1279
2016-04-09 15:03:01+02;1249
2016-04-09 17:00:01+02;1249
2016-04-09 19:29:01+02;1229
2016-04-09 22:02:01+02;1369
2016-04-10 05:34:01+02;1349
2016-04-10 06:48:01+02;1289
2016-04-10 10:02:01+02;1309
2016-04-10 11:04:01+02;1289
2016-04-10 11:31:01+02;1279
2016-04-10 12:18:01+02;1279
2016-04-10 14:01:01+02;1309
2016-04-10 14:48:01+02;1279
2016-04-10 16:48:02+02;1269
2016-04-10 17:18:01+02;1259
2016-04-10 18:18:01+02;1229
2016-04-10 22:02:02+02;1369
2016-04-11 05:34:01+02;1289
2016-04-11 05:51:01+02;1279
2016-04-11 10:01:01+02;1299
2016-04-11 11:04:01+02;1279
2016-04-11 11:59:01+02;1279
2016-04-11 14:02:01+02;1309
2016-04-11 15:04:01+02;1279
2016-04-11 16:00:01+02;1269
2016-04-11 18:53:01+02;1249
2016-04-11 22:02:01+02;1389
2016-04-12 05:34:01+02;1299
2016-04-12 06:10:01+02;1299
2016-04-12 10:02:01+02;1319
2016-04-12 11:03:01+02;1279
2016-04-12 12:15:01+02;1269
2016-04-12 14:02:01+02;1299
2016-04-12 14:59:01+02;1259
2016-04-12 18:45:01+02;1249
2016-04-12 21:02:01+02;1299
2016-04-13 06:00:01+02;1299
2016-04-13 10:01:01+02;1329
2016-04-13 11:04:01+02;1299
2016-04-13 12:03:01+02;1289
2016-04-13 14:01:01+02;1319
2016-04-13 14:12:01+02;1319
2016-04-13 14:51:01+02;1289
2016-04-13 17:00:01+02;1269
2016-04-13 17:29:01+02;1259
2016-04-13 19:48:01+02;1249
2016-04-13 21:01:01+02;1319
2016-04-13 22:30:01+02;1309
2016-04-14 05:55:01+02;1309
2016-04-14 10:02:01+02;1339
2016-04-14 11:04:01+02;1309
2016-04-14 12:36:01+02;1299
2016-04-14 13:03:01+02;1299
2016-04-14 14:02:01+02;1329
2016-04-14 17:45:01+02;1299
2016-04-14 21:02:01+02;1359
2016-04-15 05:18:01+02;1319
2016-04-15 06:18:01+02;1309
2016-04-15 10:02:01+02;1339
2016-04-15 11:09:01+02;1299
2016-04-15 11:39:01+02;1279
2016-04-15 12:33:01+02;1269
2016-04-15 14:02:02+02;1299
2016-04-15 15:48:01+02;1269
2016-04-15 21:01:01+02;1359
2016-04-16 05:53:01+02;1309
2016-04-16 10:01:01+02;1339
2016-04-16 11:19:01+02;1309
2016-04-16 11:25:01+02;1309
2016-04-16 14:01:01+02;1339
2016-04-16 15:18:01+02;1319
2016-04-16 15:24:01+02;1309
2016-04-16 16:54:01+02;1279
2016-04-16 21:02:01+02;1359
2016-04-17 05:49:01+02;1359
2016-04-17 07:15:01+02;1329
2016-04-17 09:24:01+02;1329
2016-04-17 10:02:01+02;1359
2016-04-17 10:24:01+02;1339
2016-04-17 11:18:01+02;1309
2016-04-17 14:02:01+02;1339
2016-04-17 15:18:01+02;1309
2016-04-17 15:24:01+02;1299
2016-04-17 17:42:01+02;1279
2016-04-17 17:54:01+02;1259
2016-04-17 21:01:02+02;1359
2016-04-18 05:49:01+02;1319
2016-04-18 09:45:01+02;1309
2016-04-18 10:03:01+02;1349
2016-04-18 10:52:01+02;1309
2016-04-18 10:58:01+02;1299
2016-04-18 11:55:02+02;1299
2016-04-18 12:00:01+02;1289
2016-04-18 12:54:01+02;1289
2016-04-18 14:03:01+02;1329
2016-04-18 15:07:01+02;1279
2016-04-18 15:54:01+02;1279
2016-04-18 18:45:02+02;1269
2016-04-18 20:05:02+02;1259
2016-04-18 21:02:01+02;1339
2016-04-19 05:49:01+02;1309
2016-04-19 06:47:01+02;1299
2016-04-19 10:02:01+02;1329
2016-04-19 11:18:01+02;1299
2016-04-19 12:55:01+02;1289
2016-04-19 14:02:01+02;1329
2016-04-19 14:09:01+02;1329
2016-04-19 14:57:01+02;1269
2016-04-19 19:35:01+02;1259
2016-04-19 21:02:01+02;1329
2016-04-20 05:49:01+02;1309
2016-04-20 07:14:01+02;1309
2016-04-20 10:24:01+02;1289
2016-04-20 11:44:01+02;1269
2016-04-20 12:01:01+02;1309
2016-04-20 12:51:01+02;1299
2016-04-20 13:26:01+02;1289
2016-04-20 14:48:01+02;1269
2016-04-20 15:29:01+02;1259
2016-04-20 16:14:01+02;1259
2016-04-20 18:14:01+02;1249
2016-04-20 21:02:01+02;1339
2016-04-21 05:49:01+02;1309
2016-04-21 06:35:01+02;1309
2016-04-21 09:55:01+02;1299
2016-04-21 12:02:01+02;1339
2016-04-21 12:20:01+02;1329
2016-04-21 12:35:01+02;1329
2016-04-21 13:24:01+02;1319
2016-04-21 14:21:01+02;1309
2016-04-21 14:39:01+02;1269
2016-04-21 18:05:01+02;1249
2016-04-21 20:23:01+02;1239
2016-04-21 22:02:01+02;1399
2016-04-22 05:48:01+02;1309
2016-04-22 06:47:01+02;1309
2016-04-22 11:34:01+02;1299
2016-04-22 12:02:01+02;1339
2016-04-22 12:31:01+02;1329
2016-04-22 13:11:01+02;1319
2016-04-22 13:26:01+02;1309
2016-04-22 15:03:01+02;1309
2016-04-22 15:12:01+02;1279
2016-04-22 15:24:01+02;1269
2016-04-22 19:44:01+02;1259
2016-04-22 22:02:01+02;1409
2016-04-23 05:49:01+02;1379
2016-04-23 06:24:01+02;1319
2016-04-23 08:24:01+02;1319
2016-04-23 11:44:01+02;1309
2016-04-23 12:01:01+02;1349
2016-04-23 13:26:01+02;1339
2016-04-23 14:41:01+02;1309
2016-04-23 15:06:01+02;1289
2016-04-23 15:44:01+02;1279
2016-04-23 20:05:01+02;1269
2016-04-23 22:02:01+02;1409
2016-04-24 06:04:01+02;1379
2016-04-24 06:53:01+02;1319
2016-04-24 08:06:01+02;1309
2016-04-24 09:45:01+02;1299
2016-04-24 12:01:01+02;1339
2016-04-24 12:31:01+02;1329
2016-04-24 14:03:01+02;1319
2016-04-24 15:00:01+02;1289
2016-04-24 16:44:01+02;1279
2016-04-24 18:15:01+02;1269
2016-04-24 18:53:01+02;1259
2016-04-24 21:46:01+02;1259
2016-04-24 22:02:01+02;1409
2016-04-25 05:49:01+02;1319
2016-04-25 06:46:01+02;1309
2016-04-25 10:39:01+02;1299
2016-04-25 12:03:01+02;1339
2016-04-25 12:04:01+02;1329
2016-04-25 12:14:01+02;1329
2016-04-25 14:03:01+02;1319
2016-04-25 14:09:01+02;1299
2016-04-25 15:30:01+02;1299
2016-04-25 15:52:01+02;1289
2016-04-25 16:30:01+02;1279
2016-04-25 16:39:01+02;1269
2016-04-25 19:58:01+02;1259
2016-04-25 22:02:01+02;1409
2016-04-26 05:49:01+02;1319
2016-04-26 11:37:01+02;1319
2016-04-26 12:02:01+02;1359
2016-04-26 12:13:01+02;1349
2016-04-26 12:22:01+02;1349
2016-04-26 14:03:01+02;1339
2016-04-26 14:04:01+02;1329
2016-04-26 14:52:01+02;1309
2016-04-26 16:49:02+02;1269
2016-04-26 22:01:01+02;1409
2016-04-27 05:49:01+02;1379
2016-04-27 06:00:01+02;1339
2016-04-27 07:53:01+02;1329
2016-04-27 11:23:01+02;1319
2016-04-27 12:02:01+02;1359
2016-04-27 12:43:01+02;1329
2016-04-27 14:03:01+02;1319
2016-04-27 14:07:01+02;1289
2016-04-27 15:33:01+02;1279
2016-04-27 15:35:01+02;1269
2016-04-27 22:02:01+02;1409
2016-04-28 05:48:01+02;1339
2016-04-28 06:15:01+02;1329
2016-04-28 06:23:01+02;1319
2016-04-28 10:53:01+02;1319
2016-04-28 12:02:01+02;1359
2016-04-28 12:34:01+02;1329
2016-04-28 14:03:01+02;1319
2016-04-28 14:14:01+02;1309
2016-04-28 14:44:01+02;1289
2016-04-28 16:04:01+02;1289
2016-04-28 17:07:01+02;1289
2016-04-28 19:34:01+02;1279
2016-04-28 22:02:02+02;1409
2016-04-29 05:48:01+02;1339
2016-04-29 08:19:01+02;1339
2016-04-29 11:07:01+02;1319
2016-04-29 11:34:01+02;1289
2016-04-29 12:02:00+02;1329
2016-04-29 12:40:01+02;1329
2016-04-29 14:03:01+02;1319
2016-04-29 14:13:01+02;1279
2016-04-29 19:43:01+02;1269
2016-04-29 22:01:01+02;1409
2016-04-30 05:48:01+02;1399
2016-04-30 06:04:01+02;1329
2016-04-30 07:52:01+02;1319
2016-04-30 11:34:01+02;1319
2016-04-30 12:01:01+02;1359
2016-04-30 12:31:01+02;1339
2016-04-30 14:04:01+02;1329
2016-04-30 14:14:01+02;1319
2016-04-30 14:43:01+02;1299
2016-04-30 17:43:01+02;1269
2016-04-30 22:02:01+02;1409
2016-05-01 06:03:01+02;1399
2016-05-01 07:04:01+02;1329
2016-05-01 09:23:01+02;1329
2016-05-01 10:48:01+02;1329
2016-05-01 11:13:01+02;1319
2016-05-01 12:02:01+02;1359
2016-05-01 14:03:01+02;1349
2016-05-01 14:23:01+02;1319
2016-05-01 16:03:01+02;1299
2016-05-01 16:04:02+02;1269
2016-05-01 21:26:06+02;1269
2016-05-01 22:02:01+02;1409
2016-05-01 22:05:02+02;1409
2016-05-02 05:49:01+02;1329
2016-05-02 06:05:01+02;1329
2016-05-02 09:13:01+02;1299
2016-05-02 11:29:01+02;1299
2016-05-02 12:01:01+02;1339
2016-05-02 12:45:01+02;1319
2016-05-02 14:05:01+02;1309
2016-05-02 14:09:01+02;1289
2016-05-02 14:45:01+02;1269
2016-05-02 22:02:01+02;1409
2016-05-03 05:48:01+02;1329
2016-05-03 05:53:01+02;1319
2016-05-03 08:19:01+02;1319
2016-05-03 12:01:01+02;1359
2016-05-03 12:52:01+02;1349
2016-05-03 14:03:01+02;1339
2016-05-03 14:04:01+02;1329
2016-05-03 14:22:01+02;1309
2016-05-03 17:04:01+02;1289
2016-05-03 19:44:01+02;1289
2016-05-03 21:13:01+02;1269
2016-05-03 22:03:01+02;1409
2016-05-04 05:47:01+02;1329
2016-05-04 06:45:01+02;1319
2016-05-04 11:19:02+02;1299
2016-05-04 11:43:01+02;1299
2016-05-04 12:02:01+02;1339
2016-05-04 12:13:01+02;1339
2016-05-04 14:04:01+02;1329
2016-05-04 14:08:01+02;1299
2016-05-04 15:04:01+02;1279
2016-05-04 18:04:01+02;1269
2016-05-04 22:02:01+02;1399
2016-05-05 05:52:01+02;1389
2016-05-05 07:04:01+02;1319
2016-05-05 12:01:01+02;1359
2016-05-05 14:04:01+02;1349
2016-05-05 14:28:01+02;1309
2016-05-05 18:34:01+02;1299
2016-05-05 22:02:01+02;1399
2016-05-06 05:48:01+02;1329
2016-05-06 10:23:01+02;1289
2016-05-06 12:01:01+02;1329
2016-05-06 14:03:01+02;1309
2016-05-06 14:24:01+02;1289
2016-05-06 14:38:01+02;1259
2016-05-06 22:01:01+02;1399
2016-05-07 05:50:01+02;1379
2016-05-07 06:04:01+02;1319
2016-05-07 12:02:01+02;1359
2016-05-07 14:02:01+02;1349
2016-05-07 14:14:01+02;1339
2016-05-07 14:19:01+02;1339
2016-05-07 15:35:01+02;1289
2016-05-07 16:13:01+02;1279
2016-05-07 16:59:01+02;1279
2016-05-07 17:13:01+02;1269
2016-05-07 19:13:01+02;1259
2016-05-07 22:02:01+02;1399
2016-05-08 14:59:01+02;1299
2016-05-08 15:34:01+02;1299
2016-05-08 15:40:01+02;1289
2016-05-08 16:44:01+02;1279
2016-05-08 20:48:01+02;1269
2016-05-08 22:02:01+02;1399
2016-05-09 05:59:01+02;1329
2016-05-09 07:44:01+02;1319
2016-05-09 09:22:01+02;1309
2016-05-09 09:29:01+02;1309
2016-05-09 12:02:01+02;1349
2016-05-09 14:04:01+02;1339
2016-05-09 14:14:01+02;1289
2016-05-09 14:44:01+02;1269
2016-05-09 16:23:01+02;1259
2016-05-09 19:13:01+02;1249
2016-05-09 22:02:01+02;1399
2016-05-10 05:50:02+02;1309
2016-05-10 11:43:01+02;1299
2016-05-10 12:01:01+02;1339
2016-05-10 12:31:01+02;1339
2016-05-10 14:04:01+02;1319
2016-05-10 14:23:01+02;1289
2016-05-10 19:22:01+02;1279
2016-05-10 19:34:01+02;1279
2016-05-10 22:02:01+02;1379
2016-05-11 05:48:01+02;1279
2016-05-11 12:02:01+02;1319
2016-05-11 12:39:01+02;1319
2016-05-11 15:00:02+02;1269
2016-05-11 18:52:01+02;1269
2016-05-11 20:22:01+02;1249
2016-05-11 22:01:02+02;1389
2016-05-12 05:49:01+02;1299
2016-05-12 07:14:01+02;1289
2016-05-12 11:09:01+02;1289
2016-05-12 12:01:01+02;1329
2016-05-12 12:04:01+02;1329
2016-05-12 14:02:01+02;1309
2016-05-12 14:05:01+02;1299
2016-05-12 14:06:01+02;1299
2016-05-12 14:35:01+02;1279
2016-05-12 15:43:01+02;1269
2016-05-12 17:14:01+02;1269
2016-05-12 20:38:01+02;1259
2016-05-12 22:02:01+02;1409
2016-05-13 05:43:01+02;1319
2016-05-13 11:12:01+02;1309
2016-05-13 11:19:01+02;1309
2016-05-13 12:01:01+02;1349
2016-05-13 12:43:01+02;1339
2016-05-13 12:52:01+02;1329
2016-05-13 14:03:01+02;1299
2016-05-13 14:08:01+02;1299
2016-05-13 15:07:01+02;1279
2016-05-13 20:04:01+02;1269
2016-05-13 22:01:01+02;1409
2016-05-14 05:47:01+02;1339
2016-05-14 06:04:01+02;1329
2016-05-14 11:14:01+02;1319
2016-05-14 11:19:01+02;1319
2016-05-14 12:02:01+02;1359
2016-05-14 12:22:01+02;1339
2016-05-14 12:34:01+02;1339
2016-05-14 14:04:01+02;1329
2016-05-14 14:12:01+02;1319
2016-05-14 14:19:01+02;1319
2016-05-14 15:14:01+02;1299
2016-05-14 17:34:01+02;1279
2016-05-14 22:01:01+02;1409
2016-05-15 05:59:01+02;1279
2016-05-15 12:02:01+02;1319
2016-05-15 14:03:01+02;1299
2016-05-15 14:44:01+02;1279
2016-05-15 22:02:01+02;1409
2016-05-16 05:49:01+02;1339
2016-05-16 11:24:01+02;1319
2016-05-16 12:02:01+02;1359
2016-05-16 12:46:01+02;1349
2016-05-16 14:04:01+02;1339
2016-05-16 14:54:01+02;1309
2016-05-16 15:13:01+02;1299
2016-05-16 16:22:01+02;1279
2016-05-16 22:02:01+02;1409
2016-05-17 05:48:01+02;1329
2016-05-17 12:02:01+02;1369
2016-05-17 14:04:01+02;1349
2016-05-17 14:13:02+02;1309
2016-05-17 15:34:01+02;1289
2016-05-17 15:45:01+02;1289
2016-05-17 17:34:01+02;1289
2016-05-17 22:02:01+02;1409
2016-05-18 05:49:01+02;1349
2016-05-18 10:04:01+02;1329
2016-05-18 11:43:01+02;1319
2016-05-18 12:02:01+02;1359
2016-05-18 12:32:01+02;1359
2016-05-18 14:03:01+02;1319
2016-05-18 14:45:01+02;1299
2016-05-18 14:52:01+02;1289
2016-05-18 17:43:01+02;1279
2016-05-18 18:49:01+02;1269
2016-05-18 22:02:01+02;1409
2016-05-19 05:24:01+02;1339
2016-05-19 06:22:01+02;1319
2016-05-19 08:22:01+02;1289
2016-05-19 09:39:01+02;1289
2016-05-19 12:02:01+02;1329
2016-05-19 12:34:01+02;1319
2016-05-19 14:04:01+02;1309
2016-05-19 14:13:01+02;1299
2016-05-19 15:49:01+02;1289
2016-05-19 22:02:01+02;1409
2016-05-20 05:48:01+02;1339
2016-05-20 08:43:01+02;1299
2016-05-20 10:55:01+02;1289
2016-05-20 12:02:01+02;1329
2016-05-20 12:19:01+02;1319
2016-05-20 14:04:01+02;1309
2016-05-20 14:54:01+02;1289
2016-05-20 14:58:01+02;1279
2016-05-20 22:02:01+02;1399
2016-05-21 06:03:01+02;1369
2016-05-21 06:05:01+02;1339
2016-05-21 08:04:01+02;1289
2016-05-21 10:43:02+02;1289
2016-05-21 12:02:01+02;1329
2016-05-21 12:52:01+02;1329
2016-05-21 14:04:01+02;1309
2016-05-21 14:13:01+02;1309
2016-05-21 14:54:01+02;1289
2016-05-21 16:13:01+02;1279
2016-05-21 22:02:01+02;1399
2016-05-22 05:51:01+02;1369
2016-05-22 07:04:01+02;1339
2016-05-22 09:43:01+02;1289
2016-05-22 11:21:01+02;1279
2016-05-22 12:01:01+02;1319
2016-05-22 12:04:01+02;1309
2016-05-22 14:02:01+02;1299
2016-05-22 14:38:01+02;1279
2016-05-22 22:02:01+02;1399
2016-05-23 05:48:01+02;1339
2016-05-23 06:05:01+02;1309
2016-05-23 08:34:01+02;1299
2016-05-23 10:13:01+02;1289
2016-05-23 12:02:01+02;1329
2016-05-23 12:43:01+02;1329
2016-05-23 14:04:01+02;1319
2016-05-23 14:14:01+02;1299
2016-05-23 15:22:01+02;1289
2016-05-23 15:35:01+02;1279
2016-05-23 22:02:01+02;1419
2016-05-24 05:48:01+02;1339
2016-05-24 07:14:01+02;1329
2016-05-24 08:34:01+02;1299
2016-05-24 09:51:01+02;1289
2016-05-24 11:34:01+02;1289
2016-05-24 12:01:01+02;1329
2016-05-24 14:04:01+02;1319
2016-05-24 14:45:01+02;1289
2016-05-24 14:53:01+02;1279
2016-05-24 20:04:01+02;1269
2016-05-24 22:02:01+02;1429
2016-05-25 05:48:02+02;1339
2016-05-25 07:04:01+02;1329
2016-05-25 10:34:01+02;1309
2016-05-25 12:02:01+02;1349
2016-05-25 12:34:01+02;1339
2016-05-25 14:04:01+02;1329
2016-05-25 14:14:01+02;1319
2016-05-25 14:19:01+02;1319
2016-05-25 14:35:01+02;1289
2016-05-25 15:53:01+02;1289
2016-05-25 20:52:01+02;1279
2016-05-25 22:02:02+02;1429
2016-05-26 05:48:01+02;1339
2016-05-26 07:12:01+02;1329
2016-05-26 07:52:01+02;1329
2016-05-26 10:28:01+02;1319
2016-05-26 12:02:01+02;1359
2016-05-26 12:22:01+02;1349
2016-05-26 14:04:01+02;1339
2016-05-26 14:14:01+02;1329
2016-05-26 14:19:01+02;1329
2016-05-26 14:54:02+02;1309
2016-05-26 15:02:01+02;1299
2016-05-26 22:03:01+02;1429
2016-05-27 05:48:01+02;1339
2016-05-27 07:13:01+02;1329
2016-05-27 12:02:01+02;1369
2016-05-27 12:52:01+02;1349
2016-05-27 14:04:01+02;1339
2016-05-27 14:44:01+02;1299
2016-05-27 15:58:01+02;1299
2016-05-27 17:22:01+02;1299
2016-05-27 20:13:01+02;1289
2016-05-27 22:02:01+02;1429
2016-05-28 05:49:01+02;1379
2016-05-28 07:13:01+02;1349
2016-05-28 09:14:01+02;1349
2016-05-28 09:20:01+02;1329
2016-05-28 12:02:02+02;1369
2016-05-28 14:03:01+02;1349
2016-05-28 14:13:01+02;1319
2016-05-28 15:22:01+02;1319
2016-05-28 15:53:01+02;1319
2016-05-28 17:04:01+02;1299
2016-05-28 18:04:01+02;1289
2016-05-28 22:03:01+02;1429
2016-05-29 05:49:01+02;1379
2016-05-29 07:14:01+02;1349
2016-05-29 09:49:01+02;1319
2016-05-29 10:35:01+02;1309
2016-05-29 12:01:01+02;1349
2016-05-29 12:34:01+02;1339
2016-05-29 14:03:01+02;1329
2016-05-29 14:13:01+02;1299
2016-05-29 16:13:01+02;1289
2016-05-29 22:02:01+02;1429
2016-05-30 05:52:01+02;1349
2016-05-30 07:35:01+02;1329
2016-05-30 12:02:01+02;1369
2016-05-30 12:58:01+02;1359
2016-05-30 14:04:01+02;1349
2016-05-30 14:19:01+02;1319
2016-05-30 15:07:01+02;1299
2016-05-30 16:59:01+02;1289
2016-05-30 22:02:01+02;1429
2016-05-31 07:18:01+02;1349
2016-05-31 07:44:01+02;1329
2016-05-31 10:21:01+02;1329
2016-05-31 10:28:01+02;1319
2016-05-31 12:02:01+02;1359
2016-05-31 12:42:01+02;1349
2016-05-31 14:02:01+02;1339
2016-05-31 14:24:01+02;1329
2016-05-31 14:43:01+02;1309
2016-05-31 15:52:01+02;1309
2016-05-31 22:02:01+02;1429
2016-06-01 05:48:01+02;1369
2016-06-01 06:44:02+02;1339
2016-06-01 07:14:01+02;1329
2016-06-01 08:43:01+02;1329
2016-06-01 10:21:01+02;1309
2016-06-01 12:02:01+02;1349
2016-06-01 14:03:01+02;1339
2016-06-01 14:13:01+02;1329
2016-06-01 14:44:01+02;1309
2016-06-01 16:14:01+02;1309
2016-06-01 16:19:02+02;1299
2016-06-01 22:02:01+02;1429
2016-06-02 05:46:01+02;1369
2016-06-02 06:46:01+02;1369
2016-06-02 07:22:01+02;1369
2016-06-02 08:40:01+02;1349
2016-06-02 09:34:01+02;1329
2016-06-02 12:02:01+02;1369
2016-06-02 12:53:01+02;1369
2016-06-02 12:58:01+02;1339
2016-06-02 14:03:01+02;1329
2016-06-02 14:14:01+02;1329
2016-06-02 14:19:01+02;1319
2016-06-02 14:39:01+02;1309
2016-06-02 14:44:01+02;1309
2016-06-02 15:07:01+02;1309
2016-06-02 17:13:01+02;1299
2016-06-02 20:43:02+02;1299
2016-06-02 22:01:01+02;1429
2016-06-03 07:05:01+02;1369
2016-06-03 07:42:01+02;1329
2016-06-03 11:58:01+02;1319
2016-06-03 12:02:01+02;1359
2016-06-03 12:23:01+02;1359
2016-06-03 13:54:01+02;1319
2016-06-03 14:19:01+02;1309
2016-06-03 14:44:01+02;1299
2016-06-03 16:04:01+02;1299
2016-06-03 16:28:01+02;1289
2016-06-03 22:01:01+02;1429
2016-06-04 05:51:01+02;1379
2016-06-04 06:05:01+02;1359
2016-06-04 09:05:01+02;1319
2016-06-04 09:35:02+02;1309
2016-06-04 10:43:01+02;1309
2016-06-04 11:07:01+02;1309
2016-06-04 11:23:01+02;1299
2016-06-04 12:01:01+02;1339
2016-06-04 12:40:01+02;1339
2016-06-04 12:44:01+02;1329
2016-06-04 14:04:01+02;1319
2016-06-04 14:49:01+02;1289
2016-06-04 22:02:01+02;1429
2016-06-05 05:50:01+02;1379
2016-06-05 07:04:01+02;1289
2016-06-05 09:44:01+02;1289
2016-06-05 10:34:01+02;1289
2016-06-05 12:01:01+02;1329
2016-06-05 12:22:01+02;1309
2016-06-05 14:02:01+02;1299
2016-06-05 14:22:01+02;1289
2016-06-05 14:34:01+02;1289
2016-06-05 15:04:01+02;1289
2016-06-05 17:13:01+02;1289
2016-06-05 22:03:01+02;1429
2016-06-06 05:49:01+02;1359
2016-06-06 06:44:01+02;1359
2016-06-06 07:05:01+02;1339
2016-06-06 07:55:01+02;1329
2016-06-06 10:05:01+02;1319
2016-06-06 10:07:01+02;1319
2016-06-06 11:43:01+02;1309
2016-06-06 12:01:01+02;1349
2016-06-06 12:22:01+02;1339
2016-06-06 12:43:01+02;1339
2016-06-06 14:03:01+02;1329
2016-06-06 14:35:01+02;1309
2016-06-06 16:03:01+02;1299
2016-06-06 16:52:01+02;1289
2016-06-06 22:02:01+02;1429
2016-06-07 05:51:01+02;1309
2016-06-07 08:12:01+02;1309
2016-06-07 09:15:01+02;1279
2016-06-07 12:01:01+02;1319
2016-06-07 12:39:01+02;1309
2016-06-07 12:44:01+02;1309
2016-06-07 14:04:01+02;1279
2016-06-07 15:06:01+02;1279
2016-06-07 16:05:01+02;1279
2016-06-07 16:18:01+02;1279
2016-06-07 17:51:01+02;1279
2016-06-07 18:27:01+02;1279
2016-06-07 22:01:01+02;1419
2016-06-08 05:47:01+02;1359
2016-06-08 09:08:01+02;1329
2016-06-08 09:23:01+02;1329
2016-06-08 11:34:01+02;1319
2016-06-08 11:43:01+02;1299
2016-06-08 12:02:01+02;1339
2016-06-08 12:22:02+02;1329
2016-06-08 14:03:01+02;1319
2016-06-08 14:13:01+02;1309
2016-06-08 14:54:01+02;1299
2016-06-08 15:37:01+02;1279
2016-06-08 22:01:00+02;1419
2016-06-09 05:52:01+02;1349
2016-06-09 06:44:01+02;1329
2016-06-09 07:43:01+02;1319
2016-06-09 11:13:02+02;1309
2016-06-09 11:19:01+02;1309
2016-06-09 12:02:01+02;1349
2016-06-09 14:03:01+02;1319
2016-06-09 14:23:01+02;1289
2016-06-09 15:36:01+02;1279
2016-06-09 17:12:01+02;1279
2016-06-09 18:43:01+02;1279
2016-06-09 22:02:01+02;1419
2016-06-10 05:47:01+02;1349
2016-06-10 08:23:01+02;1319
2016-06-10 10:04:01+02;1309
2016-06-10 11:42:01+02;1299
2016-06-10 12:02:01+02;1339
2016-06-10 12:58:01+02;1329
2016-06-10 14:03:01+02;1319
2016-06-10 14:10:01+02;1319
2016-06-10 14:28:01+02;1309
2016-06-10 16:04:01+02;1279
2016-06-10 17:34:01+02;1279
2016-06-10 22:01:01+02;1429
2016-06-11 05:48:01+02;1369
2016-06-11 06:22:02+02;1349
2016-06-11 09:34:01+02;1329
2016-06-11 11:22:01+02;1319
2016-06-11 11:28:01+02;1319
2016-06-11 12:01:01+02;1359
2016-06-11 12:50:01+02;1349
2016-06-11 13:30:01+02;1339
2016-06-11 14:44:01+02;1309
2016-06-11 15:13:01+02;1299
2016-06-11 17:43:01+02;1299
2016-06-11 22:03:01+02;1429
2016-06-12 05:50:01+02;1369
2016-06-12 07:25:01+02;1359
2016-06-12 09:29:01+02;1349
2016-06-12 09:43:01+02;1329
2016-06-12 11:22:01+02;1319
2016-06-12 12:02:01+02;1359
2016-06-12 14:02:01+02;1349
2016-06-12 14:13:01+02;1319
2016-06-12 15:37:01+02;1319
2016-06-12 17:22:02+02;1299
2016-06-12 18:12:01+02;1289
2016-06-12 22:01:01+02;1429
2016-06-13 06:03:01+02;1349
2016-06-13 07:13:01+02;1339
2016-06-13 09:05:01+02;1329
2016-06-13 09:23:01+02;1319
2016-06-13 11:33:01+02;1319
2016-06-13 11:37:01+02;1309
2016-06-13 12:01:02+02;1349
2016-06-13 12:52:01+02;1339
2016-06-13 13:59:01+02;1329
2016-06-13 14:49:01+02;1309
2016-06-13 15:19:01+02;1289
2016-06-13 16:52:01+02;1289
2016-06-13 17:22:01+02;1289
2016-06-13 20:43:01+02;1279
2016-06-13 22:02:01+02;1429
2016-06-14 05:20:01+02;1349
2016-06-14 06:44:01+02;1339
2016-06-14 08:22:01+02;1329
2016-06-14 09:30:01+02;1319
2016-06-14 10:03:01+02;1319
2016-06-14 10:06:01+02;1299
2016-06-14 11:34:01+02;1289
2016-06-14 12:01:01+02;1329
2016-06-14 12:40:01+02;1319
2016-06-14 14:04:01+02;1309
2016-06-14 14:14:01+02;1289
2016-06-14 15:13:01+02;1289
2016-06-14 18:13:01+02;1289
2016-06-14 21:05:01+02;1289
2016-06-14 22:01:01+02;1429
2016-06-15 05:23:01+02;1349
2016-06-15 09:13:01+02;1339
2016-06-15 09:44:01+02;1329
2016-06-15 09:49:01+02;1329
2016-06-15 10:37:01+02;1329
2016-06-15 11:34:01+02;1319
2016-06-15 12:02:01+02;1359
2016-06-15 12:28:02+02;1359
2016-06-15 14:02:01+02;1349
2016-06-15 14:13:01+02;1339
2016-06-15 14:44:01+02;1309
2016-06-15 15:58:01+02;1299
2016-06-15 17:14:01+02;1289
2016-06-15 19:43:01+02;1279
2016-06-15 22:02:01+02;1419
2016-06-16 05:49:01+02;1359
2016-06-16 07:14:01+02;1329
2016-06-16 07:43:01+02;1319
2016-06-16 10:13:01+02;1319
2016-06-16 10:34:01+02;1319
2016-06-16 11:13:01+02;1319
2016-06-16 11:43:01+02;1319
2016-06-16 12:01:01+02;1359
2016-06-16 14:02:01+02;1339
2016-06-16 15:06:01+02;1339
2016-06-16 15:21:01+02;1329
2016-06-16 15:37:01+02;1309
2016-06-16 18:12:01+02;1299
2016-06-16 18:34:01+02;1279
2016-06-16 20:13:01+02;1269
2016-06-16 22:01:01+02;1419
2016-06-17 05:47:01+02;1339
2016-06-17 07:12:01+02;1329
2016-06-17 08:03:02+02;1319
2016-06-17 09:14:01+02;1309
2016-06-17 09:43:01+02;1309
2016-06-17 11:49:01+02;1299
2016-06-17 12:01:01+02;1339
2016-06-17 12:44:01+02;1329
2016-06-17 14:03:01+02;1319
2016-06-17 14:14:01+02;1309
2016-06-17 14:19:01+02;1309
2016-06-17 14:42:01+02;1299
2016-06-17 14:53:01+02;1289
2016-06-17 16:04:01+02;1279
2016-06-17 18:12:01+02;1269
2016-06-17 20:58:01+02;1259
2016-06-17 22:01:01+02;1419
2016-06-18 05:48:01+02;1359
2016-06-18 06:03:01+02;1339
2016-06-18 10:04:01+02;1329
2016-06-18 10:07:02+02;1329
2016-06-18 12:01:02+02;1369
2016-06-18 12:34:02+02;1359
2016-06-18 12:42:01+02;1359
2016-06-18 14:02:01+02;1349
2016-06-18 14:05:01+02;1319
2016-06-18 15:34:01+02;1309
2016-06-18 16:54:01+02;1299
2016-06-18 17:04:01+02;1289
2016-06-18 18:28:01+02;1279
2016-06-18 19:13:01+02;1269
2016-06-18 19:43:01+02;1259
2016-06-18 22:01:01+02;1419
2016-06-19 05:49:01+02;1349
2016-06-19 07:14:01+02;1339
2016-06-19 09:16:01+02;1329
2016-06-19 11:44:01+02;1319
2016-06-19 12:02:01+02;1359
2016-06-19 12:52:01+02;1349
2016-06-19 14:03:01+02;1339
2016-06-19 14:13:01+02;1309
2016-06-19 16:33:01+02;1289
2016-06-19 18:33:01+02;1269
2016-06-19 19:13:01+02;1259
2016-06-19 22:01:01+02;1419
2016-06-20 05:49:01+02;1339
2016-06-20 07:34:01+02;1339
2016-06-20 15:47:01+02;1289
2016-06-20 16:24:01+02;1279
2016-06-20 17:34:01+02;1279
2016-06-20 17:37:01+02;1269
2016-06-20 17:52:01+02;1269
2016-06-20 19:04:01+02;1269
2016-06-20 22:02:01+02;1429
2016-06-21 05:48:01+02;1339
2016-06-21 07:21:01+02;1329
2016-06-21 12:01:01+02;1369
2016-06-21 12:13:01+02;1359
2016-06-21 14:04:01+02;1349
2016-06-21 14:20:01+02;1309
2016-06-21 15:01:01+02;1299
2016-06-21 15:07:01+02;1279
2016-06-21 16:34:01+02;1269
2016-06-21 18:13:01+02;1269
2016-06-21 18:43:01+02;1269
2016-06-21 22:02:01+02;1439
2016-06-22 05:49:01+02;1349
2016-06-22 06:34:02+02;1349
2016-06-22 07:14:01+02;1349
2016-06-22 09:04:01+02;1339
2016-06-22 09:07:01+02;1339
2016-06-22 10:04:01+02;1329
2016-06-22 10:06:01+02;1329
2016-06-22 11:47:01+02;1309
2016-06-22 12:02:01+02;1349
2016-06-22 12:31:01+02;1339
2016-06-22 14:04:01+02;1329
2016-06-22 14:16:01+02;1319
2016-06-22 14:19:01+02;1289
2016-06-22 14:52:01+02;1279
2016-06-22 16:34:01+02;1279
2016-06-22 22:01:00+02;1439
2016-06-23 05:47:01+02;1359
2016-06-23 07:02:01+02;1349
2016-06-23 07:13:01+02;1339
2016-06-23 07:35:01+02;1339
2016-06-23 10:22:01+02;1329
2016-06-23 12:01:01+02;1369
2016-06-23 12:13:01+02;1359
2016-06-23 14:04:01+02;1349
2016-06-23 14:07:01+02;1289
2016-06-23 15:14:01+02;1289
2016-06-23 17:04:01+02;1289
2016-06-23 22:02:01+02;1439
2016-06-24 05:23:01+02;1359
2016-06-24 07:31:01+02;1359
2016-06-24 10:52:01+02;1359
2016-06-24 12:01:01+02;1399
2016-06-24 12:31:01+02;1379
2016-06-24 14:04:01+02;1369
2016-06-24 14:52:01+02;1339
2016-06-24 15:31:01+02;1329
2016-06-24 16:42:01+02;1299
2016-06-24 17:27:02+02;1299
2016-06-24 20:07:01+02;1299
2016-06-24 21:27:01+02;1299
2016-06-24 22:02:01+02;1439
2016-06-25 05:47:01+02;1419
2016-06-25 06:23:01+02;1359
2016-06-25 09:44:01+02;1359
2016-06-25 09:53:01+02;1349
2016-06-25 10:23:01+02;1339
2016-06-25 12:01:02+02;1379
2016-06-25 14:03:01+02;1359
2016-06-25 14:38:01+02;1299
2016-06-25 15:34:01+02;1299
2016-06-25 16:43:01+02;1299
2016-06-25 22:01:01+02;1439
2016-06-26 06:25:01+02;1369
2016-06-26 07:25:01+02;1299
2016-06-26 11:14:01+02;1299
2016-06-26 12:03:01+02;1339
2016-06-26 12:43:01+02;1309
2016-06-26 14:04:01+02;1299
2016-06-26 14:13:01+02;1299
2016-06-26 17:43:01+02;1299
2016-06-26 19:23:01+02;1299
2016-06-26 22:01:01+02;1439
2016-06-27 05:50:01+02;1319
2016-06-27 07:53:01+02;1319
2016-06-27 09:13:01+02;1299
2016-06-27 09:31:01+02;1299
2016-06-27 11:04:01+02;1299
2016-06-27 12:02:01+02;1339
2016-06-27 12:13:01+02;1309
2016-06-27 14:03:02+02;1299
2016-06-27 14:36:01+02;1299
2016-06-27 22:02:01+02;1429
2016-06-28 05:49:01+02;1319
2016-06-28 07:04:01+02;1319
2016-06-28 08:57:01+02;1289
2016-06-28 09:22:01+02;1289
2016-06-28 10:23:01+02;1289
2016-06-28 12:01:01+02;1329
2016-06-28 12:13:01+02;1309
2016-06-28 12:28:01+02;1299
2016-06-28 14:03:01+02;1289
2016-06-28 14:14:01+02;1289
2016-06-28 14:53:01+02;1289
2016-06-28 15:22:01+02;1289
2016-06-28 19:31:01+02;1289
2016-06-28 22:01:01+02;1429
2016-06-29 05:48:01+02;1349
2016-06-29 07:42:01+02;1339
2016-06-29 09:43:01+02;1329
2016-06-29 12:01:01+02;1369
2016-06-29 12:23:01+02;1329
2016-06-29 13:57:01+02;1319
2016-06-29 14:29:01+02;1299
2016-06-29 14:38:01+02;1289
2016-06-29 15:07:01+02;1279
2016-06-29 22:02:01+02;1419
2016-06-30 05:49:02+02;1349
2016-06-30 07:07:01+02;1339
2016-06-30 08:53:01+02;1329
2016-06-30 11:17:01+02;1319
2016-06-30 12:02:01+02;1359
2016-06-30 12:05:01+02;1349
2016-06-30 12:51:01+02;1339
2016-06-30 13:48:01+02;1329
2016-06-30 14:16:01+02;1289
2016-06-30 14:38:01+02;1289
2016-06-30 15:17:01+02;1289
2016-06-30 22:01:01+02;1419
2016-07-01 05:34:01+02;1339
2016-07-01 06:58:01+02;1329
2016-07-01 10:23:01+02;1319
2016-07-01 12:01:02+02;1359
2016-07-01 12:17:01+02;1329
2016-07-01 13:48:01+02;1319
2016-07-01 14:37:01+02;1289
2016-07-01 22:03:01+02;1419
2016-07-02 05:36:01+02;1409
2016-07-02 05:59:01+02;1359
2016-07-02 06:17:01+02;1289
2016-07-02 10:15:01+02;1289
2016-07-02 10:23:01+02;1289
2016-07-02 12:01:01+02;1329
2016-07-02 12:23:01+02;1289
2016-07-02 13:48:01+02;1289
2016-07-02 14:28:01+02;1289
2016-07-02 14:35:01+02;1289
2016-07-02 22:03:01+02;1419
2016-07-03 05:33:01+02;1399
2016-07-03 06:18:01+02;1359
2016-07-03 07:05:01+02;1339
2016-07-03 09:05:01+02;1339
2016-07-03 10:56:01+02;1329
2016-07-03 11:26:01+02;1319
2016-07-03 12:01:01+02;1359
2016-07-03 13:50:01+02;1349
2016-07-03 14:22:01+02;1319
2016-07-03 14:56:01+02;1309
2016-07-03 18:08:01+02;1299
2016-07-03 20:38:01+02;1289
2016-07-03 22:02:01+02;1419
2016-07-04 05:35:01+02;1359
2016-07-04 08:05:01+02;1329
2016-07-04 08:41:01+02;1319
2016-07-04 10:47:01+02;1309
2016-07-04 12:02:01+02;1349
2016-07-04 12:05:01+02;1339
2016-07-04 13:48:01+02;1329
2016-07-04 14:22:01+02;1319
2016-07-04 15:02:01+02;1289
2016-07-04 16:11:01+02;1289
2016-07-04 22:02:01+02;1419
2016-07-05 05:32:01+02;1339
2016-07-05 07:17:01+02;1329
2016-07-05 10:26:01+02;1309
2016-07-05 12:02:01+02;1349
2016-07-05 12:17:01+02;1339
2016-07-05 13:45:01+02;1329
2016-07-05 14:04:02+02;1309
2016-07-05 14:17:01+02;1299
2016-07-05 15:05:01+02;1289
2016-07-05 16:21:01+02;1289
2016-07-05 22:01:01+02;1409
2016-07-06 05:32:01+02;1349
2016-07-06 07:36:01+02;1319
2016-07-06 10:35:01+02;1299
2016-07-06 11:16:02+02;1299
2016-07-06 12:02:01+02;1339
2016-07-06 12:17:01+02;1329
2016-07-06 12:49:01+02;1319
2016-07-06 13:47:01+02;1309
2016-07-06 14:01:01+02;1299
2016-07-06 14:47:01+02;1279
2016-07-06 14:56:01+02;1269
2016-07-06 16:28:01+02;1269
2016-07-06 16:35:01+02;1269
2016-07-06 18:23:01+02;1249
2016-07-06 22:01:01+02;1389
2016-07-07 05:34:01+02;1269
2016-07-07 07:35:01+02;1269
2016-07-07 09:45:01+02;1239
2016-07-07 12:01:01+02;1279
2016-07-07 12:05:01+02;1259
2016-07-07 13:36:01+02;1249
2016-07-07 14:56:01+02;1239
2016-07-07 22:01:01+02;1389
2016-07-08 05:34:01+02;1259
2016-07-08 07:34:01+02;1259
2016-07-08 09:22:01+02;1239
2016-07-08 09:47:01+02;1239
2016-07-08 11:26:01+02;1239
2016-07-08 12:01:01+02;1279
2016-07-08 12:16:01+02;1259
2016-07-08 12:24:01+02;1259
2016-07-08 13:50:01+02;1249
2016-07-08 14:04:01+02;1239
2016-07-08 15:51:01+02;1239
2016-07-08 17:56:01+02;1239
2016-07-08 18:29:01+02;1239
2016-07-08 22:02:01+02;1399
2016-07-09 05:32:01+02;1369
2016-07-09 06:12:01+02;1339
2016-07-09 06:31:01+02;1319
2016-07-09 08:56:02+02;1319
2016-07-09 10:59:01+02;1299
2016-07-09 11:25:01+02;1279
2016-07-09 12:01:01+02;1319
2016-07-09 12:24:01+02;1319
2016-07-09 13:49:01+02;1309
2016-07-09 14:17:01+02;1279
2016-07-09 15:47:01+02;1279
2016-07-09 16:35:01+02;1279
2016-07-09 17:26:01+02;1269
2016-07-09 18:20:01+02;1259
2016-07-09 19:19:01+02;1249
2016-07-09 20:55:01+02;1249
2016-07-09 22:01:01+02;1399
2016-07-10 05:32:01+02;1389
2016-07-10 06:19:01+02;1349
2016-07-10 07:38:01+02;1319
2016-07-10 09:02:01+02;1289
2016-07-10 09:56:01+02;1279
2016-07-10 12:01:01+02;1319
2016-07-10 13:46:01+02;1299
2016-07-10 14:38:01+02;1279
2016-07-10 15:05:01+02;1269
2016-07-10 20:47:01+02;1259
2016-07-10 22:01:01+02;1399
2016-07-11 05:27:01+02;1329
2016-07-11 08:28:01+02;1319
2016-07-11 08:35:01+02;1319
2016-07-11 08:47:01+02;1309
2016-07-11 09:46:01+02;1309
2016-07-11 11:05:01+02;1299
2016-07-11 12:01:01+02;1339
2016-07-11 12:17:01+02;1339
2016-07-11 13:47:01+02;1329
2016-07-11 13:53:01+02;1299
2016-07-11 14:05:01+02;1299
2016-07-11 14:47:01+02;1279
2016-07-11 14:56:01+02;1279
2016-07-11 15:30:01+02;1269
2016-07-11 16:47:01+02;1269
2016-07-11 17:47:01+02;1259
2016-07-11 19:47:01+02;1249
2016-07-11 22:01:01+02;1389
2016-07-12 05:17:01+02;1309
2016-07-12 07:01:01+02;1299
2016-07-12 07:35:01+02;1289
2016-07-12 09:53:01+02;1279
2016-07-12 10:05:01+02;1279
2016-07-12 12:02:01+02;1319
2016-07-12 12:23:01+02;1299
2016-07-12 12:35:01+02;1299
2016-07-12 13:47:01+02;1289
2016-07-12 14:05:01+02;1269
2016-07-12 15:04:01+02;1259
2016-07-12 16:17:01+02;1249
2016-07-12 17:00:01+02;1249
2016-07-12 22:01:02+02;1379
2016-07-13 05:32:01+02;1309
2016-07-13 06:56:02+02;1279
2016-07-13 10:16:01+02;1269
2016-07-13 10:26:01+02;1269
2016-07-13 11:26:01+02;1269
2016-07-13 12:01:01+02;1309
2016-07-13 12:13:01+02;1299
2016-07-13 12:25:01+02;1299
2016-07-13 12:32:01+02;1299
2016-07-13 13:48:01+02;1289
2016-07-13 14:20:01+02;1269
2016-07-13 15:17:01+02;1259
2016-07-13 17:23:01+02;1249
2016-07-13 18:26:01+02;1239
2016-07-13 22:01:01+02;1379
2016-07-14 05:33:01+02;1309
2016-07-14 07:29:01+02;1289
2016-07-14 09:56:01+02;1279
2016-07-14 10:33:01+02;1269
2016-07-14 11:17:01+02;1269
2016-07-14 12:02:01+02;1309
2016-07-14 12:17:01+02;1299
2016-07-14 12:48:01+02;1299
2016-07-14 13:45:01+02;1289
2016-07-14 14:04:01+02;1259
2016-07-14 14:38:01+02;1249
2016-07-14 14:41:01+02;1239
2016-07-14 15:11:01+02;1239
2016-07-14 22:01:01+02;1379
2016-07-15 05:33:01+02;1259
2016-07-15 08:43:01+02;1259
2016-07-15 09:16:01+02;1239
2016-07-15 09:47:01+02;1239
2016-07-15 11:35:01+02;1239
2016-07-15 12:02:01+02;1279
2016-07-15 12:24:01+02;1249
2016-07-15 13:48:01+02;1239
2016-07-15 14:05:01+02;1239
2016-07-15 14:47:01+02;1239
2016-07-15 16:27:01+02;1239
2016-07-15 19:23:01+02;1239
2016-07-15 22:02:01+02;1389
2016-07-16 05:54:01+02;1359
2016-07-16 06:35:01+02;1319
2016-07-16 09:41:01+02;1299
2016-07-16 12:02:01+02;1339
2016-07-16 12:47:01+02;1319
2016-07-16 13:48:01+02;1309
2016-07-16 14:25:01+02;1279
2016-07-16 16:24:01+02;1259
2016-07-16 18:38:01+02;1249
2016-07-16 22:05:01+02;1389
2016-07-17 05:41:01+02;1389
2016-07-17 06:50:01+02;1329
2016-07-17 07:55:01+02;1319
2016-07-17 09:47:01+02;1299
2016-07-17 12:02:01+02;1339
2016-07-17 13:48:01+02;1329
2016-07-17 14:17:01+02;1309
2016-07-17 15:54:01+02;1289
2016-07-17 16:26:01+02;1279
2016-07-17 22:01:01+02;1389
2016-07-18 05:33:01+02;1349
2016-07-18 06:47:01+02;1299
2016-07-18 11:47:01+02;1289
2016-07-18 12:01:01+02;1329
2016-07-18 12:47:01+02;1319
2016-07-18 13:49:01+02;1309
2016-07-18 14:05:02+02;1299
2016-07-18 14:16:01+02;1299
2016-07-18 14:42:01+02;1279
2016-07-18 16:02:01+02;1269
2016-07-18 19:56:01+02;1259
2016-07-18 22:01:00+02;1399
2016-07-19 05:26:01+02;1339
2016-07-19 05:56:01+02;1329
2016-07-19 08:04:01+02;1309
2016-07-19 08:17:01+02;1309
2016-07-19 08:23:01+02;1299
2016-07-19 10:53:01+02;1289
2016-07-19 11:06:01+02;1289
2016-07-19 12:00:01+02;1329
2016-07-19 12:13:01+02;1319
2016-07-19 12:20:01+02;1319
2016-07-19 13:43:01+02;1309
2016-07-19 14:16:01+02;1269
2016-07-19 17:55:01+02;1259
2016-07-19 19:37:01+02;1249
2016-07-19 19:47:01+02;1249
2016-07-19 22:01:01+02;1389
2016-07-20 05:34:01+02;1329
2016-07-20 07:26:01+02;1319
2016-07-20 08:11:01+02;1309
2016-07-20 09:11:02+02;1289
2016-07-20 09:45:01+02;1289
2016-07-20 12:02:01+02;1329
2016-07-20 12:13:01+02;1319
2016-07-20 12:25:02+02;1319
2016-07-20 12:50:01+02;1309
2016-07-20 13:49:01+02;1299
2016-07-20 14:08:01+02;1279
2016-07-20 14:38:01+02;1279
2016-07-20 22:01:01+02;1389
2016-07-21 05:17:01+02;1339
2016-07-21 06:17:01+02;1339
2016-07-21 07:34:01+02;1299
2016-07-21 12:01:01+02;1339
2016-07-21 12:16:01+02;1319
2016-07-21 12:47:01+02;1319
2016-07-21 13:49:01+02;1309
2016-07-21 14:56:01+02;1249
2016-07-21 16:24:01+02;1249
2016-07-21 22:01:01+02;1389
2016-07-22 05:26:01+02;1329
2016-07-22 07:26:01+02;1299
2016-07-22 11:49:01+02;1279
2016-07-22 12:01:02+02;1319
2016-07-22 12:17:01+02;1319
2016-07-22 13:48:01+02;1309
2016-07-22 14:25:01+02;1279
2016-07-22 16:24:01+02;1269
2016-07-22 16:38:01+02;1269
2016-07-22 19:38:01+02;1259
2016-07-22 22:02:01+02;1389
2016-07-23 05:34:01+02;1389
2016-07-23 05:59:01+02;1349
2016-07-23 06:17:01+02;1339
2016-07-23 07:18:01+02;1329
2016-07-23 08:37:01+02;1299
2016-07-23 12:01:01+02;1339
2016-07-23 12:03:01+02;1329
2016-07-23 12:16:01+02;1329
2016-07-23 12:22:01+02;1319
2016-07-23 13:49:01+02;1309
2016-07-23 14:34:01+02;1289
2016-07-23 14:37:01+02;1289
2016-07-23 16:18:01+02;1279
2016-07-23 19:47:01+02;1269
2016-07-23 22:01:01+02;1389
2016-07-24 06:19:01+02;1349
2016-07-24 07:17:01+02;1339
2016-07-24 09:26:01+02;1299
2016-07-24 09:56:01+02;1299
2016-07-24 12:01:01+02;1339
2016-07-24 12:16:01+02;1329
2016-07-24 12:51:01+02;1319
2016-07-24 13:48:01+02;1309
2016-07-24 14:23:01+02;1289
2016-07-24 22:01:01+02;1389
2016-07-25 05:35:01+02;1349
2016-07-25 05:49:01+02;1299
2016-07-25 12:01:01+02;1339
2016-07-25 12:07:01+02;1329
2016-07-25 14:32:01+02;1269
2016-07-25 15:41:01+02;1259
2016-07-25 16:10:01+02;1249
2016-07-25 19:16:01+02;1239
2016-07-25 22:01:01+02;1379
2016-07-26 05:34:01+02;1319
2016-07-26 07:10:01+02;1289
2016-07-26 12:02:01+02;1329
2016-07-26 12:13:01+02;1319
2016-07-26 12:23:01+02;1319
2016-07-26 12:33:01+02;1319
2016-07-26 13:49:01+02;1309
2016-07-26 14:01:01+02;1299
2016-07-26 14:20:01+02;1299
2016-07-26 14:23:01+02;1279
2016-07-26 14:38:01+02;1269
2016-07-26 17:08:01+02;1259
2016-07-26 19:26:01+02;1249
2016-07-26 22:02:01+02;1369
2016-07-27 05:34:02+02;1299
2016-07-27 07:08:02+02;1259
2016-07-27 08:38:01+02;1249
2016-07-27 09:20:02+02;1249
2016-07-27 12:01:01+02;1289
2016-07-27 12:08:01+02;1279
2016-07-27 13:49:01+02;1269
2016-07-27 14:38:01+02;1239
2016-07-27 20:08:01+02;1229
2016-07-27 22:02:01+02;1369
2016-07-28 05:36:01+02;1299
2016-07-28 05:51:01+02;1289
2016-07-28 06:56:01+02;1259
2016-07-28 11:06:01+02;1249
2016-07-28 11:26:01+02;1249
2016-07-28 12:02:01+02;1289
2016-07-28 12:20:01+02;1289
2016-07-28 12:23:01+02;1279
2016-07-28 13:49:01+02;1269
2016-07-28 14:05:01+02;1259
2016-07-28 14:15:01+02;1259
2016-07-28 14:19:01+02;1249
2016-07-28 14:23:01+02;1239
2016-07-28 16:15:01+02;1229
2016-07-28 22:02:01+02;1369
2016-07-29 05:36:01+02;1299
2016-07-29 06:56:01+02;1279
2016-07-29 09:53:01+02;1269
2016-07-29 09:59:01+02;1269
2016-07-29 11:28:02+02;1249
2016-07-29 12:02:01+02;1289
2016-07-29 12:28:01+02;1279
2016-07-29 13:49:01+02;1269
2016-07-29 14:17:02+02;1249
2016-07-29 14:42:01+02;1239
2016-07-29 19:56:01+02;1229
2016-07-29 22:02:01+02;1369
2016-07-30 05:36:01+02;1359
2016-07-30 06:13:01+02;1309
2016-07-30 08:09:01+02;1279
2016-07-30 11:04:01+02;1259
2016-07-30 11:06:01+02;1259
2016-07-30 12:01:01+02;1299
2016-07-30 12:17:01+02;1289
2016-07-30 12:40:01+02;1289
2016-07-30 13:49:01+02;1279
2016-07-30 13:55:01+02;1249
2016-07-30 14:43:01+02;1239
2016-07-30 22:01:01+02;1369
2016-07-31 05:32:01+02;1359
2016-07-31 06:19:01+02;1319
2016-07-31 07:17:01+02;1309
2016-07-31 10:27:01+02;1279
2016-07-31 12:01:01+02;1319
2016-07-31 12:17:01+02;1289
2016-07-31 12:51:01+02;1289
2016-07-31 13:49:01+02;1279
2016-07-31 14:17:01+02;1269
2016-07-31 14:46:01+02;1249
2016-07-31 21:08:01+02;1239
2016-07-31 22:02:01+02;1369
2016-08-01 05:37:01+02;1299
2016-08-01 08:44:01+02;1289
2016-08-01 10:23:01+02;1239
2016-08-01 12:02:01+02;1279
2016-08-01 12:27:01+02;1269
2016-08-01 13:51:01+02;1259
2016-08-01 14:04:01+02;1249
2016-08-01 14:13:01+02;1249
2016-08-01 14:23:01+02;1229
2016-08-01 20:02:01+02;1219
2016-08-01 22:02:02+02;1359
2016-08-02 05:33:01+02;1299
2016-08-02 06:33:01+02;1289
2016-08-02 07:47:01+02;1269
2016-08-02 10:15:01+02;1249
2016-08-02 10:23:01+02;1249
2016-08-02 12:02:01+02;1289
2016-08-02 12:47:01+02;1279
2016-08-02 13:49:01+02;1269
2016-08-02 13:55:01+02;1249
2016-08-02 14:39:01+02;1239
2016-08-02 20:47:01+02;1229
2016-08-02 22:02:01+02;1359
2016-08-03 05:33:01+02;1309
2016-08-03 08:23:01+02;1269
2016-08-03 10:43:01+02;1249
2016-08-03 10:56:01+02;1249
2016-08-03 12:02:01+02;1289
2016-08-03 12:08:01+02;1279
2016-08-03 13:51:01+02;1269
2016-08-03 14:04:01+02;1259
2016-08-03 14:19:01+02;1259
2016-08-03 14:56:01+02;1229
2016-08-03 18:59:01+02;1219
2016-08-03 22:02:01+02;1359
2016-08-04 05:19:01+02;1299
2016-08-04 08:05:01+02;1269
2016-08-04 08:39:01+02;1259
2016-08-04 10:07:01+02;1239
2016-08-04 10:17:01+02;1239
2016-08-04 12:02:01+02;1279
2016-08-04 13:49:01+02;1269
2016-08-04 14:04:01+02;1249
2016-08-04 14:17:01+02;1249
2016-08-04 14:24:01+02;1219
2016-08-04 15:08:01+02;1219
2016-08-04 22:02:01+02;1359
2016-08-05 05:35:01+02;1299
2016-08-05 07:39:01+02;1269
2016-08-05 10:08:01+02;1259
2016-08-05 11:24:01+02;1219
2016-08-05 12:02:01+02;1259
2016-08-05 12:09:01+02;1259
2016-08-05 13:49:01+02;1249
2016-08-05 14:24:01+02;1219
2016-08-05 22:02:01+02;1369
2016-08-06 05:35:01+02;1369
2016-08-06 06:08:01+02;1299
2016-08-06 08:39:01+02;1279
2016-08-06 12:02:01+02;1319
2016-08-06 13:48:01+02;1299
2016-08-06 14:23:01+02;1269
2016-08-06 14:55:01+02;1249
2016-08-06 20:23:01+02;1239
2016-08-06 22:02:01+02;1369
2016-08-07 06:19:01+02;1329
2016-08-07 07:17:01+02;1309
2016-08-07 09:47:01+02;1289
2016-08-07 10:55:01+02;1279
2016-08-07 12:02:01+02;1319
2016-08-07 12:17:01+02;1319
2016-08-07 13:49:01+02;1299
2016-08-07 14:25:01+02;1299
2016-08-07 14:46:01+02;1259
2016-08-07 20:16:01+02;1249
2016-08-07 22:02:01+02;1369
2016-08-08 05:35:01+02;1329
2016-08-08 06:19:01+02;1299
2016-08-08 06:46:01+02;1289
2016-08-08 10:19:01+02;1269
2016-08-08 11:23:01+02;1259
2016-08-08 12:02:01+02;1299
2016-08-08 12:17:01+02;1299
2016-08-08 12:44:01+02;1289
2016-08-08 12:51:01+02;1289
2016-08-08 13:49:01+02;1279
2016-08-08 14:24:01+02;1249
2016-08-08 19:55:01+02;1239
2016-08-08 22:01:01+02;1369
2016-08-09 05:33:01+02;1319
2016-08-09 07:04:01+02;1289
2016-08-09 08:08:01+02;1279
2016-08-09 10:13:01+02;1279
2016-08-09 12:02:01+02;1319
2016-08-09 12:28:01+02;1319
2016-08-09 12:43:01+02;1299
2016-08-09 12:51:01+02;1299
2016-08-09 13:25:01+02;1279
2016-08-09 14:27:01+02;1259
2016-08-09 14:39:02+02;1259
2016-08-09 16:39:01+02;1259
2016-08-09 19:17:01+02;1249
2016-08-09 22:02:01+02;1379
2016-08-10 05:35:01+02;1329
2016-08-10 07:08:01+02;1299
2016-08-10 10:33:01+02;1289
2016-08-10 10:47:01+02;1289
2016-08-10 12:02:01+02;1329
2016-08-10 13:48:01+02;1309
2016-08-10 14:05:01+02;1299
2016-08-10 14:47:01+02;1279
2016-08-10 16:25:01+02;1239
2016-08-10 19:47:01+02;1229
2016-08-10 22:02:01+02;1379
2016-08-11 05:19:01+02;1309
2016-08-11 06:47:02+02;1289
2016-08-11 11:48:01+02;1279
2016-08-11 12:01:01+02;1319
2016-08-11 12:40:01+02;1309
2016-08-11 13:48:01+02;1299
2016-08-11 14:39:01+02;1279
2016-08-11 16:31:01+02;1269
2016-08-11 16:53:01+02;1269
2016-08-11 19:03:01+02;1269
2016-08-11 19:09:01+02;1249
2016-08-11 19:31:01+02;1239
2016-08-11 22:02:01+02;1369
2016-08-12 05:17:02+02;1319
2016-08-12 07:37:01+02;1299
2016-08-12 08:47:01+02;1279
2016-08-12 09:39:01+02;1279
2016-08-12 10:59:01+02;1269
2016-08-12 12:01:01+02;1309
2016-08-12 12:39:02+02;1309
2016-08-12 12:46:01+02;1299
2016-08-12 13:39:01+02;1259
2016-08-12 16:25:01+02;1249
2016-08-12 17:39:01+02;1249
2016-08-12 19:25:01+02;1239
2016-08-12 19:46:01+02;1229
2016-08-12 22:02:01+02;1379
2016-08-13 05:33:01+02;1379
2016-08-13 05:59:01+02;1319
2016-08-13 06:17:01+02;1309
2016-08-13 07:17:01+02;1299
2016-08-13 09:13:01+02;1279
2016-08-13 09:21:02+02;1279
2016-08-13 11:08:01+02;1269
2016-08-13 12:01:01+02;1309
2016-08-13 12:17:01+02;1299
2016-08-13 12:40:01+02;1299
2016-08-13 13:49:01+02;1289
2016-08-13 14:37:01+02;1259
2016-08-13 14:47:01+02;1259
2016-08-13 17:39:01+02;1249
2016-08-13 19:37:01+02;1239
2016-08-13 22:02:01+02;1379
2016-08-14 05:32:01+02;1379
2016-08-14 06:17:01+02;1329
2016-08-14 07:27:01+02;1309
2016-08-14 10:51:01+02;1289
2016-08-14 12:02:01+02;1329
2016-08-14 12:24:01+02;1319
2016-08-14 13:49:01+02;1309
2016-08-14 14:32:01+02;1279
2016-08-14 15:33:01+02;1269
2016-08-14 17:17:01+02;1229
2016-08-14 19:55:01+02;1219
2016-08-14 22:01:01+02;1379
2016-08-15 05:35:01+02;1309
2016-08-15 06:29:01+02;1299
2016-08-15 06:40:02+02;1289
2016-08-15 07:27:01+02;1279
2016-08-15 09:39:01+02;1269
2016-08-15 09:47:01+02;1269
2016-08-15 12:02:01+02;1309
2016-08-15 12:15:01+02;1309
2016-08-15 13:42:01+02;1289
2016-08-15 14:23:01+02;1279
2016-08-15 14:43:01+02;1269
2016-08-15 14:53:01+02;1269
2016-08-15 17:19:01+02;1249
2016-08-15 19:03:01+02;1239
2016-08-15 22:01:01+02;1379
2016-08-16 05:33:01+02;1319
2016-08-16 06:12:01+02;1319
2016-08-16 08:27:01+02;1289
2016-08-16 09:56:01+02;1269
2016-08-16 12:01:01+02;1309
2016-08-16 12:27:01+02;1309
2016-08-16 13:48:01+02;1299
2016-08-16 14:24:01+02;1269
2016-08-16 15:08:01+02;1249
2016-08-16 17:03:01+02;1229
2016-08-16 22:01:01+02;1389
2016-08-17 05:33:01+02;1319
2016-08-17 06:07:01+02;1319
2016-08-17 06:27:01+02;1309
2016-08-17 07:56:02+02;1299
2016-08-17 09:23:01+02;1289
2016-08-17 09:39:01+02;1289
2016-08-17 12:02:01+02;1329
2016-08-17 12:27:01+02;1319
2016-08-17 12:39:01+02;1319
2016-08-17 13:48:01+02;1309
2016-08-17 14:15:01+02;1299
2016-08-17 14:27:01+02;1299
2016-08-17 15:07:01+02;1279
2016-08-17 16:11:01+02;1269
2016-08-17 17:25:01+02;1269
2016-08-17 19:47:01+02;1259
2016-08-17 22:01:01+02;1389
2016-08-18 05:33:01+02;1339
2016-08-18 06:27:01+02;1309
2016-08-18 10:03:02+02;1299
2016-08-18 10:19:01+02;1299
2016-08-18 12:02:01+02;1339
2016-08-18 12:17:01+02;1319
2016-08-18 12:53:01+02;1319
2016-08-18 13:51:01+02;1309
2016-08-18 14:16:01+02;1289
2016-08-18 18:35:01+02;1269
2016-08-18 18:47:01+02;1269
2016-08-18 21:09:01+02;1259
2016-08-18 22:01:01+02;1399
2016-08-19 05:35:01+02;1339
2016-08-19 06:39:01+02;1319
2016-08-19 09:05:01+02;1309
2016-08-19 09:07:01+02;1309
2016-08-19 11:39:01+02;1299
2016-08-19 12:01:01+02;1339
2016-08-19 12:08:01+02;1329
2016-08-19 12:52:01+02;1319
2016-08-19 13:48:01+02;1309
2016-08-19 14:23:01+02;1299
2016-08-19 14:35:01+02;1289
2016-08-19 14:40:01+02;1279
2016-08-19 14:53:01+02;1269
2016-08-19 20:08:01+02;1259
2016-08-19 22:02:01+02;1399
2016-08-20 05:33:01+02;1399
2016-08-20 06:19:01+02;1349
2016-08-20 07:08:01+02;1339
2016-08-20 08:59:01+02;1319
2016-08-20 12:01:01+02;1359
2016-08-20 12:17:01+02;1349
2016-08-20 13:08:01+02;1349
2016-08-20 13:48:01+02;1319
2016-08-20 14:11:01+02;1299
2016-08-20 15:17:01+02;1279
2016-08-20 20:08:01+02;1269
2016-08-20 22:01:01+02;1399
2016-08-21 05:33:01+02;1399
2016-08-21 06:19:01+02;1349
2016-08-21 07:56:01+02;1339
2016-08-21 08:56:01+02;1319
2016-08-21 09:55:01+02;1309
2016-08-21 12:02:01+02;1349
2016-08-21 12:05:01+02;1319
2016-08-21 13:48:01+02;1309
2016-08-21 14:39:01+02;1279
2016-08-21 20:08:01+02;1259
2016-08-21 22:02:01+02;1399
2016-08-22 05:37:01+02;1329
2016-08-22 07:17:01+02;1309
2016-08-22 12:02:01+02;1349
2016-08-22 12:17:01+02;1339
2016-08-22 12:51:01+02;1319
2016-08-22 13:49:02+02;1309
2016-08-22 14:13:01+02;1309
2016-08-22 14:41:01+02;1259
2016-08-22 16:39:01+02;1259
2016-08-22 19:16:01+02;1259
2016-08-22 20:08:01+02;1249
2016-08-22 22:02:01+02;1399
2016-08-23 05:33:01+02;1279
2016-08-23 12:01:01+02;1319
2016-08-23 12:23:01+02;1319
2016-08-23 12:31:02+02;1309
2016-08-23 13:49:01+02;1299
2016-08-23 14:33:01+02;1269
2016-08-23 14:42:01+02;1259
2016-08-23 22:02:01+02;1399
2016-08-24 05:33:01+02;1279
2016-08-24 09:35:01+02;1279
2016-08-24 09:42:01+02;1249
2016-08-24 12:01:01+02;1289
2016-08-24 12:03:01+02;1289
2016-08-24 13:49:01+02;1269
2016-08-24 14:21:01+02;1259
2016-08-24 15:11:01+02;1249
2016-08-24 22:01:01+02;1399
2016-08-25 05:33:01+02;1399
2016-08-25 06:19:01+02;1339
2016-08-25 06:47:01+02;1279
2016-08-25 11:27:01+02;1279
2016-08-25 12:01:01+02;1319
2016-08-25 12:47:01+02;1319
2016-08-25 13:49:01+02;1299
2016-08-25 14:09:01+02;1279
2016-08-25 14:39:01+02;1269
2016-08-25 17:39:01+02;1259
2016-08-25 22:01:01+02;1399
2016-08-26 05:33:01+02;1279
2016-08-26 10:11:01+02;1279
2016-08-26 12:02:01+02;1319
2016-08-26 12:17:01+02;1309
2016-08-26 12:40:01+02;1299
2016-08-26 13:49:01+02;1289
2016-08-26 14:27:01+02;1259
2016-08-26 22:02:02+02;1399
2016-08-27 05:35:01+02;1399
2016-08-27 06:09:01+02;1279
2016-08-27 10:56:01+02;1279
2016-08-27 12:01:01+02;1319
2016-08-27 12:15:01+02;1309
2016-08-27 13:49:01+02;1299
2016-08-27 14:51:01+02;1279
2016-08-27 15:39:01+02;1259
2016-08-27 16:41:01+02;1259
2016-08-27 20:17:01+02;1249
2016-08-27 22:02:01+02;1399
2016-08-28 05:33:01+02;1399
2016-08-28 06:19:01+02;1349
2016-08-28 06:55:01+02;1279
2016-08-28 11:23:01+02;1279
2016-08-28 12:02:01+02;1319
2016-08-28 12:52:02+02;1309
2016-08-28 13:48:01+02;1299
2016-08-28 14:17:01+02;1279
2016-08-28 14:39:01+02;1269
2016-08-28 17:08:01+02;1269
2016-08-28 20:17:01+02;1259
2016-08-28 22:02:01+02;1399
2016-08-29 05:36:02+02;1279
2016-08-29 08:56:01+02;1279
2016-08-29 12:01:01+02;1319
2016-08-29 13:49:01+02;1299
2016-08-29 14:08:01+02;1279
2016-08-29 14:47:01+02;1269
2016-08-29 20:08:01+02;1259
2016-08-29 22:01:02+02;1399
2016-08-30 05:35:01+02;1279
2016-08-30 12:02:01+02;1319
2016-08-30 12:08:01+02;1319
2016-08-30 13:48:01+02;1299
2016-08-30 14:07:01+02;1279
2016-08-30 16:08:01+02;1279
2016-08-30 17:55:01+02;1269
2016-08-30 18:47:01+02;1249
2016-08-30 22:01:00+02;1419
2016-08-31 05:17:01+02;1279
2016-08-31 09:29:01+02;1279
2016-08-31 11:31:01+02;1279
2016-08-31 12:02:01+02;1319
2016-08-31 12:26:01+02;1309
2016-08-31 13:47:01+02;1299
2016-08-31 13:52:01+02;1299
2016-08-31 13:58:01+02;1279
2016-08-31 14:41:01+02;1269
2016-08-31 15:44:01+02;1269
2016-08-31 19:47:02+02;1259
2016-08-31 22:02:01+02;1399
2016-09-01 05:33:01+02;1279
2016-09-01 09:16:01+02;1279
2016-09-01 12:02:01+02;1319
2016-09-01 12:45:01+02;1309
2016-09-01 13:39:02+02;1299
2016-09-01 13:57:01+02;1299
2016-09-01 14:40:01+02;1269
2016-09-01 22:02:01+02;1389
2016-09-02 05:34:01+02;1389
2016-09-02 06:18:01+02;1349
2016-09-02 07:53:01+02;1279
2016-09-02 12:03:01+02;1319
2016-09-02 12:17:01+02;1319
2016-09-02 13:36:01+02;1299
2016-09-02 14:26:01+02;1279
2016-09-02 15:26:02+02;1269
2016-09-02 22:02:01+02;1389
2016-09-03 05:47:01+02;1379
2016-09-03 05:58:01+02;1349
2016-09-03 06:17:01+02;1279
2016-09-03 09:25:01+02;1269
2016-09-03 12:01:01+02;1309
2016-09-03 13:49:01+02;1289
2016-09-03 16:38:01+02;1249
2016-09-03 20:05:01+02;1239
2016-09-03 22:02:01+02;1389
2016-09-04 05:33:01+02;1379
2016-09-04 06:19:01+02;1349
2016-09-04 07:26:01+02;1279
2016-09-04 12:01:01+02;1319
2016-09-04 12:25:01+02;1309
2016-09-04 13:25:01+02;1279
2016-09-04 14:08:01+02;1269
2016-09-04 14:56:01+02;1249
2016-09-04 19:38:01+02;1239
2016-09-04 22:01:01+02;1389
2016-09-05 05:34:01+02;1279
2016-09-05 07:17:01+02;1269
2016-09-05 09:13:02+02;1269
2016-09-05 12:02:01+02;1309
2016-09-05 12:25:01+02;1299
2016-09-05 13:49:01+02;1289
2016-09-05 14:18:01+02;1279
2016-09-05 14:53:01+02;1259
2016-09-05 18:53:01+02;1249
2016-09-05 22:02:02+02;1389
2016-09-06 05:39:01+02;1279
2016-09-06 10:56:01+02;1269
2016-09-06 12:02:01+02;1309
2016-09-06 13:48:01+02;1299
2016-09-06 14:26:01+02;1279
2016-09-06 15:01:01+02;1269
2016-09-06 15:17:01+02;1269
2016-09-06 16:17:01+02;1269
2016-09-06 16:26:01+02;1269
2016-09-06 19:08:01+02;1249
2016-09-06 21:17:01+02;1249
2016-09-06 22:02:01+02;1389
2016-09-07 05:33:31+02;1279
2016-09-07 07:51:31+02;1279
2016-09-07 10:25:31+02;1269
2016-09-07 12:01:31+02;1309
2016-09-07 12:24:31+02;1309
2016-09-07 13:47:31+02;1299
2016-09-07 14:17:31+02;1279
2016-09-07 14:55:31+02;1259
2016-09-07 16:16:31+02;1259
2016-09-07 19:55:31+02;1249
2016-09-07 22:00:31+02;1389
2016-09-08 05:32:31+02;1279
2016-09-08 10:16:31+02;1279
2016-09-08 12:01:31+02;1319
2016-09-08 12:23:31+02;1309
2016-09-08 12:51:31+02;1309
2016-09-08 13:47:31+02;1299
2016-09-08 14:01:31+02;1259
2016-09-08 22:01:31+02;1399
2016-09-09 05:32:31+02;1399
2016-09-09 06:16:31+02;1359
2016-09-09 07:28:31+02;1329
2016-09-09 08:03:31+02;1279
2016-09-09 08:34:31+02;1279
2016-09-09 10:30:31+02;1279
2016-09-09 10:49:31+02;1279
2016-09-09 12:00:31+02;1319
2016-09-09 13:48:31+02;1309
2016-09-09 14:21:31+02;1309
2016-09-09 14:36:31+02;1309
2016-09-09 16:47:31+02;1299
2016-09-09 17:22:31+02;1279
2016-09-09 22:00:31+02;1419
2016-09-10 05:32:31+02;1409
2016-09-10 06:16:31+02;1369
2016-09-10 08:42:31+02;1339
2016-09-10 12:00:31+02;1379
2016-09-10 12:15:31+02;1369
2016-09-10 12:51:31+02;1359
2016-09-10 13:48:31+02;1349
2016-09-10 15:22:31+02;1339
2016-09-10 17:13:31+02;1339
2016-09-10 22:00:31+02;1419
2016-09-11 05:32:31+02;1409
2016-09-11 06:17:31+02;1409
2016-09-11 09:18:31+02;1389
2016-09-11 12:00:31+02;1429
2016-09-11 12:16:31+02;1389
2016-09-11 12:41:31+02;1369
2016-09-11 13:47:32+02;1329
2016-09-11 15:12:32+02;1319
2016-09-11 15:33:31+02;1309
2016-09-11 22:01:31+02;1419
2016-09-12 05:33:31+02;1409
2016-09-12 06:17:31+02;1389
2016-09-12 07:54:31+02;1259
2016-09-12 12:01:31+02;1299
2016-09-12 12:13:31+02;1299
2016-09-12 12:46:31+02;1269
2016-09-12 13:47:31+02;1269
2016-09-12 22:01:31+02;1419
2016-09-13 05:33:31+02;1379
2016-09-13 06:07:31+02;1339
2016-09-13 10:17:31+02;1309
2016-09-13 12:01:31+02;1349
2016-09-13 12:22:31+02;1339
2016-09-13 12:37:31+02;1329
2016-09-13 13:48:31+02;1319
2016-09-13 14:18:31+02;1289
2016-09-13 17:36:31+02;1289
2016-09-13 17:54:31+02;1279
2016-09-13 18:03:31+02;1259
2016-09-13 18:16:31+02;1259
2016-09-13 22:01:31+02;1419
2016-09-14 05:24:31+02;1329
2016-09-14 07:37:31+02;1319
2016-09-14 12:00:31+02;1359
2016-09-14 12:51:31+02;1339
2016-09-14 13:48:31+02;1329
2016-09-14 15:45:31+02;1319
2016-09-14 16:24:31+02;1299
2016-09-14 17:25:31+02;1289
2016-09-14 17:57:32+02;1289
2016-09-14 18:45:31+02;1279
2016-09-14 19:24:31+02;1269
2016-09-14 22:00:31+02;1419
2016-09-15 05:36:31+02;1379
2016-09-15 06:10:31+02;1339
2016-09-15 07:16:31+02;1329
2016-09-15 12:02:31+02;1369
2016-09-15 12:07:31+02;1339
2016-09-15 13:48:31+02;1329
2016-09-15 14:14:31+02;1299
2016-09-15 14:32:32+02;1289
2016-09-15 15:17:31+02;1289
2016-09-15 16:35:31+02;1289
2016-09-15 16:37:31+02;1289
2016-09-15 17:50:31+02;1289
2016-09-15 19:05:31+02;1289
2016-09-15 19:45:31+02;1289
2016-09-15 20:15:31+02;1269
2016-09-15 22:00:31+02;1399
2016-09-16 05:32:31+02;1369
2016-09-16 06:08:31+02;1329
2016-09-16 07:46:31+02;1329
2016-09-16 07:55:31+02;1309
2016-09-16 08:20:31+02;1299
2016-09-16 10:45:31+02;1299
2016-09-16 12:01:31+02;1339
2016-09-16 12:16:31+02;1339
2016-09-16 13:47:31+02;1329
2016-09-16 14:03:31+02;1299
2016-09-16 14:22:31+02;1269
2016-09-16 15:24:31+02;1249
2016-09-16 19:25:31+02;1239
2016-09-16 20:24:31+02;1229
2016-09-16 22:01:31+02;1399
2016-09-17 05:33:31+02;1379
2016-09-17 05:58:32+02;1349
2016-09-17 06:15:31+02;1319
2016-09-17 08:46:31+02;1299
2016-09-17 11:24:31+02;1299
2016-09-17 12:00:31+02;1339
2016-09-17 13:47:31+02;1319
2016-09-17 14:10:31+02;1289
2016-09-17 16:16:31+02;1279
2016-09-17 19:33:31+02;1279
2016-09-17 22:01:31+02;1399
2016-09-18 06:17:31+02;1379
2016-09-18 07:15:31+02;1349
2016-09-18 08:49:31+02;1309
2016-09-18 09:36:31+02;1299
2016-09-18 11:26:31+02;1289
2016-09-18 12:02:31+02;1329
2016-09-18 13:47:31+02;1319
2016-09-18 14:17:31+02;1309
2016-09-18 14:24:31+02;1299
2016-09-18 14:54:31+02;1299
2016-09-18 16:15:31+02;1299
2016-09-18 16:34:31+02;1299
2016-09-18 16:53:31+02;1299
2016-09-18 17:32:31+02;1289
2016-09-18 18:44:31+02;1289
2016-09-18 19:30:31+02;1289
2016-09-18 20:48:31+02;1279
2016-09-18 22:02:31+02;1399
2016-09-19 05:16:31+02;1359
2016-09-19 07:12:32+02;1339
2016-09-19 07:24:31+02;1339
2016-09-19 08:42:31+02;1329
2016-09-19 10:46:31+02;1319
2016-09-19 12:00:31+02;1359
2016-09-19 12:46:31+02;1329
2016-09-19 13:46:31+02;1319
2016-09-19 14:14:31+02;1289
2016-09-19 18:31:31+02;1269
2016-09-19 20:15:31+02;1259
2016-09-19 22:01:30+02;1399
2016-09-20 05:34:31+02;1339
2016-09-20 06:58:31+02;1329
2016-09-20 07:03:31+02;1319
2016-09-20 07:16:31+02;1309
2016-09-20 11:10:31+02;1299
2016-09-20 12:00:31+02;1339
2016-09-20 12:16:31+02;1309
2016-09-20 12:33:31+02;1309
2016-09-20 13:47:31+02;1299
2016-09-20 14:14:31+02;1289
2016-09-20 16:36:31+02;1269
2016-09-20 17:16:31+02;1259
2016-09-20 19:16:31+02;1249
2016-09-20 22:01:31+02;1399
2016-09-21 05:32:31+02;1319
2016-09-21 06:29:31+02;1309
2016-09-21 09:19:31+02;1299
2016-09-21 12:01:31+02;1339
2016-09-21 12:15:31+02;1339
2016-09-21 12:34:31+02;1339
2016-09-21 13:48:31+02;1319
2016-09-21 14:36:31+02;1299
2016-09-21 16:01:31+02;1289
2016-09-21 16:51:31+02;1279
2016-09-21 17:04:31+02;1279
2016-09-21 17:25:31+02;1269
2016-09-21 19:46:31+02;1259
2016-09-21 22:01:31+02;1399
2016-09-22 05:32:31+02;1339
2016-09-22 08:37:31+02;1309
2016-09-22 09:03:31+02;1309
2016-09-22 10:30:31+02;1299
2016-09-22 12:00:31+02;1339
2016-09-22 12:46:31+02;1319
2016-09-22 13:48:31+02;1309
2016-09-22 14:16:31+02;1289
2016-09-22 14:41:31+02;1289
2016-09-22 15:06:31+02;1289
2016-09-22 16:50:31+02;1269
2016-09-22 17:45:31+02;1259
2016-09-22 18:35:31+02;1249
2016-09-22 18:49:31+02;1249
2016-09-22 20:10:31+02;1249
2016-09-22 22:02:31+02;1399
2016-09-23 05:33:31+02;1319
2016-09-23 08:33:31+02;1309
2016-09-23 09:46:32+02;1269
2016-09-23 11:27:31+02;1259
2016-09-23 12:00:31+02;1299
2016-09-23 12:23:31+02;1289
2016-09-23 13:48:31+02;1279
2016-09-23 14:18:31+02;1259
2016-09-23 14:44:31+02;1249
2016-09-23 15:10:31+02;1249
2016-09-23 22:01:31+02;1399
2016-09-24 05:33:31+02;1389
2016-09-24 06:04:31+02;1319
2016-09-24 07:46:32+02;1309
2016-09-24 08:52:31+02;1289
2016-09-24 11:19:31+02;1279
2016-09-24 12:03:31+02;1319
2016-09-24 12:24:31+02;1319
2016-09-24 13:48:31+02;1309
2016-09-24 14:34:31+02;1269
2016-09-24 14:55:31+02;1249
2016-09-24 22:01:31+02;1399
2016-09-25 05:32:31+02;1399
2016-09-25 06:17:31+02;1349
2016-09-25 07:09:31+02;1319
2016-09-25 08:37:31+02;1319
2016-09-25 10:07:31+02;1309
2016-09-25 10:46:31+02;1299
2016-09-25 11:09:31+02;1289
2016-09-25 12:01:31+02;1329
2016-09-25 13:48:31+02;1309
2016-09-25 15:19:31+02;1279
2016-09-25 20:54:31+02;1269
2016-09-25 22:01:31+02;1399
2016-09-26 05:34:31+02;1349
2016-09-26 07:16:31+02;1329
2016-09-26 07:24:32+02;1299
2016-09-26 10:43:31+02;1289
2016-09-26 12:01:31+02;1329
2016-09-26 12:16:31+02;1329
2016-09-26 13:45:31+02;1319
2016-09-26 14:03:31+02;1289
2016-09-26 14:32:31+02;1279
2016-09-26 17:10:31+02;1269
2016-09-26 18:23:31+02;1269
2016-09-26 18:48:31+02;1269
2016-09-26 19:54:31+02;1259
2016-09-26 22:03:31+02;1399
2016-09-27 05:32:31+02;1329
2016-09-27 06:46:31+02;1309
2016-09-27 07:25:31+02;1299
2016-09-27 11:40:31+02;1299
2016-09-27 12:01:31+02;1339
2016-09-27 12:25:31+02;1329
2016-09-27 13:48:31+02;1319
2016-09-27 14:14:31+02;1289
2016-09-27 17:31:31+02;1249
2016-09-27 18:01:31+02;1249
2016-09-27 22:01:31+02;1399
2016-09-28 05:32:31+02;1319
2016-09-28 08:10:31+02;1299
2016-09-28 10:46:31+02;1289
2016-09-28 12:01:31+02;1329
2016-09-28 12:46:32+02;1319
2016-09-28 13:48:31+02;1309
2016-09-28 14:20:31+02;1279
2016-09-28 17:25:31+02;1269
2016-09-28 19:25:31+02;1259
2016-09-28 22:01:31+02;1399
2016-09-29 05:16:31+02;1329
2016-09-29 07:46:31+02;1299
2016-09-29 10:11:31+02;1279
2016-09-29 11:30:31+02;1269
2016-09-29 12:01:31+02;1309
2016-09-29 13:46:31+02;1299
2016-09-29 14:04:31+02;1269
2016-09-29 16:24:31+02;1259
2016-09-29 18:18:31+02;1249
2016-09-29 22:01:31+02;1419
2016-09-30 05:33:31+02;1329
2016-09-30 07:46:32+02;1319
2016-09-30 08:55:31+02;1319
2016-09-30 09:15:31+02;1319
2016-09-30 10:51:31+02;1309
2016-09-30 12:01:31+02;1359
2016-09-30 12:04:31+02;1329
2016-09-30 13:48:31+02;1319
2016-09-30 14:09:32+02;1279
2016-09-30 14:42:32+02;1269
2016-09-30 18:10:31+02;1259
2016-09-30 22:01:31+02;1419
2016-10-01 05:34:31+02;1409
2016-10-01 05:59:32+02;1359
2016-10-01 06:16:31+02;1329
2016-10-01 08:45:31+02;1319
2016-10-01 11:16:31+02;1309
2016-10-01 12:01:31+02;1349
2016-10-01 12:16:31+02;1349
2016-10-01 13:49:31+02;1339
2016-10-01 14:09:31+02;1309
2016-10-01 14:39:31+02;1299
2016-10-01 17:25:31+02;1289
2016-10-01 19:55:31+02;1279
2016-10-01 22:01:31+02;1419
2016-10-02 05:50:31+02;1419
2016-10-02 06:18:31+02;1379
2016-10-02 07:00:31+02;1359
2016-10-02 09:43:31+02;1329
2016-10-02 10:25:31+02;1319
2016-10-02 12:01:31+02;1359
2016-10-02 13:46:31+02;1349
2016-10-02 14:04:31+02;1309
2016-10-02 15:00:31+02;1309
2016-10-02 15:52:31+02;1279
2016-10-02 17:16:31+02;1269
2016-10-02 19:31:31+02;1259
2016-10-02 22:02:31+02;1419
2016-10-03 05:34:31+02;1409
2016-10-03 06:27:31+02;1359
2016-10-03 07:02:31+02;1339
2016-10-03 09:46:31+02;1329
2016-10-03 10:18:31+02;1319
2016-10-03 11:24:31+02;1309
2016-10-03 12:00:31+02;1349
2016-10-03 12:24:31+02;1339
2016-10-03 13:51:31+02;1329
2016-10-03 14:22:31+02;1319
2016-10-03 14:26:31+02;1289
2016-10-03 17:30:31+02;1289
2016-10-03 17:55:31+02;1259
2016-10-03 22:01:31+02;1419
2016-10-04 05:33:31+02;1329
2016-10-04 07:52:31+02;1319
2016-10-04 09:16:31+02;1309
2016-10-04 10:04:31+02;1309
2016-10-04 10:48:31+02;1309
2016-10-04 12:01:31+02;1349
2016-10-04 12:16:31+02;1339
2016-10-04 12:39:31+02;1339
2016-10-04 13:49:31+02;1329
2016-10-04 14:55:31+02;1309
2016-10-04 15:46:31+02;1289
2016-10-04 17:31:31+02;1279
2016-10-04 22:01:31+02;1429
2016-10-05 05:37:31+02;1349
2016-10-05 07:06:31+02;1339
2016-10-05 09:24:31+02;1329
2016-10-05 12:00:31+02;1369
2016-10-05 12:16:31+02;1339
2016-10-05 13:26:31+02;1329
2016-10-05 14:04:31+02;1289
2016-10-05 14:48:31+02;1289
2016-10-05 17:55:31+02;1279
2016-10-05 22:01:31+02;1439
2016-10-06 05:34:31+02;1359
2016-10-06 06:46:31+02;1359
2016-10-06 09:46:31+02;1349
2016-10-06 10:26:31+02;1339
2016-10-06 11:10:31+02;1339
2016-10-06 12:02:31+02;1379
2016-10-06 12:15:31+02;1359
2016-10-06 12:48:31+02;1329
2016-10-06 13:41:31+02;1319
2016-10-06 14:27:31+02;1289
2016-10-06 15:46:31+02;1289
2016-10-06 19:27:31+02;1289
2016-10-06 19:33:31+02;1289
2016-10-06 22:01:31+02;1439
2016-10-07 05:38:31+02;1359
2016-10-07 06:03:31+02;1359
2016-10-07 08:25:31+02;1339
2016-10-07 09:30:32+02;1339
2016-10-07 11:08:31+02;1329
2016-10-07 12:01:31+02;1369
2016-10-07 12:16:31+02;1349
2016-10-07 12:34:31+02;1339
2016-10-07 13:49:31+02;1329
2016-10-07 14:13:31+02;1329
2016-10-07 14:21:31+02;1299
2016-10-07 14:55:31+02;1289
2016-10-07 16:18:31+02;1289
2016-10-07 18:25:31+02;1289
2016-10-07 22:01:31+02;1439
2016-10-08 05:50:32+02;1409
2016-10-08 06:10:31+02;1359
2016-10-08 08:18:31+02;1339
2016-10-08 10:22:31+02;1319
2016-10-08 12:02:31+02;1359
2016-10-08 12:29:31+02;1349
2016-10-08 13:48:32+02;1339
2016-10-08 14:10:31+02;1309
2016-10-08 15:22:31+02;1299
2016-10-08 15:46:31+02;1299
2016-10-08 15:52:31+02;1289
2016-10-08 22:04:31+02;1439
2016-10-09 05:33:31+02;1429
2016-10-09 06:19:31+02;1389
2016-10-09 07:18:31+02;1359
2016-10-09 09:33:31+02;1339
2016-10-09 10:43:31+02;1319
2016-10-09 11:34:31+02;1309
2016-10-09 12:02:31+02;1349
2016-10-09 13:48:31+02;1339
2016-10-09 14:37:31+02;1309
2016-10-09 16:21:31+02;1299
2016-10-09 19:35:31+02;1289
2016-10-09 22:04:31+02;1439
2016-10-10 05:28:31+02;1369
2016-10-10 07:21:31+02;1339
2016-10-10 09:58:31+02;1339
2016-10-10 10:17:31+02;1319
2016-10-10 12:01:31+02;1359
2016-10-10 12:46:31+02;1349
2016-10-10 13:48:31+02;1339
2016-10-10 14:21:31+02;1319
2016-10-10 14:55:31+02;1309
2016-10-10 16:00:31+02;1289
2016-10-10 22:01:31+02;1449
2016-10-11 05:26:31+02;1369
2016-10-11 07:25:31+02;1349
2016-10-11 09:45:31+02;1339
2016-10-11 09:51:31+02;1339
2016-10-11 10:30:31+02;1339
2016-10-11 12:31:31+02;1369
2016-10-11 12:46:31+02;1359
2016-10-11 13:43:31+02;1349
2016-10-11 14:00:31+02;1319
2016-10-11 15:11:31+02;1299
2016-10-11 19:47:31+02;1289
2016-10-11 22:01:31+02;1449
2016-10-12 05:47:31+02;1359
2016-10-12 07:21:31+02;1349
2016-10-12 10:55:31+02;1339
2016-10-12 12:31:31+02;1369
2016-10-12 12:46:31+02;1359
2016-10-12 13:46:31+02;1339
2016-10-12 14:01:31+02;1309
2016-10-12 14:03:31+02;1309
2016-10-12 14:40:31+02;1299
2016-10-12 16:21:31+02;1289
2016-10-12 16:55:31+02;1289
2016-10-12 18:16:31+02;1279
2016-10-12 20:49:31+02;1279
2016-10-12 22:01:31+02;1449
2016-10-13 05:50:31+02;1359
2016-10-13 07:55:31+02;1329
2016-10-13 12:31:31+02;1359
2016-10-13 14:16:31+02;1339
2016-10-13 14:54:31+02;1319
2016-10-13 16:16:31+02;1299
2016-10-13 18:55:31+02;1289
2016-10-13 20:25:31+02;1289
2016-10-13 22:00:31+02;1449
2016-10-14 05:17:32+02;1369
2016-10-14 07:04:31+02;1359
2016-10-14 08:55:31+02;1349
2016-10-14 11:16:31+02;1339
2016-10-14 12:31:31+02;1369
2016-10-14 12:46:31+02;1339
2016-10-14 13:49:31+02;1339
2016-10-14 14:21:31+02;1309
2016-10-14 15:12:31+02;1299
2016-10-14 17:19:31+02;1289
2016-10-14 19:25:31+02;1279
2016-10-14 21:01:31+02;1269
2016-10-14 22:01:31+02;1449
2016-10-15 15:50:07+02;1309
2016-10-15 16:34:31+02;1299
2016-10-15 18:14:31+02;1289
2016-10-15 19:54:31+02;1279
2016-10-15 22:02:31+02;1449
2016-10-16 05:32:31+02;1429
2016-10-16 06:18:31+02;1399
2016-10-16 07:16:31+02;1349
2016-10-16 11:12:31+02;1319
2016-10-16 11:59:31+02;1309
2016-10-16 12:31:31+02;1339
2016-10-16 14:11:31+02;1309
2016-10-16 14:44:31+02;1299
2016-10-16 16:46:31+02;1289
2016-10-16 20:11:31+02;1279
2016-10-16 22:01:31+02;1449
2016-10-17 05:33:31+02;1349
2016-10-17 07:34:32+02;1349
2016-10-17 10:24:31+02;1289
2016-10-17 11:10:31+02;1279
2016-10-17 12:31:31+02;1309
2016-10-17 14:28:31+02;1299
2016-10-17 14:39:31+02;1279
2016-10-17 15:47:31+02;1279
2016-10-17 15:55:32+02;1269
2016-10-17 16:55:31+02;1269
2016-10-17 19:34:31+02;1269
2016-10-17 20:24:31+02;1259
2016-10-17 22:01:31+02;1449
2016-10-18 05:33:31+02;1349
2016-10-18 07:46:31+02;1339
2016-10-18 10:33:31+02;1339
2016-10-18 11:24:31+02;1309
2016-10-18 12:31:31+02;1339
2016-10-18 12:46:31+02;1339
2016-10-18 13:50:31+02;1339
2016-10-18 14:15:31+02;1309
2016-10-18 14:55:31+02;1299
2016-10-18 18:25:31+02;1289
2016-10-18 22:01:31+02;1449
2016-10-19 05:32:31+02;1359
2016-10-19 07:00:31+02;1349
2016-10-19 10:42:31+02;1319
2016-10-19 11:33:31+02;1309
2016-10-19 12:31:31+02;1339
2016-10-19 14:19:31+02;1319
2016-10-19 15:19:31+02;1309
2016-10-19 15:45:31+02;1299
2016-10-19 17:15:31+02;1289
2016-10-19 18:33:31+02;1279
2016-10-19 22:01:31+02;1449
2016-10-20 05:40:31+02;1349
2016-10-20 07:00:31+02;1339
2016-10-20 08:26:31+02;1329
2016-10-20 11:07:31+02;1299
2016-10-20 12:31:32+02;1329
2016-10-20 12:47:31+02;1319
2016-10-20 14:17:31+02;1309
2016-10-20 16:15:31+02;1289
2016-10-20 17:29:31+02;1279
2016-10-20 18:21:31+02;1279
2016-10-20 20:00:31+02;1279
2016-10-20 20:39:31+02;1269
2016-10-20 22:02:31+02;1449
2016-10-21 05:33:31+02;1349
2016-10-21 07:33:31+02;1339
2016-10-21 08:45:32+02;1329
2016-10-21 10:12:31+02;1329
2016-10-21 10:45:31+02;1299
2016-10-21 11:00:31+02;1289
2016-10-21 11:51:31+02;1289
2016-10-21 12:31:31+02;1319
2016-10-21 14:17:31+02;1309
2016-10-21 14:33:31+02;1289
2016-10-21 15:23:31+02;1279
2016-10-21 16:13:31+02;1279
2016-10-21 18:19:31+02;1269
2016-10-21 19:46:31+02;1269
2016-10-21 22:01:31+02;1449
2016-10-22 05:34:32+02;1419
2016-10-22 05:59:31+02;1409
2016-10-22 06:15:31+02;1349
2016-10-22 11:15:31+02;1339
2016-10-22 12:31:31+02;1369
2016-10-22 12:39:32+02;1319
2016-10-22 14:39:31+02;1299
2016-10-22 22:01:31+02;1449
2016-10-23 05:33:31+02;1439
2016-10-23 06:18:31+02;1409
2016-10-23 07:15:31+02;1369
2016-10-23 11:54:31+02;1349
2016-10-23 12:31:31+02;1379
2016-10-23 12:46:31+02;1379
2016-10-23 13:49:31+02;1359
2016-10-23 14:16:31+02;1319
2016-10-23 15:04:31+02;1299
2016-10-23 19:45:31+02;1279
2016-10-23 22:01:31+02;1449
2016-10-24 05:49:31+02;1359
2016-10-24 07:18:31+02;1349
2016-10-24 08:49:31+02;1349
2016-10-24 10:30:31+02;1339
2016-10-24 11:59:31+02;1319
2016-10-24 12:31:31+02;1349
2016-10-24 12:45:31+02;1319
2016-10-24 14:12:31+02;1289
2016-10-24 15:19:31+02;1279
2016-10-24 16:55:31+02;1279
2016-10-24 19:46:32+02;1259
2016-10-24 20:25:32+02;1259
2016-10-24 22:01:32+02;1449
2016-10-25 06:43:32+02;1349
2016-10-25 07:24:31+02;1339
2016-10-25 08:54:31+02;1339
2016-10-25 09:12:31+02;1339
2016-10-25 11:22:31+02;1329
2016-10-25 11:33:31+02;1329
2016-10-25 12:31:31+02;1359
2016-10-25 12:46:31+02;1339
2016-10-25 14:19:31+02;1309
2016-10-25 15:34:31+02;1299
2016-10-25 16:06:31+02;1299
2016-10-25 16:54:31+02;1289
2016-10-25 21:23:31+02;1279
2016-10-25 22:04:31+02;1459
2016-10-26 06:49:31+02;1359
2016-10-26 07:19:31+02;1349
2016-10-26 10:34:31+02;1339
2016-10-26 11:12:31+02;1299
2016-10-26 12:31:31+02;1329
2016-10-26 12:46:31+02;1319
2016-10-26 14:18:31+02;1279
2016-10-26 16:40:31+02;1279
2016-10-26 18:34:31+02;1269
2016-10-26 19:19:31+02;1269
2016-10-26 22:00:31+02;1459
2016-10-27 05:50:31+02;1369
2016-10-27 06:28:31+02;1359
2016-10-27 08:39:31+02;1349
2016-10-27 10:06:31+02;1319
2016-10-27 11:06:31+02;1299
2016-10-27 11:16:31+02;1299
2016-10-27 11:57:32+02;1289
2016-10-27 12:31:31+02;1319
2016-10-27 12:46:31+02;1309
2016-10-27 14:15:31+02;1289
2016-10-27 14:47:31+02;1279
2016-10-27 16:24:31+02;1279
2016-10-27 18:33:31+02;1279
2016-10-27 19:55:31+02;1259
2016-10-27 22:01:31+02;1449
2016-10-28 06:51:31+02;1359
2016-10-28 07:10:31+02;1349
2016-10-28 10:16:31+02;1349
2016-10-28 11:43:31+02;1299
2016-10-28 11:51:31+02;1289
2016-10-28 12:31:31+02;1319
2016-10-28 12:48:31+02;1309
2016-10-28 14:18:31+02;1299
2016-10-28 16:16:31+02;1279
2016-10-28 17:51:31+02;1279
2016-10-28 22:01:31+02;1449
2016-10-29 06:36:31+02;1359
2016-10-29 09:04:31+02;1349
2016-10-29 09:54:31+02;1319
2016-10-29 11:12:31+02;1309
2016-10-29 11:54:31+02;1299
2016-10-29 12:31:31+02;1329
2016-10-29 14:15:31+02;1299
2016-10-29 15:51:31+02;1289
2016-10-29 22:01:31+02;1449
2016-10-30 05:34:31+01;1409
2016-10-30 06:20:31+01;1399
2016-10-30 07:16:31+01;1349
2016-10-30 09:25:31+01;1339
2016-10-30 10:33:31+01;1319
2016-10-30 11:42:31+01;1299
2016-10-30 12:31:31+01;1329
2016-10-30 12:46:31+01;1319
2016-10-30 14:17:31+01;1299
2016-10-30 14:21:31+01;1289
2016-10-30 15:04:31+01;1289
2016-10-30 16:42:31+01;1289
2016-10-30 19:17:31+01;1289
2016-10-30 22:01:31+01;1449
2016-10-31 05:34:31+01;1349
2016-10-31 08:58:31+01;1349
2016-10-31 10:07:31+01;1339
2016-10-31 10:12:31+01;1339
2016-10-31 10:25:31+01;1309
2016-10-31 12:31:31+01;1339
2016-10-31 12:46:31+01;1339
2016-10-31 13:50:31+01;1339
2016-10-31 14:06:31+01;1339
2016-10-31 14:23:31+01;1309
2016-10-31 15:12:31+01;1299
2016-10-31 16:45:31+01;1289
2016-10-31 17:14:31+01;1269
2016-10-31 19:48:31+01;1269
2016-10-31 22:00:31+01;1449
2016-11-01 05:16:31+01;1349
2016-11-01 07:33:31+01;1339
2016-11-01 09:31:31+01;1329
2016-11-01 12:09:31+01;1319
2016-11-01 12:31:31+01;1349
2016-11-01 14:09:31+01;1309
2016-11-01 14:36:31+01;1299
2016-11-01 14:54:31+01;1289
2016-11-01 16:10:31+01;1279
2016-11-01 17:24:31+01;1269
2016-11-01 18:39:31+01;1269
2016-11-01 19:29:31+01;1259
2016-11-01 20:54:31+01;1259
2016-11-01 22:01:31+01;1439
2016-11-02 05:34:31+01;1349
2016-11-02 07:09:31+01;1339
2016-11-02 08:33:31+01;1329
2016-11-02 10:49:31+01;1319
2016-11-02 11:54:31+01;1289
2016-11-02 12:31:31+01;1319
2016-11-02 12:38:31+01;1309
2016-11-02 12:40:32+01;1309
2016-11-02 14:23:31+01;1289
2016-11-02 15:15:31+01;1279
2016-11-02 16:24:31+01;1279
2016-11-02 16:54:31+01;1269
2016-11-02 19:00:31+01;1259
2016-11-02 19:49:31+01;1249
2016-11-02 22:01:31+01;1419
2016-11-03 05:33:31+01;1329
2016-11-03 07:12:31+01;1319
2016-11-03 08:26:31+01;1299
2016-11-03 09:41:31+01;1289
2016-11-03 12:31:31+01;1319
2016-11-03 12:46:31+01;1309
2016-11-03 14:19:31+01;1279
2016-11-03 16:54:31+01;1269
2016-11-03 19:48:31+01;1249
2016-11-03 22:02:31+01;1399
2016-11-04 06:12:31+01;1329
2016-11-04 08:38:31+01;1299
2016-11-04 08:45:31+01;1289
2016-11-04 09:27:31+01;1279
2016-11-04 12:31:31+01;1309
2016-11-04 13:59:31+01;1299
2016-11-04 14:06:31+01;1269
2016-11-04 16:34:31+01;1259
2016-11-04 19:45:31+01;1239
2016-11-04 22:01:31+01;1399
2016-11-05 05:33:31+01;1389
2016-11-05 06:16:31+01;1369
2016-11-05 06:34:31+01;1299
2016-11-05 09:14:31+01;1299
2016-11-05 09:27:31+01;1299
2016-11-05 10:26:31+01;1299
2016-11-05 12:30:31+01;1329
2016-11-05 14:16:31+01;1309
2016-11-05 14:48:32+01;1299
2016-11-05 22:01:32+01;1399
2016-11-06 06:18:31+01;1399
2016-11-06 07:33:31+01;1299
2016-11-06 08:16:31+01;1289
2016-11-06 09:43:31+01;1279
2016-11-06 11:28:31+01;1269
2016-11-06 12:31:31+01;1299
2016-11-06 14:16:31+01;1279
2016-11-07 00:52:31+01;1399
2016-11-07 05:32:31+01;1339
2016-11-07 06:34:31+01;1339
2016-11-07 07:12:31+01;1329
2016-11-07 07:46:31+01;1299
2016-11-07 08:55:31+01;1299
2016-11-07 09:06:31+01;1299
2016-11-07 09:53:31+01;1249
2016-11-07 10:33:31+01;1239
2016-11-07 12:30:31+01;1269
2016-11-07 12:46:31+01;1259
2016-11-07 14:19:31+01;1239
2016-11-07 14:26:31+01;1239
2016-11-07 22:00:31+01;1389
2016-11-08 05:36:31+01;1319
2016-11-08 07:54:31+01;1309
2016-11-08 11:04:31+01;1299
2016-11-08 12:31:31+01;1329
2016-11-08 12:48:31+01;1319
2016-11-08 13:46:31+01;1319
2016-11-08 13:47:31+01;1299
2016-11-08 13:54:31+01;1269
2016-11-08 16:01:32+01;1259
2016-11-08 19:31:31+01;1249
2016-11-08 22:01:31+01;1389
2016-11-09 05:33:31+01;1319
2016-11-09 07:02:31+01;1319
2016-11-09 07:14:31+01;1289
2016-11-09 09:33:31+01;1289
2016-11-09 09:46:31+01;1279
2016-11-09 11:12:31+01;1269
2016-11-09 12:31:31+01;1299
2016-11-09 12:34:31+01;1299
2016-11-09 14:22:31+01;1269
2016-11-09 14:25:31+01;1259
2016-11-09 15:12:31+01;1249
2016-11-09 16:18:31+01;1239
2016-11-09 16:34:31+01;1239
2016-11-09 18:16:31+01;1229
2016-11-09 19:26:31+01;1219
2016-11-09 20:54:31+01;1209
2016-11-09 22:44:31+01;1389
2016-11-10 05:33:31+01;1309
2016-11-10 06:32:31+01;1299
2016-11-10 08:09:31+01;1289
2016-11-10 09:53:32+01;1279
2016-11-10 11:15:31+01;1269
2016-11-10 12:31:31+01;1299
2016-11-10 14:15:31+01;1279
2016-11-10 14:25:31+01;1269
2016-11-10 15:11:31+01;1259
2016-11-10 16:49:31+01;1249
2016-11-10 17:42:31+01;1249
2016-11-10 17:56:31+01;1239
2016-11-10 18:48:32+01;1229
2016-11-10 19:25:31+01;1229
2016-11-10 20:54:31+01;1219
2016-11-10 22:01:31+01;1389
2016-11-11 05:34:31+01;1309
2016-11-11 06:38:31+01;1299
2016-11-11 07:36:31+01;1289
2016-11-11 09:25:31+01;1279
2016-11-11 10:46:31+01;1269
2016-11-11 11:40:31+01;1269
2016-11-11 12:31:31+01;1299
2016-11-11 12:42:31+01;1289
2016-11-11 14:11:31+01;1269
2016-11-11 15:20:31+01;1249
2016-11-11 16:29:31+01;1239
2016-11-11 18:01:31+01;1229
2016-11-11 19:25:31+01;1229
2016-11-11 20:55:31+01;1219
2016-11-11 22:01:31+01;1389
2016-11-12 05:33:31+01;1369
2016-11-12 06:00:31+01;1309
2016-11-12 06:50:31+01;1299
2016-11-12 08:16:31+01;1289
2016-11-12 10:03:31+01;1279
2016-11-12 11:59:31+01;1269
2016-11-12 12:31:31+01;1299
2016-11-12 14:15:31+01;1269
2016-11-12 14:44:31+01;1269
2016-11-12 16:33:31+01;1269
2016-11-12 21:17:31+01;1249
2016-11-12 22:01:31+01;1389
2016-11-13 05:33:31+01;1379
2016-11-13 07:15:31+01;1289
2016-11-13 09:23:31+01;1279
2016-11-13 10:46:31+01;1269
2016-11-13 12:31:31+01;1299
2016-11-13 12:46:31+01;1299
2016-11-13 14:30:31+01;1269
2016-11-13 18:54:31+01;1259
2016-11-13 19:42:31+01;1259
2016-11-13 22:01:31+01;1389
2016-11-14 05:33:31+01;1339
2016-11-14 06:22:31+01;1299
2016-11-14 06:29:31+01;1289
2016-11-14 07:33:31+01;1279
2016-11-14 09:50:31+01;1269
2016-11-14 11:24:31+01;1269
2016-11-14 12:00:31+01;1259
2016-11-14 12:31:31+01;1289
2016-11-14 14:10:31+01;1259
2016-11-14 15:01:31+01;1249
2016-11-14 16:12:31+01;1239
2016-11-14 17:16:31+01;1229
2016-11-14 19:34:31+01;1229
2016-11-14 20:03:31+01;1219
2016-11-14 22:01:31+01;1379
2016-11-15 05:34:31+01;1309
2016-11-15 07:16:31+01;1299
2016-11-15 10:42:31+01;1279
2016-11-15 11:33:31+01;1269
2016-11-15 12:31:31+01;1299
2016-11-15 14:16:31+01;1279
2016-11-15 15:04:31+01;1259
2016-11-15 16:45:31+01;1249
2016-11-15 19:03:31+01;1249
2016-11-15 21:15:31+01;1249
2016-11-15 22:01:31+01;1379
2016-11-16 05:35:31+01;1329
2016-11-16 06:00:31+01;1309
2016-11-16 06:09:31+01;1279
2016-11-16 07:36:31+01;1269
2016-11-16 09:54:31+01;1259
2016-11-16 11:46:31+01;1259
2016-11-16 12:31:31+01;1289
2016-11-16 12:46:31+01;1279
2016-11-16 14:30:31+01;1259
2016-11-16 15:21:31+01;1249
2016-11-16 17:24:31+01;1239
2016-11-16 18:55:31+01;1229
2016-11-16 20:15:31+01;1219
2016-11-16 22:01:31+01;1379
2016-11-17 05:33:31+01;1309
2016-11-17 06:12:31+01;1279
2016-11-17 08:24:31+01;1269
2016-11-17 10:03:31+01;1259
2016-11-17 11:26:31+01;1259
2016-11-17 11:45:31+01;1249
2016-11-17 12:31:31+01;1279
2016-11-17 14:00:31+01;1269
2016-11-17 14:18:31+01;1239
2016-11-17 19:33:31+01;1219
2016-11-17 22:01:31+01;1389
2016-11-18 05:33:31+01;1319
2016-11-18 06:41:31+01;1309
2016-11-18 07:50:31+01;1299
2016-11-18 10:24:31+01;1289
2016-11-18 11:46:31+01;1279
2016-11-18 12:31:31+01;1309
2016-11-18 12:46:31+01;1299
2016-11-18 14:04:31+01;1289
2016-11-18 14:18:31+01;1279
2016-11-18 14:54:31+01;1269
2016-11-18 16:24:31+01;1259
2016-11-18 19:01:31+01;1249
2016-11-18 20:33:31+01;1249
2016-11-18 22:01:31+01;1389
2016-11-19 05:33:31+01;1379
2016-11-19 05:54:31+01;1289
2016-11-19 09:54:31+01;1289
2016-11-19 11:42:31+01;1249
2016-11-19 12:31:31+01;1279
2016-11-19 12:46:31+01;1259
2016-11-19 14:00:31+01;1239
2016-11-19 20:33:31+01;1229
2016-11-19 22:01:31+01;1389
2016-11-20 05:33:32+01;1369
2016-11-20 07:24:31+01;1289
2016-11-20 09:16:31+01;1279
2016-11-20 10:12:31+01;1279
2016-11-20 10:33:31+01;1249
2016-11-20 10:50:31+01;1239
2016-11-20 12:31:31+01;1269
2016-11-20 14:03:31+01;1249
2016-11-20 14:45:31+01;1239
2016-11-20 22:01:31+01;1389
2016-11-21 05:33:31+01;1319
2016-11-21 07:15:31+01;1289
2016-11-21 09:16:31+01;1279
2016-11-21 10:47:31+01;1279
2016-11-21 11:19:31+01;1269
2016-11-21 12:31:32+01;1299
2016-11-21 12:46:31+01;1299
2016-11-21 14:17:31+01;1289
2016-11-21 15:22:31+01;1259
2016-11-21 19:33:31+01;1249
2016-11-21 20:03:31+01;1239
2016-11-21 22:01:31+01;1399
2016-11-22 05:35:31+01;1329
2016-11-22 07:04:31+01;1299
2016-11-22 08:33:31+01;1289
2016-11-22 09:54:31+01;1279
2016-11-22 10:35:31+01;1279
2016-11-22 10:56:31+01;1279
2016-11-22 12:31:31+01;1309
2016-11-22 12:46:31+01;1299
2016-11-22 14:14:31+01;1279
2016-11-22 14:23:31+01;1269
2016-11-22 14:30:31+01;1259
2016-11-22 14:37:31+01;1249
2016-11-22 19:03:31+01;1249
2016-11-22 19:24:31+01;1239
2016-11-22 22:01:31+01;1409
2016-11-23 05:33:31+01;1329
2016-11-23 06:39:31+01;1319
2016-11-23 08:33:31+01;1309
2016-11-23 11:26:31+01;1309
2016-11-23 11:35:31+01;1289
2016-11-23 12:31:31+01;1319
2016-11-23 12:46:31+01;1319
2016-11-23 13:49:31+01;1309
2016-11-23 14:15:31+01;1289
2016-11-23 19:06:31+01;1269
2016-11-23 22:01:31+01;1419
2016-11-24 05:33:31+01;1349
2016-11-24 06:18:31+01;1329
2016-11-24 06:24:31+01;1319
2016-11-24 08:03:31+01;1309
2016-11-24 11:30:31+01;1299
2016-11-24 11:49:31+01;1289
2016-11-24 12:31:31+01;1319
2016-11-24 12:46:31+01;1319
2016-11-24 13:48:31+01;1309
2016-11-24 14:35:31+01;1279
2016-11-24 16:16:31+01;1269
2016-11-24 17:03:31+01;1259
2016-11-24 19:18:31+01;1249
2016-11-24 22:01:32+01;1429
2016-11-25 05:33:31+01;1329
2016-11-25 06:54:31+01;1319
2016-11-25 08:30:31+01;1309
2016-11-25 10:55:31+01;1299
2016-11-25 11:40:31+01;1289
2016-11-25 12:31:31+01;1319
2016-11-25 12:46:31+01;1319
2016-11-25 14:23:31+01;1309
2016-11-25 14:40:31+01;1279
2016-11-25 17:48:31+01;1269
2016-11-25 18:46:31+01;1269
2016-11-25 22:01:31+01;1429
2016-11-26 05:34:31+01;1409
2016-11-26 06:43:31+01;1339
2016-11-26 08:24:31+01;1329
2016-11-26 10:26:31+01;1319
2016-11-26 10:55:31+01;1279
2016-11-26 12:31:31+01;1309
2016-11-26 12:46:31+01;1299
2016-11-26 14:07:31+01;1279
2016-11-26 14:09:31+01;1269
2016-11-26 14:56:31+01;1269
2016-11-26 16:45:31+01;1259
2016-11-26 18:24:31+01;1239
2016-11-26 22:00:31+01;1429
2016-11-27 05:34:31+01;1389
2016-11-27 07:19:31+01;1339
2016-11-27 10:03:31+01;1329
2016-11-27 11:45:31+01;1319
2016-11-27 12:31:31+01;1349
2016-11-27 13:49:31+01;1339
2016-11-27 14:06:31+01;1299
2016-11-27 14:23:31+01;1289
2016-11-27 14:40:31+01;1279
2016-11-27 15:44:31+01;1269
2016-11-27 18:16:31+01;1239
2016-11-27 19:45:31+01;1239
2016-11-27 22:01:31+01;1429
2016-11-28 05:33:31+01;1339
2016-11-28 07:03:31+01;1329
2016-11-28 09:32:31+01;1319
2016-11-28 10:36:31+01;1309
2016-11-28 11:44:31+01;1299
2016-11-28 12:33:31+01;1329
2016-11-28 14:09:31+01;1299
2016-11-28 14:31:31+01;1289
2016-11-28 16:19:31+01;1279
2016-11-28 16:39:31+01;1269
2016-11-28 17:52:31+01;1259
2016-11-28 18:03:31+01;1259
2016-11-28 19:45:31+01;1249
2016-11-28 20:03:31+01;1239
2016-11-28 20:23:31+01;1239
2016-11-28 22:01:31+01;1419
2016-11-29 05:33:31+01;1339
2016-11-29 06:35:31+01;1319
2016-11-29 08:50:31+01;1309
2016-11-29 10:33:31+01;1299
2016-11-29 10:54:31+01;1289
2016-11-29 11:48:31+01;1279
2016-11-29 12:31:31+01;1309
2016-11-29 14:04:31+01;1289
2016-11-29 14:51:31+01;1269
2016-11-29 16:25:31+01;1259
2016-11-29 18:35:31+01;1249
2016-11-29 22:01:31+01;1419
2016-11-30 05:36:31+01;1339
2016-11-30 06:31:31+01;1319
2016-11-30 07:54:31+01;1309
2016-11-30 10:02:31+01;1299
2016-11-30 11:05:31+01;1289
2016-11-30 11:50:31+01;1289
2016-11-30 12:31:31+01;1319
2016-11-30 12:46:31+01;1309
2016-11-30 14:30:31+01;1289
2016-11-30 14:55:31+01;1279
2016-11-30 15:09:31+01;1269
2016-11-30 16:55:31+01;1259
2016-11-30 17:45:31+01;1249
2016-11-30 19:46:31+01;1239
2016-11-30 22:01:31+01;1419
2016-12-01 05:34:31+01;1339
2016-12-01 08:41:31+01;1329
2016-12-01 12:31:31+01;1359
2016-12-01 14:13:31+01;1299
2016-12-01 14:54:31+01;1279
2016-12-01 15:56:31+01;1279
2016-12-01 16:05:31+01;1259
2016-12-01 16:48:31+01;1249
2016-12-01 19:34:31+01;1249
2016-12-01 20:46:31+01;1249
2016-12-01 22:01:31+01;1429
2016-12-02 05:34:31+01;1349
2016-12-02 06:11:31+01;1339
2016-12-02 06:33:31+01;1329
2016-12-02 07:54:31+01;1319
2016-12-02 08:35:31+01;1309
2016-12-02 09:03:31+01;1279
2016-12-02 10:24:31+01;1269
2016-12-02 11:44:31+01;1259
2016-12-02 12:30:31+01;1289
2016-12-02 14:05:31+01;1269
2016-12-02 15:02:31+01;1269
2016-12-02 17:10:31+01;1249
2016-12-02 18:45:31+01;1249
2016-12-02 22:01:31+01;1449
2016-12-03 05:33:32+01;1399
2016-12-03 06:15:31+01;1369
2016-12-03 07:03:31+01;1349
2016-12-03 09:40:31+01;1339
2016-12-03 09:55:31+01;1329
2016-12-03 10:40:31+01;1329
2016-12-03 12:31:31+01;1359
2016-12-03 12:46:31+01;1349
2016-12-03 13:50:31+01;1339
2016-12-03 14:10:31+01;1299
2016-12-03 16:25:31+01;1289
2016-12-03 22:00:31+01;1449
2016-12-04 05:49:31+01;1439
2016-12-04 07:16:31+01;1369
2016-12-04 09:46:31+01;1359
2016-12-04 10:44:31+01;1349
2016-12-04 12:31:31+01;1379
2016-12-04 12:46:31+01;1349
2016-12-04 14:28:31+01;1319
2016-12-04 14:34:31+01;1319
2016-12-04 15:34:31+01;1299
2016-12-04 17:34:32+01;1289
2016-12-04 20:46:31+01;1269
2016-12-04 22:01:31+01;1449
2016-12-05 05:34:31+01;1369
2016-12-05 07:34:31+01;1359
2016-12-05 08:35:31+01;1349
2016-12-05 10:53:31+01;1339
2016-12-05 11:06:31+01;1319
2016-12-05 11:40:31+01;1309
2016-12-05 12:31:31+01;1339
2016-12-05 12:38:31+01;1339
2016-12-05 12:39:31+01;1329
2016-12-05 14:18:31+01;1319
2016-12-05 15:25:31+01;1309
2016-12-05 18:13:31+01;1299
2016-12-05 18:16:31+01;1289
2016-12-05 20:15:31+01;1279
2016-12-05 22:01:31+01;1459
2016-12-06 05:34:31+01;1369
2016-12-06 08:58:31+01;1359
2016-12-06 10:45:31+01;1349
2016-12-06 12:31:31+01;1379
2016-12-06 12:46:31+01;1379
2016-12-06 14:07:31+01;1369
2016-12-06 14:24:31+01;1369
2016-12-06 14:28:31+01;1349
2016-12-06 14:33:31+01;1339
2016-12-06 18:26:31+01;1309
2016-12-06 19:16:31+01;1279
2016-12-06 22:01:31+01;1459
2016-12-07 05:37:31+01;1369
2016-12-07 06:42:32+01;1359
2016-12-07 08:16:31+01;1349
2016-12-07 09:35:31+01;1339
2016-12-07 11:21:31+01;1329
2016-12-07 12:31:31+01;1359
2016-12-07 12:39:31+01;1349
2016-12-07 14:32:31+01;1339
2016-12-07 15:10:31+01;1319
2016-12-07 16:24:31+01;1309
2016-12-07 18:19:31+01;1309
2016-12-07 19:46:31+01;1299
2016-12-07 20:44:31+01;1289
2016-12-07 22:01:31+01;1459
2016-12-08 05:34:31+01;1369
2016-12-08 06:10:31+01;1359
2016-12-08 07:34:31+01;1349
2016-12-08 09:04:31+01;1349
2016-12-08 11:01:31+01;1339
2016-12-08 11:48:31+01;1319
2016-12-08 12:31:31+01;1349
2016-12-08 12:46:31+01;1339
2016-12-08 14:16:31+01;1319
2016-12-08 15:55:31+01;1309
2016-12-08 16:49:31+01;1299
2016-12-08 18:16:31+01;1289
2016-12-08 19:34:31+01;1279
2016-12-08 20:05:31+01;1269
2016-12-08 22:01:31+01;1459
2016-12-09 05:34:31+01;1359
2016-12-09 07:55:31+01;1349
2016-12-09 09:25:32+01;1349
2016-12-09 10:54:31+01;1339
2016-12-09 12:31:31+01;1369
2016-12-09 12:46:31+01;1359
2016-12-09 13:58:31+01;1329
2016-12-09 15:34:31+01;1319
2016-12-09 17:31:31+01;1309
2016-12-09 19:34:31+01;1299
2016-12-09 20:55:31+01;1299
2016-12-09 22:01:31+01;1459
2016-12-10 05:35:31+01;1449
2016-12-10 06:08:31+01;1369
2016-12-10 08:46:31+01;1359
2016-12-10 09:25:31+01;1359
2016-12-10 10:46:31+01;1349
2016-12-10 11:44:31+01;1339
2016-12-10 12:31:31+01;1369
2016-12-10 12:43:31+01;1369
2016-12-10 14:16:31+01;1349
2016-12-10 14:33:31+01;1339
2016-12-10 16:16:31+01;1329
2016-12-10 18:24:31+01;1319
2016-12-10 20:18:31+01;1299
2016-12-10 22:01:31+01;1459
2016-12-11 05:33:31+01;1449
2016-12-11 07:15:31+01;1359
2016-12-11 09:16:31+01;1349
2016-12-11 09:48:31+01;1339
2016-12-11 10:39:31+01;1329
2016-12-11 12:31:31+01;1359
2016-12-11 14:13:31+01;1349
2016-12-11 14:16:31+01;1319
2016-12-11 14:31:31+01;1309
2016-12-11 17:04:31+01;1299
2016-12-11 18:34:31+01;1289
2016-12-11 20:03:31+01;1279
2016-12-11 21:25:31+01;1269
2016-12-11 22:01:31+01;1459
2016-12-12 05:33:31+01;1359
2016-12-12 06:41:31+01;1349
2016-12-12 08:10:31+01;1339
2016-12-12 08:34:32+01;1339
2016-12-12 10:24:31+01;1329
2016-12-12 11:55:31+01;1319
2016-12-12 13:07:31+01;1349
2016-12-12 14:03:31+01;1329
2016-12-12 14:57:31+01;1319
2016-12-12 17:08:31+01;1299
2016-12-12 19:46:31+01;1289
2016-12-12 22:01:31+01;1469
2016-12-13 05:34:31+01;1389
2016-12-13 06:24:31+01;1389
2016-12-13 06:57:31+01;1359
2016-12-13 09:24:31+01;1349
2016-12-13 11:26:31+01;1339
2016-12-13 12:31:31+01;1369
2016-12-13 14:21:31+01;1339
2016-12-13 15:25:31+01;1289
2016-12-13 16:11:31+01;1289
2016-12-13 17:37:31+01;1289
2016-12-13 19:37:31+01;1289
2016-12-13 22:01:31+01;1469
2016-12-14 05:33:31+01;1379
2016-12-14 07:02:31+01;1369
2016-12-14 08:37:31+01;1359
2016-12-14 10:17:31+01;1349
2016-12-14 12:00:31+01;1339
2016-12-14 12:31:31+01;1369
2016-12-14 12:46:31+01;1359
2016-12-14 14:07:31+01;1339
2016-12-14 15:15:31+01;1329
2016-12-14 16:24:31+01;1319
2016-12-14 18:39:31+01;1309
2016-12-14 19:54:31+01;1309
2016-12-14 20:28:31+01;1299
2016-12-14 22:01:31+01;1469
2016-12-15 05:33:31+01;1389
2016-12-15 06:45:32+01;1379
2016-12-15 06:53:32+01;1369
2016-12-15 09:21:31+01;1359
2016-12-15 10:06:31+01;1359
2016-12-15 10:17:31+01;1339
2016-12-15 10:51:31+01;1329
2016-12-15 12:31:31+01;1359
2016-12-15 12:46:31+01;1349
2016-12-15 14:19:31+01;1339
2016-12-15 14:25:31+01;1319
2016-12-15 15:47:31+01;1309
2016-12-15 17:10:31+01;1299
2016-12-15 19:46:31+01;1289
2016-12-15 20:37:31+01;1279
2016-12-15 22:01:31+01;1469
2016-12-16 05:33:31+01;1379
2016-12-16 07:16:32+01;1369
2016-12-16 08:09:32+01;1309
2016-12-16 08:26:32+01;1299
2016-12-16 11:26:31+01;1299
2016-12-16 12:31:31+01;1329
2016-12-16 14:37:31+01;1279
2016-12-16 15:00:31+01;1279
2016-12-16 15:34:31+01;1279
2016-12-16 16:30:31+01;1279
2016-12-16 18:15:31+01;1279
2016-12-16 19:54:31+01;1279
2016-12-16 21:21:31+01;1279
2016-12-16 22:01:31+01;1469
2016-12-17 05:33:31+01;1429
2016-12-17 06:09:31+01;1379
2016-12-17 06:55:31+01;1369
2016-12-17 07:59:31+01;1359
2016-12-17 09:08:31+01;1349
2016-12-17 10:00:31+01;1339
2016-12-17 11:08:31+01;1329
2016-12-17 12:31:31+01;1359
2016-12-17 12:46:31+01;1349
2016-12-17 14:16:31+01;1329
2016-12-17 14:42:31+01;1309
2016-12-17 16:06:32+01;1299
2016-12-17 17:37:31+01;1289
2016-12-17 18:36:31+01;1279
2016-12-17 20:07:31+01;1279
2016-12-17 22:01:31+01;1469
2016-12-18 05:33:31+01;1429
2016-12-18 06:52:31+01;1379
2016-12-18 07:58:31+01;1369
2016-12-18 08:08:31+01;1369
2016-12-18 09:12:31+01;1359
2016-12-18 10:46:31+01;1349
2016-12-18 11:37:31+01;1349
2016-12-18 12:31:31+01;1379
2016-12-18 12:43:31+01;1359
2016-12-18 14:19:31+01;1339
2016-12-18 14:40:31+01;1329
2016-12-18 15:25:31+01;1319
2016-12-18 16:17:31+01;1309
2016-12-18 17:55:31+01;1299
2016-12-18 18:56:31+01;1289
2016-12-18 20:07:31+01;1279
2016-12-18 22:01:31+01;1469
2016-12-19 05:16:32+01;1379
2016-12-19 06:24:31+01;1369
2016-12-19 07:38:31+01;1359
2016-12-19 09:09:31+01;1349
2016-12-19 10:00:31+01;1339
2016-12-19 11:21:31+01;1329
2016-12-19 12:31:31+01;1359
2016-12-19 12:46:31+01;1349
2016-12-19 14:15:31+01;1329
2016-12-19 14:46:31+01;1309
2016-12-19 19:46:31+01;1299
2016-12-19 20:07:31+01;1289
2016-12-19 21:16:31+01;1279
2016-12-19 22:01:31+01;1479
2016-12-20 05:16:31+01;1389
2016-12-20 06:30:31+01;1379
2016-12-20 07:42:31+01;1369
2016-12-20 09:07:31+01;1359
2016-12-20 10:17:31+01;1349
2016-12-20 11:46:31+01;1349
2016-12-20 12:31:31+01;1379
2016-12-20 12:46:31+01;1349
2016-12-20 13:06:31+01;1339
2016-12-20 14:22:31+01;1319
2016-12-20 14:44:31+01;1309
2016-12-20 15:16:31+01;1299
2016-12-20 16:25:31+01;1289
2016-12-20 18:07:31+01;1289
2016-12-20 22:01:31+01;1479
2016-12-21 05:33:31+01;1389
2016-12-21 06:25:31+01;1379
2016-12-21 07:14:31+01;1369
2016-12-21 09:01:31+01;1359
2016-12-21 12:23:31+01;1359
2016-12-21 12:31:31+01;1389
2016-12-21 14:37:31+01;1359
2016-12-21 15:29:31+01;1339
2016-12-21 17:07:31+01;1329
2016-12-21 18:17:31+01;1319
2016-12-21 19:27:31+01;1309
2016-12-21 22:01:31+01;1489
2016-12-22 05:33:31+01;1389
2016-12-22 06:21:31+01;1379
2016-12-22 07:01:31+01;1369
2016-12-22 08:47:31+01;1359
2016-12-22 09:56:31+01;1349
2016-12-22 11:08:31+01;1339
2016-12-22 12:31:31+01;1369
2016-12-22 12:46:31+01;1359
2016-12-22 14:16:31+01;1339
2016-12-22 14:43:31+01;1329
2016-12-22 19:00:31+01;1319
2016-12-22 19:56:31+01;1309
2016-12-22 21:10:31+01;1299
2016-12-22 22:03:31+01;1489
2016-12-23 05:34:31+01;1389
2016-12-23 06:07:31+01;1379
2016-12-23 07:06:31+01;1369
2016-12-23 07:59:31+01;1359
2016-12-23 09:05:31+01;1349
2016-12-23 10:00:31+01;1339
2016-12-23 11:08:31+01;1329
2016-12-23 12:31:31+01;1359
2016-12-23 14:16:31+01;1319
2016-12-23 18:12:31+01;1319
2016-12-23 18:20:31+01;1319
2016-12-23 18:26:31+01;1309
2016-12-23 22:01:31+01;1489
2016-12-24 06:36:31+01;1389
2016-12-24 06:54:31+01;1379
2016-12-24 08:25:31+01;1369
2016-12-24 09:22:31+01;1359
2016-12-24 10:55:31+01;1349
2016-12-24 12:31:31+01;1379
2016-12-24 12:46:31+01;1369
2016-12-24 14:37:31+01;1329
2016-12-24 22:01:31+01;1489
2016-12-25 06:35:31+01;1469
2016-12-25 07:24:31+01;1389
2016-12-25 09:03:31+01;1379
2016-12-25 10:00:31+01;1369
2016-12-25 11:24:31+01;1359
2016-12-25 12:31:31+01;1389
2016-12-25 12:46:31+01;1379
2016-12-25 14:24:31+01;1349
2016-12-25 15:26:31+01;1339
2016-12-25 16:36:31+01;1329
2016-12-25 17:26:31+01;1319
2016-12-25 17:34:31+01;1309
2016-12-25 18:38:31+01;1299
2016-12-25 22:01:31+01;1489
2016-12-26 06:36:31+01;1439
2016-12-26 06:53:31+01;1389
2016-12-26 07:42:31+01;1379
2016-12-26 08:46:31+01;1369
2016-12-26 09:59:31+01;1359
2016-12-26 11:07:31+01;1349
2016-12-26 11:59:31+01;1339
2016-12-26 12:31:31+01;1369
2016-12-26 14:24:31+01;1329
2016-12-26 19:20:31+01;1319
2016-12-26 22:01:31+01;1489
2016-12-27 06:49:31+01;1399
2016-12-27 07:21:31+01;1389
2016-12-27 08:04:31+01;1379
2016-12-27 09:49:31+01;1369
2016-12-27 09:54:31+01;1369
2016-12-27 10:07:31+01;1359
2016-12-27 12:30:31+01;1389
2016-12-27 12:40:31+01;1379
2016-12-27 14:18:31+01;1319
2016-12-27 14:42:31+01;1309
2016-12-27 16:10:31+01;1309
2016-12-27 17:12:31+01;1299
2016-12-27 22:01:31+01;1489
2016-12-28 05:33:31+01;1399
2016-12-28 06:46:31+01;1389
2016-12-28 07:39:31+01;1379
2016-12-28 09:37:31+01;1369
2016-12-28 10:47:31+01;1359
2016-12-28 12:31:31+01;1389
2016-12-28 12:39:31+01;1379
2016-12-28 14:04:31+01;1349
2016-12-28 15:37:31+01;1339
2016-12-28 16:55:31+01;1329
2016-12-28 18:24:31+01;1319
2016-12-28 19:33:31+01;1309
2016-12-28 22:01:31+01;1499
2016-12-29 05:33:31+01;1399
2016-12-29 06:16:31+01;1389
2016-12-29 07:06:31+01;1379
2016-12-29 08:17:31+01;1369
2016-12-29 09:26:31+01;1359
2016-12-29 10:11:31+01;1349
2016-12-29 11:17:31+01;1339
2016-12-29 12:31:31+01;1369
2016-12-29 12:46:31+01;1359
2016-12-29 14:16:31+01;1349
2016-12-29 14:43:31+01;1339
2016-12-29 18:16:31+01;1329
2016-12-29 22:01:31+01;1499
2016-12-30 05:16:31+01;1409
2016-12-30 06:24:31+01;1399
2016-12-30 08:16:31+01;1389
2016-12-30 10:30:31+01;1379
2016-12-30 11:21:31+01;1369
2016-12-30 12:31:31+01;1399
2016-12-30 14:16:31+01;1359
2016-12-30 14:50:31+01;1349
2016-12-30 16:08:31+01;1339
2016-12-30 17:15:31+01;1329
2016-12-30 18:19:31+01;1319
2016-12-30 22:01:31+01;1499
2016-12-31 05:34:31+01;1449
2016-12-31 06:03:31+01;1399
2016-12-31 07:12:31+01;1389
2016-12-31 08:42:31+01;1379
2016-12-31 10:16:31+01;1369
2016-12-31 11:24:31+01;1359
2016-12-31 12:31:31+01;1389
2016-12-31 12:46:31+01;1379
2016-12-31 14:25:31+01;1349
2016-12-31 17:16:31+01;1339
2016-12-31 19:04:31+01;1329
2016-12-31 22:01:32+01;1499
2017-01-01 05:33:31+01;1479
2017-01-01 07:59:31+01;1469
2017-01-01 09:06:31+01;1449
2017-01-01 09:59:31+01;1429
2017-01-01 12:31:31+01;1459
2017-01-01 13:48:31+01;1439
2017-01-01 14:26:31+01;1429
2017-01-01 15:03:31+01;1399
2017-01-01 19:08:31+01;1389
2017-01-01 19:26:31+01;1369
2017-01-01 22:01:31+01;1499
2017-01-02 05:33:31+01;1489
2017-01-02 06:54:31+01;1449
2017-01-02 07:02:31+01;1439
2017-01-02 09:23:31+01;1429
2017-01-02 09:40:31+01;1409
2017-01-02 10:38:31+01;1379
2017-01-02 10:59:31+01;1369
2017-01-02 11:26:31+01;1359
2017-01-02 12:31:31+01;1389
2017-01-02 12:41:31+01;1379
2017-01-02 14:21:31+01;1349
2017-01-02 14:57:31+01;1349
2017-01-02 15:26:31+01;1339
2017-01-02 16:16:31+01;1339
2017-01-02 16:55:31+01;1329
2017-01-02 22:01:31+01;1489
2017-01-03 05:33:31+01;1409
2017-01-03 06:21:31+01;1399
2017-01-03 07:12:31+01;1389
2017-01-03 08:24:31+01;1379
2017-01-03 09:20:31+01;1369
2017-01-03 09:35:31+01;1369
2017-01-03 10:24:31+01;1359
2017-01-03 11:09:31+01;1359
2017-01-03 11:46:31+01;1329
2017-01-03 12:31:32+01;1359
2017-01-03 12:46:31+01;1349
2017-01-03 13:49:31+01;1349
2017-01-03 14:16:31+01;1339
2017-01-03 15:07:31+01;1319
2017-01-03 22:01:32+01;1479
2017-01-04 05:33:31+01;1409
2017-01-04 06:34:31+01;1399
2017-01-04 06:42:31+01;1389
2017-01-04 07:42:31+01;1379
2017-01-04 08:42:31+01;1369
2017-01-04 09:39:31+01;1359
2017-01-04 11:07:31+01;1349
2017-01-04 12:00:31+01;1339
2017-01-04 12:31:31+01;1369
2017-01-04 14:22:31+01;1339
2017-01-04 14:31:31+01;1329
2017-01-04 16:31:31+01;1319
2017-01-04 18:16:31+01;1319
2017-01-04 22:01:31+01;1499
2017-01-05 05:33:31+01;1409
2017-01-05 06:24:31+01;1399
2017-01-05 07:22:31+01;1389
2017-01-05 08:54:31+01;1379
2017-01-05 09:52:31+01;1369
2017-01-05 10:58:31+01;1359
2017-01-05 12:31:32+01;1389
2017-01-05 12:46:31+01;1379
2017-01-05 14:31:31+01;1359
2017-01-05 15:09:31+01;1349
2017-01-05 15:37:31+01;1339
2017-01-05 16:48:31+01;1329
2017-01-05 22:02:31+01;1499
2017-01-06 05:48:31+01;1409
2017-01-06 08:40:32+01;1399
2017-01-06 09:00:31+01;1389
2017-01-06 09:53:31+01;1379
2017-01-06 10:24:31+01;1379
2017-01-06 10:45:31+01;1369
2017-01-06 12:31:31+01;1399
2017-01-06 12:46:31+01;1389
2017-01-06 13:49:31+01;1379
2017-01-06 14:59:31+01;1309
2017-01-06 15:46:31+01;1309
2017-01-06 16:31:31+01;1309
2017-01-06 20:03:31+01;1309
2017-01-06 22:01:31+01;1499
2017-01-07 05:33:31+01;1449
2017-01-07 06:03:31+01;1409
2017-01-07 06:55:31+01;1399
2017-01-07 08:24:31+01;1389
2017-01-07 09:32:31+01;1379
2017-01-07 10:27:31+01;1369
2017-01-07 11:32:31+01;1359
2017-01-07 12:33:31+01;1389
2017-01-07 12:45:31+01;1379
2017-01-07 14:24:31+01;1359
2017-01-07 20:54:31+01;1329
2017-01-07 22:01:31+01;1499
2017-01-08 05:34:31+01;1479
2017-01-08 07:03:31+01;1409
2017-01-08 08:06:31+01;1399
2017-01-08 09:14:31+01;1389
2017-01-08 10:23:31+01;1379
2017-01-08 11:15:31+01;1369
2017-01-08 12:31:31+01;1399
2017-01-08 12:46:31+01;1389
2017-01-08 14:15:31+01;1369
2017-01-08 15:02:31+01;1359
2017-01-08 16:33:31+01;1329
2017-01-08 22:01:31+01;1499
2017-01-09 05:33:31+01;1409
2017-01-09 06:42:31+01;1399
2017-01-09 07:53:31+01;1389
2017-01-09 09:02:31+01;1379
2017-01-09 10:11:31+01;1369
2017-01-09 12:31:31+01;1399
2017-01-09 12:46:31+01;1389
2017-01-09 13:49:31+01;1379
2017-01-09 14:16:31+01;1339
2017-01-09 14:57:31+01;1319
2017-01-09 19:33:31+01;1309
2017-01-09 19:55:31+01;1299
2017-01-09 22:01:31+01;1499
2017-01-10 05:33:31+01;1399
2017-01-10 06:33:31+01;1389
2017-01-10 07:47:31+01;1379
2017-01-10 09:16:31+01;1369
2017-01-10 10:34:31+01;1359
2017-01-10 11:18:31+01;1349
2017-01-10 12:31:31+01;1379
2017-01-10 12:36:31+01;1369
2017-01-10 14:16:31+01;1359
2017-01-10 14:48:31+01;1339
2017-01-10 16:24:31+01;1329
2017-01-10 17:46:31+01;1319
2017-01-10 20:24:31+01;1309
2017-01-10 22:01:31+01;1489
2017-01-11 05:33:31+01;1399
2017-01-11 06:33:31+01;1389
2017-01-11 07:21:31+01;1379
2017-01-11 08:27:31+01;1369
2017-01-11 09:18:31+01;1359
2017-01-11 12:30:31+01;1389
2017-01-11 12:46:31+01;1369
2017-01-11 14:16:31+01;1359
2017-01-11 15:34:31+01;1339
2017-01-11 16:55:31+01;1329
2017-01-11 19:04:31+01;1319
2017-01-11 22:01:31+01;1479
2017-01-12 05:33:31+01;1399
2017-01-12 06:49:31+01;1389
2017-01-12 07:56:31+01;1379
2017-01-12 09:19:31+01;1369
2017-01-12 10:25:31+01;1359
2017-01-12 11:36:31+01;1349
2017-01-12 12:31:31+01;1379
2017-01-12 13:49:31+01;1369
2017-01-12 14:00:31+01;1359
2017-01-12 14:46:31+01;1349
2017-01-12 14:53:31+01;1339
2017-01-12 15:42:31+01;1289
2017-01-12 16:16:31+01;1289
2017-01-12 17:19:31+01;1289
2017-01-12 20:04:31+01;1289
2017-01-12 20:25:31+01;1289
2017-01-12 22:01:31+01;1499
2017-01-13 05:33:31+01;1389
2017-01-13 06:34:31+01;1379
2017-01-13 07:37:31+01;1369
2017-01-13 07:54:31+01;1339
2017-01-13 09:36:31+01;1329
2017-01-13 10:04:31+01;1339
2017-01-13 10:29:31+01;1329
2017-01-13 10:39:31+01;1329
2017-01-13 12:30:31+01;1359
2017-01-13 12:46:31+01;1349
2017-01-13 14:10:31+01;1329
2017-01-13 14:48:31+01;1319
2017-01-13 22:01:31+01;1499
2017-01-14 05:34:31+01;1469
2017-01-14 06:09:31+01;1399
2017-01-14 07:46:31+01;1389
2017-01-14 09:25:31+01;1379
2017-01-14 11:04:31+01;1369
2017-01-14 12:31:31+01;1399
2017-01-14 12:46:31+01;1369
2017-01-14 14:26:31+01;1329
2017-01-14 15:24:31+01;1319
2017-01-14 16:35:31+01;1309
2017-01-14 17:27:31+01;1299
2017-01-14 18:36:31+01;1299
2017-01-14 22:02:31+01;1499
2017-01-15 05:33:31+01;1449
2017-01-15 06:56:31+01;1399
2017-01-15 07:57:31+01;1389
2017-01-15 09:55:31+01;1379
2017-01-15 11:06:31+01;1369
2017-01-15 12:31:31+01;1399
2017-01-15 12:46:31+01;1389
2017-01-15 14:33:31+01;1339
2017-01-15 15:06:31+01;1329
2017-01-15 16:14:31+01;1319
2017-01-15 17:08:31+01;1309
2017-01-15 18:14:31+01;1299
2017-01-15 22:01:31+01;1499
2017-01-16 05:49:31+01;1399
2017-01-16 06:30:31+01;1389
2017-01-16 07:15:31+01;1379
2017-01-16 08:26:31+01;1369
2017-01-16 10:57:31+01;1359
2017-01-16 11:14:31+01;1339
2017-01-16 12:31:31+01;1369
2017-01-16 12:46:31+01;1359
2017-01-16 14:19:31+01;1329
2017-01-16 17:45:31+01;1319
2017-01-16 17:57:31+01;1319
2017-01-16 18:04:31+01;1299
2017-01-16 19:10:31+01;1299
2017-01-16 20:04:31+01;1299
2017-01-16 21:04:31+01;1299
2017-01-16 22:01:31+01;1489
2017-01-17 05:34:31+01;1399
2017-01-17 06:12:31+01;1389
2017-01-17 07:14:31+01;1379
2017-01-17 08:09:31+01;1369
2017-01-17 09:14:31+01;1359
2017-01-17 10:09:31+01;1349
2017-01-17 11:49:31+01;1339
2017-01-17 12:31:31+01;1369
2017-01-17 13:50:31+01;1359
2017-01-17 14:16:31+01;1349
2017-01-17 15:09:31+01;1329
2017-01-17 16:34:31+01;1319
2017-01-17 18:46:31+01;1309
2017-01-17 20:46:31+01;1299
2017-01-17 22:01:31+01;1499
2017-01-18 05:33:31+01;1399
2017-01-18 06:30:31+01;1389
2017-01-18 07:38:31+01;1379
2017-01-18 08:45:31+01;1369
2017-01-18 09:39:31+01;1359
2017-01-18 10:44:31+01;1349
2017-01-18 12:31:31+01;1379
2017-01-18 12:46:31+01;1369
2017-01-18 13:49:31+01;1369
2017-01-18 14:16:31+01;1349
2017-01-18 14:34:31+01;1339
2017-01-18 15:14:31+01;1329
2017-01-18 22:01:31+01;1499
2017-01-19 05:33:31+01;1409
2017-01-19 06:30:31+01;1399
2017-01-19 07:22:31+01;1389
2017-01-19 09:19:31+01;1379
2017-01-19 10:37:31+01;1379
2017-01-19 10:44:31+01;1369
2017-01-19 11:26:31+01;1349
2017-01-19 12:31:31+01;1399
2017-01-19 12:46:31+01;1379
2017-01-19 13:49:31+01;1369
2017-01-19 14:15:31+01;1349
2017-01-19 14:34:31+01;1339
2017-01-19 15:24:31+01;1299
2017-01-19 16:17:31+01;1299
2017-01-19 16:49:31+01;1299
2017-01-19 22:01:31+01;1489
2017-01-20 05:34:31+01;1399
2017-01-20 06:30:31+01;1389
2017-01-20 07:54:31+01;1379
2017-01-20 09:08:31+01;1369
2017-01-20 10:33:31+01;1359
2017-01-20 11:44:31+01;1349
2017-01-20 12:31:31+01;1379
2017-01-20 12:46:31+01;1369
2017-01-20 14:19:31+01;1349
2017-01-20 16:16:31+01;1339
2017-01-20 19:16:31+01;1329
2017-01-20 22:01:31+01;1479
2017-01-21 05:33:31+01;1479
2017-01-21 06:16:31+01;1409
2017-01-21 08:52:31+01;1379
2017-01-21 10:33:31+01;1369
2017-01-21 12:31:31+01;1399
2017-01-21 12:46:31+01;1389
2017-01-21 15:06:31+01;1379
2017-01-21 15:24:31+01;1339
2017-01-21 16:16:31+01;1319
2017-01-21 18:33:31+01;1309
2017-01-21 22:01:31+01;1479
2017-01-22 05:34:31+01;1459
2017-01-22 07:16:31+01;1459
2017-01-22 07:56:32+01;1439
2017-01-22 09:06:31+01;1419
2017-01-22 09:54:31+01;1379
2017-01-22 12:31:31+01;1409
2017-01-22 14:16:31+01;1389
2017-01-22 15:54:31+01;1359
2017-01-22 18:27:31+01;1359
2017-01-22 18:35:32+01;1339
2017-01-22 22:01:31+01;1479
2017-01-23 05:33:31+01;1409
2017-01-23 06:08:31+01;1399
2017-01-23 06:47:31+01;1389
2017-01-23 06:51:31+01;1379
2017-01-23 07:56:31+01;1369
2017-01-23 09:05:31+01;1359
2017-01-23 10:30:31+01;1349
2017-01-23 11:21:31+01;1339
2017-01-23 11:30:31+01;1329
2017-01-23 12:31:31+01;1359
2017-01-23 12:36:31+01;1359
2017-01-23 12:45:31+01;1349
2017-01-23 14:34:31+01;1329
2017-01-23 17:16:31+01;1319
2017-01-23 22:01:31+01;1489
2017-01-24 05:33:31+01;1409
2017-01-24 06:06:31+01;1399
2017-01-24 07:11:31+01;1389
2017-01-24 07:37:31+01;1369
2017-01-24 07:44:31+01;1349
2017-01-24 07:54:31+01;1339
2017-01-24 08:23:31+01;1339
2017-01-24 08:33:31+01;1339
2017-01-24 08:54:31+01;1339
2017-01-24 09:55:31+01;1339
2017-01-24 10:03:31+01;1329
2017-01-24 12:31:31+01;1359
2017-01-24 12:45:31+01;1349
2017-01-24 14:08:31+01;1329
2017-01-24 14:16:31+01;1329
2017-01-24 15:06:31+01;1319
2017-01-24 16:49:31+01;1319
2017-01-24 22:01:31+01;1479
2017-01-25 05:33:31+01;1399
2017-01-25 06:05:31+01;1389
2017-01-25 07:14:31+01;1379
2017-01-25 08:16:31+01;1369
2017-01-25 09:09:31+01;1359
2017-01-25 10:21:31+01;1349
2017-01-25 12:31:31+01;1379
2017-01-25 12:46:31+01;1369
2017-01-25 13:31:31+01;1379
2017-01-25 13:58:31+01;1359
2017-01-25 14:16:31+01;1349
2017-01-25 14:40:31+01;1339
2017-01-25 14:54:31+01;1329
2017-01-25 16:34:31+01;1319
2017-01-25 18:16:31+01;1309
2017-01-25 19:31:31+01;1299
2017-01-25 22:01:31+01;1489
2017-01-26 05:33:31+01;1399
2017-01-26 06:24:31+01;1389
2017-01-26 07:35:31+01;1379
2017-01-26 08:45:31+01;1329
2017-01-26 09:39:31+01;1329
2017-01-26 11:40:31+01;1329
2017-01-26 12:31:31+01;1359
2017-01-26 12:46:31+01;1349
2017-01-26 14:16:31+01;1339
2017-01-26 14:44:31+01;1329
2017-01-26 14:48:31+01;1319
2017-01-26 20:03:31+01;1309
2017-01-26 20:24:31+01;1299
2017-01-26 22:01:31+01;1489
2017-01-27 05:16:32+01;1399
2017-01-27 07:16:31+01;1389
2017-01-27 08:46:31+01;1379
2017-01-27 10:37:31+01;1369
2017-01-27 10:46:31+01;1369
2017-01-27 11:47:31+01;1359
2017-01-27 12:31:31+01;1389
2017-01-27 14:27:31+01;1299
2017-01-27 14:56:31+01;1299
2017-01-27 15:58:31+01;1299
2017-01-27 17:04:31+01;1299
2017-01-27 18:10:31+01;1299
2017-01-27 19:14:31+01;1299
2017-01-27 20:16:31+01;1299
2017-01-27 21:19:31+01;1299
2017-01-27 22:01:31+01;1489
2017-01-28 05:33:31+01;1439
2017-01-28 06:03:31+01;1409
2017-01-28 07:33:31+01;1389
2017-01-28 08:46:31+01;1379
2017-01-28 09:40:31+01;1369
2017-01-28 11:03:31+01;1359
2017-01-28 12:31:31+01;1389
2017-01-28 12:46:31+01;1379
2017-01-28 14:16:31+01;1359
2017-01-28 14:43:31+01;1339
2017-01-28 15:35:31+01;1329
2017-01-28 16:44:31+01;1319
2017-01-28 17:38:32+01;1309
2017-01-28 18:44:31+01;1309
2017-01-28 22:01:31+01;1489
2017-01-29 05:33:31+01;1449
2017-01-29 07:03:31+01;1399
2017-01-29 08:12:31+01;1389
2017-01-29 09:46:31+01;1379
2017-01-29 10:39:31+01;1369
2017-01-29 12:31:31+01;1399
2017-01-29 12:46:31+01;1389
2017-01-29 14:16:31+01;1369
2017-01-29 14:43:31+01;1349
2017-01-29 15:36:31+01;1339
2017-01-29 16:45:31+01;1329
2017-01-29 18:16:31+01;1319
2017-01-29 19:04:31+01;1309
2017-01-29 20:03:31+01;1309
2017-01-29 22:02:31+01;1489
2017-01-30 05:34:31+01;1399
2017-01-30 06:24:31+01;1389
2017-01-30 07:17:31+01;1379
2017-01-30 08:26:31+01;1369
2017-01-30 09:36:31+01;1359
2017-01-30 11:09:31+01;1349
2017-01-30 12:31:31+01;1389
2017-01-30 12:46:31+01;1369
2017-01-30 14:16:31+01;1359
2017-01-30 14:40:31+01;1349
2017-01-30 14:49:31+01;1339
2017-01-30 16:10:31+01;1329
2017-01-30 20:45:31+01;1319
2017-01-30 22:01:31+01;1489
2017-01-31 05:24:31+01;1399
2017-01-31 06:24:31+01;1389
2017-01-31 07:35:31+01;1379
2017-01-31 08:46:31+01;1369
2017-01-31 11:37:31+01;1359
2017-01-31 11:55:31+01;1349
2017-01-31 12:31:31+01;1379
2017-01-31 14:16:31+01;1359
2017-01-31 15:37:31+01;1309
2017-01-31 16:02:31+01;1309
2017-01-31 17:03:31+01;1309
2017-01-31 18:45:31+01;1309
2017-01-31 19:46:31+01;1309
2017-01-31 20:51:31+01;1309
2017-01-31 22:01:31+01;1479
2017-02-01 05:34:31+01;1399
2017-02-01 05:59:31+01;1389
2017-02-01 06:49:31+01;1379
2017-02-01 08:15:31+01;1369
2017-02-01 09:26:31+01;1359
2017-02-01 11:19:31+01;1349
2017-02-01 12:31:31+01;1379
2017-02-01 12:46:31+01;1369
2017-02-01 14:08:31+01;1349
2017-02-01 14:16:31+01;1339
2017-02-01 15:09:31+01;1329
2017-02-01 16:24:31+01;1319
2017-02-01 17:17:31+01;1309
2017-02-01 18:48:31+01;1299
2017-02-01 22:01:31+01;1489
2017-02-02 05:33:31+01;1409
2017-02-02 06:06:31+01;1399
2017-02-02 07:14:31+01;1389
2017-02-02 08:17:31+01;1379
2017-02-02 09:46:31+01;1369
2017-02-02 10:56:31+01;1359
2017-02-02 12:31:31+01;1389
2017-02-02 12:46:31+01;1379
2017-02-02 14:19:31+01;1349
2017-02-02 14:39:31+01;1339
2017-02-02 17:21:31+01;1329
2017-02-02 17:30:31+01;1319
2017-02-02 19:00:31+01;1309
2017-02-02 22:01:31+01;1499
2017-02-03 05:34:31+01;1409
2017-02-03 05:50:31+01;1399
2017-02-03 06:51:31+01;1389
2017-02-03 08:19:31+01;1379
2017-02-03 09:09:31+01;1369
2017-02-03 10:00:31+01;1359
2017-02-03 11:05:31+01;1349
2017-02-03 12:31:31+01;1379
2017-02-03 12:46:31+01;1369
2017-02-03 14:18:31+01;1349
2017-02-03 15:00:31+01;1329
2017-02-03 21:03:31+01;1309
2017-02-03 22:01:31+01;1499
2017-02-04 05:34:31+01;1459
2017-02-04 06:03:31+01;1409
2017-02-04 07:29:31+01;1399
2017-02-04 09:04:31+01;1389
2017-02-04 12:31:31+01;1419
2017-02-04 12:46:31+01;1409
2017-02-04 13:48:31+01;1409
2017-02-04 14:16:31+01;1389
2017-02-04 14:30:31+01;1379
2017-02-04 14:34:31+01;1369
2017-02-04 15:26:31+01;1359
2017-02-04 16:33:31+01;1349
2017-02-04 17:34:31+01;1339
2017-02-04 17:55:31+01;1329
2017-02-04 19:03:31+01;1319
2017-02-04 22:01:31+01;1499
2017-02-05 05:34:31+01;1459
2017-02-05 07:03:31+01;1409
2017-02-05 07:59:31+01;1399
2017-02-05 09:03:31+01;1389
2017-02-05 10:14:31+01;1379
2017-02-05 11:14:31+01;1369
2017-02-05 12:31:31+01;1399
2017-02-05 12:45:31+01;1389
2017-02-05 14:16:31+01;1379
2017-02-05 14:40:31+01;1359
2017-02-05 15:35:31+01;1349
2017-02-05 16:44:31+01;1339
2017-02-05 17:44:31+01;1329
2017-02-05 18:44:31+01;1319
2017-02-05 22:01:31+01;1499
2017-02-06 05:34:31+01;1409
2017-02-06 06:16:31+01;1399
2017-02-06 07:09:31+01;1389
2017-02-06 08:17:31+01;1379
2017-02-06 09:48:31+01;1369
2017-02-06 10:39:31+01;1369
2017-02-06 11:44:31+01;1359
2017-02-06 11:58:31+01;1359
2017-02-06 12:31:31+01;1389
2017-02-06 12:46:31+01;1379
2017-02-06 13:50:31+01;1379
2017-02-06 14:24:31+01;1349
2017-02-06 14:50:31+01;1339
2017-02-06 15:53:31+01;1329
2017-02-06 17:34:31+01;1319
2017-02-06 22:02:31+01;1499
2017-02-07 05:51:31+01;1409
2017-02-07 06:03:31+01;1399
2017-02-07 07:06:31+01;1389
2017-02-07 08:14:31+01;1379
2017-02-07 09:11:31+01;1369
2017-02-07 10:30:32+01;1359
2017-02-07 11:54:31+01;1349
2017-02-07 12:31:31+01;1379
2017-02-07 14:16:31+01;1359
2017-02-07 15:15:31+01;1339
2017-02-07 16:54:32+01;1329
2017-02-07 22:01:31+01;1499
2017-02-08 05:33:31+01;1409
2017-02-08 06:28:31+01;1399
2017-02-08 07:54:31+01;1389
2017-02-08 08:14:31+01;1379
2017-02-08 08:48:31+01;1349
2017-02-08 10:24:31+01;1339
2017-02-08 11:32:31+01;1339
2017-02-08 12:32:31+01;1369
2017-02-08 12:48:31+01;1359
2017-02-08 14:38:31+01;1329
2017-02-08 14:47:31+01;1319
2017-02-08 16:04:31+01;1319
2017-02-08 17:15:31+01;1319
2017-02-08 22:02:31+01;1489
2017-02-09 05:34:31+01;1399
2017-02-09 07:34:31+01;1389
2017-02-09 09:10:31+01;1379
2017-02-09 10:33:31+01;1369
2017-02-09 12:31:31+01;1399
2017-02-09 14:04:31+01;1379
2017-02-09 15:25:31+01;1299
2017-02-09 16:15:31+01;1299
2017-02-09 17:03:31+01;1299
2017-02-09 18:15:31+01;1299
2017-02-09 19:05:31+01;1299
2017-02-09 20:16:31+01;1299
2017-02-09 21:46:31+01;1499
2017-02-10 05:33:31+01;1399
2017-02-10 07:04:31+01;1389
2017-02-10 07:57:31+01;1379
2017-02-10 09:06:31+01;1369
2017-02-10 10:14:31+01;1359
2017-02-10 11:19:31+01;1349
2017-02-10 12:31:31+01;1379
2017-02-10 12:46:31+01;1369
2017-02-10 14:24:31+01;1349
2017-02-10 22:01:31+01;1519
2017-02-11 05:33:31+01;1499
2017-02-11 06:15:31+01;1429
2017-02-11 07:05:31+01;1429
2017-02-11 07:26:31+01;1419
2017-02-11 07:54:31+01;1369
2017-02-11 11:48:31+01;1329
2017-02-11 12:31:31+01;1359
2017-02-11 12:46:31+01;1349
2017-02-11 14:34:31+01;1329
2017-02-11 19:48:31+01;1319
2017-02-11 22:06:31+01;1519
2017-02-12 05:33:31+01;1469
2017-02-12 07:04:31+01;1419
2017-02-12 12:31:31+01;1449
2017-02-12 12:46:31+01;1419
2017-02-12 13:49:31+01;1409
2017-02-12 14:30:31+01;1379
2017-02-12 18:14:31+01;1369
2017-02-12 22:01:31+01;1519
2017-02-13 05:34:31+01;1439
2017-02-13 07:24:31+01;1429
2017-02-13 09:37:31+01;1419
2017-02-13 10:09:31+01;1399
2017-02-13 10:57:31+01;1389
2017-02-13 12:31:31+01;1429
2017-02-13 12:46:31+01;1409
2017-02-13 14:12:31+01;1369
2017-02-13 17:45:31+01;1369
2017-02-13 19:25:31+01;1359
2017-02-13 21:06:31+01;1339
2017-02-13 22:01:31+01;1519
2017-02-14 05:37:32+01;1429
2017-02-14 08:53:31+01;1419
2017-02-14 10:22:31+01;1419
2017-02-14 10:33:31+01;1399
2017-02-14 11:30:31+01;1389
2017-02-14 12:31:31+01;1419
2017-02-14 14:17:31+01;1399
2017-02-14 14:19:31+01;1379
2017-02-14 18:15:31+01;1369
2017-02-14 19:05:31+01;1359
2017-02-14 19:19:31+01;1349
2017-02-14 22:02:31+01;1519
2017-02-15 05:33:31+01;1439
2017-02-15 06:42:31+01;1429
2017-02-15 09:27:31+01;1399
2017-02-15 11:43:31+01;1389
2017-02-15 11:53:31+01;1369
2017-02-15 12:01:31+01;1349
2017-02-15 12:31:31+01;1379
2017-02-15 14:36:31+01;1349
2017-02-15 20:16:31+01;1329
2017-02-15 22:01:31+01;1519
2017-02-16 05:34:31+01;1429
2017-02-16 08:39:31+01;1379
2017-02-16 12:30:31+01;1409
2017-02-16 12:47:31+01;1399
2017-02-16 14:34:31+01;1369
2017-02-16 17:56:31+01;1329
2017-02-16 19:33:31+01;1329
2017-02-16 22:01:31+01;1519
2017-02-17 05:48:31+01;1419
2017-02-17 07:06:31+01;1419
2017-02-17 07:16:31+01;1409
2017-02-17 08:57:31+01;1409
2017-02-17 10:34:31+01;1409
2017-02-17 12:31:31+01;1439
2017-02-17 12:46:31+01;1409
2017-02-17 14:01:31+01;1399
2017-02-17 14:16:31+01;1399
2017-02-17 14:19:31+01;1379
2017-02-17 18:39:31+01;1369
2017-02-17 19:30:31+01;1359
2017-02-17 22:01:31+01;1499
2017-02-18 05:33:31+01;1499
2017-02-18 06:16:31+01;1439
2017-02-18 08:51:31+01;1429
2017-02-18 11:31:31+01;1399
2017-02-18 11:35:31+01;1369
2017-02-18 12:31:31+01;1399
2017-02-18 12:51:31+01;1389
2017-02-18 14:40:31+01;1379
2017-02-18 14:50:31+01;1359
2017-02-18 19:34:31+01;1349
2017-02-18 22:01:31+01;1499
2017-02-19 05:33:31+01;1499
2017-02-19 07:18:31+01;1429
2017-02-19 11:14:31+01;1429
2017-02-19 11:45:32+01;1419
2017-02-19 12:02:31+01;1399
2017-02-19 12:31:31+01;1429
2017-02-19 13:49:31+01;1409
2017-02-19 14:34:31+01;1379
2017-02-19 22:01:31+01;1499
2017-02-20 05:34:31+01;1439
2017-02-20 08:44:31+01;1439
2017-02-20 08:58:31+01;1369
2017-02-20 09:11:31+01;1349
2017-02-20 09:27:31+01;1349
2017-02-20 10:07:31+01;1349
2017-02-20 10:14:31+01;1349
2017-02-20 12:34:31+01;1379
2017-02-20 12:46:31+01;1369
2017-02-20 14:33:31+01;1339
2017-02-20 22:01:31+01;1489
2017-02-21 05:17:31+01;1429
2017-02-21 08:47:31+01;1409
2017-02-21 11:22:31+01;1399
2017-02-21 11:33:31+01;1399
2017-02-21 12:31:32+01;1429
2017-02-21 12:46:31+01;1419
2017-02-21 13:50:31+01;1419
2017-02-21 14:25:31+01;1389
2017-02-21 16:43:31+01;1379
2017-02-21 16:56:31+01;1359
2017-02-21 19:33:31+01;1339
2017-02-21 22:01:31+01;1489
2017-02-22 05:34:31+01;1429
2017-02-22 06:09:31+01;1399
2017-02-22 08:54:31+01;1399
2017-02-22 11:46:31+01;1399
2017-02-22 12:31:31+01;1429
2017-02-22 12:46:32+01;1419
2017-02-22 13:48:31+01;1409
2017-02-22 14:44:31+01;1379
2017-02-22 18:33:31+01;1359
2017-02-22 19:18:31+01;1349
2017-02-22 22:33:31+01;1499
2017-02-23 05:10:31+01;1499
2017-02-23 05:33:31+01;1439
2017-02-23 06:02:31+01;1409
2017-02-23 08:35:31+01;1409
2017-02-23 10:24:31+01;1409
2017-02-23 10:48:31+01;1389
2017-02-23 12:16:31+01;1389
2017-02-23 14:16:31+01;1379
2017-02-23 14:43:31+01;1369
2017-02-23 16:00:32+01;1359
2017-02-23 17:04:31+01;1349
2017-02-23 18:06:31+01;1339
2017-02-23 19:10:31+01;1329
2017-02-23 20:04:31+01;1329
2017-02-23 22:01:31+01;1499
2017-02-24 05:04:31+01;1499
2017-02-24 05:34:31+01;1419
2017-02-24 06:30:31+01;1409
2017-02-24 07:16:31+01;1399
2017-02-24 07:19:31+01;1399
2017-02-24 08:01:31+01;1369
2017-02-24 08:06:31+01;1359
2017-02-24 09:06:31+01;1349
2017-02-24 09:30:31+01;1349
2017-02-24 09:48:31+01;1339
2017-02-24 10:05:31+01;1339
2017-02-24 10:43:31+01;1329
2017-02-24 12:31:31+01;1359
2017-02-24 13:40:31+01;1349
2017-02-24 14:38:31+01;1329
2017-02-24 15:10:31+01;1329
2017-02-24 22:01:31+01;1499
2017-02-25 05:33:31+01;1469
2017-02-25 06:17:31+01;1409
2017-02-25 07:38:31+01;1399
2017-02-25 08:46:31+01;1389
2017-02-25 09:27:31+01;1359
2017-02-25 10:04:31+01;1349
2017-02-25 10:48:31+01;1339
2017-02-25 12:31:31+01;1369
2017-02-25 12:48:31+01;1369
2017-02-25 13:48:31+01;1359
2017-02-25 14:35:31+01;1339
2017-02-25 22:00:31+01;1499
2017-02-26 05:34:31+01;1469
2017-02-26 06:30:31+01;1409
2017-02-26 07:03:31+01;1399
2017-02-26 07:21:31+01;1399
2017-02-26 08:06:31+01;1389
2017-02-26 08:29:31+01;1389
2017-02-26 08:51:31+01;1379
2017-02-26 09:33:31+01;1379
2017-02-26 09:57:31+01;1369
2017-02-26 10:20:31+01;1369
2017-02-26 11:08:31+01;1359
2017-02-26 11:26:31+01;1359
2017-02-26 12:00:32+01;1349
2017-02-26 12:32:31+01;1379
2017-02-26 12:48:31+01;1379
2017-02-26 13:56:31+01;1379
2017-02-26 14:14:31+01;1359
2017-02-26 14:30:31+01;1339
2017-02-26 15:35:31+01;1339
2017-02-26 22:01:31+01;1499
2017-02-27 05:33:31+01;1409
2017-02-27 05:53:31+01;1399
2017-02-27 06:51:31+01;1389
2017-02-27 07:54:31+01;1369
2017-02-27 08:16:31+01;1359
2017-02-27 09:26:31+01;1349
2017-02-27 09:54:31+01;1349
2017-02-27 10:18:31+01;1339
2017-02-27 10:48:31+01;1339
2017-02-27 11:26:31+01;1329
2017-02-27 12:31:31+01;1359
2017-02-27 13:47:31+01;1349
2017-02-27 14:16:31+01;1339
2017-02-27 15:06:31+01;1329
2017-02-27 22:01:31+01;1489
2017-02-28 05:04:31+01;1489
2017-02-28 05:33:31+01;1409
2017-02-28 05:53:31+01;1399
2017-02-28 06:49:31+01;1389
2017-02-28 08:08:31+01;1379
2017-02-28 09:11:31+01;1369
2017-02-28 10:06:31+01;1359
2017-02-28 11:11:31+01;1349
2017-02-28 12:31:31+01;1379
2017-02-28 12:46:31+01;1369
2017-02-28 13:48:31+01;1369
2017-02-28 14:08:31+01;1329
2017-02-28 15:16:31+01;1329
2017-02-28 17:06:31+01;1329
2017-02-28 22:01:31+01;1489
2017-03-01 05:01:31+01;1489
2017-03-01 05:32:31+01;1409
2017-03-01 06:18:31+01;1399
2017-03-01 07:06:31+01;1389
2017-03-01 07:12:31+01;1389
2017-03-01 08:06:31+01;1379
2017-03-01 08:18:31+01;1379
2017-03-01 09:11:31+01;1369
2017-03-01 09:24:31+01;1369
2017-03-01 09:33:31+01;1359
2017-03-01 09:58:31+01;1359
2017-03-01 10:18:31+01;1339
2017-03-01 10:49:31+01;1329
2017-03-01 11:05:31+01;1329
2017-03-01 12:35:31+01;1359
2017-03-01 12:36:31+01;1349
2017-03-01 13:50:31+01;1349
2017-03-01 14:17:31+01;1329
2017-03-01 14:34:31+01;1329
2017-03-01 22:01:31+01;1479
2017-03-02 05:34:31+01;1409
2017-03-02 06:06:31+01;1389
2017-03-02 06:21:31+01;1379
2017-03-02 07:08:31+01;1379
2017-03-02 07:26:31+01;1369
2017-03-02 07:40:31+01;1349
2017-03-02 08:08:31+01;1349
2017-03-02 09:47:31+01;1329
2017-03-02 12:31:31+01;1359
2017-03-02 12:39:31+01;1339
2017-03-02 14:01:31+01;1329
2017-03-02 22:01:31+01;1489
2017-03-03 05:06:31+01;1489
2017-03-03 05:33:31+01;1409
2017-03-03 06:21:31+01;1399
2017-03-03 07:01:31+01;1389
2017-03-03 07:26:31+01;1389
2017-03-03 07:51:31+01;1359
2017-03-03 08:33:31+01;1349
2017-03-03 10:30:31+01;1339
2017-03-03 10:43:31+01;1339
2017-03-03 10:49:31+01;1329
2017-03-03 11:54:31+01;1319
2017-03-03 12:31:31+01;1349
2017-03-03 12:36:31+01;1339
2017-03-03 12:39:31+01;1339
2017-03-03 14:03:31+01;1329
2017-03-03 14:22:31+01;1319
2017-03-03 14:39:31+01;1309
2017-03-03 22:01:31+01;1479
2017-03-04 05:34:31+01;1449
2017-03-04 06:08:31+01;1399
2017-03-04 06:51:31+01;1389
2017-03-04 08:06:31+01;1379
2017-03-04 09:05:31+01;1369
2017-03-04 09:47:31+01;1329
2017-03-04 10:24:31+01;1319
2017-03-04 12:30:31+01;1349
2017-03-04 12:36:31+01;1339
2017-03-04 14:00:31+01;1319
2017-03-04 22:01:31+01;1479
2017-03-05 05:33:31+01;1439
2017-03-05 06:24:31+01;1399
2017-03-05 09:03:31+01;1389
2017-03-05 10:34:31+01;1379
2017-03-05 11:35:31+01;1329
2017-03-05 11:56:31+01;1319
2017-03-05 12:31:31+01;1349
2017-03-05 12:34:31+01;1339
2017-03-05 14:03:31+01;1329
2017-03-05 14:24:31+01;1329
2017-03-05 14:44:31+01;1319
2017-03-05 22:01:31+01;1479
2017-03-06 05:04:31+01;1479
2017-03-06 05:33:31+01;1399
2017-03-06 06:05:31+01;1389
2017-03-06 06:57:31+01;1379
2017-03-06 08:05:31+01;1369
2017-03-06 08:30:31+01;1369
2017-03-06 08:47:31+01;1369
2017-03-06 09:07:31+01;1359
2017-03-06 09:14:31+01;1349
2017-03-06 09:24:31+01;1349
2017-03-06 09:36:31+01;1339
2017-03-06 09:56:31+01;1339
2017-03-06 10:43:31+01;1329
2017-03-06 12:31:31+01;1369
2017-03-06 12:46:31+01;1349
2017-03-06 14:13:31+01;1329
2017-03-06 14:25:31+01;1319
2017-03-06 14:31:31+01;1309
2017-03-06 15:49:31+01;1299
2017-03-06 22:01:31+01;1469
2017-03-07 05:07:31+01;1469
2017-03-07 05:33:31+01;1399
2017-03-07 06:09:31+01;1389
2017-03-07 06:39:31+01;1379
2017-03-07 06:51:31+01;1369
2017-03-07 07:04:31+01;1369
2017-03-07 07:51:31+01;1359
2017-03-07 08:03:31+01;1359
2017-03-07 08:30:31+01;1339
2017-03-07 08:47:31+01;1329
2017-03-07 09:13:31+01;1329
2017-03-07 09:33:31+01;1319
2017-03-07 10:28:31+01;1309
2017-03-07 10:36:31+01;1309
2017-03-07 11:35:31+01;1299
2017-03-07 12:01:31+01;1299
2017-03-07 12:31:31+01;1329
2017-03-07 12:46:32+01;1319
2017-03-07 14:25:31+01;1309
2017-03-07 15:36:31+01;1299
2017-03-07 22:01:31+01;1469
2017-03-08 05:06:31+01;1469
2017-03-08 05:33:31+01;1389
2017-03-08 05:51:31+01;1379
2017-03-08 06:20:31+01;1369
2017-03-08 06:49:31+01;1369
2017-03-08 07:09:31+01;1369
2017-03-08 07:21:31+01;1359
2017-03-08 07:34:31+01;1359
2017-03-08 08:17:31+01;1339
2017-03-08 08:31:31+01;1329
2017-03-08 08:38:31+01;1329
2017-03-08 09:07:31+01;1329
2017-03-08 09:18:31+01;1329
2017-03-08 09:35:31+01;1319
2017-03-08 10:36:31+01;1309
2017-03-08 11:39:31+01;1299
2017-03-08 12:31:31+01;1329
2017-03-08 13:46:31+01;1329
2017-03-08 14:04:31+01;1309
2017-03-08 14:44:31+01;1299
2017-03-08 22:01:31+01;1479
2017-03-09 05:07:31+01;1479
2017-03-09 05:33:31+01;1399
2017-03-09 05:48:31+01;1389
2017-03-09 06:17:31+01;1379
2017-03-09 07:25:31+01;1369
2017-03-09 08:18:31+01;1359
2017-03-09 09:27:31+01;1349
2017-03-09 10:19:31+01;1339
2017-03-09 11:26:31+01;1329
2017-03-09 12:31:31+01;1359
2017-03-09 12:46:31+01;1349
2017-03-09 14:10:31+01;1329
2017-03-09 14:57:31+01;1329
2017-03-09 15:04:31+01;1319
2017-03-09 16:01:31+01;1319
2017-03-09 16:10:31+01;1309
2017-03-09 17:06:31+01;1299
2017-03-09 17:46:31+01;1299
2017-03-09 18:49:31+01;1299
2017-03-09 22:01:31+01;1479
2017-03-10 05:06:31+01;1479
2017-03-10 05:34:31+01;1389
2017-03-10 08:31:31+01;1379
2017-03-10 09:16:31+01;1379
2017-03-10 09:25:31+01;1319
2017-03-10 09:34:31+01;1319
2017-03-10 09:46:31+01;1309
2017-03-10 10:57:31+01;1299
2017-03-10 12:31:31+01;1329
2017-03-10 12:46:31+01;1319
2017-03-10 13:43:31+01;1319
2017-03-10 14:01:31+01;1289
2017-03-10 22:01:31+01;1469
2017-03-11 05:34:31+01;1439
2017-03-11 09:09:31+01;1419
2017-03-11 09:26:31+01;1379
2017-03-11 11:14:31+01;1379
2017-03-11 12:31:31+01;1409
2017-03-11 12:46:31+01;1379
2017-03-11 13:48:31+01;1369
2017-03-11 14:19:31+01;1319
2017-03-11 15:09:31+01;1309
2017-03-11 16:14:31+01;1299
2017-03-11 22:01:31+01;1469
2017-03-12 05:30:31+01;1439
2017-03-12 05:48:31+01;1389
2017-03-12 06:15:31+01;1379
2017-03-12 06:42:31+01;1379
2017-03-12 07:08:31+01;1369
2017-03-12 07:47:31+01;1369
2017-03-12 08:17:31+01;1359
2017-03-12 08:42:31+01;1359
2017-03-12 09:09:31+01;1349
2017-03-12 09:47:31+01;1349
2017-03-12 10:16:31+01;1339
2017-03-12 10:39:31+01;1339
2017-03-12 11:25:31+01;1329
2017-03-12 11:46:31+01;1329
2017-03-12 12:31:31+01;1359
2017-03-12 12:46:31+01;1349
2017-03-12 14:16:31+01;1319
2017-03-12 14:37:32+01;1309
2017-03-12 15:46:31+01;1299
2017-03-12 22:01:31+01;1469
2017-03-13 05:03:31+01;1469
2017-03-13 05:28:31+01;1389
2017-03-13 05:37:31+01;1379
2017-03-13 05:43:31+01;1379
2017-03-13 06:31:31+01;1369
2017-03-13 06:39:31+01;1369
2017-03-13 07:37:31+01;1359
2017-03-13 07:47:31+01;1359
2017-03-13 08:39:31+01;1349
2017-03-13 08:47:31+01;1349
2017-03-13 09:39:31+01;1339
2017-03-13 09:46:31+01;1339
2017-03-13 10:37:31+01;1329
2017-03-13 10:43:31+01;1319
2017-03-13 10:46:31+01;1319
2017-03-13 11:06:32+01;1309
2017-03-13 11:56:31+01;1309
2017-03-13 12:31:31+01;1339
2017-03-13 12:46:31+01;1329
2017-03-13 13:49:31+01;1319
2017-03-13 14:07:32+01;1319
2017-03-13 14:16:31+01;1299
2017-03-13 14:30:31+01;1299
2017-03-13 14:40:32+01;1289
2017-03-13 16:10:31+01;1289
2017-03-13 17:04:31+01;1289
2017-03-13 22:01:31+01;1459
2017-03-14 05:01:31+01;1459
2017-03-14 05:34:31+01;1379
2017-03-14 07:55:31+01;1369
2017-03-14 08:47:31+01;1359
2017-03-14 09:18:31+01;1359
2017-03-14 09:56:31+01;1319
2017-03-14 10:27:31+01;1309
2017-03-14 12:31:31+01;1339
2017-03-14 12:46:31+01;1329
2017-03-14 13:48:31+01;1329
2017-03-14 14:08:31+01;1319
2017-03-14 14:10:31+01;1319
2017-03-14 14:39:31+01;1319
2017-03-14 14:49:31+01;1299
2017-03-14 15:01:31+01;1289
2017-03-14 15:43:31+01;1289
2017-03-14 16:06:31+01;1279
2017-03-14 16:49:31+01;1279
2017-03-14 17:10:31+01;1269
2017-03-14 17:39:31+01;1269
2017-03-14 18:46:31+01;1269
2017-03-14 22:01:31+01;1449
2017-03-15 05:07:31+01;1449
2017-03-15 05:32:31+01;1369
2017-03-15 05:47:31+01;1359
2017-03-15 06:38:31+01;1349
2017-03-15 07:46:31+01;1339
2017-03-15 08:42:31+01;1329
2017-03-15 09:46:31+01;1319
2017-03-15 10:42:31+01;1309
2017-03-15 12:00:32+01;1309
2017-03-15 12:31:31+01;1339
2017-03-15 12:46:31+01;1329
2017-03-15 14:16:31+01;1309
2017-03-15 14:43:31+01;1299
2017-03-15 22:01:31+01;1439
2017-03-16 05:16:31+01;1309
2017-03-16 10:25:31+01;1309
2017-03-16 12:31:31+01;1339
2017-03-16 12:46:31+01;1339
2017-03-16 14:10:31+01;1329
2017-03-16 14:34:31+01;1309
2017-03-16 15:01:31+01;1299
2017-03-16 17:54:31+01;1289
2017-03-16 22:01:31+01;1439
2017-03-17 05:04:31+01;1439
2017-03-17 05:34:31+01;1369
2017-03-17 05:52:32+01;1349
2017-03-17 06:14:31+01;1339
2017-03-17 07:05:31+01;1329
2017-03-17 07:53:31+01;1319
2017-03-17 09:01:31+01;1309
2017-03-17 09:54:31+01;1299
2017-03-17 11:01:31+01;1299
2017-03-17 11:54:31+01;1299
2017-03-17 12:30:31+01;1329
2017-03-17 12:48:31+01;1329
2017-03-17 14:01:31+01;1319
2017-03-17 14:04:31+01;1319
2017-03-17 14:19:31+01;1299
2017-03-17 14:31:31+01;1299
2017-03-17 16:07:31+01;1299
2017-03-17 16:55:31+01;1299
2017-03-17 22:01:31+01;1449
2017-03-18 05:32:31+01;1449
2017-03-18 06:01:31+01;1359
2017-03-18 06:18:31+01;1349
2017-03-18 07:05:31+01;1339
2017-03-18 08:10:31+01;1329
2017-03-18 08:50:31+01;1319
2017-03-18 09:45:31+01;1309
2017-03-18 10:36:31+01;1299
2017-03-18 11:41:31+01;1299
2017-03-18 12:31:31+01;1329
2017-03-18 12:46:31+01;1329
2017-03-18 14:01:31+01;1299
2017-03-18 14:28:31+01;1299
2017-03-18 14:31:31+01;1299
2017-03-18 15:35:31+01;1299
2017-03-18 16:23:31+01;1299
2017-03-18 22:00:31+01;1449
2017-03-19 05:33:31+01;1449
2017-03-19 05:55:31+01;1359
2017-03-19 06:19:31+01;1349
2017-03-19 07:05:31+01;1339
2017-03-19 07:53:31+01;1329
2017-03-19 08:48:31+01;1319
2017-03-19 09:30:31+01;1309
2017-03-19 09:36:31+01;1309
2017-03-19 10:27:31+01;1299
2017-03-19 11:32:31+01;1299
2017-03-19 12:31:31+01;1329
2017-03-19 12:46:31+01;1319
2017-03-19 13:05:31+01;1319
2017-03-19 13:44:31+01;1319
2017-03-19 14:00:31+01;1299
2017-03-19 14:19:31+01;1299
2017-03-19 14:36:31+01;1299
2017-03-19 15:36:31+01;1299
2017-03-19 16:41:31+01;1299
2017-03-19 20:10:31+01;1289
2017-03-19 22:01:31+01;1449
2017-03-20 05:32:31+01;1369
2017-03-20 05:54:31+01;1359
2017-03-20 06:14:31+01;1349
2017-03-20 07:06:31+01;1339
2017-03-20 07:57:31+01;1329
2017-03-20 08:49:31+01;1319
2017-03-20 09:45:31+01;1309
2017-03-20 11:19:31+01;1299
2017-03-20 12:31:31+01;1329
2017-03-20 12:46:31+01;1329
2017-03-20 14:07:31+01;1319
2017-03-20 14:10:31+01;1319
2017-03-20 14:58:31+01;1299
2017-03-20 16:19:31+01;1299
2017-03-20 17:11:31+01;1299
2017-03-20 17:28:31+01;1279
2017-03-20 18:16:31+01;1279
2017-03-20 22:01:31+01;1449
2017-03-21 05:04:31+01;1449
2017-03-21 05:32:31+01;1369
2017-03-21 05:46:31+01;1359
2017-03-21 06:25:31+01;1359
2017-03-21 06:38:31+01;1349
2017-03-21 07:21:31+01;1349
2017-03-21 07:33:31+01;1339
2017-03-21 08:12:31+01;1339
2017-03-21 08:24:31+01;1329
2017-03-21 09:11:31+01;1329
2017-03-21 09:19:31+01;1319
2017-03-21 10:12:32+01;1319
2017-03-21 10:16:31+01;1309
2017-03-21 11:17:31+01;1309
2017-03-21 12:31:31+01;1339
2017-03-21 12:46:31+01;1329
2017-03-21 13:48:31+01;1299
2017-03-21 15:31:31+01;1299
2017-03-21 16:31:31+01;1299
2017-03-21 22:01:31+01;1449
2017-03-22 05:03:31+01;1449
2017-03-22 05:32:31+01;1369
2017-03-22 06:22:31+01;1359
2017-03-22 07:12:31+01;1349
2017-03-22 08:04:31+01;1339
2017-03-22 08:16:31+01;1319
2017-03-22 08:25:31+01;1309
2017-03-22 09:08:31+01;1309
2017-03-22 10:17:31+01;1299
2017-03-22 11:12:31+01;1289
2017-03-22 12:00:31+01;1289
2017-03-22 12:06:31+01;1279
2017-03-22 12:31:31+01;1309
2017-03-22 12:36:31+01;1309
2017-03-22 13:48:31+01;1309
2017-03-22 14:00:31+01;1299
2017-03-22 14:10:31+01;1289
2017-03-22 14:30:32+01;1289
2017-03-22 14:40:31+01;1279
2017-03-22 15:37:31+01;1279
2017-03-22 15:46:31+01;1269
2017-03-22 16:46:31+01;1269
2017-03-22 17:41:31+01;1269
2017-03-22 22:01:31+01;1439
2017-03-23 05:01:31+01;1439
2017-03-23 05:32:31+01;1359
2017-03-23 06:05:31+01;1349
2017-03-23 07:11:31+01;1339
2017-03-23 08:01:31+01;1329
2017-03-23 08:10:31+01;1309
2017-03-23 08:38:31+01;1299
2017-03-23 09:17:31+01;1299
2017-03-23 09:47:31+01;1289
2017-03-23 10:58:31+01;1279
2017-03-23 11:51:31+01;1269
2017-03-23 12:31:31+01;1299
2017-03-23 12:38:31+01;1299
2017-03-23 14:25:31+01;1289
2017-03-23 14:59:31+01;1269
2017-03-23 22:01:31+01;1439
2017-03-24 05:04:31+01;1439
2017-03-24 05:34:31+01;1359
2017-03-24 06:39:31+01;1349
2017-03-24 07:30:31+01;1339
2017-03-24 08:21:31+01;1329
2017-03-24 09:25:31+01;1319
2017-03-24 10:19:31+01;1309
2017-03-24 11:26:31+01;1299
2017-03-24 12:31:31+01;1329
2017-03-24 12:46:32+01;1319
2017-03-24 14:00:31+01;1309
2017-03-24 14:37:31+01;1309
2017-03-24 14:43:31+01;1299
2017-03-24 14:48:31+01;1299
2017-03-24 15:48:31+01;1289
2017-03-24 16:39:31+01;1279
2017-03-24 17:29:31+01;1269
2017-03-24 22:00:31+01;1459
2017-03-25 05:32:31+01;1419
2017-03-25 06:03:31+01;1359
2017-03-25 06:47:31+01;1349
2017-03-25 07:41:31+01;1339
2017-03-25 08:33:31+01;1329
2017-03-25 09:20:31+01;1319
2017-03-25 10:29:31+01;1309
2017-03-25 11:21:31+01;1299
2017-03-25 12:30:31+01;1329
2017-03-25 12:46:31+01;1319
2017-03-25 13:49:31+01;1319
2017-03-25 14:10:31+01;1309
2017-03-25 14:30:31+01;1289
2017-03-25 14:43:31+01;1279
2017-03-25 15:37:31+01;1279
2017-03-25 16:30:31+01;1279
2017-03-25 22:01:31+01;1459
2017-03-26 06:46:31+02;1419
2017-03-26 07:53:31+02;1359
2017-03-26 08:48:31+02;1349
2017-03-26 09:41:31+02;1349
2017-03-26 10:38:31+02;1349
2017-03-26 11:40:31+02;1349
2017-03-26 12:24:31+02;1349
2017-03-26 13:30:31+02;1379
2017-03-26 13:46:31+02;1379
2017-03-26 14:22:31+02;1369
2017-03-26 15:10:31+02;1349
2017-03-26 15:31:31+02;1339
2017-03-26 15:40:31+02;1329
2017-03-26 16:47:31+02;1319
2017-03-26 17:38:31+02;1309
2017-03-26 18:38:31+02;1299
2017-03-26 19:33:31+02;1289
2017-03-26 20:38:31+02;1279
2017-03-26 23:01:31+02;1459
2017-03-27 05:10:31+02;1459
2017-03-27 05:32:31+02;1359
2017-03-27 05:50:31+02;1349
2017-03-27 06:49:31+02;1339
2017-03-27 07:41:32+02;1329
2017-03-27 08:46:31+02;1319
2017-03-27 09:34:31+02;1309
2017-03-27 09:42:31+02;1309
2017-03-27 10:21:31+02;1299
2017-03-27 11:29:31+02;1289
2017-03-27 12:31:31+02;1319
2017-03-27 12:46:31+02;1309
2017-03-27 13:49:31+02;1309
2017-03-27 14:19:31+02;1299
2017-03-27 15:08:31+02;1289
2017-03-27 16:19:31+02;1279
2017-03-27 16:36:31+02;1289
2017-03-27 16:37:31+02;1279
2017-03-27 17:11:31+02;1269
2017-03-27 18:31:31+02;1269
2017-03-27 22:01:31+02;1449
2017-03-28 05:04:31+02;1449
2017-03-28 05:30:31+02;1369
2017-03-28 05:43:31+02;1359
2017-03-28 05:49:31+02;1359
2017-03-28 06:25:31+02;1349
2017-03-28 06:40:31+02;1349
2017-03-28 07:30:31+02;1339
2017-03-28 07:38:31+02;1339
2017-03-28 08:33:31+02;1329
2017-03-28 09:20:31+02;1319
2017-03-28 10:28:31+02;1309
2017-03-28 11:23:31+02;1299
2017-03-28 12:31:31+02;1329
2017-03-28 12:46:31+02;1319
2017-03-28 13:48:31+02;1319
2017-03-28 14:10:31+02;1309
2017-03-28 15:12:31+02;1299
2017-03-28 16:19:31+02;1289
2017-03-28 17:10:31+02;1279
2017-03-28 18:10:31+02;1279
2017-03-28 22:00:31+02;1459
2017-03-29 05:04:31+02;1459
2017-03-29 05:33:31+02;1369
2017-03-29 06:05:31+02;1359
2017-03-29 07:49:31+02;1349
2017-03-29 08:28:31+02;1329
2017-03-29 08:40:31+02;1329
2017-03-29 08:46:31+02;1319
2017-03-29 08:59:31+02;1309
2017-03-29 09:17:31+02;1299
2017-03-29 09:30:32+02;1299
2017-03-29 10:08:31+02;1299
2017-03-29 10:19:31+02;1289
2017-03-29 10:51:31+02;1289
2017-03-29 11:07:31+02;1289
2017-03-29 11:17:31+02;1279
2017-03-29 12:31:31+02;1309
2017-03-29 12:32:31+02;1309
2017-03-29 13:47:31+02;1309
2017-03-29 14:10:31+02;1299
2017-03-29 14:59:31+02;1289
2017-03-29 15:04:31+02;1289
2017-03-29 15:42:31+02;1289
2017-03-29 15:49:31+02;1279
2017-03-29 22:00:31+02;1459
2017-03-30 05:04:31+02;1459
2017-03-30 05:32:31+02;1369
2017-03-30 06:24:31+02;1359
2017-03-30 07:29:31+02;1349
2017-03-30 08:12:31+02;1319
2017-03-30 08:29:31+02;1309
2017-03-30 08:40:31+02;1309
2017-03-30 12:30:31+02;1339
2017-03-30 13:47:31+02;1319
2017-03-30 14:09:31+02;1309
2017-03-30 22:00:31+02;1479
2017-03-31 05:04:31+02;1479
2017-03-31 05:35:31+02;1379
2017-03-31 06:21:31+02;1369
2017-03-31 07:12:31+02;1359
2017-03-31 08:03:31+02;1349
2017-03-31 09:08:31+02;1339
2017-03-31 09:59:31+02;1329
2017-03-31 10:51:31+02;1319
2017-03-31 12:04:31+02;1309
2017-03-31 12:31:31+02;1339
2017-03-31 14:07:31+02;1329
2017-03-31 14:10:31+02;1309
2017-03-31 14:42:31+02;1299
2017-03-31 15:46:32+02;1289
2017-03-31 22:01:31+02;1499
2017-04-01 05:30:31+02;1499
2017-04-01 05:40:31+02;1439
2017-04-01 06:08:31+02;1379
2017-04-01 07:01:31+02;1369
2017-04-01 07:54:31+02;1359
2017-04-01 09:01:31+02;1349
2017-04-01 09:51:31+02;1339
2017-04-01 10:42:31+02;1329
2017-04-01 11:33:31+02;1319
2017-04-01 12:31:31+02;1349
2017-04-01 12:46:31+02;1339
2017-04-01 13:49:31+02;1339
2017-04-01 14:14:32+02;1329
2017-04-01 14:17:31+02;1309
2017-04-01 14:31:31+02;1299
2017-04-01 22:00:31+02;1499
2017-04-02 05:48:31+02;1449
2017-04-02 06:31:31+02;1389
2017-04-02 07:41:31+02;1379
2017-04-02 08:24:31+02;1369
2017-04-02 09:08:32+02;1359
2017-04-02 10:16:32+02;1349
2017-04-02 11:10:31+02;1339
2017-04-02 11:59:31+02;1329
2017-04-02 12:31:31+02;1359
2017-04-02 13:48:31+02;1349
2017-04-02 14:10:31+02;1349
2017-04-02 14:31:31+02;1329
2017-04-02 14:46:31+02;1319
2017-04-02 15:37:31+02;1309
2017-04-02 16:46:31+02;1299
2017-04-02 22:01:31+02;1499
2017-04-03 05:32:31+02;1389
2017-04-03 07:01:31+02;1379
2017-04-03 07:50:31+02;1369
2017-04-03 08:41:31+02;1359
2017-04-03 09:29:31+02;1349
2017-04-03 10:38:31+02;1339
2017-04-03 12:31:31+02;1369
2017-04-03 12:46:31+02;1359
2017-04-03 14:16:31+02;1329
2017-04-03 15:12:31+02;1319
2017-04-03 15:55:32+02;1319
2017-04-03 16:19:31+02;1309
2017-04-03 17:29:31+02;1299
2017-04-03 19:16:31+02;1299
2017-04-03 22:01:31+02;1499
2017-04-04 05:32:31+02;1389
2017-04-04 06:05:31+02;1379
2017-04-04 07:08:31+02;1369
2017-04-04 08:03:31+02;1359
2017-04-04 08:51:31+02;1349
2017-04-04 09:59:31+02;1339
2017-04-04 10:51:31+02;1329
2017-04-04 11:42:31+02;1319
2017-04-04 12:31:31+02;1349
2017-04-04 12:45:31+02;1339
2017-04-04 14:01:31+02;1329
2017-04-04 14:48:31+02;1319
2017-04-04 16:07:31+02;1309
2017-04-04 17:00:31+02;1309
2017-04-04 22:01:31+02;1499
2017-04-05 05:08:31+02;1499
2017-04-05 05:33:31+02;1399
2017-04-05 06:08:31+02;1389
2017-04-05 07:03:31+02;1379
2017-04-05 07:54:31+02;1369
2017-04-05 09:00:31+02;1359
2017-04-05 09:50:31+02;1349
2017-04-05 10:33:31+02;1349
2017-04-05 10:40:31+02;1339
2017-04-05 11:23:31+02;1339
2017-04-05 11:32:31+02;1329
2017-04-05 12:31:32+02;1359
2017-04-05 12:46:31+02;1359
2017-04-05 13:42:31+02;1349
2017-04-05 14:01:31+02;1339
2017-04-05 14:46:31+02;1329
2017-04-05 15:22:31+02;1319
2017-04-05 16:11:31+02;1309
2017-04-05 22:00:31+02;1499
2017-04-06 05:07:31+02;1499
2017-04-06 05:33:31+02;1319
2017-04-06 12:31:31+02;1349
2017-04-06 12:46:31+02;1339
2017-04-06 13:49:32+02;1339
2017-04-06 14:10:31+02;1329
2017-04-06 14:43:31+02;1329
2017-04-06 14:46:31+02;1319
2017-04-06 16:24:31+02;1309
2017-04-06 22:00:31+02;1499
2017-04-07 05:08:31+02;1499
2017-04-07 05:34:31+02;1409
2017-04-07 05:53:31+02;1399
2017-04-07 06:46:31+02;1389
2017-04-07 07:43:31+02;1379
2017-04-07 08:52:31+02;1369
2017-04-07 09:43:31+02;1359
2017-04-07 10:33:31+02;1349
2017-04-07 11:24:31+02;1339
2017-04-07 12:31:31+02;1369
2017-04-07 12:46:31+02;1359
2017-04-07 14:10:31+02;1349
2017-04-07 14:32:31+02;1339
2017-04-07 14:42:31+02;1329
2017-04-07 15:22:31+02;1319
2017-04-07 15:33:31+02;1319
2017-04-07 22:01:31+02;1499
2017-04-08 05:32:31+02;1469
2017-04-08 06:09:31+02;1419
2017-04-08 06:46:31+02;1409
2017-04-08 07:46:31+02;1399
2017-04-08 08:27:31+02;1389
2017-04-08 09:21:31+02;1379
2017-04-08 10:31:31+02;1369
2017-04-08 11:19:31+02;1359
2017-04-08 12:30:31+02;1389
2017-04-08 12:46:31+02;1379
2017-04-08 14:07:31+02;1369
2017-04-08 14:10:31+02;1319
2017-04-08 14:46:31+02;1319
2017-04-08 22:00:31+02;1499
2017-04-09 05:16:31+02;1419
2017-04-09 05:45:31+02;1409
2017-04-09 06:10:31+02;1409
2017-04-09 06:36:31+02;1399
2017-04-09 06:48:31+02;1399
2017-04-09 07:24:31+02;1389
2017-04-09 07:39:31+02;1389
2017-04-09 08:15:31+02;1379
2017-04-09 08:25:32+02;1379
2017-04-09 09:06:31+02;1369
2017-04-09 09:14:31+02;1369
2017-04-09 09:54:31+02;1359
2017-04-09 10:07:31+02;1359
2017-04-09 10:54:31+02;1349
2017-04-09 11:01:32+02;1349
2017-04-09 11:33:31+02;1339
2017-04-09 11:54:31+02;1339
2017-04-09 12:31:31+02;1369
2017-04-09 12:46:31+02;1359
2017-04-09 13:07:31+02;1359
2017-04-09 14:10:31+02;1349
2017-04-09 14:31:31+02;1339
2017-04-09 14:45:31+02;1329
2017-04-09 14:55:31+02;1329
2017-04-09 15:36:31+02;1319
2017-04-09 15:42:31+02;1319
2017-04-09 22:01:31+02;1499
2017-04-10 05:07:32+02;1499
2017-04-10 05:33:31+02;1419
2017-04-10 05:53:31+02;1409
2017-04-10 06:37:31+02;1399
2017-04-10 07:32:31+02;1389
2017-04-10 08:40:31+02;1379
2017-04-10 09:30:31+02;1369
2017-04-10 10:22:31+02;1359
2017-04-10 11:12:31+02;1349
2017-04-10 12:31:31+02;1379
2017-04-10 12:46:31+02;1369
2017-04-10 13:47:31+02;1369
2017-04-10 14:10:31+02;1359
2017-04-10 14:37:31+02;1339
2017-04-10 14:46:31+02;1329
2017-04-10 22:01:31+02;1499
2017-04-11 05:08:31+02;1499
2017-04-11 05:21:31+02;1469
2017-04-11 05:40:31+02;1419
2017-04-11 06:15:31+02;1419
2017-04-11 06:31:31+02;1409
2017-04-11 07:02:31+02;1399
2017-04-11 07:10:32+02;1399
2017-04-11 08:00:31+02;1389
2017-04-11 08:49:31+02;1369
2017-04-11 08:55:31+02;1369
2017-04-11 09:07:31+02;1359
2017-04-11 09:21:31+02;1359
2017-04-11 09:27:31+02;1349
2017-04-11 10:37:31+02;1339
2017-04-11 11:32:31+02;1329
2017-04-11 12:31:31+02;1359
2017-04-11 12:49:31+02;1349
2017-04-11 14:10:31+02;1339
2017-04-11 14:31:31+02;1329
2017-04-11 22:01:31+02;1509
2017-04-12 05:34:31+02;1419
2017-04-12 05:52:31+02;1409
2017-04-12 06:46:31+02;1399
2017-04-12 07:44:31+02;1389
2017-04-12 08:21:31+02;1379
2017-04-12 08:49:31+02;1369
2017-04-12 09:08:32+02;1359
2017-04-12 09:41:31+02;1359
2017-04-12 10:00:32+02;1349
2017-04-12 10:03:31+02;1349
2017-04-12 10:51:31+02;1339
2017-04-12 11:41:31+02;1329
2017-04-12 12:30:31+02;1359
2017-04-12 12:33:31+02;1349
2017-04-12 14:10:31+02;1349
2017-04-12 15:55:31+02;1339
2017-04-12 17:01:31+02;1329
2017-04-12 22:01:31+02;1519
2017-04-13 05:09:31+02;1519
2017-04-13 05:33:31+02;1419
2017-04-13 06:19:31+02;1409
2017-04-13 07:00:31+02;1399
2017-04-13 08:07:31+02;1389
2017-04-13 08:51:31+02;1369
2017-04-13 09:11:31+02;1359
2017-04-13 09:16:31+02;1349
2017-04-13 10:02:31+02;1349
2017-04-13 10:20:31+02;1339
2017-04-13 12:30:31+02;1369
2017-04-13 12:50:31+02;1349
2017-04-13 14:10:31+02;1339
2017-04-13 22:00:31+02;1529
2017-04-14 05:32:31+02;1469
2017-04-14 06:24:31+02;1429
2017-04-14 07:15:31+02;1419
2017-04-14 09:36:31+02;1419
2017-04-14 10:21:31+02;1389
2017-04-14 10:44:31+02;1389
2017-04-14 11:10:31+02;1389
2017-04-14 11:50:31+02;1379
2017-04-14 12:32:31+02;1409
2017-04-14 14:01:31+02;1389
2017-04-14 14:25:31+02;1379
2017-04-14 17:32:31+02;1359
2017-04-14 19:55:32+02;1349
2017-04-14 22:02:31+02;1529
2017-04-15 05:33:32+02;1499
2017-04-15 06:04:31+02;1439
2017-04-15 08:22:31+02;1379
2017-04-15 12:31:31+02;1409
2017-04-15 14:10:31+02;1399
2017-04-15 14:34:31+02;1379
2017-04-15 15:11:31+02;1369
2017-04-15 17:16:31+02;1359
2017-04-15 18:47:31+02;1349
2017-04-15 22:01:31+02;1529
2017-04-16 05:32:31+02;1499
2017-04-16 06:25:31+02;1439
2017-04-16 09:18:31+02;1379
2017-04-16 10:11:31+02;1379
2017-04-16 12:31:31+02;1409
2017-04-16 12:46:31+02;1399
2017-04-16 13:47:31+02;1399
2017-04-16 14:10:31+02;1389
2017-04-16 14:34:31+02;1369
2017-04-16 18:46:31+02;1359
2017-04-16 20:46:31+02;1349
2017-04-16 22:00:31+02;1529
2017-04-17 05:32:31+02;1499
2017-04-17 06:25:31+02;1439
2017-04-17 07:15:31+02;1429
2017-04-17 10:06:31+02;1419
2017-04-17 10:12:31+02;1389
2017-04-17 10:50:31+02;1369
2017-04-17 11:10:31+02;1359
2017-04-17 11:21:31+02;1359
2017-04-17 12:31:31+02;1389
2017-04-17 12:35:31+02;1389
2017-04-17 14:46:31+02;1379
2017-04-17 15:40:31+02;1349
2017-04-17 22:00:32+02;1529
2017-04-18 05:06:31+02;1529
2017-04-18 05:33:31+02;1439
2017-04-18 07:12:31+02;1419
2017-04-18 08:58:31+02;1419
2017-04-18 09:01:31+02;1389
2017-04-18 11:16:31+02;1379
2017-04-18 11:51:31+02;1369
2017-04-18 12:30:31+02;1399
2017-04-18 14:47:31+02;1369
2017-04-18 17:16:31+02;1359
2017-04-18 18:04:31+02;1349
2017-04-18 21:25:31+02;1339
2017-04-18 22:01:31+02;1519
2017-04-19 05:06:31+02;1519
2017-04-19 05:25:31+02;1429
2017-04-19 07:25:31+02;1419
2017-04-19 08:45:31+02;1419
2017-04-19 08:57:31+02;1419
2017-04-19 10:41:31+02;1409
2017-04-19 10:49:31+02;1409
2017-04-19 11:21:31+02;1399
2017-04-19 12:00:32+02;1389
2017-04-19 12:31:31+02;1419
2017-04-19 12:46:31+02;1419
2017-04-19 13:49:31+02;1409
2017-04-19 14:34:31+02;1399
2017-04-19 15:33:31+02;1379
2017-04-19 17:40:31+02;1369
2017-04-19 18:05:31+02;1359
2017-04-19 18:11:31+02;1359
2017-04-19 20:49:31+02;1349
2017-04-19 22:01:31+02;1499
2017-04-20 05:04:31+02;1499
2017-04-20 05:34:31+02;1419
2017-04-20 06:21:31+02;1379
2017-04-20 06:49:31+02;1359
2017-04-20 10:52:31+02;1349
2017-04-20 11:30:32+02;1339
2017-04-20 12:30:31+02;1369
2017-04-20 12:33:31+02;1369
2017-04-20 14:04:31+02;1359
2017-04-20 15:07:31+02;1339
2017-04-20 16:06:31+02;1329
2017-04-20 17:01:31+02;1349
2017-04-20 17:21:31+02;1349
2017-04-20 18:18:31+02;1329
2017-04-20 18:51:31+02;1319
2017-04-20 19:56:24+02;1319
2017-04-20 22:01:31+02;1489
2017-04-21 05:04:32+02;1489
2017-04-21 05:30:31+02;1409
2017-04-21 10:32:31+02;1409
2017-04-21 11:43:31+02;1399
2017-04-21 12:01:31+02;1389
2017-04-21 12:13:31+02;1369
2017-04-21 12:31:31+02;1399
2017-04-21 14:16:31+02;1369
2017-04-21 15:54:31+02;1369
2017-04-21 16:31:31+02;1359
2017-04-21 17:00:31+02;1379
2017-04-21 17:30:31+02;1369
2017-04-21 17:43:31+02;1359
2017-04-21 18:10:31+02;1339
2017-04-21 18:51:31+02;1339
2017-04-21 19:06:31+02;1329
2017-04-21 22:00:31+02;1489
2017-04-22 05:06:31+02;1489
2017-04-22 05:24:31+02;1409
2017-04-22 09:21:31+02;1409
2017-04-22 11:01:32+02;1389
2017-04-22 11:12:31+02;1389
2017-04-22 12:01:31+02;1369
2017-04-22 12:30:31+02;1399
2017-04-22 12:32:31+02;1389
2017-04-22 14:01:31+02;1379
2017-04-22 14:13:32+02;1359
2017-04-22 17:00:31+02;1379
2017-04-22 17:06:31+02;1369
2017-04-22 18:18:31+02;1349
2017-04-22 18:51:31+02;1349
2017-04-22 19:00:31+02;1339
2017-04-22 19:27:31+02;1329
2017-04-22 20:28:31+02;1319
2017-04-22 22:00:31+02;1489
2017-04-23 05:20:31+02;1469
2017-04-23 05:39:31+02;1409
2017-04-23 10:16:31+02;1399
2017-04-23 11:57:31+02;1389
2017-04-23 12:31:31+02;1419
2017-04-23 14:34:31+02;1389
2017-04-23 18:02:31+02;1389
2017-04-23 18:19:31+02;1369
2017-04-23 22:01:31+02;1489
2017-04-24 05:05:31+02;1489
2017-04-24 05:27:31+02;1419
2017-04-24 05:46:31+02;1409
2017-04-24 08:40:31+02;1409
2017-04-24 08:59:31+02;1399
2017-04-24 09:57:31+02;1389
2017-04-24 11:32:31+02;1359
2017-04-24 11:36:31+02;1389
2017-04-24 11:37:31+02;1359
2017-04-24 12:31:31+02;1389
2017-04-24 14:01:31+02;1379
2017-04-24 14:06:31+02;1359
2017-04-24 15:28:31+02;1349
2017-04-24 17:00:31+02;1369
2017-04-24 17:48:31+02;1349
2017-04-24 19:00:31+02;1339
2017-04-24 20:22:31+02;1329
2017-04-24 22:00:31+02;1479
2017-04-25 05:14:31+02;1479
2017-04-25 05:34:31+02;1399
2017-04-25 08:31:31+02;1399
2017-04-25 10:13:31+02;1389
2017-04-25 10:46:31+02;1369
2017-04-25 11:52:31+02;1369
2017-04-25 12:30:31+02;1399
2017-04-25 12:45:31+02;1389
2017-04-25 13:58:31+02;1369
2017-04-25 14:31:30+02;1359
2017-04-25 14:42:31+02;1349
2017-04-25 16:16:31+02;1339
2017-04-25 17:01:31+02;1359
2017-04-25 17:16:31+02;1349
2017-04-25 17:42:31+02;1339
2017-04-25 17:47:31+02;1319
2017-04-25 19:00:32+02;1319
2017-04-25 22:01:31+02;1469
2017-04-26 05:04:31+02;1469
2017-04-26 05:32:31+02;1409
2017-04-26 08:37:31+02;1409
2017-04-26 08:40:31+02;1399
2017-04-26 09:12:31+02;1389
2017-04-26 10:27:31+02;1379
2017-04-26 11:15:31+02;1379
2017-04-26 11:42:32+02;1369
2017-04-26 12:31:31+02;1399
2017-04-26 14:46:31+02;1359
2017-04-26 15:36:31+02;1319
2017-04-26 18:51:31+02;1309
2017-04-26 22:01:31+02;1469
2017-04-27 05:12:31+02;1469
2017-04-27 05:30:31+02;1389
2017-04-27 08:46:31+02;1389
2017-04-27 10:13:31+02;1379
2017-04-27 11:05:31+02;1359
2017-04-27 11:45:31+02;1359
2017-04-27 12:01:31+02;1349
2017-04-27 12:30:31+02;1379
2017-04-27 12:46:31+02;1379
2017-04-27 13:58:31+02;1369
2017-04-27 14:16:31+02;1349
2017-04-27 15:46:31+02;1329
2017-04-27 17:00:31+02;1349
2017-04-27 17:37:31+02;1349
2017-04-27 18:18:31+02;1329
2017-04-27 18:30:31+02;1319
2017-04-27 19:00:31+02;1309
2017-04-27 22:01:31+02;1469
2017-04-28 05:04:31+02;1469
2017-04-28 05:34:31+02;1399
2017-04-28 05:49:31+02;1379
2017-04-28 09:12:31+02;1329
2017-04-28 11:36:31+02;1319
2017-04-28 12:30:31+02;1349
2017-04-28 13:50:31+02;1339
2017-04-28 14:22:31+02;1319
2017-04-28 16:30:31+02;1319
2017-04-28 17:00:31+02;1339
2017-04-28 17:47:31+02;1319
2017-04-28 18:51:31+02;1299
2017-04-28 22:00:31+02;1469
2017-04-29 05:34:31+02;1449
2017-04-29 05:42:31+02;1399
2017-04-29 05:55:31+02;1379
2017-04-29 09:10:31+02;1379
2017-04-29 09:21:31+02;1379
2017-04-29 10:27:31+02;1379
2017-04-29 11:12:31+02;1369
2017-04-29 11:46:31+02;1359
2017-04-29 12:30:32+02;1389
2017-04-29 12:37:32+02;1349
2017-04-29 13:52:31+02;1319
2017-04-29 14:16:31+02;1319
2017-04-29 15:58:31+02;1309
2017-04-29 17:00:31+02;1329
2017-04-29 18:18:31+02;1309
2017-04-29 20:43:31+02;1299
2017-04-29 22:00:31+02;1469
2017-04-30 05:34:31+02;1449
2017-04-30 06:04:31+02;1379
2017-04-30 09:21:31+02;1379
2017-04-30 11:46:31+02;1369
2017-04-30 12:31:31+02;1399
2017-04-30 12:46:31+02;1389
2017-04-30 13:52:31+02;1379
2017-04-30 14:08:31+02;1379
2017-04-30 14:18:31+02;1339
2017-04-30 14:57:31+02;1309
2017-04-30 17:01:32+02;1329
2017-04-30 18:18:31+02;1309
2017-04-30 22:01:31+02;1469
2017-05-01 05:46:31+02;1449
2017-05-01 05:55:31+02;1379
2017-05-01 09:46:31+02;1329
2017-05-01 12:31:31+02;1359
2017-05-01 13:51:31+02;1349
2017-05-01 14:07:31+02;1329
2017-05-01 17:00:31+02;1349
2017-05-01 18:18:31+02;1329
2017-05-01 22:01:31+02;1469
2017-05-02 05:04:31+02;1469
2017-05-02 05:34:31+02;1399
2017-05-02 06:04:31+02;1379
2017-05-02 07:46:31+02;1379
2017-05-02 09:31:31+02;1319
2017-05-02 11:07:31+02;1309
2017-05-02 11:16:31+02;1309
2017-05-02 11:46:31+02;1299
2017-05-02 12:31:31+02;1329
2017-05-02 13:58:31+02;1319
2017-05-02 14:16:31+02;1299
2017-05-02 15:46:31+02;1299
2017-05-02 17:00:31+02;1319
2017-05-02 18:19:31+02;1299
2017-05-02 22:01:31+02;1459
2017-05-03 05:33:31+02;1389
2017-05-03 05:45:31+02;1369
2017-05-03 08:01:31+02;1329
2017-05-03 11:01:31+02;1309
2017-05-03 12:00:31+02;1299
2017-05-03 12:34:31+02;1329
2017-05-03 12:42:31+02;1329
2017-05-03 14:13:31+02;1319
2017-05-03 14:22:31+02;1299
2017-05-03 17:02:31+02;1319
2017-05-03 17:21:31+02;1319
2017-05-03 18:34:31+02;1299
2017-05-03 22:03:31+02;1459
2017-05-04 05:10:31+02;1459
2017-05-04 05:43:31+02;1389
2017-05-04 05:49:31+02;1369
2017-05-04 07:09:31+02;1369
2017-05-04 10:42:31+02;1359
2017-05-04 11:07:31+02;1349
2017-05-04 11:30:31+02;1339
2017-05-04 12:30:31+02;1369
2017-05-04 14:13:31+02;1339
2017-05-04 16:31:31+02;1329
2017-05-04 17:01:31+02;1349
2017-05-04 18:07:31+02;1319
2017-05-04 18:31:31+02;1309
2017-05-04 22:01:31+02;1459
2017-05-05 05:04:31+02;1459
2017-05-05 05:32:31+02;1399
2017-05-05 06:04:31+02;1369
2017-05-05 08:10:31+02;1369
2017-05-05 09:33:31+02;1359
2017-05-05 10:05:31+02;1349
2017-05-05 11:41:31+02;1339
2017-05-05 12:31:31+02;1369
2017-05-05 14:12:31+02;1339
2017-05-05 15:33:31+02;1329
2017-05-05 17:00:31+02;1349
2017-05-05 17:16:31+02;1349
2017-05-05 18:08:31+02;1339
2017-05-05 18:18:31+02;1309
2017-05-05 21:07:31+02;1299
2017-05-05 22:03:31+02;1449
2017-05-06 05:36:31+02;1449
2017-05-06 05:55:31+02;1359
2017-05-06 10:36:31+02;1299
2017-05-06 11:06:31+02;1299
2017-05-06 11:27:31+02;1289
2017-05-06 12:30:31+02;1319
2017-05-06 14:06:31+02;1289
2017-05-06 14:12:31+02;1289
2017-05-06 15:48:31+02;1279
2017-05-06 17:01:31+02;1299
2017-05-06 17:19:31+02;1299
2017-05-06 17:21:31+02;1299
2017-05-06 18:21:31+02;1279
2017-05-06 19:33:31+02;1279
2017-05-06 22:01:31+02;1449
2017-05-07 05:36:31+02;1429
2017-05-07 05:55:31+02;1359
2017-05-07 11:32:31+02;1359
2017-05-07 12:32:31+02;1389
2017-05-07 12:46:31+02;1359
2017-05-07 14:21:31+02;1329
2017-05-07 15:21:31+02;1289
2017-05-07 17:01:31+02;1309
2017-05-07 17:03:31+02;1309
2017-05-07 18:12:31+02;1289
2017-05-07 22:01:31+02;1449
2017-05-08 05:07:31+02;1449
2017-05-08 05:36:31+02;1379
2017-05-08 05:46:31+02;1359
2017-05-08 10:06:31+02;1359
2017-05-08 10:48:31+02;1329
2017-05-08 12:31:31+02;1359
2017-05-08 12:46:31+02;1349
2017-05-08 14:21:31+02;1319
2017-05-08 15:27:31+02;1309
2017-05-08 17:01:31+02;1329
2017-05-08 18:08:31+02;1309
2017-05-08 19:03:31+02;1299
2017-05-08 22:01:31+02;1449
2017-05-09 05:01:31+02;1449
2017-05-09 05:42:31+02;1389
2017-05-09 05:53:31+02;1359
2017-05-09 09:43:31+02;1359
2017-05-09 10:18:31+02;1349
2017-05-09 11:48:31+02;1339
2017-05-09 12:31:31+02;1369
2017-05-09 14:03:31+02;1359
2017-05-09 14:12:31+02;1339
2017-05-09 15:33:32+02;1329
2017-05-09 17:00:32+02;1349
2017-05-09 17:18:31+02;1329
2017-05-09 17:57:31+02;1319
2017-05-09 18:33:31+02;1309
2017-05-09 19:27:31+02;1299
2017-05-09 20:27:31+02;1299
2017-05-09 22:00:31+02;1449
2017-05-10 05:11:31+02;1449
2017-05-10 05:36:31+02;1379
2017-05-10 05:53:31+02;1359
2017-05-10 10:36:31+02;1349
2017-05-10 11:51:31+02;1339
2017-05-10 12:31:31+02;1369
2017-05-10 13:57:31+02;1359
2017-05-10 14:28:31+02;1339
2017-05-10 15:21:31+02;1329
2017-05-10 16:27:31+02;1329
2017-05-10 17:01:31+02;1349
2017-05-10 17:16:31+02;1339
2017-05-10 18:18:31+02;1329
2017-05-10 18:42:31+02;1309
2017-05-10 18:51:31+02;1309
2017-05-10 19:04:31+02;1299
2017-05-10 19:21:31+02;1299
2017-05-10 20:12:31+02;1289
2017-05-10 22:01:31+02;1449
2017-05-11 05:37:31+02;1379
2017-05-11 05:51:31+02;1359
2017-05-11 10:21:31+02;1349
2017-05-11 10:49:31+02;1309
2017-05-11 11:42:31+02;1299
2017-05-11 12:31:31+02;1329
2017-05-11 13:57:31+02;1319
2017-05-11 14:19:31+02;1299
2017-05-11 17:01:31+02;1319
2017-05-11 18:28:31+02;1299
2017-05-11 18:34:31+02;1299
2017-05-11 19:21:31+02;1289
2017-05-11 20:42:31+02;1289
2017-05-11 22:01:31+02;1459
2017-05-12 05:07:31+02;1459
2017-05-12 05:37:31+02;1379
2017-05-12 05:54:31+02;1359
2017-05-12 08:18:31+02;1319
2017-05-12 12:31:31+02;1349
2017-05-12 14:03:31+02;1339
2017-05-12 14:13:31+02;1319
2017-05-12 17:01:32+02;1339
2017-05-12 17:57:31+02;1329
2017-05-12 18:27:31+02;1319
2017-05-12 20:36:31+02;1309
2017-05-12 22:01:31+02;1479
2017-05-13 05:03:31+02;1479
2017-05-13 05:21:31+02;1389
2017-05-13 09:48:31+02;1389
2017-05-13 10:49:31+02;1379
2017-05-13 10:57:31+02;1359
2017-05-13 12:30:31+02;1389
2017-05-13 13:55:31+02;1379
2017-05-13 14:19:31+02;1359
2017-05-13 16:12:31+02;1349
2017-05-13 17:01:31+02;1369
2017-05-13 17:16:31+02;1369
2017-05-13 18:21:31+02;1349
2017-05-13 18:34:31+02;1339
2017-05-13 19:21:31+02;1319
2017-05-13 21:03:31+02;1309
2017-05-13 22:01:32+02;1479
2017-05-14 05:37:31+02;1459
2017-05-14 06:06:31+02;1419
2017-05-14 06:24:32+02;1399
2017-05-14 09:03:31+02;1389
2017-05-14 10:26:32+02;1339
2017-05-14 10:48:31+02;1339
2017-05-14 11:26:31+02;1329
2017-05-14 12:30:31+02;1359
2017-05-14 13:43:31+02;1329
2017-05-14 14:06:31+02;1329
2017-05-14 17:01:31+02;1349
2017-05-14 18:27:31+02;1329
2017-05-14 22:01:31+02;1479
2017-05-15 05:12:31+02;1479
2017-05-15 05:31:31+02;1399
2017-05-15 07:20:31+02;1399
2017-05-15 07:40:31+02;1389
2017-05-15 10:12:31+02;1319
2017-05-15 11:36:31+02;1309
2017-05-15 12:31:31+02;1339
2017-05-15 12:36:31+02;1339
2017-05-15 14:21:31+02;1329
2017-05-15 15:27:31+02;1309
2017-05-15 17:01:31+02;1329
2017-05-15 17:22:32+02;1329
2017-05-15 18:36:31+02;1309
2017-05-15 22:01:31+02;1479
2017-05-16 05:39:31+02;1399
2017-05-16 05:54:31+02;1389
2017-05-16 10:22:31+02;1369
2017-05-16 11:05:31+02;1329
2017-05-16 12:06:31+02;1319
2017-05-16 12:31:31+02;1349
2017-05-16 13:51:31+02;1339
2017-05-16 14:27:31+02;1319
2017-05-16 15:27:31+02;1319
2017-05-16 17:01:31+02;1339
2017-05-16 17:06:31+02;1339
2017-05-16 18:06:31+02;1319
2017-05-16 20:06:31+02;1309
2017-05-16 22:01:31+02;1479
2017-05-17 05:07:32+02;1479
2017-05-17 05:38:31+02;1399
2017-05-17 07:12:31+02;1329
2017-05-17 07:18:31+02;1329
2017-05-17 08:56:31+02;1329
2017-05-17 11:48:31+02;1329
2017-05-17 12:31:31+02;1359
2017-05-17 12:33:31+02;1349
2017-05-17 14:19:31+02;1319
2017-05-17 17:01:31+02;1369
2017-05-17 17:22:31+02;1339
2017-05-17 17:51:31+02;1329
2017-05-17 18:42:31+02;1309
2017-05-17 22:01:31+02;1479
2017-05-18 05:06:31+02;1479
2017-05-18 05:25:31+02;1319
2017-05-18 12:30:31+02;1349
2017-05-18 12:46:31+02;1339
2017-05-18 13:42:31+02;1329
2017-05-18 16:21:31+02;1309
2017-05-18 17:00:31+02;1329
2017-05-18 17:22:31+02;1329
2017-05-18 18:36:31+02;1309
2017-05-18 22:01:31+02;1479
2017-05-19 05:07:31+02;1479
2017-05-19 05:37:31+02;1399
2017-05-19 07:22:31+02;1389
2017-05-19 08:11:31+02;1389
2017-05-19 09:42:31+02;1369
2017-05-19 10:36:31+02;1369
2017-05-19 10:48:31+02;1369
2017-05-19 11:06:31+02;1359
2017-05-19 11:33:31+02;1349
2017-05-19 12:30:31+02;1379
2017-05-19 13:51:31+02;1369
2017-05-19 14:19:31+02;1349
2017-05-19 15:22:31+02;1339
2017-05-19 16:22:31+02;1329
2017-05-19 17:00:31+02;1349
2017-05-19 17:27:31+02;1339
2017-05-19 18:22:31+02;1319
2017-05-19 22:01:31+02;1479
2017-05-20 05:12:31+02;1479
2017-05-20 05:31:31+02;1399
2017-05-20 06:19:31+02;1359
2017-05-20 06:24:31+02;1359
2017-05-20 06:59:31+02;1349
2017-05-20 09:19:31+02;1339
2017-05-20 09:48:31+02;1319
2017-05-20 11:36:31+02;1309
2017-05-20 12:30:31+02;1339
2017-05-20 12:50:31+02;1339
2017-05-20 13:50:31+02;1339
2017-05-20 14:06:31+02;1329
2017-05-20 14:21:31+02;1309
2017-05-20 17:01:31+02;1329
2017-05-20 17:23:31+02;1319
2017-05-20 18:27:31+02;1309
2017-05-20 22:01:31+02;1479
2017-05-21 05:38:31+02;1449
2017-05-21 06:18:32+02;1429
2017-05-21 06:37:31+02;1389
2017-05-21 09:03:31+02;1389
2017-05-21 10:04:31+02;1359
2017-05-21 11:21:31+02;1339
2017-05-21 12:31:31+02;1369
2017-05-21 13:59:31+02;1369
2017-05-21 14:12:31+02;1339
2017-05-21 16:21:31+02;1329
2017-05-21 17:01:31+02;1349
2017-05-21 17:23:31+02;1349
2017-05-21 18:48:31+02;1329
2017-05-21 22:03:31+02;1479
2017-05-22 05:07:31+02;1479
2017-05-22 05:45:31+02;1399
2017-05-22 07:00:31+02;1389
2017-05-22 09:12:31+02;1389
2017-05-22 10:02:31+02;1389
2017-05-22 10:29:31+02;1369
2017-05-22 10:57:31+02;1359
2017-05-22 11:11:31+02;1359
2017-05-22 11:42:31+02;1349
2017-05-22 12:31:31+02;1379
2017-05-22 13:57:31+02;1369
2017-05-22 14:19:31+02;1339
2017-05-22 17:01:31+02;1359
2017-05-22 17:21:31+02;1359
2017-05-22 17:23:31+02;1349
2017-05-22 18:33:31+02;1329
2017-05-22 19:33:31+02;1319
2017-05-22 22:01:31+02;1489
2017-05-23 05:10:31+02;1489
2017-05-23 05:48:31+02;1399
2017-05-23 07:21:31+02;1389
2017-05-23 10:33:31+02;1389
2017-05-23 10:51:31+02;1369
2017-05-23 11:03:31+02;1359
2017-05-23 11:37:31+02;1349
2017-05-23 12:30:31+02;1379
2017-05-23 12:36:31+02;1369
2017-05-23 13:45:31+02;1359
2017-05-23 14:21:31+02;1339
2017-05-23 15:45:31+02;1339
2017-05-23 17:01:31+02;1359
2017-05-23 17:30:31+02;1349
2017-05-23 18:08:31+02;1329
2017-05-23 19:21:31+02;1319
2017-05-23 22:01:31+02;1489
2017-05-24 05:07:31+02;1489
2017-05-24 05:42:31+02;1409
2017-05-24 07:20:31+02;1399
2017-05-24 07:56:31+02;1389
2017-05-24 10:27:31+02;1379
2017-05-24 11:19:05+02;1369
2017-05-24 11:27:06+02;1359
2017-05-24 12:30:08+02;1389
2017-05-24 12:36:06+02;1349
2017-05-24 13:42:06+02;1339
2017-05-24 14:22:06+02;1319
2017-05-24 17:01:06+02;1339
2017-05-24 18:33:05+02;1319
2017-05-24 20:33:06+02;1309
2017-05-24 22:01:06+02;1489
2017-05-25 05:38:13+02;1459
2017-05-25 06:18:05+02;1439
2017-05-25 06:37:19+02;1399
2017-05-25 07:16:13+02;1399
2017-05-25 07:56:05+02;1389
2017-05-25 10:06:06+02;1389
2017-05-25 10:19:05+02;1389
2017-05-25 10:33:05+02;1379
2017-05-25 10:57:05+02;1369
2017-05-25 12:30:07+02;1399
2017-05-25 12:46:06+02;1399
2017-05-25 13:42:06+02;1389
2017-05-25 14:06:06+02;1369
2017-05-25 15:27:06+02;1339
2017-05-25 17:02:06+02;1359
2017-05-25 17:16:05+02;1349
2017-05-25 18:36:06+02;1329
2017-05-25 22:03:06+02;1489
2017-05-26 05:39:05+02;1409
2017-05-26 07:21:06+02;1399
2017-05-26 09:33:06+02;1389
2017-05-26 10:20:06+02;1339
2017-05-26 10:33:06+02;1339
2017-05-26 11:12:07+02;1339
2017-05-26 11:42:11+02;1329
2017-05-26 12:30:10+02;1359
2017-05-26 12:46:06+02;1349
2017-05-26 13:57:06+02;1339
2017-05-26 14:13:07+02;1319
2017-05-26 17:01:06+02;1339
2017-05-26 17:19:05+02;1329
2017-05-26 18:19:06+02;1309
2017-05-26 21:27:14+02;1299
2017-05-26 22:01:07+02;1489
2017-05-27 05:36:06+02;1459
2017-05-27 05:55:06+02;1389
2017-05-27 10:47:05+02;1369
2017-05-27 10:57:06+02;1369
2017-05-27 11:12:06+02;1359
2017-05-27 12:32:05+02;1389
2017-05-27 12:37:05+02;1379
2017-05-27 14:03:05+02;1349
2017-05-27 14:18:05+02;1349
2017-05-27 15:51:06+02;1349
2017-05-27 17:01:05+02;1369
2017-05-27 17:02:05+02;1349
2017-05-27 17:23:06+02;1349
2017-05-27 17:51:06+02;1339
2017-05-27 18:34:06+02;1319
2017-05-27 22:02:05+02;1489
2017-05-28 05:39:06+02;1469
2017-05-28 06:12:06+02;1439
2017-05-28 06:31:05+02;1409
2017-05-28 09:03:05+02;1399
2017-05-28 10:21:08+02;1389
2017-05-28 10:33:06+02;1379
2017-05-28 10:42:06+02;1379
2017-05-28 10:47:06+02;1369
2017-05-28 12:31:06+02;1399
2017-05-28 12:45:06+02;1389
2017-05-28 14:12:06+02;1359
2017-05-28 17:01:06+02;1379
2017-05-28 17:03:06+02;1349
2017-05-28 17:51:05+02;1339
2017-05-28 18:33:05+02;1329
2017-05-28 22:01:05+02;1489
2017-05-29 05:38:06+02;1409
2017-05-29 07:21:06+02;1399
2017-05-29 08:08:06+02;1389
2017-05-29 10:42:06+02;1379
2017-05-29 10:51:06+02;1369
2017-05-29 11:06:06+02;1369
2017-05-29 11:21:06+02;1359
2017-05-29 11:52:06+02;1349
2017-05-29 12:30:07+02;1379
2017-05-29 14:02:06+02;1369
2017-05-29 14:12:06+02;1349
2017-05-29 15:21:06+02;1339
2017-05-29 16:22:06+02;1339
2017-05-29 17:01:06+02;1359
2017-05-29 17:16:06+02;1359
2017-05-29 18:19:06+02;1339
2017-05-29 19:33:06+02;1319
2017-05-29 20:33:06+02;1309
2017-05-29 22:01:06+02;1469
2017-05-30 05:16:06+02;1399
2017-05-30 07:16:06+02;1389
2017-05-30 08:08:06+02;1389
2017-05-30 10:33:06+02;1369
2017-05-30 11:03:06+02;1349
2017-05-30 12:12:06+02;1339
2017-05-30 12:31:06+02;1369
2017-05-30 14:33:06+02;1339
2017-05-30 15:21:18+02;1329
2017-05-30 17:01:06+02;1349
2017-05-30 17:22:06+02;1349
2017-05-30 17:51:06+02;1339
2017-05-30 18:18:06+02;1339
2017-05-30 19:06:06+02;1319
2017-05-30 19:21:06+02;1309
2017-05-30 22:01:06+02;1469
2017-05-31 05:39:05+02;1399
2017-05-31 07:25:06+02;1389
2017-05-31 08:20:06+02;1389
2017-05-31 10:33:06+02;1379
2017-05-31 10:57:06+02;1369
2017-05-31 11:27:06+02;1349
2017-05-31 12:31:06+02;1379
2017-05-31 12:46:06+02;1359
2017-05-31 13:42:06+02;1349
2017-05-31 14:33:06+02;1329
2017-05-31 15:27:05+02;1329
2017-05-31 15:48:06+02;1319
2017-05-31 17:01:06+02;1339
2017-05-31 17:15:07+02;1329
2017-05-31 18:34:05+02;1309
2017-05-31 19:06:07+02;1309
2017-05-31 22:01:06+02;1469
2017-06-01 05:48:06+02;1389
2017-06-01 07:24:05+02;1389
2017-06-01 08:00:06+02;1379
2017-06-01 10:45:06+02;1369
2017-06-01 11:06:07+02;1329
2017-06-01 11:52:06+02;1329
2017-06-01 12:33:05+02;1359
2017-06-01 13:51:05+02;1349
2017-06-01 14:21:06+02;1329
2017-06-01 15:23:06+02;1319
2017-06-01 17:01:06+02;1339
2017-06-01 17:05:06+02;1339
2017-06-01 17:25:05+02;1329
2017-06-01 18:21:06+02;1309
2017-06-01 19:34:06+02;1309
2017-06-01 20:32:06+02;1299
2017-06-01 22:08:05+02;1459
2017-06-02 05:33:05+02;1449
2017-06-02 05:46:06+02;1349
2017-06-02 07:19:05+02;1349
2017-06-02 07:59:05+02;1349
2017-06-02 09:36:06+02;1349
2017-06-02 10:06:06+02;1339
2017-06-02 11:03:06+02;1339
2017-06-02 11:33:06+02;1329
2017-06-02 12:31:05+02;1359
2017-06-02 13:42:06+02;1359
2017-06-02 13:51:06+02;1349
2017-06-02 14:07:05+02;1329
2017-06-02 15:27:06+02;1319
2017-06-02 17:01:06+02;1339
2017-06-02 17:18:06+02;1339
2017-06-02 18:03:06+02;1309
2017-06-02 22:01:06+02;1469
2017-06-02 22:21:06+02;1459
2017-06-03 05:16:05+02;1379
2017-06-03 09:04:05+02;1379
2017-06-03 10:36:06+02;1369
2017-06-03 11:03:11+02;1339
2017-06-03 12:31:07+02;1369
2017-06-03 13:51:06+02;1359
2017-06-03 14:16:06+02;1339
2017-06-03 15:06:06+02;1329
2017-06-03 16:33:05+02;1319
2017-06-03 17:01:06+02;1339
2017-06-03 17:24:06+02;1339
2017-06-03 18:00:06+02;1339
2017-06-03 18:15:06+02;1319
2017-06-03 22:01:06+02;1469
2017-06-03 22:19:05+02;1459
2017-06-04 05:19:05+02;1379
2017-06-04 10:30:07+02;1359
2017-06-04 11:00:06+02;1329
2017-06-04 12:31:06+02;1359
2017-06-04 12:42:05+02;1359
2017-06-04 13:42:05+02;1329
2017-06-04 14:13:05+02;1329
2017-06-04 17:01:06+02;1349
2017-06-04 17:23:05+02;1349
2017-06-04 17:51:05+02;1319
2017-06-04 22:02:06+02;1469
2017-06-04 22:19:19+02;1459
2017-06-05 05:47:06+02;1449
2017-06-05 06:16:05+02;1419
2017-06-05 06:35:06+02;1379
2017-06-05 09:56:06+02;1379
2017-06-05 10:12:06+02;1369
2017-06-05 10:57:06+02;1339
2017-06-05 11:27:09+02;1329
2017-06-05 12:31:06+02;1359
2017-06-05 12:33:05+02;1359
2017-06-05 12:36:06+02;1339
2017-06-05 14:16:05+02;1319
2017-06-05 17:00:06+02;1339
2017-06-05 17:23:05+02;1329
2017-06-05 18:28:06+02;1319
2017-06-05 22:00:06+02;1469
2017-06-05 22:25:06+02;1459
2017-06-06 05:38:05+02;1379
2017-06-06 08:10:06+02;1379
2017-06-06 09:45:07+02;1379
2017-06-06 10:36:10+02;1369
2017-06-06 11:00:06+02;1349
2017-06-06 11:12:12+02;1339
2017-06-06 12:04:06+02;1329
2017-06-06 12:31:06+02;1359
2017-06-06 12:46:06+02;1359
2017-06-06 14:00:06+02;1349
2017-06-06 14:16:06+02;1329
2017-06-06 15:28:07+02;1319
2017-06-06 17:01:06+02;1339
2017-06-06 17:22:06+02;1339
2017-06-06 17:27:06+02;1329
2017-06-06 17:52:06+02;1329
2017-06-06 18:28:06+02;1309
2017-06-06 20:30:07+02;1299
2017-06-06 22:01:06+02;1469
2017-06-07 05:51:06+02;1389
2017-06-07 07:55:08+02;1379
2017-06-07 10:37:06+02;1369
2017-06-07 11:16:06+02;1369
2017-06-07 11:35:08+02;1349
2017-06-07 12:30:08+02;1379
2017-06-07 12:46:06+02;1359
2017-06-07 13:42:06+02;1349
2017-06-07 14:37:06+02;1329
2017-06-07 15:35:06+02;1309
2017-06-07 17:02:06+02;1329
2017-06-07 17:28:05+02;1319
2017-06-07 18:00:07+02;1319
2017-06-07 18:32:05+02;1299
2017-06-07 19:24:06+02;1299
2017-06-07 22:06:06+02;1459
2017-06-08 05:10:06+02;1459
2017-06-08 05:48:06+02;1389
2017-06-08 07:34:06+02;1379
2017-06-08 07:56:06+02;1369
2017-06-08 09:57:06+02;1309
2017-06-08 11:31:05+02;1309
2017-06-08 12:30:07+02;1339
2017-06-08 12:46:06+02;1339
2017-06-08 14:16:06+02;1309
2017-06-08 15:26:06+02;1299
2017-06-08 17:01:06+02;1319
2017-06-08 17:22:06+02;1319
2017-06-08 18:28:06+02;1299
2017-06-08 19:27:06+02;1289
2017-06-08 22:01:06+02;1449
2017-06-09 05:01:06+02;1449
2017-06-09 05:39:05+02;1309
2017-06-09 09:52:06+02;1289
2017-06-09 11:00:06+02;1289
2017-06-09 11:37:06+02;1289
2017-06-09 12:31:05+02;1319
2017-06-09 12:36:06+02;1319
2017-06-09 14:02:09+02;1309
2017-06-09 14:28:06+02;1289
2017-06-09 17:00:09+02;1309
2017-06-09 17:23:06+02;1309
2017-06-09 17:26:06+02;1309
2017-06-09 18:06:06+02;1299
2017-06-09 18:31:05+02;1289
2017-06-09 22:01:06+02;1449
2017-06-10 05:36:06+02;1419
2017-06-10 05:55:06+02;1369
2017-06-10 10:43:05+02;1339
2017-06-10 11:07:06+02;1339
2017-06-10 14:14:06+02;1339
2017-06-10 14:46:06+02;1319
2017-06-10 17:01:05+02;1339
2017-06-10 17:51:05+02;1329
2017-06-10 18:26:06+02;1319
2017-06-10 19:27:06+02;1309
2017-06-10 20:30:07+02;1299
2017-06-10 22:01:06+02;1449
2017-06-11 05:38:06+02;1449
2017-06-11 06:15:05+02;1409
2017-06-11 06:34:05+02;1389
2017-06-11 09:06:05+02;1369
2017-06-11 10:27:06+02;1359
2017-06-11 11:06:06+02;1329
2017-06-11 12:31:06+02;1359
2017-06-11 14:06:06+02;1349
2017-06-11 14:12:06+02;1329
2017-06-11 15:21:06+02;1319
2017-06-11 17:01:05+02;1339
2017-06-11 17:15:06+02;1329
2017-06-11 18:22:05+02;1329
2017-06-11 18:30:07+02;1309
2017-06-11 22:01:06+02;1449
2017-06-12 05:06:06+02;1449
2017-06-12 05:25:06+02;1379
2017-06-12 07:09:05+02;1369
2017-06-12 09:15:06+02;1329
2017-06-12 09:32:05+02;1329
2017-06-12 10:00:09+02;1319
2017-06-12 11:25:04+02;1319
2017-06-12 12:02:04+02;1319
2017-06-12 12:39:04+02;1319
2017-06-12 12:40:10+02;1349
2017-06-12 13:41:06+02;1349
2017-06-12 14:04:06+02;1339
2017-06-12 14:36:06+02;1319
2017-06-12 15:31:06+02;1309
2017-06-12 15:45:06+02;1299
2017-06-12 17:01:06+02;1319
2017-06-12 17:15:06+02;1319
2017-06-12 18:27:06+02;1299
2017-06-12 18:42:06+02;1299
2017-06-12 19:15:06+02;1289
2017-06-12 20:50:06+02;1289
2017-06-12 22:01:06+02;1439
2017-06-13 05:10:05+02;1439
2017-06-13 05:43:05+02;1369
2017-06-13 08:08:06+02;1369
2017-06-13 10:36:06+02;1359
2017-06-13 11:00:06+02;1359
2017-06-13 11:22:06+02;1349
2017-06-13 12:31:06+02;1379
2017-06-13 12:36:06+02;1359
2017-06-13 13:45:06+02;1349
2017-06-13 14:27:06+02;1329
2017-06-13 15:12:06+02;1309
2017-06-13 17:01:06+02;1329
2017-06-13 18:15:06+02;1319
2017-06-13 18:27:06+02;1299
2017-06-13 19:27:06+02;1289
2017-06-13 22:01:06+02;1439
2017-06-14 05:10:06+02;1439
2017-06-14 05:40:06+02;1359
2017-06-14 08:25:06+02;1359
2017-06-14 10:45:06+02;1349
2017-06-14 11:27:06+02;1339
2017-06-14 11:42:06+02;1329
2017-06-14 12:31:06+02;1359
2017-06-14 14:06:07+02;1329
2017-06-14 15:15:11+02;1329
2017-06-14 17:01:06+02;1349
2017-06-14 17:25:06+02;1319
2017-06-14 18:30:07+02;1299
2017-06-14 20:36:06+02;1299
2017-06-14 21:27:05+02;1289
2017-06-14 22:01:06+02;1439
2017-06-15 05:04:05+02;1439
2017-06-15 05:49:05+02;1379
2017-06-15 08:12:07+02;1309
2017-06-15 08:19:06+02;1299
2017-06-15 09:00:07+02;1289
2017-06-15 12:12:05+02;1289
2017-06-15 12:31:05+02;1319
2017-06-15 14:00:06+02;1309
2017-06-15 14:12:06+02;1289
2017-06-15 17:01:06+02;1309
2017-06-15 18:27:06+02;1309
2017-06-15 18:36:06+02;1289
2017-06-15 22:01:06+02;1429
2017-06-16 05:04:05+02;1429
2017-06-16 05:39:06+02;1379
2017-06-16 07:09:05+02;1369
2017-06-16 07:56:15+02;1359
2017-06-16 08:53:05+02;1309
2017-06-16 10:42:06+02;1299
2017-06-16 12:31:06+02;1329
2017-06-16 12:36:06+02;1319
2017-06-16 14:12:06+02;1289
2017-06-16 17:01:06+02;1309
2017-06-16 17:06:06+02;1309
2017-06-16 18:12:06+02;1289
2017-06-16 18:42:06+02;1289
2017-06-16 19:27:06+02;1279
2017-06-16 22:01:06+02;1399
2017-06-17 08:57:06+02;1399
2017-06-17 09:11:06+02;1369
2017-06-17 09:44:06+02;1359
2017-06-17 09:59:06+02;1349
2017-06-17 11:45:07+02;1339
2017-06-17 12:31:06+02;1299
2017-06-17 16:17:06+02;1289
2017-06-17 17:05:05+02;1309
2017-06-17 17:26:06+02;1279
2017-06-17 18:27:09+02;1259
2017-06-17 22:01:06+02;1429
2017-06-18 05:38:05+02;1409
2017-06-18 06:12:06+02;1399
2017-06-18 06:31:05+02;1359
2017-06-18 10:21:06+02;1299
2017-06-18 11:37:06+02;1299
2017-06-18 12:31:06+02;1329
2017-06-18 12:36:05+02;1299
2017-06-18 14:44:06+02;1269
2017-06-18 17:01:05+02;1289
2017-06-18 17:24:05+02;1289
2017-06-18 18:26:06+02;1269
2017-06-18 22:01:06+02;1429
2017-06-19 05:39:05+02;1359
2017-06-19 09:04:06+02;1349
2017-06-19 10:59:06+02;1349
2017-06-19 11:11:06+02;1339
2017-06-19 11:30:08+02;1329
2017-06-19 12:31:06+02;1359
2017-06-19 13:58:06+02;1359
2017-06-19 14:06:06+02;1329
2017-06-19 15:26:06+02;1309
2017-06-19 15:50:06+02;1309
2017-06-19 17:00:06+02;1329
2017-06-19 17:56:06+02;1319
2017-06-19 18:30:07+02;1299
2017-06-19 19:36:06+02;1289
2017-06-19 21:12:06+02;1279
2017-06-19 22:01:06+02;1429
2017-06-20 05:01:06+02;1429
2017-06-20 05:19:05+02;1369
2017-06-20 07:19:06+02;1359
2017-06-20 07:58:06+02;1349
2017-06-20 10:30:14+02;1349
2017-06-20 10:56:20+02;1339
2017-06-20 11:42:06+02;1319
2017-06-20 12:31:02+02;1349
2017-06-20 12:32:28+02;1319
2017-06-20 13:51:06+02;1299
2017-06-20 14:48:06+02;1299
2017-06-20 15:13:05+02;1279
2017-06-20 15:26:06+02;1279
2017-06-20 16:26:05+02;1279
2017-06-20 17:00:07+02;1299
2017-06-20 17:50:07+02;1299
2017-06-20 18:28:06+02;1299
2017-06-20 18:36:07+02;1279
2017-06-20 19:29:06+02;1279
2017-06-20 20:30:08+02;1269
2017-06-20 22:01:06+02;1419
2017-06-21 05:04:06+02;1419
2017-06-21 05:16:06+02;1359
2017-06-21 07:56:06+02;1319
2017-06-21 10:36:06+02;1319
2017-06-21 11:05:07+02;1319
2017-06-21 11:27:06+02;1319
2017-06-21 12:30:08+02;1349
2017-06-21 13:57:06+02;1319
2017-06-21 15:57:06+02;1309
2017-06-21 17:00:06+02;1329
2017-06-21 18:36:05+02;1309
2017-06-21 18:58:05+02;1299
2017-06-21 20:30:07+02;1279
2017-06-21 22:01:05+02;1419
2017-06-22 05:40:06+02;1369
2017-06-22 07:25:07+02;1359
2017-06-22 08:16:06+02;1349
2017-06-22 10:52:06+02;1339
2017-06-22 11:00:06+02;1329
2017-06-22 11:36:06+02;1319
2017-06-22 12:31:05+02;1349
2017-06-22 14:06:07+02;1339
2017-06-22 14:57:06+02;1329
2017-06-22 15:36:06+02;1309
2017-06-22 17:01:06+02;1329
2017-06-22 17:15:06+02;1309
2017-06-22 17:51:05+02;1289
2017-06-22 18:28:06+02;1289
2017-06-22 19:06:06+02;1279
2017-06-22 20:45:06+02;1269
2017-06-22 22:01:06+02;1419
2017-06-23 05:04:06+02;1419
2017-06-23 05:38:05+02;1359
2017-06-23 07:03:05+02;1359
2017-06-23 08:16:06+02;1349
2017-06-23 10:21:07+02;1339
2017-06-23 10:46:09+02;1329
2017-06-23 11:05:07+02;1319
2017-06-23 11:30:08+02;1309
2017-06-23 12:30:09+02;1339
2017-06-23 14:13:05+02;1309
2017-06-23 15:07:06+02;1309
2017-06-23 17:01:06+02;1329
2017-06-23 17:54:06+02;1309
2017-06-23 18:37:06+02;1289
2017-06-23 19:12:06+02;1269
2017-06-23 19:15:07+02;1269
2017-06-23 20:30:08+02;1269
2017-06-23 22:01:06+02;1419
2017-06-24 05:48:05+02;1419
2017-06-24 05:56:06+02;1389
2017-06-24 06:15:06+02;1359
2017-06-24 09:02:05+02;1349
2017-06-24 10:42:06+02;1339
2017-06-24 10:52:06+02;1319
2017-06-24 12:31:06+02;1349
2017-06-24 13:42:16+02;1339
2017-06-24 14:43:06+02;1319
2017-06-24 15:15:06+02;1299
2017-06-24 17:01:06+02;1319
2017-06-24 17:05:06+02;1299
2017-06-24 18:36:06+02;1279
2017-06-24 19:15:06+02;1269
2017-06-24 21:15:06+02;1259
2017-06-24 22:01:06+02;1419
2017-06-25 05:49:05+02;1409
2017-06-25 06:28:05+02;1389
2017-06-25 06:46:06+02;1349
2017-06-25 10:06:06+02;1349
2017-06-25 10:46:05+02;1329
2017-06-25 11:15:06+02;1319
2017-06-25 12:30:07+02;1349
2017-06-25 12:47:05+02;1339
2017-06-25 13:42:06+02;1299
2017-06-25 15:27:05+02;1279
2017-06-25 17:01:06+02;1299
2017-06-25 18:46:05+02;1279
2017-06-25 22:01:06+02;1419
2017-06-26 05:38:05+02;1359
2017-06-26 08:10:06+02;1349
2017-06-26 10:27:05+02;1339
2017-06-26 10:51:06+02;1329
2017-06-26 11:05:06+02;1319
2017-06-26 11:45:06+02;1309
2017-06-26 12:31:06+02;1339
2017-06-26 14:06:06+02;1329
2017-06-26 15:15:07+02;1299
2017-06-26 17:01:06+02;1319
2017-06-26 18:12:11+02;1309
2017-06-26 18:42:06+02;1309
2017-06-26 19:07:06+02;1299
2017-06-26 19:15:06+02;1279
2017-06-26 22:01:05+02;1419
2017-06-27 05:47:22+02;1369
2017-06-27 06:05:06+02;1359
2017-06-27 07:14:06+02;1359
2017-06-27 09:01:06+02;1349
2017-06-27 10:37:06+02;1339
2017-06-27 10:58:06+02;1329
2017-06-27 11:15:06+02;1319
2017-06-27 11:59:25+02;1309
2017-06-27 12:31:06+02;1339
2017-06-27 13:42:06+02;1329
2017-06-27 14:13:06+02;1309
2017-06-27 15:12:06+02;1309
2017-06-27 15:22:06+02;1299
2017-06-27 17:01:06+02;1319
2017-06-27 17:06:07+02;1309
2017-06-27 17:07:05+02;1309
2017-06-27 19:16:06+02;1299
2017-06-27 19:27:06+02;1299
2017-06-27 19:30:07+02;1279
2017-06-27 20:27:05+02;1269
2017-06-27 22:01:07+02;1429
2017-06-28 10:21:06+02;1349
2017-06-28 10:59:06+02;1349
2017-06-28 11:45:06+02;1279
2017-06-28 12:31:06+02;1309
2017-06-28 13:46:09+02;1299
2017-06-28 15:51:06+02;1269
2017-06-28 16:06:06+02;1259
2017-06-28 17:00:09+02;1279
2017-06-28 17:12:06+02;1269
2017-06-28 18:42:05+02;1249
2017-06-28 18:52:05+02;1249
2017-06-28 21:21:06+02;1249
2017-06-28 22:01:06+02;1429
2017-06-29 05:48:05+02;1349
2017-06-29 08:55:06+02;1279
2017-06-29 09:33:06+02;1279
2017-06-29 11:30:08+02;1269
2017-06-29 12:31:06+02;1299
2017-06-29 14:45:06+02;1289
2017-06-29 14:59:07+02;1269
2017-06-29 15:27:06+02;1269
2017-06-29 15:46:06+02;1259
2017-06-29 17:00:07+02;1279
2017-06-29 17:24:06+02;1269
2017-06-29 18:30:07+02;1269
2017-06-29 18:45:06+02;1249
2017-06-29 22:01:06+02;1429
2017-06-30 05:48:06+02;1349
2017-06-30 07:19:06+02;1349
2017-06-30 08:08:06+02;1289
2017-06-30 08:59:06+02;1279
2017-06-30 09:06:06+02;1279
2017-06-30 09:07:06+02;1279
2017-06-30 11:36:09+02;1269
2017-06-30 12:30:18+02;1299
2017-06-30 13:45:11+02;1269
2017-06-30 16:12:06+02;1259
2017-06-30 16:28:06+02;1249
2017-06-30 17:01:06+02;1269
2017-06-30 17:23:06+02;1269
2017-06-30 18:28:06+02;1249
2017-06-30 22:01:06+02;1429
2017-07-01 05:38:05+02;1399
2017-07-01 06:04:12+02;1349
2017-07-01 08:24:06+02;1349
2017-07-01 09:00:13+02;1279
2017-07-01 11:27:05+02;1269
2017-07-01 11:37:06+02;1269
2017-07-01 12:30:07+02;1299
2017-07-01 12:47:05+02;1299
2017-07-01 14:16:06+02;1269
2017-07-01 15:46:05+02;1259
2017-07-01 17:00:06+02;1279
2017-07-01 17:21:05+02;1269
2017-07-01 19:16:06+02;1259
2017-07-01 22:00:06+02;1429
2017-07-02 05:48:05+02;1399
2017-07-02 06:23:05+02;1399
2017-07-02 06:40:06+02;1349
2017-07-02 09:16:06+02;1349
2017-07-02 10:21:06+02;1339
2017-07-02 10:45:06+02;1279
2017-07-02 11:36:06+02;1269
2017-07-02 12:31:06+02;1299
2017-07-02 12:47:05+02;1299
2017-07-02 13:58:05+02;1289
2017-07-02 14:06:06+02;1269
2017-07-02 15:45:06+02;1259
2017-07-02 17:01:06+02;1279
2017-07-02 17:20:06+02;1269
2017-07-02 18:31:06+02;1269
2017-07-02 18:42:16+02;1259
2017-07-02 22:01:06+02;1429
2017-07-03 05:48:06+02;1349
2017-07-03 07:18:06+02;1349
2017-07-03 08:07:08+02;1289
2017-07-03 08:52:06+02;1279
2017-07-03 10:39:11+02;1279
2017-07-03 11:57:06+02;1259
2017-07-03 12:30:08+02;1289
2017-07-03 13:51:06+02;1289
2017-07-03 14:01:06+02;1259
2017-07-03 17:00:07+02;1279
2017-07-03 17:24:06+02;1269
2017-07-03 18:06:06+02;1259
2017-07-03 18:45:06+02;1259
2017-07-03 18:58:06+02;1249
2017-07-03 21:06:06+02;1249
2017-07-03 22:01:06+02;1429
2017-07-04 05:35:06+02;1349
2017-07-04 09:15:06+02;1269
2017-07-04 12:30:08+02;1299
2017-07-04 14:06:06+02;1269
2017-07-04 17:01:06+02;1289
2017-07-04 17:22:06+02;1289
2017-07-04 18:33:06+02;1269
2017-07-04 22:00:07+02;1439
2017-07-05 05:37:25+02;1359
2017-07-05 07:09:05+02;1349
2017-07-05 08:03:06+02;1299
2017-07-05 09:00:07+02;1299
2017-07-05 09:45:06+02;1289
2017-07-05 11:28:06+02;1279
2017-07-05 12:31:07+02;1309
2017-07-05 13:42:06+02;1299
2017-07-05 14:07:06+02;1279
2017-07-05 17:01:06+02;1299
2017-07-05 17:28:06+02;1289
2017-07-05 18:33:05+02;1279
2017-07-05 22:01:06+02;1439
2017-07-06 05:04:05+02;1439
2017-07-06 05:38:05+02;1359
2017-07-06 07:56:06+02;1299
2017-07-06 10:06:06+02;1289
2017-07-06 12:31:06+02;1319
2017-07-06 12:36:06+02;1299
2017-07-06 14:32:06+02;1289
2017-07-06 17:00:07+02;1309
2017-07-06 17:24:06+02;1289
2017-07-06 18:22:06+02;1289
2017-07-06 22:01:06+02;1439
2017-07-07 05:04:05+02;1439
2017-07-07 05:36:23+02;1359
2017-07-07 08:14:06+02;1309
2017-07-07 10:06:06+02;1309
2017-07-07 12:31:05+02;1339
2017-07-07 12:45:06+02;1309
2017-07-07 14:00:07+02;1309
2017-07-07 14:14:06+02;1309
2017-07-07 17:01:06+02;1329
2017-07-07 17:24:07+02;1309
2017-07-07 18:30:07+02;1309
2017-07-07 22:02:06+02;1439
2017-07-08 05:37:05+02;1399
2017-07-08 06:08:05+02;1349
2017-07-08 10:37:06+02;1339
2017-07-08 10:45:06+02;1329
2017-07-08 12:30:08+02;1359
2017-07-08 13:43:06+02;1339
2017-07-08 14:07:06+02;1319
2017-07-08 15:46:06+02;1319
2017-07-08 17:01:05+02;1339
2017-07-08 17:12:06+02;1339
2017-07-08 18:28:05+02;1319
2017-07-08 19:00:06+02;1309
2017-07-08 20:36:06+02;1309
2017-07-08 22:01:06+02;1439
2017-07-09 05:36:06+02;1429
2017-07-09 06:12:05+02;1409
2017-07-09 06:28:05+02;1369
2017-07-09 06:33:05+02;1369
2017-07-09 09:57:06+02;1369
2017-07-09 10:36:06+02;1339
2017-07-09 10:51:05+02;1339
2017-07-09 11:45:13+02;1319
2017-07-09 11:57:06+02;1309
2017-07-09 12:31:05+02;1339
2017-07-09 12:33:06+02;1339
2017-07-09 13:42:06+02;1329
2017-07-09 14:06:06+02;1309
2017-07-09 15:36:07+02;1309
2017-07-09 17:01:05+02;1329
2017-07-09 17:15:06+02;1309
2017-07-09 17:51:05+02;1309
2017-07-09 18:30:07+02;1309
2017-07-09 22:01:06+02;1439
2017-07-10 05:04:05+02;1439
2017-07-10 05:35:05+02;1359
2017-07-10 07:25:05+02;1359
2017-07-10 08:01:06+02;1349
2017-07-10 09:58:06+02;1299
2017-07-10 12:30:08+02;1329
2017-07-10 12:36:06+02;1319
2017-07-10 14:00:09+02;1289
2017-07-10 15:26:06+02;1279
2017-07-10 17:01:06+02;1299
2017-07-10 17:23:05+02;1299
2017-07-10 17:56:06+02;1289
2017-07-10 18:28:06+02;1269
2017-07-10 22:01:06+02;1429
2017-07-11 05:10:06+02;1429
2017-07-11 05:37:08+02;1359
2017-07-11 07:55:06+02;1349
2017-07-11 10:00:06+02;1289
2017-07-11 10:30:08+02;1279
2017-07-11 12:31:05+02;1309
2017-07-11 13:51:06+02;1299
2017-07-11 14:13:05+02;1289
2017-07-11 14:27:06+02;1269
2017-07-11 17:01:06+02;1289
2017-07-11 17:24:06+02;1289
2017-07-11 17:52:05+02;1279
2017-07-11 18:31:06+02;1279
2017-07-11 19:12:06+02;1269
2017-07-11 21:15:06+02;1269
2017-07-11 22:01:06+02;1429
2017-07-12 05:35:06+02;1359
2017-07-12 08:04:06+02;1349
2017-07-12 08:56:06+02;1349
2017-07-12 10:43:05+02;1339
2017-07-12 10:52:06+02;1339
2017-07-12 11:07:06+02;1329
2017-07-12 11:44:08+02;1319
2017-07-12 12:31:06+02;1349
2017-07-12 14:16:06+02;1319
2017-07-12 15:13:06+02;1309
2017-07-12 15:46:20+02;1299
2017-07-12 17:01:06+02;1319
2017-07-12 19:15:06+02;1309
2017-07-12 21:07:06+02;1289
2017-07-12 22:00:06+02;1439
2017-07-13 05:27:05+02;1379
2017-07-13 05:45:06+02;1369
2017-07-13 07:16:05+02;1359
2017-07-13 08:08:07+02;1359
2017-07-13 10:42:06+02;1359
2017-07-13 10:58:06+02;1319
2017-07-13 11:12:06+02;1309
2017-07-13 12:31:08+02;1339
2017-07-13 14:14:05+02;1309
2017-07-13 15:27:18+02;1299
2017-07-13 15:41:08+02;1299
2017-07-13 17:01:05+02;1319
2017-07-13 17:51:05+02;1309
2017-07-13 18:06:06+02;1299
2017-07-13 18:30:07+02;1289
2017-07-13 21:12:06+02;1279
2017-07-13 22:01:06+02;1439
2017-07-14 05:04:06+02;1439
2017-07-14 05:25:06+02;1359
2017-07-14 09:58:06+02;1349
2017-07-14 10:38:06+02;1319
2017-07-14 11:36:06+02;1309
2017-07-14 12:31:06+02;1339
2017-07-14 12:36:07+02;1339
2017-07-14 14:07:06+02;1309
2017-07-14 15:00:06+02;1309
2017-07-14 16:06:06+02;1299
2017-07-14 17:01:06+02;1319
2017-07-14 17:22:06+02;1309
2017-07-14 17:59:20+02;1299
2017-07-14 18:27:06+02;1289
2017-07-14 19:30:07+02;1289
2017-07-14 22:00:07+02;1439
2017-07-15 05:36:06+02;1439
2017-07-15 06:04:06+02;1379
2017-07-15 08:16:06+02;1349
2017-07-15 10:46:06+02;1319
2017-07-15 12:30:07+02;1349
2017-07-15 12:41:05+02;1349
2017-07-15 13:42:06+02;1339
2017-07-15 14:06:06+02;1319
2017-07-15 17:00:21+02;1339
2017-07-15 17:24:14+02;1319
2017-07-15 18:01:05+02;1309
2017-07-15 18:22:19+02;1299
2017-07-15 22:01:06+02;1439
2017-07-16 05:37:06+02;1439
2017-07-16 06:12:06+02;1399
2017-07-16 06:31:06+02;1379
2017-07-16 09:00:06+02;1359
2017-07-16 10:30:07+02;1329
2017-07-16 11:49:05+02;1319
2017-07-16 12:31:05+02;1349
2017-07-16 13:42:06+02;1339
2017-07-16 14:06:06+02;1319
2017-07-16 16:30:07+02;1299
2017-07-16 17:01:06+02;1319
2017-07-16 17:24:06+02;1319
2017-07-16 17:51:06+02;1309
2017-07-16 18:37:06+02;1299
2017-07-16 22:01:06+02;1439
2017-07-17 05:34:22+02;1369
2017-07-17 08:16:05+02;1359
2017-07-17 10:01:06+02;1359
2017-07-17 10:42:07+02;1339
2017-07-17 10:44:06+02;1329
2017-07-17 11:21:06+02;1319
2017-07-17 11:31:06+02;1309
2017-07-17 12:30:08+02;1339
2017-07-17 14:16:06+02;1309
2017-07-17 16:26:06+02;1299
2017-07-17 17:00:07+02;1319
2017-07-17 17:51:06+02;1309
2017-07-17 18:30:07+02;1299
2017-07-17 18:41:06+02;1289
2017-07-17 19:21:06+02;1289
2017-07-17 20:30:07+02;1279
2017-07-17 21:27:06+02;1279
2017-07-17 22:01:06+02;1439
2017-07-18 05:04:06+02;1439
2017-07-18 05:35:06+02;1429
2017-07-18 06:21:06+02;1389
2017-07-18 07:06:06+02;1369
2017-07-18 07:59:05+02;1359
2017-07-18 10:00:07+02;1339
2017-07-18 10:16:06+02;1329
2017-07-18 11:01:06+02;1319
2017-07-18 11:43:06+02;1309
2017-07-18 12:30:07+02;1339
2017-07-18 12:36:06+02;1339
2017-07-18 12:37:06+02;1319
2017-07-18 13:58:06+02;1309
2017-07-18 14:00:06+02;1309
2017-07-18 14:43:20+02;1289
2017-07-18 17:00:06+02;1309
2017-07-18 17:23:05+02;1309
2017-07-18 17:25:06+02;1299
2017-07-18 18:00:06+02;1299
2017-07-18 18:28:06+02;1289
2017-07-18 22:01:06+02;1439
2017-07-19 05:04:06+02;1439
2017-07-19 05:36:06+02;1369
2017-07-19 07:06:06+02;1359
2017-07-19 07:59:05+02;1349
2017-07-19 10:17:06+02;1299
2017-07-19 10:27:06+02;1289
2017-07-19 12:31:06+02;1319
2017-07-19 13:51:06+02;1309
2017-07-19 14:16:06+02;1309
2017-07-19 14:28:06+02;1289
2017-07-19 15:22:06+02;1279
2017-07-19 17:01:09+02;1299
2017-07-19 17:25:09+02;1299
2017-07-19 18:37:06+02;1279
2017-07-19 22:01:06+02;1439
2017-07-20 05:04:10+02;1439
2017-07-20 05:36:06+02;1369
2017-07-20 07:06:21+02;1349
2017-07-20 10:13:05+02;1319
2017-07-20 12:31:06+02;1349
2017-07-20 12:38:06+02;1349
2017-07-20 13:43:06+02;1339
2017-07-20 14:24:06+02;1319
2017-07-20 15:29:06+02;1299
2017-07-20 17:01:06+02;1319
2017-07-20 17:57:06+02;1309
2017-07-20 18:52:06+02;1289
2017-07-20 18:57:06+02;1289
2017-07-20 20:30:07+02;1279
2017-07-20 22:01:06+02;1449
2017-07-21 05:36:07+02;1369
2017-07-21 06:56:06+02;1359
2017-07-21 08:16:06+02;1349
2017-07-21 09:52:06+02;1349
2017-07-21 10:12:06+02;1329
2017-07-21 11:29:05+02;1319
2017-07-21 12:31:06+02;1349
2017-07-21 14:02:06+02;1339
2017-07-21 14:25:06+02;1319
2017-07-21 15:37:06+02;1299
2017-07-21 17:00:06+02;1319
2017-07-21 18:02:06+02;1299
2017-07-21 18:44:06+02;1279
2017-07-21 18:47:05+02;1279
2017-07-21 22:01:06+02;1449
2017-07-22 02:20:07+02;1449
2017-07-22 09:19:07+02;1349
2017-07-22 10:45:05+02;1339
2017-07-22 10:54:05+02;1309
2017-07-22 12:30:07+02;1339
2017-07-22 13:43:05+02;1329
2017-07-22 14:07:05+02;1309
2017-07-22 14:51:05+02;1279
2017-07-22 17:00:06+02;1299
2017-07-22 17:26:06+02;1299
2017-07-22 18:24:06+02;1279
2017-07-22 22:01:06+02;1449
2017-07-23 05:36:06+02;1429
2017-07-23 06:12:06+02;1409
2017-07-23 06:31:06+02;1369
2017-07-23 09:09:05+02;1309
2017-07-23 11:27:05+02;1279
2017-07-23 12:30:07+02;1309
2017-07-23 12:32:06+02;1309
2017-07-23 13:42:06+02;1299
2017-07-23 14:00:06+02;1279
2017-07-23 17:01:05+02;1299
2017-07-23 17:26:06+02;1299
2017-07-23 18:24:06+02;1279
2017-07-23 22:01:06+02;1449
2017-07-24 05:37:05+02;1369
2017-07-24 07:06:06+02;1359
2017-07-24 10:25:06+02;1329
2017-07-24 11:02:06+02;1319
2017-07-24 11:46:06+02;1309
2017-07-24 12:31:06+02;1339
2017-07-24 12:36:06+02;1329
2017-07-24 13:56:06+02;1319
2017-07-24 14:13:05+02;1299
2017-07-24 15:37:06+02;1289
2017-07-24 16:29:06+02;1279
2017-07-24 17:01:06+02;1299
2017-07-24 17:22:06+02;1299
2017-07-24 17:51:06+02;1289
2017-07-24 18:29:06+02;1279
2017-07-24 19:27:06+02;1279
2017-07-24 22:00:08+02;1439
2017-07-25 05:36:06+02;1369
2017-07-25 07:06:06+02;1359
2017-07-25 10:57:06+02;1339
2017-07-25 11:15:06+02;1319
2017-07-25 11:36:08+02;1319
2017-07-25 12:31:20+02;1349
2017-07-25 13:45:06+02;1329
2017-07-25 14:06:06+02;1309
2017-07-25 15:29:06+02;1299
2017-07-25 17:01:06+02;1319
2017-07-25 17:16:06+02;1319
2017-07-25 18:30:08+02;1299
2017-07-25 19:22:06+02;1299
2017-07-25 19:36:06+02;1289
2017-07-25 19:45:07+02;1269
2017-07-25 22:01:06+02;1429
2017-07-26 05:35:05+02;1359
2017-07-26 07:25:06+02;1359
2017-07-26 08:56:06+02;1349
2017-07-26 10:41:06+02;1349
2017-07-26 10:52:06+02;1339
2017-07-26 11:07:06+02;1329
2017-07-26 11:31:06+02;1299
2017-07-26 12:30:08+02;1329
2017-07-26 12:36:06+02;1329
2017-07-26 14:42:06+02;1299
2017-07-26 17:01:06+02;1319
2017-07-26 17:51:07+02;1309
2017-07-26 18:42:07+02;1289
2017-07-26 19:21:06+02;1279
2017-07-26 22:01:06+02;1429
2017-07-27 05:06:06+02;1429
2017-07-27 05:35:05+02;1369
2017-07-27 07:25:06+02;1359
2017-07-27 08:10:06+02;1359
2017-07-27 09:59:06+02;1349
2017-07-27 10:37:06+02;1349
2017-07-27 10:52:06+02;1349
2017-07-27 11:14:06+02;1269
2017-07-27 11:46:06+02;1269
2017-07-27 12:30:08+02;1299
2017-07-27 12:42:06+02;1299
2017-07-27 13:54:06+02;1289
2017-07-27 15:29:06+02;1269
2017-07-27 17:00:12+02;1289
2017-07-27 17:12:19+02;1289
2017-07-27 17:50:17+02;1279
2017-07-27 18:27:06+02;1279
2017-07-27 19:45:07+02;1269
2017-07-27 22:01:07+02;1439
2017-07-28 05:04:06+02;1439
2017-07-28 05:34:06+02;1359
2017-07-28 08:40:06+02;1349
2017-07-28 09:04:06+02;1349
2017-07-28 09:12:06+02;1349
2017-07-28 11:44:08+02;1349
2017-07-28 12:01:12+02;1329
2017-07-28 12:30:13+02;1359
2017-07-28 12:36:10+02;1349
2017-07-28 13:51:05+02;1339
2017-07-28 14:22:05+02;1319
2017-07-28 17:01:06+02;1339
2017-07-28 17:51:06+02;1329
2017-07-28 18:31:06+02;1309
2017-07-28 19:12:05+02;1289
2017-07-28 20:30:07+02;1279
2017-07-28 22:01:05+02;1449
2017-07-29 05:34:06+02;1429
2017-07-29 05:55:05+02;1369
2017-07-29 09:04:06+02;1359
2017-07-29 10:36:05+02;1349
2017-07-29 10:46:05+02;1339
2017-07-29 11:05:05+02;1329
2017-07-29 12:00:06+02;1319
2017-07-29 12:31:05+02;1349
2017-07-29 12:36:06+02;1339
2017-07-29 14:07:06+02;1309
2017-07-29 15:27:06+02;1299
2017-07-29 17:15:06+02;1319
2017-07-29 17:50:06+02;1299
2017-07-29 19:27:06+02;1279
2017-07-29 22:01:05+02;1449
2017-07-30 06:19:05+02;1399
2017-07-30 06:40:15+02;1369
2017-07-30 09:16:15+02;1359
2017-07-30 10:21:06+02;1349
2017-07-30 10:52:05+02;1339
2017-07-30 11:45:20+02;1329
2017-07-30 12:31:06+02;1359
2017-07-30 15:06:06+02;1349
2017-07-30 15:12:05+02;1329
2017-07-30 16:27:05+02;1309
2017-07-30 17:02:05+02;1329
2017-07-30 18:04:05+02;1309
2017-07-30 22:01:06+02;1449
2017-07-31 05:45:06+02;1369
2017-07-31 07:06:06+02;1369
2017-07-31 07:59:05+02;1349
2017-07-31 10:27:06+02;1349
2017-07-31 11:01:06+02;1349
2017-07-31 11:12:06+02;1329
2017-07-31 11:32:06+02;1319
2017-07-31 12:31:05+02;1349
2017-07-31 14:46:06+02;1319
2017-07-31 15:10:06+02;1319
2017-07-31 15:30:07+02;1299
2017-07-31 16:27:06+02;1299
2017-07-31 17:08:17+02;1319
2017-07-31 18:31:06+02;1299
2017-07-31 19:27:06+02;1289
2017-07-31 20:42:06+02;1279
2017-07-31 21:01:05+02;1279
2017-07-31 21:15:06+02;1279
2017-07-31 22:01:06+02;1449
2017-08-01 05:04:05+02;1449
2017-08-01 05:48:05+02;1369
2017-08-01 09:00:06+02;1359
2017-08-01 11:45:06+02;1329
2017-08-01 12:31:05+02;1359
2017-08-01 14:48:06+02;1349
2017-08-01 15:12:06+02;1329
2017-08-01 15:46:09+02;1319
2017-08-01 17:01:05+02;1339
2017-08-01 17:06:06+02;1329
2017-08-01 17:51:06+02;1319
2017-08-01 18:24:05+02;1299
2017-08-01 18:32:06+02;1299
2017-08-01 19:30:07+02;1289
2017-08-01 22:01:06+02;1459
2017-08-02 05:33:05+02;1379
2017-08-02 10:42:06+02;1339
2017-08-02 10:58:06+02;1329
2017-08-02 12:31:06+02;1359
2017-08-02 13:58:06+02;1349
2017-08-02 14:12:06+02;1329
2017-08-02 16:28:05+02;1309
2017-08-02 17:01:06+02;1329
2017-08-02 17:06:05+02;1329
2017-08-02 18:28:05+02;1309
2017-08-02 20:16:06+02;1299
2017-08-02 21:16:06+02;1289
2017-08-02 22:07:06+02;1459
2017-08-03 05:04:06+02;1459
2017-08-03 05:51:05+02;1379
2017-08-03 10:41:05+02;1369
2017-08-03 10:51:06+02;1359
2017-08-03 11:05:06+02;1349
2017-08-03 12:30:07+02;1379
2017-08-03 13:43:05+02;1369
2017-08-03 14:07:06+02;1349
2017-08-03 15:36:06+02;1339
2017-08-03 16:17:06+02;1329
2017-08-03 16:27:06+02;1309
2017-08-03 17:01:06+02;1329
2017-08-03 17:05:20+02;1329
2017-08-03 17:52:06+02;1319
2017-08-03 18:21:06+02;1309
2017-08-03 18:57:06+02;1299
2017-08-03 20:22:05+02;1299
2017-08-03 22:01:07+02;1459
2017-08-04 05:37:06+02;1389
2017-08-04 07:06:06+02;1379
2017-08-04 10:36:06+02;1349
2017-08-04 12:30:11+02;1379
2017-08-04 13:42:06+02;1369
2017-08-04 14:21:06+02;1369
2017-08-04 14:42:06+02;1369
2017-08-04 15:00:06+02;1359
2017-08-04 15:31:06+02;1339
2017-08-04 16:27:09+02;1329
2017-08-04 17:01:06+02;1349
2017-08-04 17:12:06+02;1339
2017-08-04 17:52:06+02;1329
2017-08-04 18:23:05+02;1329
2017-08-04 19:07:06+02;1309
2017-08-04 22:01:06+02;1459
2017-08-05 05:27:06+02;1449
2017-08-05 05:45:06+02;1389
2017-08-05 08:23:05+02;1379
2017-08-05 10:27:21+02;1349
2017-08-05 10:58:05+02;1339
2017-08-05 11:41:06+02;1319
2017-08-05 12:30:07+02;1349
2017-08-05 12:38:05+02;1349
2017-08-05 13:45:06+02;1319
2017-08-05 14:00:06+02;1319
2017-08-05 16:28:06+02;1309
2017-08-05 17:00:06+02;1329
2017-08-05 17:25:06+02;1329
2017-08-05 17:52:06+02;1319
2017-08-05 18:26:14+02;1309
2017-08-05 22:01:05+02;1459
2017-08-06 05:27:06+02;1449
2017-08-06 05:44:06+02;1389
2017-08-06 06:45:06+02;1389
2017-08-06 09:15:12+02;1369
2017-08-06 10:30:07+02;1349
2017-08-06 11:46:05+02;1339
2017-08-06 12:30:07+02;1369
2017-08-06 14:06:06+02;1339
2017-08-06 16:21:05+02;1309
2017-08-06 17:01:05+02;1329
2017-08-06 17:23:06+02;1329
2017-08-06 17:52:06+02;1319
2017-08-06 18:22:06+02;1309
2017-08-06 22:03:05+02;1459
2017-08-07 05:29:05+02;1399
2017-08-07 05:47:10+02;1389
2017-08-07 07:14:06+02;1379
2017-08-07 10:55:06+02;1349
2017-08-07 11:21:06+02;1339
2017-08-07 12:30:07+02;1369
2017-08-07 13:52:05+02;1359
2017-08-07 14:45:06+02;1329
2017-08-07 15:28:06+02;1329
2017-08-07 16:27:06+02;1329
2017-08-07 17:00:06+02;1349
2017-08-07 17:06:06+02;1349
2017-08-07 17:50:06+02;1329
2017-08-07 18:36:06+02;1309
2017-08-07 18:58:06+02;1299
2017-08-07 22:01:06+02;1449
2017-08-08 05:04:05+02;1449
2017-08-08 05:36:06+02;1389
2017-08-08 07:24:06+02;1379
2017-08-08 09:05:06+02;1319
2017-08-08 09:57:06+02;1319
2017-08-08 12:31:06+02;1349
2017-08-08 13:54:06+02;1349
2017-08-08 14:00:07+02;1339
2017-08-08 14:44:18+02;1329
2017-08-08 15:27:06+02;1319
2017-08-08 16:21:06+02;1309
2017-08-08 17:01:08+02;1329
2017-08-08 17:23:16+02;1329
2017-08-08 18:30:07+02;1309
2017-08-08 22:01:06+02;1449
2017-08-09 05:04:05+02;1449
2017-08-09 05:38:06+02;1389
2017-08-09 07:06:06+02;1379
2017-08-09 10:52:06+02;1339
2017-08-09 12:31:06+02;1369
2017-08-09 13:51:06+02;1359
2017-08-09 14:28:06+02;1339
2017-08-09 16:27:06+02;1319
2017-08-09 17:01:06+02;1339
2017-08-09 17:25:06+02;1339
2017-08-09 18:00:06+02;1329
2017-08-09 18:27:05+02;1319
2017-08-09 18:46:05+02;1319
2017-08-09 20:45:06+02;1319
2017-08-09 22:01:06+02;1449
2017-08-10 05:37:05+02;1399
2017-08-10 07:20:19+02;1379
2017-08-10 10:42:06+02;1359
2017-08-10 10:51:06+02;1339
2017-08-10 12:30:07+02;1369
2017-08-10 14:00:06+02;1359
2017-08-10 14:47:06+02;1339
2017-08-10 15:15:06+02;1319
2017-08-10 17:00:07+02;1339
2017-08-10 17:01:06+02;1329
2017-08-10 17:50:06+02;1319
2017-08-10 18:30:07+02;1309
2017-08-10 19:27:06+02;1299
2017-08-10 22:01:06+02;1449
2017-08-11 05:41:05+02;1389
2017-08-11 07:29:05+02;1379
2017-08-11 10:46:06+02;1359
2017-08-11 10:56:05+02;1339
2017-08-11 12:30:07+02;1369
2017-08-11 14:07:07+02;1359
2017-08-11 15:07:06+02;1349
2017-08-11 15:27:06+02;1329
2017-08-11 17:00:07+02;1349
2017-08-11 17:24:06+02;1329
2017-08-11 18:06:06+02;1319
2017-08-11 18:45:06+02;1309
2017-08-11 19:36:06+02;1309
2017-08-11 21:00:06+02;1299
2017-08-11 22:00:06+02;1459
2017-08-12 05:36:05+02;1449
2017-08-12 05:54:05+02;1389
2017-08-12 08:18:06+02;1379
2017-08-12 10:21:06+02;1349
2017-08-12 12:35:06+02;1379
2017-08-12 12:36:06+02;1359
2017-08-12 13:45:06+02;1349
2017-08-12 14:19:05+02;1329
2017-08-12 16:15:06+02;1319
2017-08-12 17:01:05+02;1339
2017-08-12 17:26:05+02;1339
2017-08-12 17:52:06+02;1329
2017-08-12 18:01:06+02;1329
2017-08-12 18:47:05+02;1319
2017-08-12 20:39:05+02;1309
2017-08-12 22:09:06+02;1459
2017-08-13 05:37:06+02;1449
2017-08-13 06:13:05+02;1419
2017-08-13 06:29:05+02;1309
2017-08-13 06:45:06+02;1309
2017-08-13 09:01:06+02;1309
2017-08-13 10:30:06+02;1309
2017-08-13 10:45:06+02;1309
2017-08-13 11:42:07+02;1309
2017-08-13 12:30:07+02;1339
2017-08-13 12:45:06+02;1339
2017-08-13 14:36:06+02;1329
2017-08-13 15:22:05+02;1329
2017-08-13 17:01:06+02;1349
2017-08-13 18:22:05+02;1329
2017-08-13 22:01:06+02;1459
2017-08-14 05:38:05+02;1389
2017-08-14 07:26:06+02;1389
2017-08-14 09:51:05+02;1369
2017-08-14 10:42:06+02;1349
2017-08-14 10:51:06+02;1339
2017-08-14 11:57:16+02;1339
2017-08-14 12:31:06+02;1369
2017-08-14 14:07:06+02;1359
2017-08-14 14:28:06+02;1339
2017-08-14 14:36:07+02;1329
2017-08-14 14:58:06+02;1329
2017-08-14 16:13:06+02;1329
2017-08-14 17:01:06+02;1349
2017-08-14 17:06:06+02;1329
2017-08-14 17:51:05+02;1319
2017-08-14 18:30:07+02;1309
2017-08-14 20:27:06+02;1299
2017-08-14 22:01:06+02;1449
2017-08-15 05:04:06+02;1449
2017-08-15 05:38:06+02;1389
2017-08-15 07:30:07+02;1379
2017-08-15 09:31:06+02;1379
2017-08-15 10:06:06+02;1349
2017-08-15 10:30:12+02;1339
2017-08-15 12:31:06+02;1369
2017-08-15 12:36:06+02;1359
2017-08-15 14:13:05+02;1349
2017-08-15 14:22:05+02;1329
2017-08-15 16:36:06+02;1309
2017-08-15 17:01:06+02;1329
2017-08-15 17:23:06+02;1329
2017-08-15 17:57:06+02;1319
2017-08-15 18:30:06+02;1309
2017-08-15 18:42:06+02;1309
2017-08-15 21:06:06+02;1309
2017-08-15 21:16:06+02;1299
2017-08-15 22:01:06+02;1449
2017-08-16 05:10:06+02;1449
2017-08-16 05:37:07+02;1389
2017-08-16 07:24:06+02;1379
2017-08-16 09:45:06+02;1369
2017-08-16 10:06:06+02;1359
2017-08-16 10:42:06+02;1359
2017-08-16 10:45:06+02;1339
2017-08-16 12:31:06+02;1369
2017-08-16 14:06:06+02;1359
2017-08-16 14:15:06+02;1339
2017-08-16 15:42:06+02;1329
2017-08-16 16:30:08+02;1329
2017-08-16 17:01:06+02;1349
2017-08-16 17:06:06+02;1339
2017-08-16 17:12:06+02;1319
2017-08-16 17:29:05+02;1319
2017-08-16 17:52:06+02;1309
2017-08-16 18:06:06+02;1309
2017-08-16 18:36:06+02;1299
2017-08-16 21:12:06+02;1299
2017-08-16 22:01:06+02;1449
2017-08-17 05:37:06+02;1389
2017-08-17 07:45:06+02;1379
2017-08-17 07:59:05+02;1369
2017-08-17 10:36:06+02;1349
2017-08-17 11:12:06+02;1339
2017-08-17 12:31:06+02;1369
2017-08-17 12:36:06+02;1359
2017-08-17 13:45:06+02;1339
2017-08-17 14:12:06+02;1329
2017-08-17 15:27:09+02;1319
2017-08-17 16:27:09+02;1309
2017-08-17 17:01:10+02;1329
2017-08-17 17:23:10+02;1329
2017-08-17 17:57:08+02;1309
2017-08-17 19:00:11+02;1299
2017-08-17 22:01:07+02;1449
2017-08-18 05:37:08+02;1389
2017-08-18 07:23:07+02;1369
2017-08-18 08:15:09+02;1349
2017-08-18 09:02:08+02;1319
2017-08-18 10:09:13+02;1319
2017-08-18 12:31:10+02;1349
2017-08-18 14:00:15+02;1329
2017-08-18 15:44:48+02;1319
2017-08-18 16:30:14+02;1319
2017-08-18 17:01:11+02;1339
2017-08-18 17:12:16+02;1329
2017-08-18 17:51:10+02;1319
2017-08-18 17:57:11+02;1319
2017-08-18 18:42:12+02;1309
2017-08-18 21:12:09+02;1299
2017-08-18 22:01:08+02;1449
2017-08-19 05:37:08+02;1449
2017-08-19 06:03:08+02;1389
2017-08-19 08:18:08+02;1369
2017-08-19 10:30:14+02;1339
2017-08-19 12:31:09+02;1369
2017-08-19 13:51:09+02;1359
2017-08-19 14:06:10+02;1339
2017-08-19 16:30:16+02;1329
2017-08-19 17:01:07+02;1349
2017-08-19 18:51:12+02;1329
2017-08-19 19:00:14+02;1319
2017-08-19 20:27:10+02;1309
2017-08-19 22:01:09+02;1449
2017-08-20 05:27:09+02;1449
2017-08-20 05:44:08+02;1339
2017-08-20 10:30:12+02;1329
2017-08-20 10:56:10+02;1309
2017-08-20 12:30:15+02;1339
2017-08-20 14:27:10+02;1309
2017-08-20 17:00:13+02;1329
2017-08-20 18:57:13+02;1309
2017-08-20 22:00:14+02;1449
2017-08-21 05:36:08+02;1449
2017-08-21 06:19:07+02;1409
2017-08-21 07:51:12+02;1369
2017-08-21 07:57:09+02;1359
2017-08-21 08:00:12+02;1339
2017-08-21 11:56:09+02;1329
2017-08-21 12:31:11+02;1359
2017-08-21 14:00:18+02;1349
2017-08-21 14:14:14+02;1329
2017-08-21 16:15:16+02;1319
2017-08-21 17:00:18+02;1339
2017-08-21 17:24:11+02;1339
2017-08-21 17:51:10+02;1329
2017-08-21 18:00:17+02;1329
2017-08-21 18:41:21+02;1319
2017-08-21 19:12:11+02;1309
2017-08-21 22:01:08+02;1449
2017-08-22 05:37:08+02;1379
2017-08-22 07:33:08+02;1369
2017-08-22 10:30:21+02;1369
2017-08-22 11:17:11+02;1339
2017-08-22 12:30:12+02;1369
2017-08-22 12:39:09+02;1359
2017-08-22 13:51:30+02;1349
2017-08-22 14:28:11+02;1329
2017-08-22 16:22:22+02;1319
2017-08-22 17:02:10+02;1339
2017-08-22 17:12:12+02;1339
2017-08-22 17:52:10+02;1329
2017-08-22 18:27:09+02;1309
2017-08-22 21:07:09+02;1309
2017-08-22 22:03:10+02;1449
2017-08-23 05:36:07+02;1399
2017-08-23 06:23:08+02;1389
2017-08-23 07:44:07+02;1379
2017-08-23 10:16:09+02;1369
2017-08-23 10:42:12+02;1349
2017-08-23 11:06:11+02;1339
2017-08-23 12:30:16+02;1369
2017-08-23 13:44:11+02;1359
2017-08-23 14:12:09+02;1339
2017-08-23 15:37:14+02;1319
2017-08-23 15:44:10+02;1319
2017-08-23 15:59:09+02;1309
2017-08-23 17:00:14+02;1329
2017-08-23 17:20:11+02;1329
2017-08-23 17:51:11+02;1319
2017-08-23 18:27:08+02;1309
2017-08-23 18:43:08+02;1309
2017-08-23 19:12:10+02;1309
2017-08-23 22:00:14+02;1449
2017-08-24 03:33:06+02;1449
2017-08-24 05:39:05+02;1399
2017-08-24 06:36:05+02;1389
2017-08-24 07:44:05+02;1379
2017-08-24 10:06:06+02;1369
2017-08-24 10:36:06+02;1349
2017-08-24 11:37:06+02;1339
2017-08-24 11:45:06+02;1299
2017-08-24 12:32:06+02;1329
2017-08-24 13:46:05+02;1319
2017-08-24 14:30:07+02;1299
2017-08-24 17:00:06+02;1319
2017-08-24 17:24:05+02;1319
2017-08-24 17:51:05+02;1309
2017-08-24 18:26:06+02;1299
2017-08-24 21:00:06+02;1299
2017-08-24 22:01:06+02;1449
2017-08-25 05:37:05+02;1389
2017-08-25 07:30:07+02;1379
2017-08-25 08:57:06+02;1319
2017-08-25 09:32:06+02;1319
2017-08-25 10:27:06+02;1309
2017-08-25 11:46:05+02;1299
2017-08-25 12:30:07+02;1329
2017-08-25 13:52:06+02;1319
2017-08-25 14:28:06+02;1309
2017-08-25 14:37:06+02;1299
2017-08-25 17:00:06+02;1319
2017-08-25 17:25:06+02;1319
2017-08-25 17:52:06+02;1309
2017-08-25 18:00:07+02;1309
2017-08-25 18:36:06+02;1299
2017-08-25 22:01:05+02;1459
2017-08-26 05:35:06+02;1449
2017-08-26 06:04:13+02;1389
2017-08-26 08:23:06+02;1369
2017-08-26 10:31:05+02;1339
2017-08-26 11:00:06+02;1319
2017-08-26 11:30:07+02;1309
2017-08-26 12:35:06+02;1339
2017-08-26 12:47:05+02;1339
2017-08-26 13:42:06+02;1329
2017-08-26 14:16:05+02;1309
2017-08-26 17:01:05+02;1329
2017-08-26 17:24:05+02;1329
2017-08-26 17:51:05+02;1319
2017-08-26 18:32:05+02;1309
2017-08-26 20:45:06+02;1299
2017-08-26 22:04:05+02;1459
2017-08-27 05:35:06+02;1449
2017-08-27 06:12:05+02;1429
2017-08-27 06:28:05+02;1389
2017-08-27 06:45:06+02;1389
2017-08-27 09:13:05+02;1319
2017-08-27 11:43:05+02;1309
2017-08-27 12:30:07+02;1339
2017-08-27 12:47:06+02;1339
2017-08-27 14:13:05+02;1309
2017-08-27 17:01:06+02;1329
2017-08-27 17:20:06+02;1329
2017-08-27 17:51:05+02;1319
2017-08-27 18:36:06+02;1309
2017-08-27 22:01:06+02;1459
2017-08-28 05:36:05+02;1399
2017-08-28 06:45:06+02;1389
2017-08-28 07:22:07+02;1369
2017-08-28 08:35:09+02;1329
2017-08-28 09:09:06+02;1329
2017-08-28 12:06:06+02;1309
2017-08-28 12:30:07+02;1339
2017-08-28 13:56:08+02;1329
2017-08-28 14:15:06+02;1309
2017-08-28 17:00:06+02;1329
2017-08-28 17:52:06+02;1319
2017-08-28 18:35:06+02;1309
2017-08-28 19:21:06+02;1299
2017-08-28 22:00:06+02;1459
2017-08-29 05:36:05+02;1389
2017-08-29 06:45:06+02;1319
2017-08-29 11:30:07+02;1309
2017-08-29 12:30:07+02;1339
2017-08-29 13:58:05+02;1329
2017-08-29 14:44:07+02;1309
2017-08-29 17:00:11+02;1329
2017-08-29 17:51:05+02;1309
2017-08-29 21:12:06+02;1299
2017-08-29 22:01:06+02;1459
2017-08-30 05:36:05+02;1389
2017-08-30 06:56:05+02;1319
2017-08-30 10:45:07+02;1299
2017-08-30 12:31:06+02;1329
2017-08-30 12:42:06+02;1329
2017-08-30 14:06:07+02;1329
2017-08-30 14:15:06+02;1299
2017-08-30 15:29:12+02;1299
2017-08-30 17:01:06+02;1319
2017-08-30 17:23:06+02;1319
2017-08-30 17:52:06+02;1309
2017-08-30 18:35:07+02;1299
2017-08-30 22:00:06+02;1469
2017-08-31 05:38:05+02;1389
2017-08-31 06:45:06+02;1379
2017-08-31 09:00:24+02;1369
2017-08-31 10:28:06+02;1319
2017-08-31 11:46:05+02;1309
2017-08-31 12:30:07+02;1339
2017-08-31 13:49:06+02;1339
2017-08-31 13:51:06+02;1329
2017-08-31 14:16:06+02;1309
2017-08-31 17:00:07+02;1329
2017-08-31 17:06:06+02;1319
2017-08-31 17:52:06+02;1309
2017-08-31 18:42:06+02;1299
2017-08-31 22:01:06+02;1479
2017-09-01 05:36:05+02;1369
2017-09-01 10:00:08+02;1369
2017-09-01 10:46:06+02;1329
2017-09-01 10:56:06+02;1329
2017-09-01 12:30:08+02;1359
2017-09-01 14:00:07+02;1349
2017-09-01 14:12:06+02;1329
2017-09-01 17:00:07+02;1349
2017-09-01 17:52:06+02;1339
2017-09-01 18:30:08+02;1329
2017-09-01 22:00:07+02;1499
2017-09-02 05:36:05+02;1479
2017-09-02 06:02:06+02;1399
2017-09-02 09:46:06+02;1349
2017-09-02 10:22:06+02;1339
2017-09-02 12:30:08+02;1369
2017-09-02 12:46:06+02;1369
2017-09-02 13:51:06+02;1369
2017-09-02 14:28:06+02;1339
2017-09-02 17:00:06+02;1359
2017-09-02 17:22:05+02;1359
2017-09-02 17:51:06+02;1349
2017-09-02 18:57:06+02;1339
2017-09-02 22:00:06+02;1499
2017-09-03 05:38:05+02;1489
2017-09-03 06:16:06+02;1489
2017-09-03 06:33:05+02;1419
2017-09-03 09:36:05+02;1419
2017-09-03 10:11:06+02;1359
2017-09-03 12:31:11+02;1389
2017-09-03 13:51:06+02;1379
2017-09-03 14:16:05+02;1349
2017-09-03 15:30:08+02;1349
2017-09-03 16:30:06+02;1349
2017-09-03 17:01:15+02;1369
2017-09-03 17:15:06+02;1359
2017-09-03 18:30:07+02;1339
2017-09-03 22:02:06+02;1499
2017-09-04 05:36:05+02;1419
2017-09-04 06:44:05+02;1419
2017-09-04 06:57:05+02;1409
2017-09-04 07:26:06+02;1399
2017-09-04 08:50:06+02;1399
2017-09-04 08:59:06+02;1399
2017-09-04 09:50:06+02;1399
2017-09-04 09:59:06+02;1399
2017-09-04 10:41:06+02;1359
2017-09-04 12:32:06+02;1389
2017-09-04 12:42:06+02;1389
2017-09-04 13:45:06+02;1379
2017-09-04 14:16:05+02;1359
2017-09-04 17:00:07+02;1379
2017-09-04 17:25:06+02;1379
2017-09-04 17:51:06+02;1369
2017-09-04 18:28:06+02;1359
2017-09-04 20:57:06+02;1359
2017-09-04 22:00:06+02;1499
2017-09-05 05:35:18+02;1439
2017-09-05 06:45:06+02;1439
2017-09-05 07:29:05+02;1419
2017-09-05 10:26:05+02;1409
2017-09-05 10:42:06+02;1399
2017-09-05 12:30:07+02;1429
2017-09-05 13:52:06+02;1399
2017-09-05 14:21:06+02;1399
2017-09-05 14:30:07+02;1379
2017-09-05 16:11:06+02;1379
2017-09-05 16:15:07+02;1379
2017-09-05 17:00:07+02;1399
2017-09-05 17:51:06+02;1389
2017-09-05 18:42:06+02;1369
2017-09-05 19:45:06+02;1359
2017-09-05 20:36:06+02;1359
2017-09-05 21:13:06+02;1349
2017-09-05 21:16:05+02;1339
2017-09-05 22:01:06+02;1489
2017-09-06 05:36:06+02;1429
2017-09-06 07:29:06+02;1429
2017-09-06 07:59:05+02;1419
2017-09-06 09:57:06+02;1409
2017-09-06 10:16:06+02;1399
2017-09-06 10:45:06+02;1389
2017-09-06 12:31:07+02;1419
2017-09-06 13:44:06+02;1409
2017-09-06 14:15:06+02;1389
2017-09-06 15:46:06+02;1379
2017-09-06 16:00:06+02;1369
2017-09-06 16:22:06+02;1359
2017-09-06 17:01:05+02;1379
2017-09-06 17:52:06+02;1369
2017-09-06 18:27:06+02;1359
2017-09-06 19:00:06+02;1349
2017-09-06 21:12:06+02;1339
2017-09-06 22:01:06+02;1489
2017-09-07 05:36:06+02;1419
2017-09-07 06:33:05+02;1409
2017-09-07 10:36:06+02;1399
2017-09-07 10:56:06+02;1399
2017-09-07 11:07:06+02;1389
2017-09-07 12:30:07+02;1429
2017-09-07 12:36:06+02;1409
2017-09-07 14:30:07+02;1399
2017-09-07 15:13:05+02;1359
2017-09-07 15:42:06+02;1359
2017-09-07 17:00:06+02;1389
2017-09-07 17:51:06+02;1369
2017-09-07 18:45:06+02;1359
2017-09-07 18:57:06+02;1349
2017-09-07 20:57:06+02;1329
2017-09-07 22:01:13+02;1499
2017-09-08 05:40:07+02;1419
2017-09-08 06:33:06+02;1409
2017-09-08 07:39:06+02;1399
2017-09-08 10:13:06+02;1399
2017-09-08 10:36:06+02;1389
2017-09-08 10:45:06+02;1379
2017-09-08 12:30:07+02;1409
2017-09-08 14:16:06+02;1399
2017-09-08 14:27:06+02;1379
2017-09-08 15:45:06+02;1369
2017-09-08 16:14:06+02;1359
2017-09-08 17:00:07+02;1389
2017-09-08 17:50:06+02;1379
2017-09-08 18:37:06+02;1359
2017-09-08 19:30:07+02;1359
2017-09-08 20:31:06+02;1359
2017-09-08 21:16:06+02;1349
2017-09-08 22:00:06+02;1499
2017-09-09 05:37:06+02;1489
2017-09-09 06:04:05+02;1439
2017-09-09 06:45:06+02;1429
2017-09-09 08:06:06+02;1429
2017-09-09 10:06:05+02;1389
2017-09-09 10:35:06+02;1379
2017-09-09 10:45:06+02;1379
2017-09-09 12:30:07+02;1409
2017-09-09 12:35:06+02;1389
2017-09-09 13:52:06+02;1379
2017-09-09 14:21:06+02;1359
2017-09-09 17:00:06+02;1389
2017-09-09 17:23:05+02;1389
2017-09-09 17:51:06+02;1379
2017-09-09 18:26:05+02;1359
2017-09-09 22:00:06+02;1499
2017-09-10 05:36:06+02;1489
2017-09-10 06:12:06+02;1379
2017-09-10 12:30:07+02;1409
2017-09-10 13:45:06+02;1399
2017-09-10 14:21:06+02;1379
2017-09-10 17:01:06+02;1409
2017-09-10 17:51:06+02;1389
2017-09-10 18:15:06+02;1389
2017-09-10 18:28:05+02;1369
2017-09-10 19:30:07+02;1359
2017-09-10 22:00:06+02;1499
2017-09-11 05:35:05+02;1439
2017-09-11 07:32:06+02;1419
2017-09-11 09:45:06+02;1409
2017-09-11 10:00:07+02;1379
2017-09-11 12:30:07+02;1409
2017-09-11 14:21:06+02;1379
2017-09-11 17:00:07+02;1409
2017-09-11 17:58:16+02;1399
2017-09-11 18:36:13+02;1379
2017-09-11 18:45:06+02;1379
2017-09-11 19:06:24+02;1359
2017-09-11 19:37:06+02;1349
2017-09-11 20:58:05+02;1349
2017-09-11 21:14:06+02;1339
2017-09-11 22:01:06+02;1489
2017-09-12 05:36:06+02;1429
2017-09-12 06:45:06+02;1419
2017-09-12 10:07:06+02;1399
2017-09-12 10:36:06+02;1379
2017-09-12 10:52:06+02;1379
2017-09-12 11:12:06+02;1369
2017-09-12 11:21:06+02;1359
2017-09-12 12:30:07+02;1389
2017-09-12 14:27:06+02;1359
2017-09-12 17:00:06+02;1389
2017-09-12 17:06:06+02;1389
2017-09-12 18:00:06+02;1359
2017-09-12 21:13:06+02;1329
2017-09-12 22:00:06+02;1479
2017-09-13 05:35:06+02;1419
2017-09-13 06:44:06+02;1409
2017-09-13 09:44:06+02;1389
2017-09-13 10:31:06+02;1379
2017-09-13 11:21:06+02;1369
2017-09-13 12:30:07+02;1399
2017-09-13 13:52:06+02;1389
2017-09-13 14:28:05+02;1369
2017-09-13 15:13:06+02;1359
2017-09-13 16:12:06+02;1359
2017-09-13 17:01:06+02;1379
2017-09-13 17:06:06+02;1369
2017-09-13 17:14:05+02;1359
2017-09-13 17:51:06+02;1359
2017-09-13 18:30:07+02;1339
2017-09-13 21:07:06+02;1319
2017-09-13 22:00:06+02;1479
2017-09-14 05:36:05+02;1409
2017-09-14 10:00:06+02;1409
2017-09-14 10:42:06+02;1379
2017-09-14 11:06:06+02;1369
2017-09-14 12:33:05+02;1409
2017-09-14 12:43:05+02;1399
2017-09-14 14:16:07+02;1389
2017-09-14 15:26:06+02;1359
2017-09-14 17:00:07+02;1379
2017-09-14 17:51:07+02;1369
2017-09-14 18:28:06+02;1359
2017-09-14 19:06:06+02;1339
2017-09-14 21:14:06+02;1339
2017-09-14 21:22:07+02;1339
2017-09-14 22:02:06+02;1479
2017-09-15 05:36:06+02;1409
2017-09-15 09:59:06+02;1389
2017-09-15 10:13:06+02;1389
2017-09-15 10:28:06+02;1379
2017-09-15 10:42:06+02;1379
2017-09-15 11:01:06+02;1369
2017-09-15 11:42:06+02;1369
2017-09-15 12:31:06+02;1399
2017-09-15 13:58:05+02;1369
2017-09-15 15:52:07+02;1339
2017-09-15 17:00:07+02;1359
2017-09-15 17:52:06+02;1349
2017-09-15 18:07:06+02;1339
2017-09-15 18:37:06+02;1339
2017-09-15 19:30:07+02;1329
2017-09-15 20:44:06+02;1319
2017-09-15 22:00:07+02;1489
2017-09-16 05:35:06+02;1469
2017-09-16 06:23:05+02;1409
2017-09-16 06:42:06+02;1409
2017-09-16 10:01:06+02;1409
2017-09-16 10:11:05+02;1389
2017-09-16 10:27:06+02;1379
2017-09-16 10:42:05+02;1369
2017-09-16 12:31:06+02;1399
2017-09-16 13:44:06+02;1389
2017-09-16 14:27:06+02;1349
2017-09-16 15:11:06+02;1339
2017-09-16 15:26:06+02;1329
2017-09-16 16:26:06+02;1319
2017-09-16 17:00:06+02;1339
2017-09-16 17:09:05+02;1339
2017-09-16 17:50:10+02;1339
2017-09-16 17:56:06+02;1329
2017-09-16 18:31:05+02;1319
2017-09-16 22:00:06+02;1489
2017-09-17 05:38:05+02;1469
2017-09-17 06:33:05+02;1409
2017-09-17 09:12:05+02;1409
2017-09-17 10:27:05+02;1379
2017-09-17 10:42:06+02;1379
2017-09-17 11:51:05+02;1369
2017-09-17 12:31:06+02;1399
2017-09-17 13:46:06+02;1389
2017-09-17 14:21:05+02;1369
2017-09-17 17:00:06+02;1389
2017-09-17 17:12:06+02;1349
2017-09-17 17:58:09+02;1339
2017-09-17 18:00:07+02;1339
2017-09-17 18:42:06+02;1329
2017-09-17 21:13:05+02;1319
2017-09-17 22:01:11+02;1489
2017-09-18 05:16:06+02;1409
2017-09-18 07:29:05+02;1379
2017-09-18 09:56:06+02;1379
2017-09-18 11:08:06+02;1369
2017-09-18 12:30:07+02;1399
2017-09-18 12:36:08+02;1399
2017-09-18 13:57:06+02;1369
2017-09-18 14:12:08+02;1369
2017-09-18 15:42:07+02;1359
2017-09-18 16:21:06+02;1349
2017-09-18 17:00:07+02;1369
2017-09-18 17:06:06+02;1349
2017-09-18 17:07:06+02;1339
2017-09-18 17:51:06+02;1339
2017-09-18 18:00:06+02;1329
2017-09-18 18:43:05+02;1319
2017-09-18 20:58:06+02;1309
2017-09-18 21:27:05+02;1309
2017-09-18 22:01:06+02;1479
2017-09-19 05:37:05+02;1399
2017-09-19 10:36:06+02;1389
2017-09-19 10:42:06+02;1389
2017-09-19 10:58:06+02;1379
2017-09-19 11:16:07+02;1339
2017-09-19 12:30:08+02;1369
2017-09-19 13:42:06+02;1359
2017-09-19 14:15:06+02;1339
2017-09-19 17:01:10+02;1359
2017-09-19 17:05:11+02;1339
2017-09-19 17:51:18+02;1329
2017-09-19 18:43:06+02;1319
2017-09-19 18:45:06+02;1319
2017-09-19 21:13:06+02;1319
2017-09-19 22:00:06+02;1479
2017-09-19 23:16:20+02;1479
2017-09-20 05:36:06+02;1469
2017-09-20 05:43:05+02;1409
2017-09-20 08:04:06+02;1399
2017-09-20 10:14:06+02;1359
2017-09-20 11:45:05+02;1329
2017-09-20 12:30:07+02;1359
2017-09-20 14:06:06+02;1349
2017-09-20 14:11:05+02;1329
2017-09-20 17:00:06+02;1349
2017-09-20 17:05:06+02;1339
2017-09-20 17:51:07+02;1329
2017-09-20 18:31:06+02;1329
2017-09-20 18:43:06+02;1319
2017-09-20 19:36:06+02;1309
2017-09-20 21:13:06+02;1309
2017-09-20 22:01:06+02;1479
2017-09-21 05:35:05+02;1399
2017-09-21 06:37:06+02;1399
2017-09-21 08:23:05+02;1389
2017-09-21 09:59:05+02;1389
2017-09-21 10:35:06+02;1379
2017-09-21 10:46:06+02;1369
2017-09-21 11:01:06+02;1359
2017-09-21 12:30:07+02;1389
2017-09-21 12:41:06+02;1389
2017-09-21 13:57:16+02;1379
2017-09-21 14:42:06+02;1359
2017-09-21 17:01:06+02;1379
2017-09-21 17:58:06+02;1359
2017-09-21 18:07:06+02;1339
2017-09-21 18:32:06+02;1339
2017-09-21 20:14:05+02;1329
2017-09-21 20:51:05+02;1309
2017-09-21 22:01:07+02;1479
