2014-06-08 09:50:01+02;1569
2014-06-08 12:06:01+02;1549
2014-06-09 00:02:01+02;1669
2014-06-09 02:14:01+02;1589
2014-06-09 14:06:01+02;1589
2014-06-09 14:18:01+02;1669
2014-06-10 00:10:01+02;1589
2014-06-10 03:14:01+02;1549
2014-06-10 13:06:01+02;1539
2014-06-10 14:06:01+02;1679
2014-06-11 00:14:01+02;1599
2014-06-11 01:18:01+02;1589
2014-06-11 11:22:01+02;1569
2014-06-11 14:06:01+02;1679
2014-06-12 00:14:01+02;1599
2014-06-12 09:14:01+02;1579
2014-06-12 10:14:02+02;1579
2014-06-12 14:06:01+02;1689
2014-06-13 00:10:01+02;1609
2014-06-13 04:50:01+02;1589
2014-06-13 14:06:01+02;1699
2014-06-14 02:30:01+02;1609
2014-06-14 06:30:01+02;1599
2014-06-14 07:54:01+02;1599
2014-06-14 09:06:01+02;1589
2014-06-15 01:18:01+02;1699
2014-06-15 02:18:01+02;1609
2014-06-15 10:42:01+02;1589
2014-06-15 11:50:01+02;1589
2014-06-15 12:30:01+02;1579
2014-06-15 14:06:01+02;1699
2014-06-16 00:14:01+02;1609
2014-06-16 03:46:01+02;1589
2014-06-16 10:06:01+02;1579
2014-06-16 14:10:01+02;1699
2014-06-17 00:14:01+02;1609
2014-06-17 07:06:01+02;1609
2014-06-17 10:02:01+02;1589
2014-06-17 14:10:01+02;1699
2014-06-18 00:14:01+02;1609
2014-06-18 09:42:01+02;1609
2014-06-18 14:10:01+02;1699
2014-06-19 02:34:01+02;1609
2014-06-19 14:06:01+02;1699
2014-06-20 05:26:01+02;1609
2014-06-20 06:14:01+02;1609
2014-06-20 12:14:01+02;1589
2014-06-20 14:10:01+02;1699
2014-06-21 01:18:01+02;1629
2014-06-21 21:22:01+02;1609
2014-06-22 03:14:01+02;1629
2014-06-22 03:30:01+02;1609
2014-06-22 11:38:01+02;1589
2014-06-22 14:06:01+02;1699
2014-06-23 00:14:01+02;1629
2014-06-23 09:10:01+02;1609
2014-06-23 13:06:01+02;1559
2014-06-23 14:06:01+02;1699
2014-06-24 00:10:01+02;1629
2014-06-24 04:46:01+02;1629
2014-06-24 06:26:01+02;1609
2014-06-24 14:06:01+02;1699
2014-06-25 00:10:01+02;1629
2014-06-25 06:30:01+02;1609
2014-06-25 08:42:01+02;1589
2014-06-25 10:14:01+02;1589
2014-06-25 14:22:01+02;1699
2014-06-26 00:14:01+02;1629
2014-06-26 03:10:01+02;1609
2014-06-26 05:50:01+02;1609
2014-06-26 10:30:01+02;1609
2014-06-26 11:30:01+02;1579
2014-06-26 12:22:01+02;1559
2014-06-26 14:06:01+02;1699
2014-06-27 00:10:01+02;1629
2014-06-27 03:54:01+02;1609
2014-06-27 11:34:01+02;1569
2014-06-27 12:18:01+02;1559
2014-06-27 19:34:01+02;1699
2014-06-28 02:10:01+02;1619
2014-06-28 02:14:01+02;1629
2014-06-28 05:30:01+02;1619
2014-06-28 06:42:01+02;1589
2014-06-28 08:46:01+02;1569
2014-06-28 14:10:01+02;1699
2014-06-29 01:46:01+02;1659
2014-06-29 02:26:01+02;1629
2014-06-29 04:18:01+02;1609
2014-06-29 08:22:01+02;1589
2014-06-29 14:10:01+02;1699
2014-06-30 00:18:01+02;1629
2014-06-30 06:18:02+02;1609
2014-06-30 10:54:01+02;1589
2014-06-30 11:54:01+02;1569
2014-06-30 20:38:01+02;1699
2014-07-01 00:18:01+02;1629
2014-07-01 01:54:01+02;1629
2014-07-01 09:34:01+02;1609
2014-07-01 10:58:01+02;1589
2014-07-01 14:10:01+02;1699
2014-07-02 00:10:01+02;1589
2014-07-02 12:06:01+02;1589
2014-07-02 14:10:01+02;1699
2014-07-03 00:10:01+02;1629
2014-07-03 02:18:01+02;1619
2014-07-03 05:30:01+02;1609
2014-07-03 10:22:01+02;1589
2014-07-03 11:58:01+02;1579
2014-07-03 14:06:01+02;1689
2014-07-04 00:10:01+02;1609
2014-07-04 06:50:01+02;1589
2014-07-04 11:30:01+02;1569
2014-07-04 14:06:01+02;1689
2014-07-05 01:26:01+02;1609
2014-07-05 01:46:01+02;1609
2014-07-05 04:46:01+02;1599
2014-07-05 05:46:01+02;1589
2014-07-05 12:54:01+02;1579
2014-07-05 13:14:01+02;1579
2014-07-06 02:26:01+02;1609
2014-07-06 02:58:01+02;1609
2014-07-06 05:30:01+02;1609
2014-07-06 06:22:01+02;1589
2014-07-06 12:22:01+02;1579
2014-07-06 13:06:01+02;1579
2014-07-06 14:06:01+02;1689
2014-07-07 00:14:01+02;1609
2014-07-07 00:30:01+02;1609
2014-07-07 10:30:01+02;1589
2014-07-07 17:34:01+02;1699
2014-07-08 02:02:01+02;1609
2014-07-08 10:22:01+02;1589
2014-07-08 14:06:01+02;1699
2014-07-09 00:58:01+02;1609
2014-07-09 03:02:01+02;1619
2014-07-09 03:06:01+02;1609
2014-07-09 10:26:01+02;1589
2014-07-09 14:06:01+02;1699
2014-07-10 01:10:01+02;1609
2014-07-10 07:10:01+02;1589
2014-07-10 13:18:01+02;1569
2014-07-10 14:06:01+02;1689
2014-07-11 00:42:01+02;1609
2014-07-11 08:38:01+02;1589
2014-07-11 09:58:01+02;1569
2014-07-11 14:10:01+02;1699
2014-07-12 01:34:01+02;1599
2014-07-12 12:30:01+02;1569
2014-07-13 00:42:01+02;1689
2014-07-13 07:34:01+02;1609
2014-07-13 10:26:01+02;1579
2014-07-13 14:06:01+02;1689
2014-07-14 00:38:01+02;1599
2014-07-14 01:42:01+02;1599
2014-07-14 10:38:01+02;1569
2014-07-14 14:10:01+02;1689
2014-07-15 00:30:01+02;1609
2014-07-15 04:06:01+02;1609
2014-07-15 05:26:01+02;1589
2014-07-15 09:50:01+02;1569
2014-07-15 09:54:01+02;1569
2014-07-15 20:54:01+02;1689
2014-07-16 00:22:01+02;1609
2014-07-16 05:14:01+02;1589
2014-07-16 10:10:01+02;1569
2014-07-16 15:26:01+02;1679
2014-07-17 00:54:01+02;1609
2014-07-17 08:14:01+02;1579
2014-07-17 11:02:01+02;1569
2014-07-17 14:22:01+02;1679
2014-07-18 02:18:01+02;1609
2014-07-18 06:22:01+02;1589
2014-07-18 09:54:01+02;1569
2014-07-18 15:22:01+02;1679
2014-07-19 01:34:01+02;1589
2014-07-19 05:18:01+02;1569
2014-07-19 09:02:01+02;1569
2014-07-19 14:26:01+02;1679
2014-07-20 02:14:01+02;1589
2014-07-20 05:58:01+02;1569
2014-07-20 14:26:01+02;1679
2014-07-21 00:10:01+02;1589
2014-07-21 09:58:01+02;1569
2014-07-21 14:06:01+02;1549
2014-07-21 14:34:01+02;1679
2014-07-22 00:10:01+02;1589
2014-07-22 11:42:01+02;1569
2014-07-22 12:26:01+02;1549
2014-07-22 14:22:01+02;1679
2014-07-23 00:14:01+02;1589
2014-07-23 08:42:01+02;1569
2014-07-23 11:50:01+02;1549
2014-07-24 00:02:01+02;1679
2014-07-24 00:10:01+02;1589
2014-07-24 07:50:01+02;1579
2014-07-24 09:54:01+02;1559
2014-07-24 10:50:01+02;1549
2014-07-24 13:02:01+02;1549
2014-07-25 00:02:01+02;1689
2014-07-25 00:10:01+02;1589
2014-07-25 02:14:01+02;1589
2014-07-25 04:58:01+02;1579
2014-07-25 05:18:01+02;1569
2014-07-25 09:10:01+02;1549
2014-07-25 10:22:01+02;1539
2014-07-25 12:34:01+02;1529
2014-07-25 23:50:01+02;1689
2014-07-26 01:38:01+02;1589
2014-07-26 04:18:01+02;1589
2014-07-26 05:18:01+02;1569
2014-07-26 05:22:01+02;1579
2014-07-26 06:02:01+02;1569
2014-07-26 09:10:01+02;1549
2014-07-26 14:06:01+02;1689
2014-07-27 02:02:01+02;1639
2014-07-27 02:54:01+02;1589
2014-07-27 04:50:01+02;1559
2014-07-27 12:46:01+02;1529
2014-07-28 00:02:01+02;1689
2014-07-28 00:10:01+02;1589
2014-07-28 12:50:01+02;1549
2014-07-28 14:22:01+02;1679
2014-07-29 00:14:01+02;1599
2014-07-29 09:14:01+02;1569
2014-07-29 09:58:01+02;1559
2014-07-29 12:06:01+02;1549
2014-07-29 13:30:01+02;1519
2014-07-29 14:22:01+02;1679
2014-07-30 00:14:01+02;1599
2014-07-30 10:02:01+02;1569
2014-07-30 11:26:01+02;1539
2014-07-30 13:10:01+02;1529
2014-07-30 21:06:01+02;1679
2014-07-31 00:10:01+02;1589
2014-07-31 09:38:01+02;1569
2014-07-31 12:34:01+02;1519
2014-07-31 23:38:01+02;1679
2014-08-01 01:18:01+02;1589
2014-08-01 09:26:01+02;1559
2014-08-01 11:38:01+02;1529
2014-08-01 19:34:01+02;1679
2014-08-02 01:14:01+02;1579
2014-08-02 06:06:01+02;1529
2014-08-02 14:18:01+02;1529
2014-08-02 14:22:01+02;1679
2014-08-03 02:26:01+02;1579
2014-08-03 12:02:01+02;1519
2014-08-03 13:38:01+02;1519
2014-08-03 14:26:01+02;1679
2014-08-04 00:14:01+02;1579
2014-08-04 10:06:01+02;1559
2014-08-04 14:22:01+02;1669
2014-08-05 06:10:01+02;1589
2014-08-05 11:54:01+02;1569
2014-08-05 16:22:01+02;1559
2014-08-05 17:34:01+02;1549
2014-08-05 20:22:01+02;1659
2014-08-06 06:10:01+02;1579
2014-08-07 06:34:01+02;1559
2014-08-07 20:22:01+02;1669
2014-08-08 06:14:01+02;1579
2014-08-08 12:50:01+02;1549
2014-08-08 20:06:01+02;1669
2014-08-09 07:26:01+02;1569
2014-08-09 17:34:01+02;1549
2014-08-09 20:10:01+02;1669
2014-08-10 08:34:01+02;1569
2014-08-11 20:22:01+02;1669
2014-08-12 06:10:01+02;1579
2014-08-12 10:42:01+02;1529
2014-08-12 20:22:01+02;1669
2014-08-13 06:14:01+02;1579
2014-08-13 16:14:01+02;1549
2014-08-14 17:58:01+02;1529
2014-08-14 20:18:01+02;1669
2014-08-15 06:14:01+02;1569
2014-08-15 11:02:01+02;1549
2014-08-15 13:30:01+02;1529
2014-08-15 20:22:01+02;1659
2014-08-16 07:18:01+02;1569
2014-08-16 09:54:01+02;1549
2014-08-16 11:30:01+02;1529
2014-08-16 20:22:01+02;1659
2014-08-17 09:02:01+02;1569
2014-08-17 12:34:01+02;1549
2014-08-17 20:22:01+02;1659
2014-08-18 06:10:01+02;1569
2014-08-18 15:14:01+02;1549
2014-08-18 20:22:01+02;1659
2014-08-19 06:14:01+02;1569
2014-08-19 12:18:01+02;1549
2014-08-19 12:22:01+02;1549
2014-08-19 20:10:01+02;1659
2014-08-20 06:18:01+02;1569
2014-08-20 17:42:01+02;1529
2014-08-20 20:10:01+02;1669
2014-08-21 06:10:01+02;1569
2014-08-21 11:54:01+02;1549
2014-08-21 15:46:01+02;1529
2014-08-21 20:06:01+02;1679
2014-08-22 06:14:01+02;1569
2014-08-22 09:54:01+02;1549
2014-08-22 16:50:01+02;1529
2014-08-22 20:06:01+02;1679
2014-08-23 07:10:01+02;1569
2014-08-23 11:34:01+02;1549
2014-08-23 15:22:01+02;1529
2014-08-23 20:26:01+02;1679
2014-08-24 08:42:01+02;1569
2014-08-24 19:26:01+02;1679
2014-08-25 06:50:01+02;1569
2014-08-25 09:30:01+02;1549
2014-08-25 16:18:01+02;1539
2014-08-25 20:10:01+02;1679
2014-08-26 06:10:01+02;1579
2014-08-26 14:50:01+02;1549
2014-08-26 16:34:01+02;1529
2014-08-26 18:22:01+02;1519
2014-08-26 20:06:01+02;1679
2014-08-27 06:10:01+02;1579
2014-08-27 12:42:01+02;1549
2014-08-27 16:14:01+02;1529
2014-08-27 16:38:01+02;1529
2014-08-27 19:02:01+02;1509
2014-08-27 20:06:01+02;1669
2014-08-28 06:10:01+02;1579
2014-08-28 06:14:01+02;1579
2014-08-28 15:58:01+02;1549
2014-08-28 18:22:01+02;1509
2014-08-28 20:06:01+02;1669
2014-08-29 06:10:01+02;1579
2014-08-29 12:30:01+02;1549
2014-08-29 12:38:01+02;1549
2014-08-29 17:34:01+02;1529
2014-08-29 18:42:01+02;1509
2014-08-29 20:06:01+02;1509
2014-08-29 20:10:01+02;1669
2014-08-30 07:46:01+02;1579
2014-08-30 11:14:01+02;1559
2014-08-30 13:46:01+02;1539
2014-08-30 14:22:01+02;1509
2014-08-30 20:18:01+02;1669
2014-08-31 08:06:01+02;1599
2014-08-31 08:14:01+02;1579
2014-08-31 13:10:01+02;1569
2014-08-31 18:14:01+02;1499
2014-08-31 20:22:01+02;1669
2014-09-01 06:26:01+02;1579
2014-09-01 17:50:01+02;1549
2014-09-01 20:06:01+02;1669
2014-09-02 06:14:01+02;1579
2014-09-02 17:38:01+02;1549
2014-09-03 20:14:01+02;1669
2014-09-04 06:46:01+02;1579
2014-09-04 10:34:01+02;1549
2014-09-04 20:22:01+02;1679
2014-09-05 06:14:01+02;1579
2014-09-05 09:46:01+02;1579
2014-09-05 10:54:01+02;1549
2014-09-05 12:18:01+02;1539
2014-09-05 20:22:01+02;1679
2014-09-06 07:22:01+02;1579
2014-09-06 13:30:01+02;1549
2014-09-06 13:34:01+02;1549
2014-09-06 20:06:01+02;1689
2014-09-07 10:42:01+02;1579
2014-09-07 12:42:01+02;1549
2014-09-07 20:26:01+02;1689
2014-09-08 06:18:01+02;1579
2014-09-08 12:18:01+02;1539
2014-09-08 20:10:01+02;1669
2014-09-09 05:58:01+02;1669
2014-09-09 06:06:01+02;1669
2014-09-09 06:10:01+02;1589
2014-09-09 12:06:01+02;1569
2014-09-09 15:02:01+02;1559
2014-09-09 16:22:01+02;1549
2014-09-09 17:58:01+02;1539
2014-09-09 20:54:01+02;1669
2014-09-10 06:22:01+02;1559
2014-09-10 06:30:01+02;1559
2014-09-10 06:38:01+02;1589
2014-09-10 11:46:01+02;1549
2014-09-10 11:58:01+02;1549
2014-09-10 15:58:01+02;1549
2014-09-10 19:50:01+02;1539
2014-09-10 20:54:01+02;1679
2014-09-11 06:26:01+02;1589
2014-09-11 09:46:01+02;1589
2014-09-11 09:50:01+02;1589
2014-09-11 10:22:01+02;1559
2014-09-11 10:26:01+02;1559
2014-09-11 12:54:01+02;1549
2014-09-11 19:02:01+02;1529
2014-09-11 20:54:01+02;1669
2014-09-12 06:38:01+02;1589
2014-09-12 12:54:01+02;1549
2014-09-12 17:02:01+02;1529
2014-09-12 20:50:01+02;1659
2014-09-13 07:18:01+02;1589
2014-09-13 12:18:01+02;1549
2014-09-13 20:54:01+02;1659
2014-09-14 08:26:01+02;1579
2014-09-14 13:42:01+02;1549
2014-09-14 15:18:01+02;1509
2014-09-14 20:10:01+02;1509
2014-09-14 20:50:01+02;1659
2014-09-15 06:34:01+02;1589
2014-09-15 16:42:01+02;1549
2014-09-16 20:50:01+02;1649
2014-09-17 06:14:01+02;1579
2014-09-17 16:22:01+02;1549
2014-09-17 18:10:01+02;1539
2014-09-17 20:50:02+02;1659
2014-09-18 06:14:01+02;1579
2014-09-18 15:46:02+02;1559
2014-09-18 20:50:01+02;1649
2014-09-19 06:10:01+02;1589
2014-09-19 09:46:01+02;1549
2014-09-19 18:50:01+02;1529
2014-09-19 20:54:01+02;1649
2014-09-20 07:30:01+02;1569
2014-09-20 11:26:01+02;1559
2014-09-20 11:30:01+02;1549
2014-09-20 12:58:01+02;1539
2014-09-20 13:50:01+02;1539
2014-09-20 16:54:01+02;1529
2014-09-20 20:50:01+02;1659
2014-09-21 08:10:01+02;1569
2014-09-21 09:58:01+02;1559
2014-09-21 11:26:01+02;1539
2014-09-21 12:26:01+02;1529
2014-09-21 17:50:01+02;1529
2014-09-22 20:54:01+02;1649
2014-09-23 06:14:01+02;1569
2014-09-23 10:46:01+02;1559
2014-09-23 12:26:01+02;1549
2014-09-23 16:54:01+02;1539
2014-09-23 18:42:01+02;1529
2014-09-23 20:54:01+02;1649
2014-09-24 06:10:01+02;1579
2014-09-24 11:54:01+02;1559
2014-09-24 15:42:01+02;1549
2014-09-24 21:10:02+02;1649
2014-09-25 06:14:01+02;1589
2014-09-25 12:18:01+02;1559
2014-09-25 15:58:01+02;1549
2014-09-25 17:38:01+02;1539
2014-09-25 18:10:01+02;1539
2014-09-25 20:54:01+02;1639
2014-09-26 06:14:01+02;1589
2014-09-26 11:10:01+02;1569
2014-09-26 12:50:01+02;1549
2014-09-26 18:02:01+02;1529
2014-09-26 20:50:01+02;1649
2014-09-27 07:18:01+02;1569
2014-09-27 12:26:01+02;1549
2014-09-27 20:54:01+02;1649
2014-09-28 08:18:01+02;1569
2014-09-29 10:50:01+02;1549
2014-09-29 17:14:01+02;1529
2014-09-29 20:54:01+02;1649
2014-09-30 06:10:01+02;1589
2014-09-30 10:42:01+02;1569
2014-09-30 16:26:01+02;1539
2014-09-30 16:58:01+02;1529
2014-09-30 21:10:01+02;1659
2014-10-01 06:22:01+02;1569
2014-10-01 15:58:01+02;1549
2014-10-01 21:10:01+02;1669
2014-10-02 06:10:01+02;1589
2014-10-02 10:18:01+02;1569
2014-10-02 11:50:01+02;1549
2014-10-02 20:54:01+02;1669
2014-10-03 08:14:01+02;1569
2014-10-03 09:58:01+02;1559
2014-10-03 12:46:01+02;1549
2014-10-03 21:22:01+02;1669
2014-10-04 07:22:01+02;1669
2014-10-04 07:26:01+02;1569
2014-10-04 10:26:01+02;1549
2014-10-04 14:46:01+02;1539
2014-10-04 20:54:01+02;1669
2014-10-05 08:10:01+02;1569
2014-10-05 13:34:01+02;1549
2014-10-05 20:50:01+02;1669
2014-10-06 06:10:01+02;1569
2014-10-06 15:38:01+02;1529
2014-10-06 17:22:01+02;1509
2014-10-06 20:50:01+02;1669
2014-10-07 06:10:02+02;1569
2014-10-07 10:58:01+02;1549
2014-10-07 15:30:01+02;1509
2014-10-07 20:50:01+02;1659
2014-10-08 06:10:01+02;1569
2014-10-08 11:10:01+02;1549
2014-10-08 13:50:01+02;1549
2014-10-08 15:26:01+02;1529
2014-10-08 20:54:01+02;1659
2014-10-09 06:14:01+02;1559
2014-10-09 08:42:01+02;1539
2014-10-09 10:26:01+02;1529
2014-10-09 16:34:01+02;1499
2014-10-09 18:54:01+02;1499
2014-10-09 20:50:01+02;1659
2014-10-10 06:14:01+02;1559
2014-10-10 11:10:01+02;1549
2014-10-10 12:06:01+02;1529
2014-10-10 14:42:01+02;1509
2014-10-10 20:54:01+02;1659
2014-10-11 07:14:01+02;1549
2014-10-11 13:42:01+02;1529
2014-10-11 15:18:01+02;1529
2014-10-11 16:06:01+02;1529
2014-10-11 19:18:01+02;1509
2014-10-11 21:22:01+02;1639
2014-10-12 07:46:01+02;1559
2014-10-12 07:54:01+02;1599
2014-10-12 08:38:01+02;1549
2014-10-12 14:34:01+02;1529
2014-10-12 21:10:01+02;1639
2014-10-13 06:14:01+02;1549
2014-10-13 16:06:01+02;1509
2014-10-13 18:34:01+02;1489
2014-10-14 20:50:01+02;1609
2014-10-15 06:18:01+02;1549
2014-10-15 10:10:01+02;1529
2014-10-15 11:58:01+02;1509
2014-10-15 16:14:01+02;1509
2014-10-15 20:54:01+02;1589
2014-10-16 06:10:01+02;1489
2014-10-16 10:02:01+02;1489
2014-10-16 16:26:01+02;1469
2014-10-16 18:30:01+02;1469
2014-10-16 20:54:01+02;1579
2014-10-17 06:14:02+02;1529
2014-10-17 10:34:01+02;1509
2014-10-17 12:22:01+02;1489
2014-10-17 18:34:01+02;1449
2014-10-17 20:50:01+02;1589
2014-10-18 07:10:01+02;1529
2014-10-18 09:30:01+02;1509
2014-10-19 08:22:01+02;1529
2014-10-19 11:10:01+02;1509
2014-10-19 14:58:01+02;1499
2014-10-20 08:18:01+02;1499
2014-10-20 10:34:01+02;1489
2014-10-20 17:22:01+02;1469
2014-10-20 20:50:01+02;1589
2014-10-21 06:22:01+02;1529
2014-10-21 10:38:01+02;1509
2014-10-21 16:14:01+02;1489
2014-10-21 16:42:01+02;1489
2014-10-21 17:38:01+02;1469
2014-10-21 20:54:01+02;1589
2014-10-22 06:10:01+02;1509
2014-10-22 12:38:01+02;1509
2014-10-22 16:14:01+02;1459
2014-10-22 21:14:01+02;1589
2014-10-23 06:14:01+02;1509
2014-10-23 15:34:01+02;1489
2014-10-23 17:50:01+02;1449
2014-10-23 20:50:02+02;1589
2014-10-24 06:10:01+02;1509
2014-10-24 10:02:01+02;1509
2014-10-24 11:54:01+02;1489
2014-10-24 14:58:01+02;1469
2014-10-24 17:10:01+02;1459
2014-10-24 20:54:01+02;1589
2014-10-25 07:14:01+02;1509
2014-10-25 11:50:01+02;1479
2014-10-25 14:18:01+02;1459
2014-10-25 15:54:01+02;1459
2014-10-25 17:22:01+02;1449
2014-10-25 21:06:01+02;1589
2014-10-26 08:18:01+01;1509
2014-10-26 11:26:01+01;1499
2014-10-26 13:26:01+01;1479
2014-10-26 15:50:01+01;1459
2014-10-26 16:26:01+01;1449
2014-10-26 20:06:01+01;1589
2014-10-26 20:14:01+01;1449
2014-10-26 21:02:01+01;1589
2014-10-27 06:14:01+01;1509
2014-10-27 12:30:01+01;1489
2014-10-27 13:02:01+01;1469
2014-10-27 15:50:01+01;1469
2014-10-27 15:54:01+01;1459
2014-10-27 17:30:01+01;1449
2014-10-27 19:54:01+01;1589
2014-10-27 19:58:01+01;1449
2014-10-27 21:10:01+01;1589
2014-10-28 06:10:01+01;1509
2014-10-28 09:30:01+01;1489
2014-10-28 13:38:01+01;1469
2014-10-28 16:18:01+01;1449
2014-10-28 21:02:01+01;1579
2014-10-29 06:10:01+01;1509
2014-10-29 10:10:01+01;1509
2014-10-29 12:22:01+01;1489
2014-10-29 15:58:01+01;1459
2014-10-29 20:58:01+01;1579
2014-10-30 06:14:01+01;1509
2014-10-30 12:02:01+01;1489
2014-10-30 16:22:01+01;1459
2014-10-30 21:18:01+01;1589
2014-10-31 06:10:01+01;1509
2014-10-31 11:06:01+01;1509
2014-10-31 12:22:01+01;1489
2014-10-31 14:06:01+01;1459
2014-10-31 14:58:01+01;1459
2014-10-31 19:02:01+01;1459
2014-10-31 20:58:01+01;1589
2014-11-01 06:50:01+01;1559
2014-11-01 07:30:01+01;1509
2014-11-01 07:34:01+01;1509
2014-11-01 11:54:01+01;1489
2014-11-01 13:54:01+01;1479
2014-11-01 16:30:01+01;1479
2014-11-01 17:58:01+01;1469
2014-11-01 21:18:01+01;1589
2014-11-02 07:14:01+01;1509
2014-11-02 09:54:01+01;1499
2014-11-02 12:22:01+01;1479
2014-11-02 13:22:01+01;1469
2014-11-02 14:54:01+01;1459
2014-11-02 20:14:01+01;1589
2014-11-03 05:18:01+01;1509
2014-11-03 10:42:01+01;1509
2014-11-03 17:06:01+01;1449
2014-11-03 21:17:00+01;1449
2014-11-04 21:01:00+01;1599
2014-11-05 06:17:00+01;1509
2014-11-05 10:49:00+01;1489
2014-11-05 15:53:00+01;1449
2014-11-05 18:53:00+01;1449
2014-11-05 21:13:00+01;1579
2014-11-06 06:09:00+01;1509
2014-11-06 12:53:00+01;1489
2014-11-06 12:57:00+01;1489
2014-11-06 15:49:00+01;1439
2014-11-06 21:13:00+01;1579
2014-11-07 06:17:00+01;1509
2014-11-07 13:41:00+01;1489
2014-11-07 14:45:00+01;1469
2014-11-07 17:49:00+01;1469
2014-11-07 21:01:00+01;1579
2014-11-08 07:17:00+01;1509
2014-11-08 13:37:00+01;1489
2014-11-08 15:21:00+01;1449
2014-11-08 21:17:00+01;1579
2014-11-09 07:57:00+01;1539
2014-11-09 08:21:00+01;1509
2014-11-09 11:25:00+01;1489
2014-11-09 14:25:00+01;1469
2014-11-09 21:13:00+01;1579
2014-11-10 06:29:00+01;1509
2014-11-10 12:01:00+01;1509
2014-11-10 16:21:00+01;1459
2014-11-10 20:57:00+01;1589
2014-11-11 06:09:00+01;1509
2014-11-11 12:01:00+01;1509
2014-11-11 16:29:00+01;1579
2014-11-11 16:41:00+01;1509
2014-11-11 17:17:00+01;1489
2014-11-11 21:21:00+01;1579
2014-11-12 06:09:00+01;1509
2014-11-12 15:17:00+01;1489
2014-11-12 17:37:00+01;1449
2014-11-12 21:01:00+01;1579
2014-11-13 06:13:00+01;1509
2014-11-13 11:13:00+01;1489
2014-11-13 15:37:00+01;1469
2014-11-13 18:21:00+01;1449
2014-11-13 20:57:00+01;1579
2014-11-14 06:13:00+01;1509
2014-11-14 09:38:00+01;1489
2014-11-14 10:37:00+01;1479
2014-11-14 11:53:00+01;1469
2014-11-14 13:57:00+01;1449
2014-11-14 15:01:00+01;1429
2014-11-14 20:57:00+01;1569
2014-11-15 07:05:00+01;1509
2014-11-15 11:25:00+01;1449
2014-11-15 16:13:00+01;1429
2014-11-15 21:13:00+01;1569
2014-11-16 08:05:00+01;1509
2014-11-16 08:25:00+01;1489
2014-11-16 11:25:00+01;1469
2014-11-17 16:33:00+01;1429
2014-11-17 20:57:00+01;1569
2014-11-18 06:13:00+01;1489
2014-11-18 15:41:00+01;1449
2014-11-18 17:53:00+01;1439
2014-11-18 21:01:00+01;1569
2014-11-19 06:13:00+01;1489
2014-11-19 15:49:00+01;1449
2014-11-19 21:01:00+01;1569
2014-11-20 06:09:00+01;1489
2014-11-20 11:41:00+01;1469
2014-11-20 20:57:00+01;1569
2014-11-21 06:21:00+01;1489
2014-11-21 09:53:00+01;1469
2014-11-21 11:49:00+01;1449
2014-11-21 12:33:00+01;1429
2014-11-21 21:01:00+01;1559
2014-11-22 07:21:00+01;1489
2014-11-22 10:57:00+01;1439
2014-11-22 16:33:00+01;1439
2014-11-22 21:13:00+01;1559
2014-11-23 08:17:00+01;1489
2014-11-23 10:33:00+01;1489
2014-11-23 13:21:00+01;1459
2014-11-23 17:05:00+01;1449
2014-11-23 21:13:00+01;1559
2014-11-24 06:13:00+01;1489
2014-11-24 08:05:00+01;1479
2014-11-24 10:49:00+01;1469
2014-11-24 15:37:00+01;1449
2014-11-25 06:25:00+01;1489
2014-11-25 12:09:00+01;1469
2014-11-25 17:05:00+01;1439
2014-11-25 21:01:00+01;1559
2014-11-26 06:17:00+01;1489
2014-11-26 13:49:00+01;1469
2014-11-26 17:57:00+01;1449
2014-11-26 21:01:00+01;1559
2014-11-27 06:09:00+01;1489
2014-11-27 11:49:00+01;1469
2014-11-27 15:53:00+01;1429
2014-11-27 21:13:00+01;1559
2014-11-28 06:17:00+01;1489
2014-11-28 13:29:00+01;1459
2014-11-28 14:57:00+01;1439
2014-11-28 16:21:00+01;1429
2014-11-28 18:29:00+01;1409
2014-11-28 21:01:00+01;1529
2014-11-29 07:20:00+01;1469
2014-11-29 12:09:00+01;1449
2014-11-29 13:29:00+01;1429
2014-11-29 16:57:00+01;1409
2014-11-29 21:13:00+01;1529
2014-11-30 08:17:00+01;1459
2014-11-30 11:25:00+01;1429
2014-11-30 13:09:00+01;1409
2014-11-30 21:13:00+01;1529
2014-12-01 06:33:00+01;1459
2014-12-01 13:57:00+01;1449
2014-12-01 16:10:00+01;1419
2014-12-01 21:09:00+01;1529
2014-12-02 06:12:00+01;1449
2014-12-02 09:57:00+01;1429
2014-12-02 16:13:00+01;1379
2014-12-02 21:01:00+01;1529
2014-12-03 06:13:00+01;1449
2014-12-03 08:13:00+01;1439
2014-12-03 14:53:00+01;1409
2014-12-03 16:17:00+01;1389
2014-12-03 20:57:00+01;1519
2014-12-04 11:05:00+01;1889
2014-12-04 11:13:00+01;1889
2014-12-04 13:49:00+01;1449
2014-12-04 14:25:00+01;1409
2014-12-04 16:53:00+01;1389
2014-12-04 20:57:00+01;1499
2014-12-05 06:33:00+01;1449
2014-12-05 08:53:00+01;1409
2014-12-05 11:01:00+01;1399
2014-12-05 13:05:00+01;1389
2014-12-05 15:33:00+01;1369
2014-12-05 21:01:00+01;1489
2014-12-06 07:45:00+01;1429
2014-12-06 14:25:00+01;1369
2014-12-06 20:57:00+01;1489
2014-12-07 09:21:00+01;1409
2014-12-07 12:53:00+01;1369
2014-12-07 15:41:00+01;1359
2014-12-07 20:58:00+01;1489
2014-12-08 06:25:00+01;1449
2014-12-08 06:53:00+01;1429
2014-12-08 08:21:00+01;1409
2014-12-08 11:25:00+01;1389
2014-12-08 15:25:00+01;1369
2014-12-08 16:25:00+01;1349
2014-12-08 21:01:00+01;1469
2014-12-09 06:09:00+01;1409
2014-12-09 09:49:00+01;1389
2014-12-09 11:57:00+01;1369
2014-12-09 15:53:00+01;1349
2014-12-09 20:57:00+01;1459
2014-12-10 06:17:00+01;1409
2014-12-10 10:29:00+01;1389
2014-12-10 14:53:00+01;1369
2014-12-10 16:01:00+01;1359
2014-12-10 16:17:00+01;1349
2014-12-10 21:01:00+01;1459
2014-12-11 06:17:00+01;1409
2014-12-11 11:09:00+01;1389
2014-12-11 11:29:00+01;1369
2014-12-11 14:25:00+01;1359
2014-12-11 16:05:00+01;1349
2014-12-11 21:01:00+01;1449
2014-12-12 06:21:00+01;1389
2014-12-12 10:25:00+01;1369
2014-12-12 11:33:00+01;1349
2014-12-12 14:45:00+01;1329
2014-12-12 19:13:00+01;1319
2014-12-12 20:57:00+01;1449
2014-12-13 07:21:00+01;1389
2014-12-13 10:25:00+01;1369
2014-12-13 13:33:00+01;1369
2014-12-13 14:25:00+01;1349
2014-12-13 17:17:00+01;1349
2014-12-13 19:29:00+01;1329
2014-12-13 20:57:00+01;1449
2014-12-14 08:09:00+01;1369
2014-12-14 10:29:00+01;1349
2014-12-14 12:05:00+01;1349
2014-12-14 14:17:00+01;1309
2014-12-14 16:30:01+01;1309
2014-12-14 20:58:01+01;1449
2014-12-15 06:26:01+01;1369
2014-12-15 10:06:01+01;1349
2014-12-15 15:54:01+01;1309
2014-12-15 21:02:01+01;1429
2014-12-16 06:22:01+01;1369
2014-12-16 11:46:01+01;1349
2014-12-16 16:18:01+01;1309
2014-12-16 20:58:01+01;1419
2014-12-17 06:10:01+01;1369
2014-12-17 09:38:01+01;1349
2014-12-17 12:10:01+01;1329
2014-12-17 16:50:01+01;1309
2014-12-17 21:02:01+01;1399
2014-12-18 06:14:01+01;1369
2014-12-18 10:30:01+01;1349
2014-12-18 12:10:01+01;1329
2014-12-18 17:10:01+01;1309
2014-12-18 20:58:01+01;1419
2014-12-19 06:14:02+01;1369
2014-12-19 09:38:01+01;1349
2014-12-19 10:06:01+01;1329
2014-12-19 14:50:01+01;1309
2014-12-19 16:34:01+01;1289
2014-12-19 20:58:01+01;1419
2014-12-20 07:38:01+01;1349
2014-12-20 11:42:01+01;1329
2014-12-20 14:06:01+01;1309
2014-12-20 20:58:01+01;1419
2014-12-21 08:26:01+01;1349
2014-12-21 13:22:01+01;1309
2014-12-21 20:58:01+01;1419
2014-12-22 06:18:01+01;1349
2014-12-22 10:58:01+01;1329
2014-12-22 12:26:01+01;1309
2014-12-22 16:22:01+01;1309
2014-12-22 20:58:01+01;1419
2014-12-23 06:10:01+01;1349
2014-12-23 10:14:01+01;1329
2014-12-23 12:10:01+01;1309
2014-12-23 17:26:01+01;1289
2014-12-23 20:58:01+01;1419
2014-12-24 06:42:01+01;1329
2014-12-24 10:10:01+01;1309
2014-12-24 20:58:01+01;1419
2014-12-25 08:18:01+01;1329
2014-12-25 11:10:01+01;1309
2014-12-25 14:46:01+01;1279
2014-12-25 20:58:01+01;1419
2014-12-26 09:14:01+01;1329
2014-12-26 10:26:01+01;1309
2014-12-26 10:58:01+01;1279
2014-12-26 20:58:01+01;1419
2014-12-27 07:26:01+01;1329
2014-12-27 10:10:01+01;1309
2014-12-27 16:42:01+01;1289
2014-12-27 20:58:01+01;1419
2014-12-28 07:54:01+01;1379
2014-12-28 08:26:01+01;1329
2014-12-28 10:46:01+01;1309
2014-12-28 16:46:01+01;1289
2014-12-28 21:02:01+01;1419
2014-12-29 06:10:01+01;1329
2014-12-29 15:42:01+01;1309
2014-12-29 20:58:01+01;1419
2014-12-30 06:14:01+01;1329
2014-12-30 12:26:01+01;1309
2014-12-30 13:02:02+01;1309
2014-12-30 15:14:01+01;1289
2014-12-30 21:02:01+01;1399
2014-12-31 06:38:01+01;1329
2014-12-31 09:50:01+01;1309
2014-12-31 20:58:01+01;1399
2015-01-01 08:34:01+01;1329
2015-01-01 10:34:01+01;1309
2015-01-02 18:26:01+01;1289
2015-01-02 20:58:01+01;1399
2015-01-03 07:10:01+01;1329
2015-01-03 09:14:01+01;1309
2015-01-03 15:10:01+01;1289
2015-01-03 20:58:01+01;1399
2015-01-04 07:46:01+01;1329
2015-01-04 15:26:01+01;1309
2015-01-04 20:58:01+01;1399
2015-01-05 06:14:01+01;1329
2015-01-05 12:38:01+01;1309
2015-01-05 16:06:01+01;1259
2015-01-05 20:58:01+01;1379
2015-01-06 06:10:01+01;1329
2015-01-06 12:14:01+01;1309
2015-01-06 15:42:01+01;1269
2015-01-06 20:58:01+01;1369
2015-01-07 06:18:01+01;1329
2015-01-07 08:38:01+01;1309
2015-01-07 15:26:01+01;1289
2015-01-07 17:22:01+01;1269
2015-01-07 20:58:01+01;1369
2015-01-08 06:18:01+01;1309
2015-01-08 11:22:01+01;1289
2015-01-08 15:58:01+01;1269
2015-01-08 20:58:01+01;1369
2015-01-09 06:18:01+01;1309
2015-01-09 11:14:01+01;1289
2015-01-09 13:22:01+01;1269
2015-01-09 18:50:01+01;1249
2015-01-09 20:58:01+01;1359
2015-01-10 07:22:01+01;1339
2015-01-10 07:54:01+01;1309
2015-01-10 10:30:01+01;1289
2015-01-10 11:42:01+01;1289
2015-01-10 15:54:01+01;1269
2015-01-10 20:58:01+01;1359
2015-01-11 08:10:01+01;1309
2015-01-11 08:14:01+01;1309
2015-01-11 09:18:01+01;1309
2015-01-11 14:26:01+01;1289
2015-01-11 16:18:01+01;1269
2015-01-11 20:58:01+01;1359
2015-01-12 06:10:01+01;1309
2015-01-12 12:34:01+01;1289
2015-01-12 15:50:01+01;1269
2015-01-12 18:54:01+01;1249
2015-01-12 20:58:01+01;1349
2015-01-13 06:14:01+01;1309
2015-01-13 11:34:01+01;1289
2015-01-13 12:26:01+01;1269
2015-01-13 16:02:01+01;1239
2015-01-13 20:58:01+01;1349
2015-01-14 06:18:01+01;1289
2015-01-14 08:22:01+01;1259
2015-01-14 10:22:01+01;1259
2015-01-14 11:38:01+01;1249
2015-01-14 16:10:01+01;1229
2015-01-14 20:58:01+01;1339
2015-01-15 06:10:01+01;1289
2015-01-15 07:06:01+01;1269
2015-01-15 07:26:01+01;1259
2015-01-15 09:46:01+01;1259
2015-01-15 12:02:01+01;1249
2015-01-15 15:22:01+01;1239
2015-01-15 15:26:01+01;1239
2015-01-15 18:42:01+01;1229
2015-01-15 20:58:01+01;1349
2015-01-16 06:10:01+01;1289
2015-01-16 06:42:01+01;1269
2015-01-16 14:26:01+01;1249
2015-01-16 19:26:01+01;1229
2015-01-16 20:58:01+01;1349
2015-01-17 07:18:01+01;1289
2015-01-17 07:46:01+01;1289
2015-01-17 10:58:01+01;1269
2015-01-17 15:18:01+01;1249
2015-01-17 20:58:01+01;1349
2015-01-18 08:18:02+01;1289
2015-01-18 10:50:01+01;1269
2015-01-18 14:18:01+01;1249
2015-01-18 20:58:01+01;1349
2015-01-19 06:42:01+01;1289
2015-01-19 07:18:01+01;1289
2015-01-19 08:34:01+01;1269
2015-01-19 10:14:01+01;1239
2015-01-19 14:38:01+01;1229
2015-01-19 20:58:01+01;1359
2015-01-20 06:18:01+01;1309
2015-01-20 07:30:02+01;1289
2015-01-20 08:18:01+01;1279
2015-01-20 09:14:01+01;1269
2015-01-20 12:30:01+01;1269
2015-01-20 14:58:01+01;1229
2015-01-20 20:58:01+01;1369
2015-01-21 06:10:01+01;1309
2015-01-21 09:18:01+01;1289
2015-01-21 13:38:01+01;1269
2015-01-21 15:54:01+01;1249
2015-01-21 18:02:01+01;1239
2015-01-21 20:58:01+01;1369
2015-01-22 06:10:01+01;1289
2015-01-22 09:14:01+01;1289
2015-01-22 09:38:01+01;1259
2015-01-22 10:26:01+01;1249
2015-01-22 14:42:01+01;1239
2015-01-22 16:30:01+01;1229
2015-01-22 20:58:01+01;1369
2015-01-23 06:10:01+01;1289
2015-01-23 08:58:01+01;1279
2015-01-23 09:14:01+01;1269
2015-01-23 09:18:01+01;1269
2015-01-23 10:26:01+01;1269
2015-01-23 12:18:01+01;1249
2015-01-23 14:50:01+01;1229
2015-01-23 16:42:01+01;1229
2015-01-23 20:58:01+01;1379
2015-01-24 07:10:01+01;1289
2015-01-24 09:26:01+01;1259
2015-01-24 11:02:01+01;1259
2015-01-24 12:14:01+01;1259
2015-01-24 15:10:01+01;1239
2015-01-24 20:58:01+01;1379
2015-01-25 08:10:01+01;1289
2015-01-25 09:38:01+01;1279
2015-01-25 10:30:01+01;1269
2015-01-25 12:18:01+01;1269
2015-01-25 13:02:01+01;1229
2015-01-25 13:30:01+01;1229
2015-01-25 20:58:01+01;1379
2015-01-26 06:10:01+01;1289
2015-01-26 10:46:01+01;1249
2015-01-26 15:38:01+01;1229
2015-01-26 20:58:01+01;1379
2015-01-27 06:10:01+01;1309
2015-01-27 09:10:01+01;1289
2015-01-27 10:42:01+01;1269
2015-01-27 12:26:01+01;1229
2015-01-27 15:38:01+01;1209
2015-01-27 20:58:01+01;1379
2015-01-28 06:14:01+01;1309
2015-01-28 07:22:01+01;1299
2015-01-28 09:38:01+01;1259
2015-01-28 12:10:01+01;1249
2015-01-28 15:58:01+01;1229
2015-01-28 20:58:01+01;1379
2015-01-29 06:14:01+01;1309
2015-01-29 06:46:01+01;1299
2015-01-29 07:26:01+01;1299
2015-01-29 08:10:01+01;1289
2015-01-29 09:50:01+01;1259
2015-01-29 12:10:01+01;1229
2015-01-29 16:10:01+01;1229
2015-01-29 20:58:01+01;1389
2015-01-30 06:10:01+01;1309
2015-01-30 07:42:01+01;1299
2015-01-30 09:58:01+01;1289
2015-01-30 12:06:01+01;1269
2015-01-30 15:42:01+01;1249
2015-01-30 18:10:01+01;1239
2015-01-30 19:06:01+01;1229
2015-01-30 20:58:01+01;1379
2015-01-31 07:06:01+01;1289
2015-01-31 08:50:01+01;1289
2015-01-31 10:18:01+01;1279
2015-01-31 13:14:01+01;1259
2015-01-31 15:10:01+01;1249
2015-01-31 16:22:01+01;1239
2015-01-31 18:18:01+01;1239
2015-01-31 20:58:01+01;1409
2015-02-01 08:10:01+01;1329
2015-02-01 08:26:01+01;1289
2015-02-01 11:10:01+01;1279
2015-02-01 14:26:01+01;1249
2015-02-01 20:58:01+01;1379
2015-02-02 06:10:01+01;1289
2015-02-02 15:30:01+01;1269
2015-02-02 20:58:01+01;1399
2015-02-03 06:14:01+01;1309
2015-02-03 07:30:01+01;1299
2015-02-03 20:58:01+01;1429
2015-02-04 06:10:01+01;1349
2015-02-04 07:10:01+01;1329
2015-02-04 07:34:01+01;1319
2015-02-04 08:34:01+01;1309
2015-02-04 10:46:01+01;1309
2015-02-04 12:46:01+01;1299
2015-02-04 15:14:01+01;1299
2015-02-04 18:10:01+01;1279
2015-02-04 20:58:01+01;1439
2015-02-05 06:22:01+01;1349
2015-02-05 08:06:01+01;1329
2015-02-05 10:42:01+01;1329
2015-02-05 13:42:01+01;1309
2015-02-05 16:18:01+01;1289
2015-02-05 16:30:01+01;1279
2015-02-05 17:46:01+01;1269
2015-02-05 20:58:01+01;1439
2015-02-06 06:14:01+01;1329
2015-02-06 07:06:01+01;1329
2015-02-06 08:14:01+01;1329
2015-02-06 08:38:01+01;1309
2015-02-06 12:06:01+01;1279
2015-02-06 14:50:01+01;1259
2015-02-06 20:58:01+01;1439
2015-02-07 06:58:01+01;1379
2015-02-07 07:14:01+01;1349
2015-02-07 09:10:01+01;1329
2015-02-07 13:54:01+01;1309
2015-02-07 14:54:01+01;1289
2015-02-07 20:58:01+01;1439
2015-02-08 08:10:01+01;1379
2015-02-08 08:14:01+01;1359
2015-02-08 08:54:01+01;1339
2015-02-08 12:22:01+01;1329
2015-02-08 13:10:01+01;1309
2015-02-08 20:58:01+01;1439
2015-02-09 06:18:01+01;1349
2015-02-09 07:06:01+01;1349
2015-02-09 12:10:01+01;1309
2015-02-09 17:42:01+01;1289
2015-02-09 20:58:01+01;1449
2015-02-10 06:10:01+01;1369
2015-02-10 09:34:01+01;1329
2015-02-10 15:02:01+01;1279
2015-02-10 20:54:01+01;1449
2015-02-10 20:58:01+01;1449
2015-02-11 06:14:01+01;1369
2015-02-11 10:38:01+01;1339
2015-02-11 12:34:01+01;1319
2015-02-11 15:46:01+01;1309
2015-02-11 20:58:01+01;1449
2015-02-12 06:14:01+01;1369
2015-02-12 10:38:01+01;1349
2015-02-12 14:26:01+01;1329
2015-02-12 16:10:01+01;1309
2015-02-12 20:58:01+01;1429
2015-02-13 06:14:01+01;1369
2015-02-13 11:58:01+01;1349
2015-02-13 16:58:02+01;1329
2015-02-13 20:58:01+01;1439
2015-02-14 07:10:01+01;1429
2015-02-14 07:42:01+01;1369
2015-02-14 10:22:01+01;1359
2015-02-14 11:22:01+01;1349
2015-02-14 12:30:01+01;1329
2015-02-14 16:34:01+01;1309
2015-02-14 20:58:01+01;1439
2015-02-15 08:22:01+01;1369
2015-02-15 09:46:01+01;1349
2015-02-15 17:10:01+01;1329
2015-02-15 18:54:01+01;1309
2015-02-15 20:58:01+01;1439
2015-02-16 06:14:01+01;1369
2015-02-16 11:18:01+01;1349
2015-02-16 18:38:01+01;1319
2015-02-16 20:58:01+01;1449
2015-02-17 06:14:01+01;1389
2015-02-17 10:38:01+01;1369
2015-02-17 11:58:01+01;1349
2015-02-17 16:58:01+01;1319
2015-02-17 20:58:01+01;1449
2015-02-18 06:22:01+01;1389
2015-02-18 10:22:01+01;1369
2015-02-18 11:54:01+01;1349
2015-02-18 16:42:02+01;1329
2015-02-18 20:54:01+01;1439
2015-02-19 06:14:01+01;1389
2015-02-19 10:02:02+01;1369
2015-02-19 12:14:01+01;1349
2015-02-19 15:14:01+01;1329
2015-02-19 18:10:01+01;1309
2015-02-19 20:58:01+01;1439
2015-02-20 06:14:01+01;1389
2015-02-20 09:14:01+01;1379
2015-02-20 11:46:01+01;1339
2015-02-20 13:58:01+01;1329
2015-02-20 20:58:01+01;1429
2015-02-21 07:26:01+01;1389
2015-02-21 12:02:01+01;1369
2015-02-21 14:14:01+01;1359
2015-02-21 20:34:01+01;1319
2015-02-21 20:58:01+01;1429
2015-02-22 08:10:01+01;1389
2015-02-22 10:54:01+01;1369
2015-02-22 14:58:01+01;1359
2015-02-22 20:58:01+01;1429
2015-02-23 06:10:01+01;1389
2015-02-23 08:02:01+01;1369
2015-02-23 11:58:01+01;1369
2015-02-23 15:50:02+01;1339
2015-02-23 18:22:01+01;1339
2015-02-23 20:58:02+01;1449
2015-02-24 06:10:01+01;1389
2015-02-24 11:34:01+01;1369
2015-02-24 15:50:02+01;1329
2015-02-24 20:58:01+01;1439
2015-02-25 01:26:01+01;1439
2015-02-25 06:26:01+01;1389
2015-02-25 09:38:01+01;1389
2015-02-25 11:02:01+01;1369
2015-02-25 16:06:01+01;1339
2015-02-25 21:02:01+01;1439
2015-02-26 06:10:01+01;1369
2015-02-26 09:42:01+01;1369
2015-02-26 15:46:01+01;1339
2015-02-26 18:46:01+01;1329
2015-02-26 20:58:01+01;1459
2015-02-27 06:18:01+01;1389
2015-02-27 09:54:01+01;1369
2015-02-27 15:54:01+01;1339
2015-02-27 20:58:01+01;1469
2015-02-28 07:18:01+01;1389
2015-02-28 11:02:01+01;1369
2015-02-28 13:42:01+01;1359
2015-02-28 15:06:01+01;1349
2015-02-28 15:58:01+01;1329
2015-02-28 20:58:01+01;1469
2015-03-01 08:02:01+01;1469
2015-03-01 08:06:01+01;1419
2015-03-01 08:22:01+01;1389
2015-03-01 11:02:01+01;1369
2015-03-01 17:46:01+01;1359
2015-03-01 20:58:01+01;1469
2015-03-02 06:14:01+01;1389
2015-03-02 12:46:01+01;1379
2015-03-02 15:34:01+01;1369
2015-03-02 20:58:01+01;1479
2015-03-03 06:10:01+01;1409
2015-03-03 09:30:01+01;1409
2015-03-03 13:46:01+01;1389
2015-03-03 15:54:01+01;1359
2015-03-03 20:58:01+01;1479
2015-03-04 06:10:01+01;1409
2015-03-04 15:58:01+01;1389
2015-03-04 20:58:01+01;1479
2015-03-05 06:14:01+01;1409
2015-03-05 15:54:01+01;1389
2015-03-05 20:58:01+01;1479
2015-03-06 06:10:01+01;1409
2015-03-06 12:18:01+01;1389
2015-03-06 20:58:01+01;1479
2015-03-07 07:14:01+01;1409
2015-03-07 11:10:01+01;1389
2015-03-07 14:58:01+01;1379
2015-03-07 20:58:01+01;1479
2015-03-08 08:18:01+01;1399
2015-03-08 13:18:02+01;1389
2015-03-08 15:26:01+01;1389
2015-03-08 20:58:01+01;1479
2015-03-09 06:10:01+01;1409
2015-03-09 12:26:01+01;1389
2015-03-09 15:30:01+01;1369
2015-03-09 20:58:01+01;1489
2015-03-10 06:10:01+01;1409
2015-03-10 20:58:01+01;1499
2015-03-11 06:14:01+01;1499
2015-03-11 06:18:01+01;1429
2015-03-11 11:34:01+01;1409
2015-03-11 16:22:01+01;1389
2015-03-11 20:58:01+01;1489
2015-03-12 06:14:01+01;1409
2015-03-12 10:34:01+01;1409
2015-03-12 11:54:01+01;1399
2015-03-12 19:26:01+01;1389
2015-03-12 20:58:01+01;1499
2015-03-13 06:10:01+01;1439
2015-03-13 10:34:01+01;1409
2015-03-13 14:34:01+01;1389
2015-03-13 20:58:01+01;1519
2015-03-14 07:14:01+01;1429
2015-03-14 13:38:01+01;1389
2015-03-14 15:46:01+01;1379
2015-03-14 15:50:01+01;1379
2015-03-14 17:46:01+01;1369
2015-03-14 20:58:01+01;1519
2015-03-15 08:22:01+01;1429
2015-03-15 08:26:01+01;1429
2015-03-15 11:14:01+01;1399
2015-03-15 12:06:01+01;1389
2015-03-15 14:26:01+01;1389
2015-03-15 15:22:01+01;1379
2015-03-15 20:58:01+01;1519
2015-03-16 06:14:01+01;1429
2015-03-16 07:14:01+01;1429
2015-03-16 12:34:01+01;1409
2015-03-16 15:38:01+01;1389
2015-03-16 20:58:01+01;1499
2015-03-17 06:14:01+01;1429
2015-03-17 10:22:01+01;1409
2015-03-17 15:50:01+01;1389
2015-03-17 17:58:01+01;1369
2015-03-17 21:02:01+01;1479
2015-03-18 06:10:01+01;1409
2015-03-18 11:54:01+01;1409
2015-03-18 14:50:01+01;1389
2015-03-18 16:02:02+01;1369
2015-03-18 20:58:01+01;1479
2015-03-19 06:14:01+01;1409
2015-03-19 10:42:01+01;1399
2015-03-19 16:30:01+01;1379
2015-03-19 20:58:01+01;1499
2015-03-20 06:10:01+01;1409
2015-03-20 12:38:01+01;1389
2015-03-20 15:26:01+01;1369
2015-03-20 17:46:01+01;1349
2015-03-20 20:58:01+01;1479
2015-03-21 07:10:01+01;1409
2015-03-21 10:38:01+01;1409
2015-03-21 13:10:01+01;1389
2015-03-21 15:50:01+01;1369
2015-03-21 18:02:01+01;1359
2015-03-21 20:58:01+01;1479
2015-03-22 07:58:01+01;1449
2015-03-22 08:22:01+01;1409
2015-03-22 10:58:01+01;1409
2015-03-22 12:30:01+01;1389
2015-03-22 15:46:01+01;1369
2015-03-22 20:58:01+01;1479
2015-03-23 06:10:01+01;1409
2015-03-23 13:38:01+01;1409
2015-03-23 16:18:01+01;1389
2015-03-23 20:58:01+01;1489
2015-03-24 06:14:01+01;1409
2015-03-24 12:06:01+01;1409
2015-03-24 16:22:01+01;1389
2015-03-24 20:58:01+01;1489
2015-03-25 06:14:01+01;1429
2015-03-25 12:18:01+01;1409
2015-03-25 12:42:01+01;1409
2015-03-25 16:10:01+01;1389
2015-03-25 20:58:01+01;1489
2015-03-26 06:14:01+01;1429
2015-03-26 12:46:01+01;1409
2015-03-26 15:42:01+01;1389
2015-03-26 20:58:01+01;1499
2015-03-27 05:54:01+01;1489
2015-03-27 06:14:01+01;1429
2015-03-27 15:22:01+01;1409
2015-03-27 20:54:01+01;1519
2015-03-27 20:58:01+01;1519
2015-03-28 07:18:01+01;1449
2015-03-28 10:58:01+01;1449
2015-03-28 11:02:01+01;1429
2015-03-28 11:18:01+01;1409
2015-03-28 20:58:01+01;1519
2015-03-29 07:58:01+02;1499
2015-03-29 08:26:01+02;1449
2015-03-29 11:10:01+02;1429
2015-03-29 14:14:01+02;1409
2015-03-29 17:54:01+02;1409
2015-03-29 20:58:01+02;1519
2015-03-30 06:10:01+02;1449
2015-03-30 09:50:01+02;1419
2015-03-30 13:50:01+02;1409
2015-03-30 15:18:01+02;1409
2015-03-30 17:34:01+02;1389
2015-03-30 20:58:01+02;1519
2015-03-31 06:10:01+02;1449
2015-03-31 09:54:01+02;1429
2015-03-31 10:34:01+02;1419
2015-03-31 13:50:01+02;1409
2015-03-31 15:54:01+02;1399
2015-03-31 18:10:01+02;1389
2015-03-31 20:58:01+02;1519
2015-04-01 06:10:01+02;1449
2015-04-01 10:06:02+02;1429
2015-04-01 12:14:01+02;1409
2015-04-01 14:26:01+02;1399
2015-04-01 17:06:01+02;1389
2015-04-01 20:58:01+02;1519
2015-04-02 06:14:01+02;1449
2015-04-02 10:58:01+02;1429
2015-04-02 11:34:02+02;1429
2015-04-02 11:58:01+02;1419
2015-04-02 15:06:01+02;1409
2015-04-02 16:34:01+02;1389
2015-04-02 20:58:01+02;1529
2015-04-03 08:06:01+02;1499
2015-04-03 08:34:01+02;1449
2015-04-03 11:46:01+02;1429
2015-04-03 13:42:01+02;1409
2015-04-03 20:58:01+02;1529
2015-04-04 07:58:01+02;1449
2015-04-04 10:34:01+02;1429
2015-04-04 11:54:01+02;1409
2015-04-04 20:54:01+02;1529
2015-04-05 07:58:01+02;1499
2015-04-05 08:14:01+02;1449
2015-04-05 12:50:01+02;1429
2015-04-05 15:50:01+02;1409
2015-04-05 20:58:01+02;1529
2015-04-06 08:18:01+02;1449
2015-04-06 10:50:01+02;1429
2015-04-06 13:50:01+02;1409
2015-04-06 20:54:01+02;1529
2015-04-07 06:06:01+02;1449
2015-04-07 12:06:01+02;1429
2015-04-07 16:10:01+02;1389
2015-04-07 20:58:01+02;1529
2015-04-08 06:14:01+02;1449
2015-04-08 12:18:01+02;1429
2015-04-08 15:50:01+02;1409
2015-04-08 16:10:01+02;1409
2015-04-08 20:58:01+02;1539
2015-04-08 21:10:01+02;1539
2015-04-09 06:14:01+02;1449
2015-04-09 12:30:01+02;1429
2015-04-09 15:54:01+02;1399
2015-04-09 20:58:01+02;1529
2015-04-10 06:14:01+02;1449
2015-04-10 12:14:01+02;1429
2015-04-10 14:58:01+02;1409
2015-04-10 17:54:01+02;1379
2015-04-10 20:58:01+02;1529
2015-04-11 07:22:01+02;1449
2015-04-11 11:30:01+02;1429
2015-04-11 13:34:01+02;1429
2015-04-11 15:26:01+02;1409
2015-04-11 17:54:01+02;1399
2015-04-11 20:58:01+02;1529
2015-04-12 07:38:01+02;1489
2015-04-12 08:18:01+02;1449
2015-04-12 11:50:01+02;1429
2015-04-12 14:10:01+02;1409
2015-04-12 20:58:01+02;1529
2015-04-12 21:02:01+02;1529
2015-04-13 06:10:01+02;1449
2015-04-13 15:26:01+02;1389
2015-04-13 21:10:01+02;1539
2015-04-14 06:10:01+02;1449
2015-04-14 15:42:01+02;1429
2015-04-14 18:54:01+02;1409
2015-04-14 21:10:01+02;1549
2015-04-15 06:10:01+02;1449
2015-04-15 16:26:02+02;1399
2015-04-15 16:34:01+02;1399
2015-04-15 21:06:01+02;1559
2015-04-16 06:06:01+02;1469
2015-04-16 15:38:01+02;1409
2015-04-16 20:58:01+02;1569
2015-04-17 06:10:01+02;1469
2015-04-17 10:18:01+02;1429
2015-04-17 14:30:01+02;1399
2015-04-17 20:58:01+02;1579
2015-04-18 06:38:01+02;1529
2015-04-18 07:42:01+02;1469
2015-04-18 10:42:01+02;1449
2015-04-18 11:46:01+02;1449
2015-04-18 13:58:01+02;1409
2015-04-18 16:02:01+02;1399
2015-04-18 20:58:01+02;1579
2015-04-19 07:46:01+02;1489
2015-04-19 08:14:01+02;1469
2015-04-19 11:18:01+02;1449
2015-04-19 14:58:01+02;1429
2015-04-19 19:34:01+02;1409
2015-04-19 21:14:01+02;1579
2015-04-20 06:10:01+02;1469
2015-04-20 09:46:01+02;1439
2015-04-20 15:58:01+02;1429
2015-04-20 21:10:01+02;1569
2015-04-21 06:10:01+02;1469
2015-04-21 10:22:01+02;1469
2015-04-21 12:26:01+02;1459
2015-04-21 17:10:01+02;1449
2015-04-21 18:58:01+02;1439
2015-04-21 20:58:01+02;1569
2015-04-22 06:10:01+02;1489
2015-04-22 12:22:01+02;1469
2015-04-22 17:02:01+02;1429
2015-04-22 21:02:01+02;1569
2015-04-23 06:10:01+02;1469
2015-04-23 09:50:01+02;1449
2015-04-23 12:18:01+02;1439
2015-04-23 15:34:01+02;1429
2015-04-23 17:38:01+02;1419
2015-04-23 21:14:01+02;1569
2015-04-24 06:10:01+02;1469
2015-04-24 08:34:01+02;1449
2015-04-24 10:14:01+02;1429
2015-04-24 11:42:01+02;1429
2015-04-24 11:58:01+02;1409
2015-04-24 20:58:01+02;1579
2015-04-25 06:38:01+02;1539
2015-04-25 07:14:01+02;1489
2015-04-25 14:54:01+02;1439
2015-04-25 17:34:01+02;1429
2015-04-25 19:38:01+02;1419
2015-04-25 20:58:01+02;1579
2015-04-26 08:22:01+02;1489
2015-04-26 13:22:01+02;1459
2015-04-26 20:58:01+02;1579
2015-04-27 06:14:01+02;1489
2015-04-27 08:22:01+02;1479
2015-04-27 09:10:01+02;1469
2015-04-27 10:14:01+02;1469
2015-04-27 11:30:01+02;1459
2015-04-27 12:38:01+02;1449
2015-04-27 16:14:01+02;1429
2015-04-27 18:50:01+02;1419
2015-04-27 20:58:01+02;1579
2015-04-28 06:10:01+02;1489
2015-04-28 09:02:01+02;1459
2015-04-28 09:22:01+02;1449
2015-04-28 14:30:01+02;1429
2015-04-28 20:58:01+02;1589
2015-04-29 06:14:01+02;1489
2015-04-29 09:50:02+02;1469
2015-04-29 10:38:01+02;1459
2015-04-29 10:54:01+02;1459
2015-04-29 15:38:01+02;1439
2015-04-29 17:26:01+02;1429
2015-04-29 20:58:01+02;1589
2015-04-30 06:10:01+02;1489
2015-04-30 09:10:01+02;1469
2015-04-30 11:18:01+02;1449
2015-04-30 14:38:01+02;1429
2015-04-30 21:14:01+02;1599
2015-05-01 08:14:01+02;1469
2015-05-01 09:42:01+02;1469
2015-05-01 12:34:01+02;1449
2015-05-01 12:38:01+02;1449
2015-05-01 15:02:01+02;1429
2015-05-01 17:42:01+02;1409
2015-05-01 21:14:01+02;1599
2015-05-02 06:50:01+02;1499
2015-05-02 07:14:01+02;1469
2015-05-02 11:10:01+02;1459
2015-05-02 12:38:01+02;1459
2015-05-02 15:18:01+02;1449
2015-05-02 16:14:01+02;1439
2015-05-02 18:14:01+02;1429
2015-05-02 21:14:01+02;1599
2015-05-03 08:10:01+02;1469
2015-05-03 10:46:01+02;1459
2015-05-03 12:42:01+02;1449
2015-05-03 13:50:01+02;1449
2015-05-03 14:26:01+02;1439
2015-05-03 16:46:01+02;1439
2015-05-03 21:14:01+02;1599
2015-05-04 05:38:01+02;1549
2015-05-04 06:10:01+02;1469
2015-05-04 12:06:01+02;1469
2015-05-04 14:58:01+02;1439
2015-05-04 15:50:01+02;1429
2015-05-04 21:10:01+02;1599
2015-05-05 05:42:01+02;1579
2015-05-05 06:14:01+02;1489
2015-05-05 07:26:01+02;1459
2015-05-05 12:18:01+02;1459
2015-05-05 15:02:01+02;1449
2015-05-05 15:46:01+02;1429
2015-05-05 17:26:01+02;1419
2015-05-05 21:10:01+02;1599
2015-05-06 05:46:01+02;1569
2015-05-06 06:18:01+02;1489
2015-05-06 07:30:01+02;1479
2015-05-06 09:42:01+02;1449
2015-05-06 10:26:01+02;1449
2015-05-06 12:46:01+02;1439
2015-05-06 14:50:01+02;1429
2015-05-06 21:14:01+02;1599
2015-05-07 05:38:01+02;1569
2015-05-07 06:14:01+02;1489
2015-05-07 09:30:01+02;1489
2015-05-07 12:06:01+02;1469
2015-05-07 12:26:01+02;1429
2015-05-07 15:38:01+02;1429
2015-05-07 15:42:01+02;1409
2015-05-07 21:14:01+02;1599
2015-05-08 05:38:01+02;1549
2015-05-08 06:14:01+02;1489
2015-05-08 09:46:01+02;1469
2015-05-08 11:54:01+02;1439
2015-05-08 13:50:01+02;1429
2015-05-08 15:42:01+02;1409
2015-05-08 19:06:01+02;1389
2015-05-08 21:14:01+02;1589
2015-05-09 06:38:01+02;1539
2015-05-09 07:18:01+02;1469
2015-05-09 09:50:01+02;1449
2015-05-09 15:26:01+02;1409
2015-05-09 21:14:01+02;1589
2015-05-10 07:58:01+02;1499
2015-05-10 08:50:01+02;1469
2015-05-10 09:22:01+02;1429
2015-05-10 14:38:01+02;1409
2015-05-10 18:22:01+02;1409
2015-05-10 21:14:01+02;1589
2015-05-11 05:34:01+02;1519
2015-05-11 06:10:01+02;1469
2015-05-11 09:58:01+02;1449
2015-05-11 11:46:01+02;1449
2015-05-11 12:26:01+02;1429
2015-05-11 16:50:01+02;1409
2015-05-11 20:02:01+02;1409
2015-05-12 21:10:01+02;1589
2015-05-13 05:38:01+02;1549
2015-05-13 06:14:02+02;1469
2015-05-13 09:50:01+02;1449
2015-05-13 10:42:01+02;1429
2015-05-13 21:14:01+02;1599
2015-05-14 08:02:01+02;1579
2015-05-14 08:18:01+02;1489
2015-05-14 12:10:01+02;1469
2015-05-14 13:42:01+02;1439
2015-05-14 14:14:01+02;1419
2015-05-14 20:02:01+02;1419
2015-05-14 20:58:02+02;1599
2015-05-15 05:38:01+02;1529
2015-05-15 06:14:01+02;1489
2015-05-15 09:46:01+02;1469
2015-05-15 12:10:01+02;1449
2015-05-15 14:50:01+02;1429
2015-05-15 21:14:01+02;1599
2015-05-16 07:42:01+02;1489
2015-05-16 09:54:01+02;1469
2015-05-16 10:58:01+02;1449
2015-05-16 11:58:01+02;1439
2015-05-16 16:18:01+02;1429
2015-05-16 21:14:01+02;1599
2015-05-17 08:06:01+02;1519
2015-05-17 08:38:01+02;1489
2015-05-17 10:14:01+02;1469
2015-05-17 13:50:01+02;1449
2015-05-17 15:06:01+02;1429
2015-05-17 21:10:01+02;1599
2015-05-18 05:38:01+02;1539
2015-05-18 06:14:01+02;1489
2015-05-18 15:58:01+02;1449
2015-05-18 16:50:01+02;1429
2015-05-18 20:58:01+02;1599
2015-05-19 05:38:01+02;1569
2015-05-19 06:14:01+02;1489
2015-05-19 10:26:01+02;1469
2015-05-19 11:10:01+02;1449
2015-05-19 12:46:01+02;1449
2015-05-19 14:58:01+02;1429
2015-05-19 15:58:01+02;1419
2015-05-19 21:02:01+02;1599
2015-05-20 05:38:01+02;1569
2015-05-20 06:14:01+02;1489
2015-05-20 10:02:01+02;1449
2015-05-20 12:30:01+02;1429
2015-05-20 17:34:01+02;1409
2015-05-21 16:18:01+02;1409
2015-05-21 21:02:01+02;1599
2015-05-22 05:34:01+02;1599
2015-05-22 05:38:01+02;1559
2015-05-22 06:18:01+02;1489
2015-05-22 09:58:01+02;1469
2015-05-22 12:18:01+02;1449
2015-05-22 14:46:01+02;1419
2015-05-22 20:58:01+02;1599
2015-05-23 06:38:01+02;1569
2015-05-23 07:10:01+02;1489
2015-05-23 09:34:01+02;1479
2015-05-23 13:18:01+02;1469
2015-05-23 15:42:01+02;1449
2015-05-23 20:58:01+02;1599
2015-05-24 07:46:01+02;1559
2015-05-24 08:22:01+02;1489
2015-05-24 10:34:01+02;1469
2015-05-24 13:22:01+02;1449
2015-05-24 15:38:01+02;1439
2015-05-24 17:06:01+02;1439
2015-05-24 20:58:01+02;1599
2015-05-25 07:42:01+02;1529
2015-05-25 08:18:01+02;1489
2015-05-25 13:06:01+02;1449
2015-05-25 20:58:01+02;1599
2015-05-26 06:14:01+02;1489
2015-05-26 10:42:01+02;1459
2015-05-26 12:30:01+02;1449
2015-05-26 16:50:01+02;1429
2015-05-26 20:58:01+02;1619
2015-05-27 06:14:01+02;1509
2015-05-27 07:26:01+02;1479
2015-05-27 09:26:01+02;1469
2015-05-27 12:34:01+02;1449
2015-05-27 15:26:01+02;1419
2015-05-27 20:58:01+02;1619
2015-05-28 06:18:01+02;1489
2015-05-28 07:34:01+02;1469
2015-05-28 11:34:01+02;1449
2015-05-28 12:42:01+02;1439
2015-05-28 15:46:01+02;1429
2015-05-28 16:38:01+02;1409
2015-05-28 21:10:01+02;1609
2015-05-29 06:14:01+02;1469
2015-05-29 09:42:02+02;1469
2015-05-29 11:22:01+02;1449
2015-05-29 16:54:02+02;1429
2015-05-29 20:58:01+02;1609
2015-05-30 07:18:01+02;1469
2015-05-30 12:30:01+02;1449
2015-05-30 15:42:01+02;1429
2015-05-30 15:46:01+02;1429
2015-05-30 19:58:01+02;1419
2015-05-30 20:58:01+02;1609
2015-05-31 08:22:01+02;1469
2015-05-31 12:54:01+02;1449
2015-05-31 14:42:01+02;1439
2015-05-31 15:10:01+02;1429
2015-05-31 20:58:01+02;1609
2015-06-01 06:42:01+02;1469
2015-06-01 11:58:01+02;1459
2015-06-01 14:58:01+02;1429
2015-06-01 17:38:01+02;1429
2015-06-01 21:14:01+02;1619
2015-06-02 06:10:01+02;1479
2015-06-02 11:22:01+02;1459
2015-06-02 13:46:01+02;1449
2015-06-02 20:58:01+02;1629
2015-06-03 06:10:01+02;1499
2015-06-03 09:50:01+02;1489
2015-06-03 11:46:01+02;1449
2015-06-03 16:14:01+02;1439
2015-06-03 16:18:01+02;1439
2015-06-03 21:14:01+02;1629
2015-06-04 08:06:01+02;1489
2015-06-04 10:22:01+02;1469
2015-06-04 11:30:01+02;1449
2015-06-04 13:50:01+02;1449
2015-06-04 21:10:01+02;1619
2015-06-05 06:14:01+02;1489
2015-06-05 09:58:01+02;1439
2015-06-05 13:22:01+02;1429
2015-06-05 20:58:01+02;1609
2015-06-06 07:18:01+02;1479
2015-06-06 12:26:01+02;1459
2015-06-06 13:18:01+02;1439
2015-06-06 20:58:01+02;1609
2015-06-07 07:46:01+02;1529
2015-06-07 08:22:01+02;1479
2015-06-07 11:58:01+02;1459
2015-06-07 13:26:01+02;1439
2015-06-07 20:58:01+02;1609
2015-06-08 05:38:01+02;1549
2015-06-08 06:10:01+02;1479
2015-06-08 09:38:01+02;1469
2015-06-08 10:14:01+02;1469
2015-06-08 12:14:01+02;1449
2015-06-08 15:50:01+02;1429
2015-06-08 20:54:01+02;1609
2015-06-09 05:38:01+02;1579
2015-06-09 06:10:01+02;1489
2015-06-09 07:34:01+02;1479
2015-06-09 11:42:01+02;1469
2015-06-09 13:02:01+02;1459
2015-06-09 14:50:01+02;1449
2015-06-09 16:14:01+02;1429
2015-06-09 18:02:01+02;1429
2015-06-10 07:46:01+02;1449
2015-06-10 08:18:01+02;1429
2015-06-10 21:14:01+02;1639
2015-06-11 05:38:01+02;1569
2015-06-11 06:14:01+02;1489
2015-06-11 07:54:01+02;1479
2015-06-11 08:26:01+02;1469
2015-06-11 12:10:01+02;1469
2015-06-11 15:34:01+02;1459
2015-06-11 16:50:01+02;1429
2015-06-11 18:18:01+02;1429
2015-06-11 20:58:01+02;1649
2015-06-12 05:38:01+02;1579
2015-06-12 06:10:01+02;1499
2015-06-12 08:34:01+02;1479
2015-06-12 12:02:01+02;1469
2015-06-12 12:06:01+02;1469
2015-06-12 16:02:01+02;1439
2015-06-12 21:14:01+02;1639
2015-06-13 07:10:01+02;1509
2015-06-13 09:02:01+02;1489
2015-06-13 12:06:01+02;1469
2015-06-13 21:10:01+02;1639
2015-06-14 07:58:01+02;1559
2015-06-14 08:10:01+02;1489
2015-06-14 12:02:01+02;1469
2015-06-14 21:10:01+02;1639
2015-06-15 05:34:01+02;1589
2015-06-15 06:10:01+02;1509
2015-06-15 09:34:01+02;1489
2015-06-15 12:22:01+02;1489
2015-06-15 16:14:01+02;1469
2015-06-15 21:10:01+02;1639
2015-06-16 05:38:01+02;1589
2015-06-16 06:10:01+02;1489
2015-06-16 09:14:01+02;1489
2015-06-16 12:18:01+02;1489
2015-06-16 16:14:01+02;1449
2015-06-16 18:42:01+02;1439
2015-06-16 20:58:01+02;1639
2015-06-17 05:38:01+02;1589
2015-06-17 06:14:01+02;1509
2015-06-17 09:54:01+02;1489
2015-06-17 15:50:01+02;1469
2015-06-17 18:10:01+02;1449
2015-06-17 20:58:01+02;1649
2015-06-18 05:38:01+02;1599
2015-06-18 06:14:01+02;1449
2015-06-18 21:02:01+02;1649
2015-06-19 05:42:01+02;1589
2015-06-19 06:10:01+02;1489
2015-06-19 10:30:01+02;1479
2015-06-19 14:22:01+02;1469
2015-06-19 18:26:01+02;1439
2015-06-19 20:58:01+02;1649
2015-06-20 07:10:02+02;1489
2015-06-20 10:34:01+02;1489
2015-06-20 12:58:01+02;1469
2015-06-20 14:26:01+02;1449
2015-06-20 15:38:01+02;1449
2015-06-20 21:02:01+02;1649
2015-06-21 07:42:01+02;1539
2015-06-21 08:10:01+02;1489
2015-06-21 12:46:01+02;1439
2015-06-21 20:58:01+02;1649
2015-06-22 05:34:01+02;1559
2015-06-22 06:10:01+02;1489
2015-06-22 12:18:01+02;1469
2015-06-22 15:54:01+02;1449
2015-06-22 16:02:01+02;1449
2015-06-22 19:14:01+02;1439
2015-06-22 21:02:01+02;1649
2015-06-23 05:38:01+02;1599
2015-06-23 06:10:01+02;1489
2015-06-23 09:46:01+02;1469
2015-06-23 15:42:01+02;1449
2015-06-23 17:06:01+02;1429
2015-06-23 20:58:01+02;1619
2015-06-24 05:34:01+02;1579
2015-06-24 06:10:01+02;1489
2015-06-24 09:46:01+02;1469
2015-06-24 11:22:01+02;1449
2015-06-24 20:58:01+02;1629
2015-06-25 05:38:01+02;1599
2015-06-25 06:10:02+02;1509
2015-06-25 12:10:01+02;1469
2015-06-25 15:46:01+02;1469
2015-06-25 15:50:01+02;1449
2015-06-25 18:10:01+02;1429
2015-06-25 20:58:01+02;1629
2015-06-26 05:54:01+02;1579
2015-06-26 06:10:01+02;1489
2015-06-26 09:22:01+02;1479
2015-06-26 12:30:01+02;1479
2015-06-26 12:42:01+02;1469
2015-06-26 12:46:01+02;1469
2015-06-26 15:06:01+02;1449
2015-06-26 17:22:01+02;1449
2015-06-26 20:58:01+02;1619
2015-06-27 06:54:01+02;1599
2015-06-27 07:06:01+02;1489
2015-06-27 11:58:01+02;1469
2015-06-27 12:34:01+02;1449
2015-06-27 15:06:01+02;1429
2015-06-27 20:58:01+02;1619
2015-06-28 08:10:01+02;1509
2015-06-28 08:14:01+02;1489
2015-06-28 11:02:01+02;1469
2015-06-28 12:30:01+02;1449
2015-06-28 18:06:01+02;1449
2015-06-28 20:58:01+02;1619
2015-06-29 05:34:01+02;1569
2015-06-29 06:10:01+02;1489
2015-06-29 10:26:01+02;1469
2015-06-29 16:54:01+02;1449
2015-06-29 18:14:01+02;1429
2015-06-29 21:06:01+02;1619
2015-06-30 06:14:01+02;1489
2015-06-30 11:22:01+02;1469
2015-06-30 17:06:01+02;1449
2015-06-30 17:10:01+02;1449
2015-06-30 18:58:01+02;1429
2015-06-30 21:06:01+02;1619
2015-07-01 05:34:01+02;1579
2015-07-01 06:14:01+02;1489
2015-07-01 12:06:01+02;1519
2015-07-01 13:06:01+02;1499
2015-07-01 13:14:01+02;1469
2015-07-01 16:06:01+02;1449
2015-07-01 19:14:01+02;1439
2015-07-01 21:10:01+02;1629
2015-07-02 05:34:01+02;1589
2015-07-02 06:10:01+02;1509
2015-07-02 10:42:01+02;1489
2015-07-02 12:06:01+02;1519
2015-07-02 13:58:01+02;1489
2015-07-02 16:30:01+02;1469
2015-07-02 17:42:01+02;1449
2015-07-02 20:58:01+02;1629
2015-07-03 05:38:01+02;1599
2015-07-03 06:10:01+02;1509
2015-07-03 11:14:01+02;1489
2015-07-03 12:10:01+02;1519
2015-07-03 14:18:01+02;1489
2015-07-03 16:54:01+02;1469
2015-07-03 20:58:01+02;1629
2015-07-04 06:38:01+02;1629
2015-07-04 06:42:01+02;1599
2015-07-04 07:18:01+02;1509
2015-07-04 10:26:01+02;1489
2015-07-04 11:22:01+02;1469
2015-07-04 20:58:01+02;1629
2015-07-05 07:58:01+02;1559
2015-07-05 08:34:01+02;1499
2015-07-05 12:46:01+02;1469
2015-07-05 19:14:01+02;1449
2015-07-05 20:58:01+02;1629
2015-07-06 05:38:01+02;1569
2015-07-06 06:14:01+02;1509
2015-07-06 11:54:01+02;1489
2015-07-06 12:10:01+02;1539
2015-07-06 12:50:01+02;1519
2015-07-06 14:10:01+02;1489
2015-07-06 16:50:01+02;1469
2015-07-06 17:22:01+02;1449
2015-07-06 20:58:01+02;1629
2015-07-07 05:42:01+02;1599
2015-07-07 06:14:01+02;1509
2015-07-07 11:06:01+02;1489
2015-07-07 12:06:01+02;1519
2015-07-07 13:58:02+02;1489
2015-07-07 15:38:01+02;1469
2015-07-07 20:58:01+02;1639
2015-07-08 05:34:01+02;1599
2015-07-08 06:18:01+02;1509
2015-07-08 12:06:01+02;1539
2015-07-08 14:02:01+02;1509
2015-07-08 14:06:01+02;1509
2015-07-08 15:10:01+02;1489
2015-07-08 17:30:01+02;1469
2015-07-08 20:58:01+02;1639
2015-07-09 05:38:01+02;1599
2015-07-09 06:14:02+02;1509
2015-07-09 12:06:01+02;1539
2015-07-09 14:10:01+02;1509
2015-07-09 16:06:01+02;1489
2015-07-09 20:54:01+02;1639
2015-07-10 05:38:01+02;1599
2015-07-10 06:10:01+02;1529
2015-07-10 07:58:01+02;1519
2015-07-10 11:14:01+02;1509
2015-07-10 14:42:01+02;1489
2015-07-10 16:02:01+02;1489
2015-07-10 17:34:01+02;1489
2015-07-10 21:02:01+02;1639
2015-07-11 07:18:01+02;1529
2015-07-11 10:10:01+02;1529
2015-07-11 10:14:01+02;1509
2015-07-11 13:46:01+02;1489
2015-07-11 15:46:01+02;1479
2015-07-11 20:58:01+02;1639
2015-07-12 07:54:01+02;1569
2015-07-12 08:38:01+02;1529
2015-07-12 10:10:01+02;1509
2015-07-12 15:46:02+02;1489
2015-07-12 17:06:01+02;1469
2015-07-12 20:58:01+02;1639
2015-07-13 05:38:01+02;1589
2015-07-13 06:10:01+02;1529
2015-07-13 09:18:01+02;1509
2015-07-13 09:54:01+02;1509
2015-07-13 11:42:01+02;1479
2015-07-13 12:06:01+02;1509
2015-07-13 15:38:01+02;1509
2015-07-13 16:38:01+02;1489
2015-07-13 20:58:01+02;1619
2015-07-14 05:34:01+02;1599
2015-07-14 06:10:01+02;1529
2015-07-14 09:30:01+02;1509
2015-07-14 10:02:01+02;1489
2015-07-14 11:30:01+02;1469
2015-07-14 11:58:01+02;1469
2015-07-14 12:06:01+02;1499
2015-07-14 17:02:01+02;1459
2015-07-14 18:14:01+02;1459
2015-07-14 20:58:01+02;1599
2015-07-15 05:38:01+02;1589
2015-07-15 06:18:01+02;1509
2015-07-15 08:30:02+02;1509
2015-07-15 12:14:01+02;1539
2015-07-15 13:50:01+02;1489
2015-07-15 16:02:01+02;1469
2015-07-15 17:10:01+02;1469
2015-07-15 19:58:01+02;1499
2015-07-15 21:58:01+02;1589
2015-07-16 05:34:01+02;1579
2015-07-16 06:10:01+02;1509
2015-07-16 08:42:01+02;1509
2015-07-16 09:10:01+02;1539
2015-07-16 10:30:01+02;1499
2015-07-16 11:10:02+02;1489
2015-07-16 12:18:01+02;1519
2015-07-16 14:18:01+02;1489
2015-07-16 14:54:01+02;1489
2015-07-16 16:38:01+02;1469
2015-07-16 19:58:01+02;1519
2015-07-16 20:22:01+02;1499
2015-07-16 21:58:01+02;1579
2015-07-17 05:38:01+02;1579
2015-07-17 06:10:01+02;1489
2015-07-17 09:14:01+02;1489
2015-07-17 09:18:01+02;1519
2015-07-17 11:18:01+02;1489
2015-07-17 12:26:01+02;1519
2015-07-17 14:02:01+02;1469
2015-07-17 14:50:01+02;1459
2015-07-17 17:10:01+02;1449
2015-07-17 19:58:01+02;1489
2015-07-17 22:02:01+02;1579
2015-07-18 06:38:01+02;1589
2015-07-18 06:42:01+02;1569
2015-07-18 07:10:01+02;1489
2015-07-18 09:58:01+02;1469
2015-07-18 15:34:01+02;1449
2015-07-18 21:58:01+02;1579
2015-07-19 08:14:01+02;1489
2015-07-19 12:50:01+02;1469
2015-07-19 14:50:01+02;1449
2015-07-19 21:58:01+02;1579
2015-07-20 05:38:01+02;1539
2015-07-20 06:10:02+02;1489
2015-07-20 09:26:01+02;1519
2015-07-20 10:10:01+02;1489
2015-07-20 10:38:01+02;1469
2015-07-20 11:58:01+02;1499
2015-07-20 13:58:01+02;1469
2015-07-20 17:42:01+02;1449
2015-07-20 19:58:01+02;1499
2015-07-20 21:54:01+02;1589
2015-07-21 05:38:01+02;1579
2015-07-21 06:30:01+02;1489
2015-07-21 09:02:01+02;1519
2015-07-21 10:46:01+02;1469
2015-07-21 12:02:01+02;1499
2015-07-21 14:06:01+02;1469
2015-07-21 16:22:01+02;1449
2015-07-21 19:18:01+02;1429
2015-07-21 19:58:01+02;1499
2015-07-21 21:58:01+02;1599
2015-07-22 05:34:01+02;1559
2015-07-22 06:10:01+02;1499
2015-07-22 09:02:01+02;1489
2015-07-22 09:14:01+02;1519
2015-07-22 10:42:01+02;1479
2015-07-22 11:42:01+02;1479
2015-07-22 12:38:01+02;1509
2015-07-22 13:14:01+02;1479
2015-07-22 15:34:01+02;1459
2015-07-22 19:58:01+02;1489
2015-07-22 21:58:01+02;1589
2015-07-23 05:34:01+02;1579
2015-07-23 06:10:01+02;1499
2015-07-23 08:34:01+02;1479
2015-07-23 12:14:01+02;1469
2015-07-23 12:26:01+02;1499
2015-07-23 14:10:01+02;1469
2015-07-23 16:26:01+02;1449
2015-07-23 19:58:01+02;1499
2015-07-23 21:58:01+02;1609
2015-07-24 05:38:01+02;1569
2015-07-24 06:10:01+02;1489
2015-07-24 08:58:01+02;1469
2015-07-24 09:10:01+02;1499
2015-07-24 10:14:01+02;1469
2015-07-24 11:14:01+02;1449
2015-07-24 12:02:01+02;1479
2015-07-24 15:30:02+02;1449
2015-07-24 16:58:01+02;1439
2015-07-24 19:58:01+02;1509
2015-07-24 21:58:01+02;1579
2015-07-25 06:34:01+02;1559
2015-07-25 07:10:01+02;1479
2015-07-25 10:46:01+02;1469
2015-07-25 11:58:01+02;1449
2015-07-25 21:58:01+02;1579
2015-07-26 07:42:01+02;1539
2015-07-26 08:30:01+02;1479
2015-07-26 11:18:01+02;1469
2015-07-26 12:26:01+02;1449
2015-07-26 21:58:01+02;1579
2015-07-27 05:42:01+02;1539
2015-07-27 06:14:01+02;1479
2015-07-27 09:30:01+02;1509
2015-07-27 10:50:01+02;1479
2015-07-27 11:26:01+02;1469
2015-07-27 12:02:01+02;1459
2015-07-27 12:22:01+02;1489
2015-07-27 13:50:01+02;1469
2015-07-27 16:18:01+02;1449
2015-07-27 19:58:01+02;1469
2015-07-27 21:58:01+02;1579
2015-07-28 05:38:01+02;1569
2015-07-28 06:10:01+02;1479
2015-07-28 08:18:01+02;1469
2015-07-28 09:02:01+02;1499
2015-07-28 10:50:01+02;1469
2015-07-28 11:42:01+02;1469
2015-07-28 12:18:01+02;1499
2015-07-28 14:06:01+02;1469
2015-07-28 14:50:01+02;1449
2015-07-28 19:58:01+02;1479
2015-07-28 22:02:01+02;1569
2015-07-29 05:38:01+02;1539
2015-07-29 06:14:01+02;1469
2015-07-29 08:18:01+02;1459
2015-07-29 09:14:01+02;1489
2015-07-29 10:38:01+02;1459
2015-07-29 11:26:01+02;1449
2015-07-29 12:06:01+02;1479
2015-07-29 13:58:01+02;1469
2015-07-29 15:02:01+02;1459
2015-07-29 16:06:01+02;1449
2015-07-29 19:58:01+02;1489
2015-07-29 21:58:01+02;1559
2015-07-30 05:38:01+02;1549
2015-07-30 06:10:01+02;1469
2015-07-30 08:18:01+02;1459
2015-07-30 09:10:01+02;1489
2015-07-30 11:06:01+02;1459
2015-07-30 12:22:01+02;1489
2015-07-30 14:50:01+02;1459
2015-07-30 16:26:01+02;1439
2015-07-30 19:58:01+02;1469
2015-07-30 21:58:01+02;1579
2015-07-31 05:42:01+02;1559
2015-07-31 06:10:02+02;1479
2015-07-31 06:14:01+02;1479
2015-07-31 09:26:01+02;1469
2015-07-31 11:42:01+02;1449
2015-07-31 12:18:01+02;1479
2015-07-31 14:50:01+02;1449
2015-07-31 19:58:01+02;1509
2015-07-31 20:22:01+02;1479
2015-07-31 22:02:01+02;1589
2015-08-01 06:38:01+02;1569
2015-08-01 07:14:01+02;1479
2015-08-01 08:58:01+02;1459
2015-08-01 12:34:01+02;1439
2015-08-01 15:50:01+02;1419
2015-08-01 16:46:01+02;1409
2015-08-01 21:58:01+02;1589
2015-08-02 07:42:01+02;1499
2015-08-02 08:58:01+02;1469
2015-08-02 10:38:01+02;1449
2015-08-02 12:10:01+02;1419
2015-08-02 21:58:01+02;1589
2015-08-03 05:42:01+02;1509
2015-08-03 06:10:01+02;1479
2015-08-03 09:10:01+02;1509
2015-08-03 09:14:01+02;1509
2015-08-03 10:30:01+02;1479
2015-08-03 12:14:01+02;1509
2015-08-03 14:14:01+02;1469
2015-08-03 15:30:01+02;1449
2015-08-03 21:58:01+02;1589
2015-08-04 05:38:01+02;1569
2015-08-04 06:10:01+02;1479
2015-08-04 09:22:01+02;1469
2015-08-04 11:26:01+02;1459
2015-08-04 12:42:01+02;1489
2015-08-04 13:42:01+02;1459
2015-08-04 16:18:01+02;1439
2015-08-04 22:14:01+02;1569
2015-08-05 06:02:01+02;1559
2015-08-05 06:10:01+02;1469
2015-08-05 11:34:01+02;1469
2015-08-05 11:38:01+02;1449
2015-08-05 12:10:01+02;1479
2015-08-05 13:42:01+02;1469
2015-08-05 13:46:01+02;1469
2015-08-05 14:10:01+02;1459
2015-08-05 18:10:01+02;1449
2015-08-05 21:58:01+02;1569
2015-08-06 05:38:01+02;1559
2015-08-06 06:10:01+02;1479
2015-08-06 09:50:01+02;1459
2015-08-06 11:46:01+02;1449
2015-08-06 12:10:01+02;1479
2015-08-06 13:50:01+02;1459
2015-08-06 14:26:01+02;1449
2015-08-06 16:46:01+02;1429
2015-08-07 08:58:01+02;1469
2015-08-07 09:50:01+02;1449
2015-08-07 12:06:01+02;1479
2015-08-07 12:10:01+02;1479
2015-08-07 13:46:01+02;1449
2015-08-07 15:50:01+02;1429
2015-08-07 20:06:01+02;1459
2015-08-07 21:58:01+02;1549
2015-08-08 06:38:01+02;1549
2015-08-08 07:42:01+02;1459
2015-08-08 13:30:02+02;1429
2015-08-08 16:50:01+02;1409
2015-08-08 21:58:01+02;1549
2015-08-09 08:14:01+02;1459
2015-08-09 15:46:01+02;1429
2015-08-09 21:54:01+02;1549
2015-08-10 05:42:01+02;1529
2015-08-10 06:14:01+02;1459
2015-08-10 12:10:01+02;1489
2015-08-10 12:18:01+02;1479
2015-08-10 13:34:01+02;1449
2015-08-10 13:38:01+02;1449
2015-08-10 16:30:01+02;1429
2015-08-10 21:58:01+02;1549
2015-08-11 05:38:01+02;1549
2015-08-11 06:18:01+02;1459
2015-08-11 10:26:01+02;1449
2015-08-11 12:14:01+02;1479
2015-08-11 13:22:01+02;1469
2015-08-11 13:38:01+02;1439
2015-08-11 17:54:01+02;1429
2015-08-11 21:58:01+02;1549
2015-08-12 05:38:01+02;1539
2015-08-12 06:10:01+02;1449
2015-08-12 09:42:01+02;1429
2015-08-12 11:38:01+02;1429
2015-08-12 12:06:01+02;1459
2015-08-12 13:42:01+02;1429
2015-08-12 16:06:01+02;1409
2015-08-12 21:58:01+02;1549
2015-08-13 05:38:01+02;1539
2015-08-13 06:10:01+02;1449
2015-08-13 11:10:01+02;1429
2015-08-13 12:10:01+02;1459
2015-08-13 12:14:01+02;1439
2015-08-13 13:14:01+02;1429
2015-08-13 16:06:01+02;1409
2015-08-13 21:58:01+02;1549
2015-08-14 05:38:01+02;1539
2015-08-14 06:10:02+02;1439
2015-08-14 11:42:01+02;1429
2015-08-14 12:06:01+02;1459
2015-08-14 13:38:01+02;1429
2015-08-14 17:34:01+02;1409
2015-08-14 19:58:01+02;1459
2015-08-14 20:50:01+02;1439
2015-08-14 21:58:01+02;1539
2015-08-15 06:38:01+02;1539
2015-08-15 07:14:01+02;1429
2015-08-15 15:10:01+02;1389
2015-08-15 22:02:01+02;1539
2015-08-16 08:14:01+02;1429
2015-08-16 11:10:01+02;1409
2015-08-16 21:58:01+02;1539
2015-08-17 05:38:01+02;1519
2015-08-17 06:14:01+02;1429
2015-08-17 11:30:01+02;1409
2015-08-17 12:06:01+02;1439
2015-08-17 12:34:01+02;1439
2015-08-17 13:42:01+02;1409
2015-08-17 15:50:01+02;1389
2015-08-17 19:58:01+02;1419
2015-08-18 08:26:01+02;1429
2015-08-18 08:30:01+02;1429
2015-08-18 08:42:01+02;1419
2015-08-18 11:42:01+02;1409
2015-08-18 12:06:01+02;1439
2015-08-18 13:38:01+02;1409
2015-08-18 21:58:02+02;1539
2015-08-19 05:38:01+02;1529
2015-08-19 06:10:01+02;1429
2015-08-19 08:30:01+02;1429
2015-08-19 11:38:01+02;1459
2015-08-19 11:50:01+02;1439
2015-08-19 13:18:01+02;1409
2015-08-19 16:30:01+02;1389
2015-08-19 19:58:01+02;1439
2015-08-19 21:58:01+02;1539
2015-08-20 05:38:01+02;1519
2015-08-20 06:14:01+02;1429
2015-08-20 09:38:01+02;1409
2015-08-20 10:46:01+02;1409
2015-08-20 11:38:01+02;1439
2015-08-20 13:06:01+02;1389
2015-08-20 13:50:01+02;1389
2015-08-20 16:06:01+02;1369
2015-08-20 21:58:01+02;1529
2015-08-21 05:38:01+02;1509
2015-08-21 06:14:01+02;1409
2015-08-21 09:42:01+02;1409
2015-08-21 11:34:01+02;1419
2015-08-21 13:18:01+02;1389
2015-08-21 16:26:01+02;1359
2015-08-21 19:58:01+02;1419
2015-08-21 21:58:01+02;1519
2015-08-22 06:42:01+02;1489
2015-08-22 07:06:01+02;1389
2015-08-22 12:30:01+02;1349
2015-08-22 16:50:01+02;1329
2015-08-22 21:58:01+02;1519
2015-08-23 08:06:01+02;1379
2015-08-23 08:10:01+02;1379
2015-08-23 08:38:01+02;1389
2015-08-23 09:38:01+02;1379
2015-08-23 15:38:01+02;1349
2015-08-23 21:58:01+02;1519
2015-08-24 05:42:01+02;1439
2015-08-24 06:14:01+02;1389
2015-08-24 11:34:01+02;1419
2015-08-24 12:14:01+02;1399
2015-08-24 13:14:01+02;1369
2015-08-24 15:54:01+02;1349
2015-08-24 19:58:01+02;1379
2015-08-24 22:02:01+02;1499
2015-08-25 05:38:01+02;1469
2015-08-25 06:14:01+02;1379
2015-08-25 11:34:01+02;1349
2015-08-25 11:42:01+02;1404
2015-08-25 12:22:01+02;1379
2015-08-25 13:14:01+02;1379
2015-08-25 14:18:01+02;1349
2015-08-25 19:58:01+02;1379
2015-08-26 00:26:01+02;1379
2015-08-26 00:42:01+02;1379
2015-08-26 06:10:01+02;1379
2015-08-26 09:06:01+02;1369
2015-08-26 11:34:01+02;1399
2015-08-26 12:02:01+02;1379
2015-08-26 13:06:01+02;1369
2015-08-26 15:26:01+02;1359
2015-08-26 16:38:01+02;1329
2015-08-26 20:06:01+02;1389
2015-08-26 20:54:01+02;1359
2015-08-26 21:58:01+02;1479
2015-08-27 05:34:01+02;1459
2015-08-27 06:10:01+02;1369
2015-08-27 10:22:01+02;1359
2015-08-27 11:38:01+02;1389
2015-08-27 13:10:01+02;1359
2015-08-27 15:14:01+02;1359
2015-08-27 17:54:01+02;1329
2015-08-27 19:58:01+02;1389
2015-08-27 20:18:01+02;1359
2015-08-27 22:02:01+02;1479
2015-08-28 05:42:01+02;1459
2015-08-28 06:18:01+02;1369
2015-08-28 09:26:01+02;1359
2015-08-28 10:50:01+02;1349
2015-08-28 11:34:01+02;1379
2015-08-28 13:10:01+02;1369
2015-08-28 16:42:01+02;1339
2015-08-28 19:34:01+02;1339
2015-08-28 21:58:01+02;1479
2015-08-29 06:42:01+02;1469
2015-08-29 07:10:01+02;1369
2015-08-29 08:26:01+02;1369
2015-08-29 10:18:01+02;1359
2015-08-29 11:42:01+02;1359
2015-08-29 15:22:01+02;1329
2015-08-29 17:22:01+02;1309
2015-08-29 21:58:01+02;1479
2015-08-30 07:50:01+02;1399
2015-08-30 09:22:01+02;1359
2015-08-30 11:06:01+02;1349
2015-08-30 16:18:01+02;1329
2015-08-30 19:18:01+02;1309
2015-08-30 21:58:01+02;1479
2015-08-31 05:38:01+02;1449
2015-08-31 06:10:01+02;1369
2015-08-31 06:14:01+02;1369
2015-08-31 08:14:01+02;1359
2015-08-31 08:58:01+02;1359
2015-08-31 10:46:01+02;1349
2015-08-31 12:10:01+02;1349
2015-08-31 14:46:01+02;1349
2015-08-31 19:58:01+02;1379
2015-08-31 21:58:01+02;1479
2015-09-01 05:34:01+02;1479
2015-09-01 06:06:01+02;1389
2015-09-01 06:14:01+02;1389
2015-09-01 19:58:01+02;1419
2015-09-01 21:58:01+02;1499
2015-09-02 05:42:01+02;1479
2015-09-02 06:50:01+02;1399
2015-09-02 10:38:01+02;1399
2015-09-02 10:42:01+02;1379
2015-09-02 11:50:01+02;1359
2015-09-02 17:26:01+02;1349
2015-09-02 19:58:01+02;1389
2015-09-02 21:58:01+02;1509
2015-09-03 05:42:01+02;1479
2015-09-03 06:18:01+02;1389
2015-09-03 09:50:01+02;1369
2015-09-03 10:50:01+02;1369
2015-09-03 11:42:02+02;1369
2015-09-03 17:06:01+02;1349
2015-09-03 19:58:01+02;1399
2015-09-03 22:02:01+02;1499
2015-09-04 05:38:01+02;1489
2015-09-04 06:14:01+02;1389
2015-09-04 09:34:01+02;1379
2015-09-04 09:42:01+02;1349
2015-09-04 09:46:01+02;1379
2015-09-04 10:22:01+02;1349
2015-09-04 12:02:01+02;1389
2015-09-04 13:42:01+02;1379
2015-09-04 16:46:01+02;1359
2015-09-04 19:58:01+02;1409
2015-09-04 22:10:01+02;1379
2015-09-05 11:18:01+02;1369
2015-09-05 15:38:01+02;1359
2015-09-05 21:58:01+02;1509
2015-09-06 07:50:01+02;1449
2015-09-06 08:14:01+02;1389
2015-09-06 11:02:01+02;1379
2015-09-06 15:54:01+02;1359
2015-09-06 17:14:01+02;1349
2015-09-06 21:58:01+02;1509
2015-09-07 06:34:01+02;1389
2015-09-07 09:26:01+02;1379
2015-09-07 12:02:01+02;1359
2015-09-07 17:10:02+02;1309
2015-09-07 17:50:01+02;1329
2015-09-08 22:02:01+02;1499
2015-09-09 06:26:01+02;1379
2015-09-09 10:54:01+02;1359
2015-09-09 12:14:01+02;1379
2015-09-09 12:18:01+02;1379
2015-09-09 14:26:01+02;1369
2015-09-09 15:14:01+02;1359
2015-09-09 16:58:01+02;1339
2015-09-09 22:02:01+02;1499
2015-09-10 06:34:01+02;1379
2015-09-10 11:38:01+02;1359
2015-09-10 12:46:01+02;1329
2015-09-10 15:06:01+02;1329
2015-09-10 18:18:01+02;1329
2015-09-10 22:02:01+02;1509
2015-09-11 06:06:01+02;1379
2015-09-11 10:06:01+02;1349
2015-09-11 12:02:01+02;1349
2015-09-11 12:10:01+02;1379
2015-09-11 13:58:01+02;1379
2015-09-11 14:02:01+02;1359
2015-09-11 16:14:01+02;1329
2015-09-11 21:58:01+02;1509
2015-09-12 07:02:01+02;1469
2015-09-12 07:14:01+02;1379
2015-09-14 09:46:01+02;1359
2015-09-14 12:06:01+02;1369
2015-09-14 13:38:01+02;1349
2015-09-14 16:06:01+02;1329
2015-09-14 21:58:01+02;1499
2015-09-15 06:14:01+02;1369
2015-09-15 11:10:01+02;1349
2015-09-15 11:54:01+02;1329
2015-09-15 12:06:01+02;1359
2015-09-15 13:06:01+02;1349
2015-09-15 13:38:01+02;1349
2015-09-15 17:30:01+02;1329
2015-09-15 19:22:01+02;1319
2015-09-15 19:58:01+02;1379
2015-09-15 20:30:01+02;1349
2015-09-15 21:58:01+02;1489
2015-09-16 06:22:01+02;1359
2015-09-16 10:50:01+02;1349
2015-09-16 12:06:02+02;1379
2015-09-16 14:18:01+02;1369
2015-09-16 15:22:01+02;1349
2015-09-16 16:22:01+02;1329
2015-09-16 19:54:01+02;1379
2015-09-16 20:10:01+02;1359
2015-09-16 21:58:01+02;1499
2015-09-17 06:26:01+02;1369
2015-09-17 10:02:01+02;1359
2015-09-17 11:22:01+02;1349
2015-09-17 12:26:01+02;1379
2015-09-17 13:50:01+02;1349
2015-09-17 15:34:02+02;1329
2015-09-17 19:58:01+02;1359
2015-09-17 21:54:01+02;1519
2015-09-18 05:38:01+02;1459
2015-09-18 06:58:01+02;1369
2015-09-18 11:30:01+02;1349
2015-09-18 12:22:01+02;1379
2015-09-18 13:38:01+02;1349
2015-09-18 15:14:01+02;1329
2015-09-18 19:58:01+02;1359
2015-09-18 21:58:01+02;1499
2015-09-19 07:14:01+02;1369
2015-09-19 10:14:01+02;1349
2015-09-19 14:58:01+02;1329
2015-09-19 18:22:01+02;1309
2015-09-19 20:10:01+02;1299
2015-09-19 21:58:01+02;1499
2015-09-20 07:50:01+02;1399
2015-09-20 08:10:01+02;1359
2015-09-20 11:22:01+02;1349
2015-09-20 13:38:01+02;1329
2015-09-20 16:18:01+02;1309
2015-09-20 21:58:01+02;1499
2015-09-21 05:38:01+02;1419
2015-09-21 06:06:01+02;1369
2015-09-21 10:30:01+02;1349
2015-09-21 11:26:01+02;1349
2015-09-21 11:54:01+02;1339
2015-09-21 12:10:01+02;1369
2015-09-21 12:34:01+02;1359
2015-09-21 13:38:01+02;1349
2015-09-21 15:30:01+02;1329
2015-09-21 19:58:01+02;1359
2015-09-21 21:58:01+02;1489
2015-09-22 05:38:01+02;1459
2015-09-22 06:06:01+02;1459
2015-09-22 06:10:01+02;1369
2015-09-22 10:22:01+02;1349
2015-09-22 12:34:01+02;1379
2015-09-22 13:58:01+02;1349
2015-09-22 15:50:01+02;1329
2015-09-22 19:54:01+02;1359
2015-09-22 19:58:01+02;1359
2015-09-22 21:58:01+02;1499
2015-09-23 05:38:01+02;1459
2015-09-23 06:26:01+02;1369
2015-09-23 09:22:01+02;1349
2015-09-23 12:06:01+02;1379
2015-09-23 12:22:01+02;1359
2015-09-23 15:54:01+02;1329
2015-09-23 19:54:01+02;1359
2015-09-23 21:58:01+02;1499
2015-09-24 05:42:01+02;1459
2015-09-24 06:10:01+02;1379
2015-09-24 10:22:01+02;1359
2015-09-24 12:06:01+02;1369
2015-09-24 14:18:01+02;1349
2015-09-24 15:42:01+02;1329
2015-09-24 19:58:01+02;1359
2015-09-24 21:58:01+02;1519
2015-09-25 05:38:01+02;1449
2015-09-25 06:18:01+02;1369
2015-09-25 09:38:01+02;1349
2015-09-25 12:06:02+02;1379
2015-09-25 13:58:01+02;1339
2015-09-25 18:10:01+02;1329
2015-09-25 19:58:01+02;1369
2015-09-25 20:34:01+02;1359
2015-09-25 21:58:01+02;1519
2015-09-26 06:46:01+02;1449
2015-09-26 07:10:01+02;1449
2015-09-26 07:14:01+02;1359
2015-09-26 08:50:02+02;1349
2015-09-26 11:26:01+02;1349
2015-09-26 13:22:01+02;1329
2015-09-26 15:58:01+02;1329
2015-09-26 17:06:01+02;1309
2015-09-26 22:02:01+02;1519
2015-09-27 07:58:01+02;1399
2015-09-27 08:30:01+02;1359
2015-09-27 10:18:01+02;1349
2015-09-27 11:46:01+02;1319
2015-09-27 21:58:01+02;1519
2015-09-28 05:46:01+02;1419
2015-09-28 06:10:01+02;1359
2015-09-28 07:26:01+02;1359
2015-09-28 10:38:01+02;1349
2015-09-28 12:06:01+02;1379
2015-09-28 14:02:01+02;1349
2015-09-28 17:02:01+02;1329
2015-09-28 20:02:01+02;1379
2015-09-28 20:26:01+02;1329
2015-09-28 21:58:01+02;1499
2015-09-29 05:42:01+02;1449
2015-09-29 06:22:02+02;1369
2015-09-29 12:06:01+02;1389
2015-09-29 13:58:01+02;1329
2015-09-29 14:58:01+02;1309
2015-09-29 19:58:01+02;1339
2015-09-29 21:58:01+02;1499
2015-09-30 05:38:01+02;1449
2015-09-30 06:14:01+02;1349
2015-09-30 09:26:01+02;1329
2015-09-30 09:46:01+02;1289
2015-09-30 12:02:01+02;1329
2015-09-30 13:34:01+02;1329
2015-09-30 14:42:01+02;1309
2015-09-30 19:58:01+02;1339
2015-09-30 21:58:01+02;1489
2015-10-01 05:38:01+02;1439
2015-10-01 06:10:01+02;1349
2015-10-01 11:30:02+02;1329
2015-10-01 12:06:01+02;1369
2015-10-01 12:46:01+02;1349
2015-10-01 14:30:01+02;1329
2015-10-01 14:54:01+02;1329
2015-10-01 16:06:01+02;1309
2015-10-01 21:58:01+02;1499
2015-10-02 05:38:01+02;1439
2015-10-02 06:18:01+02;1349
2015-10-02 09:46:01+02;1329
2015-10-02 10:26:01+02;1319
2015-10-02 11:42:01+02;1319
2015-10-02 12:06:02+02;1359
2015-10-02 13:46:01+02;1329
2015-10-02 13:58:01+02;1309
2015-10-02 21:58:01+02;1499
2015-10-03 08:06:01+02;1439
2015-10-03 08:46:01+02;1349
2015-10-03 10:42:01+02;1329
2015-10-03 13:10:02+02;1309
2015-10-03 16:58:01+02;1289
2015-10-03 21:58:01+02;1499
2015-10-04 08:10:01+02;1419
2015-10-04 08:14:01+02;1349
2015-10-04 09:42:01+02;1329
2015-10-04 12:26:01+02;1309
2015-10-04 15:58:01+02;1289
2015-10-04 22:02:01+02;1499
2015-10-05 05:34:01+02;1339
2015-10-05 06:14:01+02;1349
2015-10-05 06:18:01+02;1349
2015-10-05 08:22:01+02;1339
2015-10-05 12:06:01+02;1379
2015-10-05 13:02:01+02;1369
2015-10-05 13:38:01+02;1329
2015-10-05 16:38:01+02;1309
2015-10-05 18:02:01+02;1289
2015-10-05 22:02:01+02;1479
2015-10-06 05:50:01+02;1429
2015-10-06 06:42:01+02;1349
2015-10-06 11:46:01+02;1329
2015-10-06 12:02:01+02;1329
2015-10-06 12:06:01+02;1369
2015-10-06 13:38:01+02;1349
2015-10-06 15:34:01+02;1329
2015-10-06 16:34:01+02;1309
2015-10-06 21:58:01+02;1479
2015-10-07 05:42:01+02;1449
2015-10-07 06:14:01+02;1349
2015-10-07 12:10:02+02;1389
2015-10-07 12:18:01+02;1369
2015-10-07 13:42:01+02;1349
2015-10-07 15:50:01+02;1329
2015-10-07 22:02:01+02;1499
2015-10-08 05:42:01+02;1449
2015-10-08 06:14:01+02;1369
2015-10-08 09:54:01+02;1349
2015-10-08 12:10:01+02;1349
2015-10-08 12:14:01+02;1389
2015-10-08 12:18:01+02;1369
2015-10-08 13:02:01+02;1389
2015-10-08 13:34:01+02;1349
2015-10-08 15:58:01+02;1329
2015-10-08 22:02:01+02;1489
2015-10-09 05:42:01+02;1449
2015-10-09 06:10:01+02;1369
2015-10-09 10:06:01+02;1349
2015-10-09 12:06:01+02;1389
2015-10-09 12:34:01+02;1369
2015-10-09 13:50:01+02;1349
2015-10-09 14:54:01+02;1309
2015-10-09 21:54:01+02;1489
2015-10-10 07:14:01+02;1369
2015-10-10 09:38:01+02;1349
2015-10-10 11:30:01+02;1329
2015-10-10 14:02:01+02;1309
2015-10-10 21:58:01+02;1489
2015-10-11 08:14:01+02;1369
2015-10-11 09:54:01+02;1349
2015-10-11 11:46:01+02;1329
2015-10-11 12:50:01+02;1309
2015-10-11 21:58:01+02;1489
2015-10-12 05:46:01+02;1419
2015-10-12 06:18:01+02;1369
2015-10-12 12:06:01+02;1409
2015-10-12 13:38:01+02;1369
2015-10-12 15:22:01+02;1349
2015-10-12 16:46:01+02;1329
2015-10-12 21:58:01+02;1489
2015-10-13 06:10:01+02;1369
2015-10-13 10:10:01+02;1369
2015-10-13 12:06:01+02;1409
2015-10-13 12:38:01+02;1369
2015-10-13 14:30:01+02;1329
2015-10-13 16:46:01+02;1309
2015-10-13 22:02:01+02;1479
2015-10-14 06:14:01+02;1349
2015-10-14 12:10:01+02;1389
2015-10-14 13:38:01+02;1329
2015-10-14 16:06:01+02;1309
2015-10-14 21:58:01+02;1469
2015-10-15 05:50:01+02;1439
2015-10-15 06:38:01+02;1349
2015-10-15 12:06:01+02;1369
2015-10-15 13:58:01+02;1329
2015-10-15 16:26:01+02;1309
2015-10-15 21:58:01+02;1469
2015-10-16 05:38:01+02;1429
2015-10-16 06:10:01+02;1339
2015-10-16 09:42:01+02;1329
2015-10-16 12:06:01+02;1369
2015-10-16 12:38:01+02;1349
2015-10-16 13:58:01+02;1309
2015-10-16 21:58:01+02;1469
2015-10-17 07:18:01+02;1339
2015-10-17 10:14:01+02;1329
2015-10-17 13:02:01+02;1309
2015-10-17 16:38:01+02;1289
2015-10-17 21:58:01+02;1469
2015-10-18 08:14:01+02;1339
2015-10-18 09:46:01+02;1329
2015-10-18 11:50:01+02;1309
2015-10-18 16:18:01+02;1289
2015-10-18 21:58:01+02;1469
2015-10-19 06:10:01+02;1339
2015-10-19 09:46:01+02;1329
2015-10-19 10:42:01+02;1319
2015-10-19 12:10:01+02;1359
2015-10-19 13:34:01+02;1329
2015-10-19 14:22:01+02;1309
2015-10-19 16:18:01+02;1289
2015-10-19 22:02:01+02;1479
2015-10-20 06:26:01+02;1349
2015-10-20 08:34:01+02;1329
2015-10-20 12:14:01+02;1309
2015-10-20 16:18:01+02;1289
2015-10-20 22:02:01+02;1469
2015-10-21 06:14:01+02;1329
2015-10-21 11:34:01+02;1309
2015-10-21 12:06:01+02;1349
2015-10-21 13:34:01+02;1309
2015-10-21 15:26:01+02;1289
2015-10-21 22:02:01+02;1459
2015-10-22 06:22:01+02;1329
2015-10-22 11:22:01+02;1309
2015-10-22 12:10:01+02;1349
2015-10-22 13:38:02+02;1309
2015-10-22 15:42:01+02;1289
2015-10-22 18:22:01+02;1269
2015-10-22 18:26:01+02;1269
2015-10-22 22:02:02+02;1459
2015-10-23 06:18:01+02;1329
2015-10-23 07:06:01+02;1309
2015-10-23 10:38:01+02;1299
2015-10-23 11:38:01+02;1289
2015-10-23 12:06:01+02;1329
2015-10-23 13:38:01+02;1309
2015-10-23 14:06:02+02;1289
2015-10-23 15:42:01+02;1279
2015-10-23 17:02:01+02;1269
2015-10-23 21:58:01+02;1459
2015-10-24 06:42:01+02;1409
2015-10-24 07:14:01+02;1329
2015-10-24 12:26:01+02;1309
2015-10-24 14:18:01+02;1299
2015-10-24 22:10:01+02;1289
2015-10-25 22:10:01+01;1459
2015-10-26 06:18:01+01;1329
2015-10-26 11:42:01+01;1309
2015-10-26 12:06:01+01;1349
2015-10-26 13:38:01+01;1309
2015-10-26 19:54:01+01;1269
2015-10-26 21:58:01+01;1469
2015-10-27 06:10:01+01;1339
2015-10-27 09:10:01+01;1329
2015-10-27 12:06:01+01;1369
2015-10-27 13:38:01+01;1309
2015-10-27 16:18:01+01;1289
2015-10-27 21:54:01+01;1469
2015-10-28 06:22:01+01;1329
2015-10-28 12:10:01+01;1369
2015-10-28 13:50:01+01;1309
2015-10-28 18:14:01+01;1289
2015-10-28 21:58:01+01;1469
2015-10-29 06:18:01+01;1339
2015-10-29 09:58:01+01;1329
2015-10-29 11:02:01+01;1309
2015-10-29 12:06:01+01;1349
2015-10-29 13:38:01+01;1329
2015-10-29 16:22:01+01;1309
2015-10-29 17:14:01+01;1289
2015-10-29 21:58:01+01;1489
2015-10-30 06:14:01+01;1349
2015-10-30 08:22:01+01;1329
2015-10-30 08:26:01+01;1329
2015-10-30 09:18:01+01;1309
2015-10-30 12:10:01+01;1349
2015-10-30 13:54:01+01;1309
2015-10-30 17:10:01+01;1289
2015-10-30 22:02:01+01;1489
2015-10-31 07:02:01+01;1439
2015-10-31 07:42:01+01;1349
2015-10-31 10:26:01+01;1329
2015-10-31 11:34:01+01;1309
2015-10-31 14:02:01+01;1289
2015-10-31 17:14:01+01;1289
2015-10-31 21:58:01+01;1489
2015-11-01 08:14:01+01;1349
2015-11-01 10:18:01+01;1329
2015-11-01 11:18:01+01;1309
2015-11-01 21:58:01+01;1489
2015-11-02 05:42:01+01;1419
2015-11-02 06:10:01+01;1349
2015-11-02 12:06:01+01;1389
2015-11-02 14:22:01+01;1349
2015-11-02 16:26:01+01;1309
2015-11-02 21:58:01+01;1479
2015-11-03 05:42:01+01;1449
2015-11-03 06:30:01+01;1359
2015-11-03 12:10:01+01;1369
2015-11-03 14:14:01+01;1329
2015-11-03 19:18:01+01;1309
2015-11-03 21:58:01+01;1489
2015-11-04 06:18:01+01;1359
2015-11-04 12:14:01+01;1399
2015-11-04 13:02:01+01;1389
2015-11-04 13:50:01+01;1349
2015-11-04 16:46:01+01;1329
2015-11-04 21:58:01+01;1499
2015-11-05 05:34:01+01;1459
2015-11-05 06:10:01+01;1369
2015-11-05 12:06:01+01;1409
2015-11-05 14:22:01+01;1369
2015-11-05 16:50:01+01;1349
2015-11-05 21:58:01+01;1499
2015-11-06 05:38:01+01;1459
2015-11-06 06:18:01+01;1369
2015-11-06 10:58:01+01;1349
2015-11-06 17:26:01+01;1329
2015-11-06 21:58:01+01;1499
2015-11-07 07:14:01+01;1369
2015-11-07 10:30:01+01;1349
2015-11-07 14:18:01+01;1329
2015-11-07 21:58:01+01;1499
2015-11-08 07:58:01+01;1399
2015-11-08 09:38:01+01;1369
2015-11-08 12:54:01+01;1329
2015-11-08 21:58:01+01;1499
2015-11-09 05:38:01+01;1439
2015-11-09 05:42:01+01;1439
2015-11-09 06:10:01+01;1369
2015-11-09 10:18:01+01;1369
2015-11-09 10:22:01+01;1349
2015-11-09 12:10:01+01;1389
2015-11-09 13:38:01+01;1349
2015-11-09 16:42:01+01;1329
2015-11-09 18:26:01+01;1319
2015-11-09 21:58:01+01;1499
2015-11-10 05:38:01+01;1469
2015-11-10 06:14:01+01;1369
2015-11-10 08:22:01+01;1359
2015-11-10 08:26:01+01;1359
2015-11-10 12:10:01+01;1399
2015-11-10 14:10:01+01;1359
2015-11-10 15:46:01+01;1349
2015-11-10 16:50:01+01;1349
2015-11-10 18:10:01+01;1329
2015-11-10 22:02:01+01;1499
2015-11-11 05:38:01+01;1469
2015-11-11 06:18:01+01;1369
2015-11-11 08:34:01+01;1359
2015-11-11 12:30:01+01;1399
2015-11-11 14:02:01+01;1359
2015-11-11 16:38:01+01;1349
2015-11-11 17:58:01+01;1329
2015-11-11 21:58:01+01;1509
2015-11-12 05:38:01+01;1469
2015-11-12 06:14:01+01;1369
2015-11-12 12:06:01+01;1409
2015-11-12 14:30:01+01;1369
2015-11-12 17:02:01+01;1349
2015-11-12 21:54:01+01;1499
2015-11-13 05:42:01+01;1469
2015-11-13 06:10:01+01;1369
2015-11-13 09:50:01+01;1349
2015-11-13 11:58:01+01;1389
2015-11-13 13:34:01+01;1349
2015-11-13 15:50:01+01;1329
2015-11-13 21:58:01+01;1489
2015-11-14 06:42:01+01;1459
2015-11-14 07:18:01+01;1369
2015-11-14 09:06:01+01;1349
2015-11-14 14:34:01+01;1319
2015-11-14 17:18:01+01;1309
2015-11-14 21:58:01+01;1489
2015-11-15 08:14:01+01;1369
2015-11-15 10:14:01+01;1349
2015-11-15 16:06:01+01;1329
2015-11-15 19:50:01+01;1309
2015-11-15 21:58:01+01;1489
2015-11-16 06:10:01+01;1369
2015-11-16 08:38:01+01;1359
2015-11-16 11:34:01+01;1349
2015-11-16 12:10:01+01;1389
2015-11-16 12:58:01+01;1389
2015-11-16 13:42:01+01;1349
2015-11-16 15:38:01+01;1329
2015-11-16 21:58:01+01;1479
2015-11-17 06:10:01+01;1369
2015-11-17 08:50:01+01;1349
2015-11-17 12:34:01+01;1389
2015-11-17 14:14:01+01;1349
2015-11-17 16:10:01+01;1309
2015-11-17 22:02:01+01;1349
2015-11-18 07:26:01+01;1349
2015-11-18 07:54:01+01;1349
2015-11-18 09:30:01+01;1329
2015-11-18 12:06:01+01;1369
2015-11-18 13:50:02+01;1329
2015-11-18 17:02:01+01;1309
2015-11-18 21:58:01+01;1479
2015-11-19 05:38:01+01;1449
2015-11-19 06:14:01+01;1349
2015-11-19 12:10:01+01;1389
2015-11-19 12:34:01+01;1369
2015-11-19 14:30:01+01;1329
2015-11-19 15:54:01+01;1309
2015-11-19 21:58:01+01;1479
2015-11-20 05:42:01+01;1459
2015-11-20 06:14:01+01;1349
2015-11-20 08:34:01+01;1329
2015-11-20 12:06:01+01;1369
2015-11-20 13:38:01+01;1329
2015-11-20 14:26:01+01;1309
2015-11-20 21:58:01+01;1489
2015-11-21 07:10:01+01;1349
2015-11-21 12:22:01+01;1329
2015-11-21 14:22:01+01;1309
2015-11-21 21:58:01+01;1489
2015-11-22 08:06:01+01;1349
2015-11-22 08:10:01+01;1349
2015-11-22 11:10:01+01;1329
2015-11-22 21:58:01+01;1489
2015-11-23 06:14:01+01;1349
2015-11-23 10:22:01+01;1339
2015-11-23 11:10:01+01;1339
2015-11-23 12:06:01+01;1379
2015-11-23 14:42:01+01;1329
2015-11-23 16:30:01+01;1309
2015-11-23 17:02:01+01;1289
2015-11-23 21:58:01+01;1479
2015-11-24 06:18:01+01;1349
2015-11-24 10:50:01+01;1339
2015-11-24 12:22:01+01;1379
2015-11-24 13:46:01+01;1339
2015-11-24 18:14:01+01;1309
2015-11-24 21:58:01+01;1479
2015-11-25 06:26:01+01;1349
2015-11-25 12:18:01+01;1389
2015-11-25 14:14:01+01;1329
2015-11-25 17:54:01+01;1309
2015-11-25 19:58:01+01;1279
2015-11-25 21:58:01+01;1499
2015-11-26 06:14:01+01;1349
2015-11-26 10:26:01+01;1349
2015-11-26 11:34:01+01;1329
2015-11-26 12:38:01+01;1349
2015-11-26 13:46:01+01;1329
2015-11-26 18:30:01+01;1309
2015-11-26 21:58:01+01;1499
2015-11-27 06:18:01+01;1349
2015-11-27 12:22:01+01;1329
2015-11-27 15:30:01+01;1309
2015-11-27 19:18:01+01;1289
2015-11-27 21:58:01+01;1489
2015-11-28 07:14:01+01;1349
2015-11-28 11:18:01+01;1319
2015-11-28 15:14:01+01;1309
2015-11-28 20:14:01+01;1289
2015-11-28 21:58:01+01;1489
2015-11-29 08:22:01+01;1349
2015-11-29 11:18:01+01;1309
2015-11-29 15:54:01+01;1289
2015-11-29 21:58:01+01;1489
2015-11-30 06:18:01+01;1349
2015-11-30 10:30:01+01;1329
2015-11-30 12:06:01+01;1369
2015-11-30 13:38:01+01;1349
2015-11-30 16:02:01+01;1309
2015-12-01 00:42:01+01;1489
2015-12-01 06:14:01+01;1349
2015-12-01 07:02:01+01;1329
2015-12-01 12:06:01+01;1369
2015-12-01 14:06:01+01;1329
2015-12-01 16:14:01+01;1309
2015-12-01 22:02:01+01;1489
2015-12-02 05:38:01+01;1459
2015-12-02 06:18:01+01;1349
2015-12-02 12:06:01+01;1389
2015-12-02 14:10:01+01;1329
2015-12-02 15:26:01+01;1309
2015-12-02 21:58:01+01;1479
2015-12-03 05:38:01+01;1459
2015-12-03 06:18:01+01;1349
2015-12-03 10:10:01+01;1329
2015-12-03 12:02:01+01;1309
2015-12-03 12:18:01+01;1309
2015-12-03 12:22:01+01;1349
2015-12-03 14:06:01+01;1389
2015-12-03 14:26:01+01;1349
2015-12-03 14:54:01+01;1309
2015-12-03 18:02:01+01;1289
2015-12-03 21:58:01+01;1469
2015-12-04 05:42:01+01;1439
2015-12-04 06:14:01+01;1339
2015-12-04 09:54:01+01;1329
2015-12-04 12:06:01+01;1369
2015-12-04 12:10:01+01;1349
2015-12-04 13:42:01+01;1309
2015-12-04 15:06:01+01;1289
2015-12-04 15:58:01+01;1289
2015-12-04 21:58:02+01;1459
2015-12-05 07:18:01+01;1329
2015-12-05 09:02:01+01;1309
2015-12-05 10:46:01+01;1299
2015-12-05 12:14:01+01;1289
2015-12-05 21:58:01+01;1459
2015-12-06 08:02:01+01;1359
2015-12-06 08:18:01+01;1329
2015-12-06 10:06:01+01;1309
2015-12-06 17:34:02+01;1309
2015-12-06 21:54:01+01;1309
2015-12-06 21:58:01+01;1459
2015-12-07 05:42:01+01;1419
2015-12-07 06:10:01+01;1329
2015-12-07 10:54:01+01;1309
2015-12-07 11:18:01+01;1279
2015-12-07 12:10:01+01;1319
2015-12-07 13:38:01+01;1279
2015-12-07 18:18:01+01;1279
2015-12-07 18:42:01+01;1279
2015-12-07 21:58:01+01;1459
2015-12-08 05:46:01+01;1419
2015-12-08 06:14:01+01;1329
2015-12-08 08:06:01+01;1309
2015-12-08 12:10:01+01;1349
2015-12-08 12:34:01+01;1329
2015-12-08 13:50:01+01;1289
2015-12-08 15:30:01+01;1269
2015-12-08 22:02:01+01;1449
2015-12-09 05:42:01+01;1379
2015-12-09 06:14:01+01;1309
2015-12-09 07:38:01+01;1299
2015-12-09 08:10:02+01;1289
2015-12-09 09:38:01+01;1289
2015-12-09 12:06:01+01;1329
2015-12-09 13:34:01+01;1289
2015-12-09 14:54:01+01;1269
2015-12-09 21:58:01+01;1449
2015-12-10 05:42:01+01;1419
2015-12-10 06:14:01+01;1309
2015-12-10 10:54:01+01;1289
2015-12-10 12:06:01+01;1329
2015-12-10 14:42:01+01;1289
2015-12-10 16:18:01+01;1269
2015-12-10 21:58:01+01;1449
2015-12-11 05:42:01+01;1419
2015-12-11 06:10:01+01;1309
2015-12-11 09:30:01+01;1289
2015-12-11 10:30:01+01;1279
2015-12-11 11:18:01+01;1279
2015-12-11 12:06:01+01;1319
2015-12-11 14:10:01+01;1279
2015-12-11 18:50:01+01;1249
2015-12-11 21:58:01+01;1459
2015-12-12 06:50:01+01;1399
2015-12-12 07:18:01+01;1309
2015-12-12 09:42:01+01;1289
2015-12-12 11:58:01+01;1269
2015-12-12 15:38:01+01;1269
2015-12-12 21:58:01+01;1459
2015-12-13 08:02:01+01;1359
2015-12-13 08:26:01+01;1309
2015-12-13 10:14:01+01;1309
2015-12-13 12:10:01+01;1269
2015-12-13 21:58:01+01;1459
2015-12-14 05:42:01+01;1379
2015-12-14 06:18:01+01;1309
2015-12-14 07:50:01+01;1309
2015-12-14 09:42:01+01;1289
2015-12-14 11:22:01+01;1279
2015-12-14 12:06:01+01;1319
2015-12-14 13:42:02+01;1279
2015-12-14 15:46:01+01;1269
2015-12-14 16:34:01+01;1249
2015-12-14 21:58:01+01;1459
2015-12-15 06:10:01+01;1309
2015-12-15 06:14:01+01;1309
2015-12-15 10:42:01+01;1289
2015-12-15 12:06:01+01;1329
2015-12-15 13:38:01+01;1289
2015-12-15 15:22:01+01;1269
2015-12-15 18:46:01+01;1259
2015-12-15 21:58:01+01;1449
2015-12-16 06:14:01+01;1309
2015-12-16 06:18:01+01;1309
2015-12-16 12:02:01+01;1349
2015-12-16 12:42:01+01;1329
2015-12-16 13:38:01+01;1289
2015-12-16 16:30:01+01;1269
2015-12-16 21:58:01+01;1449
2015-12-17 06:26:01+01;1309
2015-12-17 11:10:01+01;1289
2015-12-17 13:38:01+01;1269
2015-12-17 16:26:01+01;1259
2015-12-17 21:58:01+01;1439
2015-12-18 06:22:01+01;1309
2015-12-18 09:22:01+01;1289
2015-12-18 10:38:01+01;1289
2015-12-18 12:06:01+01;1329
2015-12-18 13:42:01+01;1279
2015-12-18 14:58:02+01;1269
2015-12-18 19:34:01+01;1259
2015-12-18 21:58:01+01;1429
2015-12-19 06:58:01+01;1399
2015-12-19 07:14:01+01;1309
2015-12-19 10:50:01+01;1299
2015-12-19 12:06:01+01;1289
2015-12-19 18:18:01+01;1259
2015-12-19 21:58:01+01;1429
2015-12-20 08:02:01+01;1349
2015-12-20 08:26:01+01;1309
2015-12-20 12:10:01+01;1289
2015-12-20 12:26:01+01;1279
2015-12-20 16:42:01+01;1269
2015-12-20 21:58:01+01;1429
2015-12-21 06:02:01+01;1369
2015-12-21 06:22:01+01;1369
2015-12-21 06:26:01+01;1309
2015-12-21 09:22:01+01;1289
2015-12-21 11:22:01+01;1289
2015-12-21 12:06:01+01;1329
2015-12-21 13:34:01+01;1289
2015-12-21 16:10:01+01;1259
2015-12-21 21:58:01+01;1439
2015-12-22 06:10:01+01;1309
2015-12-22 10:30:01+01;1309
2015-12-22 11:58:01+01;1349
2015-12-22 13:38:01+01;1289
2015-12-22 15:30:01+01;1269
2015-12-22 21:58:01+01;1429
2015-12-23 06:14:01+01;1309
2015-12-23 12:06:01+01;1349
2015-12-23 13:42:01+01;1309
2015-12-23 18:38:01+01;1269
2015-12-23 21:58:01+01;1419
2015-12-24 06:50:01+01;1289
2015-12-24 09:42:01+01;1269
2015-12-24 21:58:01+01;1419
2015-12-25 09:18:01+01;1289
2015-12-25 10:18:01+01;1279
2015-12-25 21:58:01+01;1419
2015-12-26 09:06:01+01;1279
2015-12-26 20:22:01+01;1279
2015-12-26 21:58:01+01;1419
2015-12-27 08:18:01+01;1289
2015-12-27 11:34:01+01;1269
2015-12-27 21:54:01+01;1419
2015-12-28 05:42:01+01;1379
2015-12-28 06:10:01+01;1289
2015-12-28 07:46:01+01;1279
2015-12-28 12:06:01+01;1319
2015-12-28 13:38:01+01;1279
2015-12-28 20:02:01+01;1239
2015-12-28 21:58:01+01;1429
2015-12-29 05:46:01+01;1389
2015-12-29 06:22:02+01;1309
2015-12-29 07:50:01+01;1289
2015-12-29 09:14:01+01;1289
2015-12-29 10:58:01+01;1249
2015-12-29 12:06:01+01;1289
2015-12-29 13:38:01+01;1249
2015-12-29 19:50:01+01;1229
2015-12-29 21:58:01+01;1249
2015-12-29 22:10:01+01;1429
2015-12-30 05:38:01+01;1379
2015-12-30 06:18:01+01;1309
2015-12-30 07:38:01+01;1289
2015-12-30 09:22:01+01;1289
2015-12-30 12:10:01+01;1329
2015-12-30 13:38:01+01;1269
2015-12-30 14:58:01+01;1249
2015-12-30 22:02:01+01;1439
2015-12-31 06:42:01+01;1309
2015-12-31 08:10:01+01;1289
2015-12-31 10:14:01+01;1259
2015-12-31 11:34:01+01;1249
2015-12-31 21:58:01+01;1439
2016-01-01 08:50:01+01;1339
2016-01-01 10:10:01+01;1309
2016-01-01 12:10:01+01;1269
2016-01-01 21:58:01+01;1439
2016-01-02 07:06:01+01;1339
2016-01-02 07:18:01+01;1309
2016-01-02 07:58:01+01;1289
2016-01-02 10:50:01+01;1289
2016-01-02 12:06:01+01;1259
2016-01-02 12:10:01+01;1259
2016-01-02 16:10:01+01;1239
2016-01-02 21:58:01+01;1439
2016-01-03 08:14:01+01;1299
2016-01-03 09:10:01+01;1289
2016-01-03 11:50:01+01;1269
2016-01-03 14:50:01+01;1249
2016-01-03 21:58:01+01;1439
2016-01-04 05:38:01+01;1359
2016-01-04 06:10:01+01;1309
2016-01-04 07:50:01+01;1299
2016-01-04 11:10:01+01;1279
2016-01-04 12:02:01+01;1319
2016-01-04 13:38:01+01;1279
2016-01-04 16:14:01+01;1249
2016-01-04 21:58:01+01;1429
2016-01-05 05:42:01+01;1399
2016-01-05 06:10:01+01;1309
2016-01-05 10:18:01+01;1309
2016-01-05 15:14:01+01;1309
2016-01-05 15:58:01+01;1289
2016-01-05 21:58:01+01;1439
2016-01-06 05:42:01+01;1399
2016-01-06 06:10:01+01;1309
2016-01-06 07:42:01+01;1289
2016-01-06 12:06:01+01;1329
2016-01-06 13:38:01+01;1289
2016-01-06 15:38:01+01;1269
2016-01-06 19:46:01+01;1229
2016-01-06 22:02:01+01;1439
2016-01-07 05:38:01+01;1379
2016-01-07 06:14:01+01;1309
2016-01-07 07:54:01+01;1309
2016-01-07 11:22:01+01;1269
2016-01-07 12:06:01+01;1269
2016-01-07 12:10:01+01;1309
2016-01-07 13:38:01+01;1269
2016-01-07 16:38:01+01;1269
2016-01-07 17:22:01+01;1269
2016-01-07 21:58:01+01;1429
2016-01-08 05:42:01+01;1399
2016-01-08 06:18:01+01;1309
2016-01-08 10:18:01+01;1289
2016-01-08 12:06:01+01;1329
2016-01-08 13:38:01+01;1289
2016-01-08 16:06:01+01;1249
2016-01-08 21:58:01+01;1419
2016-01-09 07:10:01+01;1289
2016-01-09 11:30:02+01;1279
2016-01-09 16:02:01+01;1249
2016-01-09 21:58:01+01;1419
2016-01-10 08:18:01+01;1289
2016-01-10 09:30:02+01;1279
2016-01-10 16:38:01+01;1259
2016-01-10 17:50:02+01;1249
2016-01-10 22:02:01+01;1419
2016-01-11 05:42:01+01;1359
2016-01-11 06:18:01+01;1289
2016-01-11 10:02:01+01;1269
2016-01-11 12:06:01+01;1309
2016-01-11 13:42:01+01;1269
2016-01-11 16:22:01+01;1249
2016-01-11 21:58:01+01;1419
2016-01-12 05:42:01+01;1389
2016-01-12 06:14:01+01;1289
2016-01-12 10:10:01+01;1269
2016-01-12 12:02:02+01;1289
2016-01-12 13:38:01+01;1249
2016-01-12 14:42:01+01;1229
2016-01-12 21:58:01+01;1399
2016-01-13 06:14:01+01;1269
2016-01-13 10:38:01+01;1249
2016-01-13 11:18:01+01;1239
2016-01-13 12:06:01+01;1279
2016-01-13 13:50:02+01;1239
2016-01-13 15:06:01+01;1229
2016-01-13 16:02:01+01;1209
2016-01-13 21:58:01+01;1399
2016-01-14 05:42:01+01;1359
2016-01-14 06:10:01+01;1269
2016-01-14 09:22:01+01;1249
2016-01-14 09:54:01+01;1239
2016-01-14 12:18:01+01;1279
2016-01-14 13:38:01+01;1229
2016-01-14 15:46:02+01;1209
2016-01-14 17:02:01+01;1179
2016-01-14 22:02:02+01;1399
2016-01-15 05:42:01+01;1329
2016-01-15 06:14:01+01;1269
2016-01-15 09:22:01+01;1249
2016-01-15 10:14:01+01;1229
2016-01-15 12:06:01+01;1269
2016-01-15 13:42:01+01;1229
2016-01-15 15:34:01+01;1209
2016-01-15 17:34:01+01;1189
2016-01-15 21:58:01+01;1399
2016-01-16 07:14:01+01;1269
2016-01-16 09:22:01+01;1249
2016-01-16 11:54:01+01;1239
2016-01-16 15:34:01+01;1229
2016-01-16 17:50:01+01;1209
2016-01-16 21:58:01+01;1399
2016-01-17 08:10:02+01;1269
2016-01-17 10:14:01+01;1249
2016-01-17 11:50:03+01;1249
2016-01-17 15:22:01+01;1229
2016-01-17 17:10:02+01;1209
2016-01-17 21:58:01+01;1399
2016-01-18 06:10:02+01;1269
2016-01-18 07:58:01+01;1249
2016-01-18 08:46:01+01;1209
2016-01-18 09:50:01+01;1209
2016-01-18 11:54:01+01;1189
2016-01-18 12:06:01+01;1229
2016-01-18 13:38:01+01;1209
2016-01-18 14:34:01+01;1179
2016-01-19 07:34:01+01;1239
2016-01-19 08:06:02+01;1179
2016-01-19 12:06:01+01;1219
2016-01-19 13:38:01+01;1199
2016-01-19 13:58:01+01;1209
2016-01-19 15:02:01+01;1199
2016-01-19 17:14:01+01;1179
2016-01-19 19:58:01+01;1169
2016-01-19 21:58:01+01;1399
2016-01-20 06:10:02+01;1249
2016-01-20 08:34:01+01;1229
2016-01-20 11:34:01+01;1209
2016-01-20 11:46:01+01;1209
2016-01-20 12:06:01+01;1249
2016-01-20 13:38:01+01;1209
2016-01-20 14:58:01+01;1189
2016-01-20 17:34:01+01;1169
2016-01-20 21:58:01+01;1399
2016-01-21 06:18:01+01;1229
2016-01-21 09:30:02+01;1229
2016-01-21 09:50:01+01;1199
2016-01-21 10:22:01+01;1199
2016-01-21 12:06:01+01;1239
2016-01-21 13:38:01+01;1209
2016-01-21 14:06:01+01;1199
2016-01-21 14:50:02+01;1189
2016-01-21 22:02:01+01;1399
2016-01-22 06:06:01+01;1249
2016-01-22 07:30:01+01;1239
2016-01-22 09:58:01+01;1209
2016-01-22 10:42:01+01;1209
2016-01-22 11:18:01+01;1209
2016-01-22 12:06:01+01;1249
2016-01-22 13:38:01+01;1209
2016-01-22 13:54:01+01;1199
2016-01-22 14:46:01+01;1189
2016-01-22 21:58:01+01;1399
2016-01-23 07:26:01+01;1249
2016-01-23 07:34:01+01;1249
2016-01-23 10:54:01+01;1239
2016-01-23 11:42:01+01;1229
2016-01-23 12:34:01+01;1269
2016-01-23 13:42:02+01;1229
2016-01-23 17:22:01+01;1209
2016-01-23 21:58:01+01;1399
2016-01-24 08:30:01+01;1269
2016-01-24 11:02:01+01;1249
2016-01-24 12:06:01+01;1269
2016-01-24 13:38:01+01;1229
2016-01-24 16:02:01+01;1209
2016-01-24 22:02:01+01;1399
2016-01-25 06:14:01+01;1269
2016-01-25 10:34:01+01;1229
2016-01-25 12:18:01+01;1269
2016-01-25 13:38:01+01;1229
2016-01-25 18:14:01+01;1209
2016-01-25 22:02:01+01;1399
2016-01-26 06:10:01+01;1269
2016-01-26 07:50:01+01;1259
2016-01-26 10:50:01+01;1239
2016-01-26 12:06:01+01;1279
2016-01-26 13:38:01+01;1239
2016-01-26 14:22:01+01;1219
2016-01-26 16:06:01+01;1209
2016-01-26 16:42:01+01;1199
2016-01-26 21:58:01+01;1399
2016-01-27 06:10:01+01;1269
2016-01-27 07:38:01+01;1259
2016-01-27 09:46:01+01;1239
2016-01-27 10:26:01+01;1229
2016-01-27 10:34:01+01;1219
2016-01-27 12:06:01+01;1259
2016-01-27 13:42:01+01;1219
2016-01-27 18:54:01+01;1179
2016-01-27 21:58:01+01;1399
2016-01-28 06:10:01+01;1259
2016-01-28 07:42:01+01;1249
2016-01-28 08:34:01+01;1209
2016-01-28 09:42:01+01;1189
2016-01-28 12:06:01+01;1229
2016-01-28 13:42:01+01;1209
2016-01-28 15:54:01+01;1179
2016-01-28 21:58:01+01;1419
2016-01-29 06:18:01+01;1269
2016-01-29 07:18:02+01;1249
2016-01-29 07:30:01+01;1239
2016-01-29 08:26:01+01;1239
2016-01-29 09:38:01+01;1219
2016-01-29 10:34:01+01;1199
2016-01-29 12:06:01+01;1239
2016-01-29 13:38:01+01;1199
2016-01-29 17:42:01+01;1199
2016-01-29 21:58:01+01;1429
2016-01-30 07:14:01+01;1289
2016-01-30 07:42:01+01;1289
2016-01-30 09:06:01+01;1259
2016-01-30 11:06:01+01;1229
2016-01-30 12:10:02+01;1249
2016-01-30 13:38:01+01;1199
2016-01-30 21:58:01+01;1429
2016-01-31 08:22:01+01;1289
2016-01-31 08:50:01+01;1259
2016-01-31 10:26:01+01;1229
2016-01-31 12:10:01+01;1239
2016-01-31 13:26:01+01;1199
2016-01-31 21:58:01+01;1429
2016-02-01 06:14:01+01;1289
2016-02-01 08:30:01+01;1259
2016-02-01 10:14:01+01;1259
2016-02-01 10:34:01+01;1249
2016-02-01 11:38:01+01;1229
2016-02-01 12:06:01+01;1269
2016-02-01 13:42:01+01;1229
2016-02-01 16:10:02+01;1209
2016-02-01 17:30:01+01;1199
2016-02-01 21:58:02+01;1429
2016-02-02 06:14:01+01;1289
2016-02-02 07:18:01+01;1289
2016-02-02 09:10:01+01;1269
2016-02-02 09:22:01+01;1199
2016-02-02 12:06:01+01;1239
2016-02-02 13:38:01+01;1199
2016-02-02 21:58:01+01;1429
2016-02-03 06:14:01+01;1269
2016-02-03 09:34:01+01;1229
2016-02-03 10:02:01+01;1229
2016-02-03 12:06:01+01;1269
2016-02-03 13:38:01+01;1229
2016-02-03 15:22:01+01;1219
2016-02-03 15:50:01+01;1209
2016-02-03 21:58:01+01;1419
2016-02-04 06:10:01+01;1269
2016-02-04 07:30:01+01;1259
2016-02-04 07:46:01+01;1249
2016-02-04 09:26:01+01;1219
2016-02-04 12:06:01+01;1259
2016-02-04 13:38:01+01;1219
2016-02-04 14:50:01+01;1199
2016-02-04 21:58:01+01;1419
2016-02-05 06:10:01+01;1269
2016-02-05 08:42:01+01;1249
2016-02-05 09:22:01+01;1229
2016-02-05 10:18:01+01;1189
2016-02-05 10:22:01+01;1189
2016-02-05 12:06:01+01;1229
2016-02-05 14:06:01+01;1199
2016-02-05 14:42:01+01;1179
2016-02-05 16:10:01+01;1179
2016-02-05 22:06:01+01;1419
2016-02-06 07:18:01+01;1239
2016-02-06 08:54:01+01;1229
2016-02-06 09:30:01+01;1189
2016-02-06 11:02:01+01;1189
2016-02-06 12:06:01+01;1229
2016-02-06 13:38:01+01;1189
2016-02-06 22:06:01+01;1419
2016-02-07 08:18:01+01;1249
2016-02-07 09:06:01+01;1229
2016-02-07 10:30:01+01;1209
2016-02-07 12:46:01+01;1249
2016-02-07 13:54:01+01;1209
2016-02-07 22:06:01+01;1419
2016-02-08 06:10:01+01;1249
2016-02-08 07:54:01+01;1219
2016-02-08 09:10:02+01;1219
2016-02-08 10:18:01+01;1219
2016-02-08 10:50:01+01;1209
2016-02-08 12:06:01+01;1239
2016-02-08 13:38:01+01;1179
2016-02-08 21:58:01+01;1399
2016-02-09 06:14:01+01;1249
2016-02-09 07:14:01+01;1229
2016-02-09 08:54:01+01;1209
2016-02-09 09:22:01+01;1209
2016-02-09 10:06:01+01;1189
2016-02-09 10:38:01+01;1189
2016-02-09 11:22:01+01;1179
2016-02-09 12:06:01+01;1219
2016-02-09 13:38:01+01;1209
2016-02-09 14:14:01+01;1179
2016-02-09 21:58:01+01;1399
2016-02-10 05:58:01+01;1329
2016-02-10 06:18:01+01;1249
2016-02-10 08:18:01+01;1229
2016-02-10 08:54:01+01;1219
2016-02-10 09:38:01+01;1199
2016-02-10 12:10:01+01;1239
2016-02-10 13:42:01+01;1199
2016-02-10 15:46:01+01;1189
2016-02-10 16:22:01+01;1179
2016-02-10 21:58:01+01;1379
2016-02-11 05:46:01+01;1319
2016-02-11 06:18:01+01;1229
2016-02-11 08:18:01+01;1189
2016-02-11 09:06:01+01;1189
2016-02-11 09:18:01+01;1169
2016-02-11 12:06:01+01;1209
2016-02-11 14:06:01+01;1199
2016-02-11 16:42:01+01;1159
2016-02-11 21:58:01+01;1379
2016-02-12 05:34:01+01;1289
2016-02-12 06:14:01+01;1209
2016-02-12 07:50:01+01;1199
2016-02-12 08:58:01+01;1159
2016-02-12 12:10:01+01;1199
2016-02-12 13:38:01+01;1189
2016-02-12 15:02:01+01;1179
2016-02-12 21:58:01+01;1379
2016-02-13 07:18:01+01;1229
2016-02-13 09:22:01+01;1219
2016-02-13 09:54:01+01;1179
2016-02-13 12:06:01+01;1219
2016-02-13 13:42:01+01;1179
2016-02-13 22:02:01+01;1379
2016-02-14 08:38:01+01;1229
2016-02-14 10:18:01+01;1229
2016-02-14 11:22:01+01;1179
2016-02-14 12:10:01+01;1219
2016-02-14 13:38:01+01;1179
2016-02-14 14:50:01+01;1179
2016-02-14 21:58:01+01;1379
2016-02-15 06:18:01+01;1229
2016-02-15 10:14:01+01;1189
2016-02-15 12:06:01+01;1229
2016-02-15 13:38:01+01;1189
2016-02-15 14:38:01+01;1169
2016-02-15 14:54:01+01;1169
2016-02-15 19:06:01+01;1169
2016-02-15 21:58:01+01;1379
2016-02-16 06:10:01+01;1249
2016-02-16 09:58:01+01;1229
2016-02-16 12:06:01+01;1269
2016-02-16 13:34:01+01;1229
2016-02-16 13:38:01+01;1229
2016-02-16 14:50:01+01;1209
2016-02-16 15:50:01+01;1189
2016-02-16 21:54:01+01;1389
2016-02-17 06:14:01+01;1249
2016-02-17 08:38:01+01;1229
2016-02-17 12:06:02+01;1269
2016-02-17 14:06:01+01;1209
2016-02-17 15:42:01+01;1199
2016-02-17 22:06:01+01;1379
2016-02-18 06:22:01+01;1229
2016-02-18 08:58:01+01;1209
2016-02-18 12:14:01+01;1249
2016-02-18 13:46:01+01;1209
2016-02-18 15:50:01+01;1189
2016-02-18 20:38:01+01;1169
2016-02-18 22:06:02+01;1379
2016-02-19 06:22:01+01;1229
2016-02-19 09:14:01+01;1209
2016-02-19 12:06:01+01;1249
2016-02-19 13:58:01+01;1209
2016-02-19 16:38:01+01;1189
2016-02-19 22:06:01+01;1379
2016-02-20 07:02:01+01;1229
2016-02-20 10:34:01+01;1209
2016-02-20 12:06:01+01;1249
2016-02-20 13:42:01+01;1209
2016-02-20 15:50:01+01;1189
2016-02-20 20:06:01+01;1169
2016-02-20 22:06:01+01;1379
2016-02-21 07:42:01+01;1229
2016-02-21 09:38:01+01;1209
2016-02-21 12:06:01+01;1249
2016-02-21 12:42:01+01;1229
2016-02-21 13:38:01+01;1189
2016-02-21 16:50:01+01;1159
2016-02-21 22:10:01+01;1379
2016-02-22 06:14:01+01;1229
2016-02-22 09:10:01+01;1209
2016-02-22 10:34:01+01;1209
2016-02-22 12:02:01+01;1249
2016-02-22 13:46:01+01;1209
2016-02-22 14:30:01+01;1189
2016-02-22 15:58:01+01;1169
2016-02-22 21:58:01+01;1369
2016-02-23 06:10:01+01;1229
2016-02-23 07:26:01+01;1209
2016-02-23 09:18:01+01;1209
2016-02-23 12:10:01+01;1249
2016-02-23 13:38:01+01;1209
2016-02-23 15:34:01+01;1189
2016-02-23 16:46:01+01;1179
2016-02-23 19:26:01+01;1159
2016-02-23 21:58:01+01;1369
2016-02-24 06:22:01+01;1229
2016-02-24 08:54:01+01;1209
2016-02-24 09:10:01+01;1209
2016-02-24 12:06:01+01;1249
2016-02-24 13:42:01+01;1209
2016-02-24 16:10:01+01;1179
2016-02-24 17:38:01+01;1169
2016-02-24 22:02:01+01;1369
2016-02-25 06:22:01+01;1209
2016-02-25 09:50:01+01;1189
2016-02-25 12:06:01+01;1229
2016-02-25 13:46:02+01;1189
2016-02-25 21:58:01+01;1379
2016-02-26 06:14:01+01;1229
2016-02-26 07:26:01+01;1209
2016-02-26 08:54:01+01;1209
2016-02-26 12:10:01+01;1249
2016-02-26 13:38:01+01;1209
2016-02-26 15:18:01+01;1169
2016-02-26 21:58:01+01;1389
2016-02-27 07:06:01+01;1229
2016-02-27 09:42:01+01;1209
2016-02-27 12:05:01+01;1249
2016-02-27 13:36:01+01;1209
2016-02-27 16:04:01+01;1189
2016-02-27 17:58:01+01;1179
2016-02-27 21:57:01+01;1389
2016-02-28 07:40:01+01;1249
2016-02-28 09:59:01+01;1229
2016-02-28 14:52:01+01;1189
2016-02-28 21:55:01+01;1389
2016-02-29 06:10:01+01;1249
2016-02-29 08:59:01+01;1229
2016-02-29 10:39:01+01;1209
2016-02-29 12:03:01+01;1249
2016-02-29 13:40:01+01;1209
2016-02-29 15:59:01+01;1169
2016-02-29 21:56:01+01;1389
2016-03-01 06:11:01+01;1249
2016-03-01 12:06:01+01;1289
2016-03-01 13:39:01+01;1229
2016-03-01 14:55:01+01;1209
2016-03-01 15:31:01+01;1189
2016-03-01 17:32:01+01;1189
2016-03-01 21:58:01+01;1389
2016-03-02 06:18:01+01;1249
2016-03-02 08:37:01+01;1229
2016-03-02 09:34:01+01;1189
2016-03-02 12:02:01+01;1229
2016-03-02 12:05:01+01;1229
2016-03-02 13:36:01+01;1209
2016-03-02 14:46:01+01;1189
2016-03-02 16:34:01+01;1169
2016-03-02 21:58:01+01;1389
2016-03-03 06:08:01+01;1249
2016-03-03 07:45:01+01;1229
2016-03-03 11:16:01+01;1209
2016-03-03 12:05:01+01;1249
2016-03-03 13:36:01+01;1209
2016-03-03 15:24:01+01;1209
2016-03-03 15:48:01+01;1189
2016-03-03 19:12:01+01;1179
2016-03-03 21:58:01+01;1389
2016-03-04 06:10:01+01;1229
2016-03-04 09:27:01+01;1229
2016-03-04 11:34:01+01;1209
2016-03-04 11:55:01+01;1249
2016-03-04 13:38:01+01;1209
2016-03-04 14:08:01+01;1189
2016-03-04 20:38:01+01;1179
2016-03-04 21:56:01+01;1389
2016-03-05 07:33:01+01;1229
2016-03-05 11:11:01+01;1209
2016-03-05 12:02:01+01;1209
2016-03-05 12:05:01+01;1249
2016-03-05 13:35:01+01;1209
2016-03-05 14:24:01+01;1179
2016-03-05 18:52:01+01;1179
2016-03-05 21:56:01+01;1389
2016-03-06 07:33:01+01;1229
2016-03-06 12:05:01+01;1269
2016-03-06 13:38:01+01;1229
2016-03-06 15:51:01+01;1179
2016-03-06 18:16:01+01;1179
2016-03-06 21:57:01+01;1389
2016-03-07 05:45:01+01;1299
2016-03-07 06:09:01+01;1229
2016-03-07 08:52:01+01;1219
2016-03-07 09:22:01+01;1209
2016-03-07 12:09:01+01;1249
2016-03-07 13:39:01+01;1209
2016-03-07 15:31:01+01;1209
2016-03-07 15:43:01+01;1179
2016-03-07 21:59:01+01;1399
2016-03-08 05:43:01+01;1329
2016-03-08 06:10:01+01;1249
2016-03-08 08:48:01+01;1229
2016-03-08 12:06:01+01;1269
2016-03-08 12:21:01+01;1249
2016-03-08 13:37:01+01;1209
2016-03-08 16:06:01+01;1179
2016-03-08 21:57:01+01;1419
2016-03-09 05:46:01+01;1329
2016-03-09 06:16:01+01;1249
2016-03-09 09:47:01+01;1229
2016-03-09 11:42:01+01;1219
2016-03-09 12:03:02+01;1259
2016-03-09 14:04:01+01;1229
2016-03-09 18:03:01+01;1189
2016-03-09 19:09:01+01;1189
2016-03-09 22:08:01+01;1419
2016-03-10 05:41:01+01;1349
2016-03-10 06:11:01+01;1259
2016-03-10 08:51:01+01;1239
2016-03-10 10:28:01+01;1189
2016-03-10 12:07:01+01;1229
2016-03-10 12:50:01+01;1219
2016-03-10 13:38:01+01;1209
2016-03-10 13:56:01+01;1199
2016-03-10 15:48:01+01;1179
2016-03-10 19:10:01+01;1169
2016-03-10 21:56:01+01;1419
2016-03-11 05:41:01+01;1329
2016-03-11 06:09:01+01;1239
2016-03-11 07:24:01+01;1239
2016-03-11 09:07:01+01;1229
2016-03-11 10:01:01+01;1219
2016-03-11 11:08:01+01;1209
2016-03-11 12:05:01+01;1239
2016-03-11 13:36:01+01;1229
2016-03-11 14:10:01+01;1199
2016-03-11 14:52:01+01;1169
2016-03-11 21:56:01+01;1399
2016-03-12 07:21:01+01;1239
2016-03-12 11:25:01+01;1199
2016-03-12 12:05:01+01;1199
2016-03-12 12:08:01+01;1239
2016-03-12 12:53:01+01;1189
2016-03-12 13:35:01+01;1189
2016-03-12 13:53:01+01;1189
2016-03-12 21:59:01+01;1399
2016-03-13 07:43:01+01;1239
2016-03-13 10:47:01+01;1229
2016-03-13 12:02:01+01;1229
2016-03-13 13:39:01+01;1189
2016-03-13 21:57:01+01;1399
2016-03-14 05:43:01+01;1309
2016-03-14 06:10:01+01;1249
2016-03-14 07:47:01+01;1229
2016-03-14 09:11:01+01;1229
2016-03-14 09:48:01+01;1199
2016-03-14 10:27:01+01;1189
2016-03-14 11:06:01+01;1179
2016-03-14 12:04:01+01;1219
2016-03-14 13:38:01+01;1209
2016-03-14 13:53:01+01;1199
2016-03-14 14:59:01+01;1179
2016-03-14 21:57:01+01;1399
2016-03-15 05:43:01+01;1329
2016-03-15 06:14:01+01;1239
2016-03-15 07:11:01+01;1239
2016-03-15 08:00:01+01;1239
2016-03-15 08:51:01+01;1199
2016-03-15 12:04:01+01;1239
2016-03-15 12:20:02+01;1219
2016-03-15 13:38:01+01;1209
2016-03-15 14:11:01+01;1189
2016-03-15 15:36:01+01;1189
2016-03-15 16:37:01+01;1189
2016-03-15 22:00:01+01;1389
2016-03-16 05:39:01+01;1329
2016-03-16 06:12:01+01;1249
2016-03-16 07:39:02+01;1239
2016-03-16 09:25:01+01;1219
2016-03-16 09:46:01+01;1219
2016-03-16 10:50:01+01;1179
2016-03-16 12:05:01+01;1219
2016-03-16 13:39:01+01;1209
2016-03-16 13:54:01+01;1199
2016-03-16 15:07:01+01;1159
2016-03-16 17:50:01+01;1159
2016-03-16 21:58:01+01;1389
2016-03-17 05:40:01+01;1309
2016-03-17 06:13:01+01;1229
2016-03-17 08:54:02+01;1229
2016-03-17 09:30:01+01;1219
2016-03-17 11:07:01+01;1179
2016-03-17 12:05:02+01;1219
2016-03-17 13:35:01+01;1209
2016-03-17 14:24:01+01;1189
2016-03-17 15:39:01+01;1179
2016-03-17 21:57:01+01;1399
2016-03-18 05:39:01+01;1329
2016-03-18 06:10:01+01;1239
2016-03-18 08:17:01+01;1229
2016-03-18 09:11:01+01;1219
2016-03-18 10:05:01+01;1189
2016-03-18 11:00:02+01;1169
2016-03-18 12:04:01+01;1209
2016-03-18 13:38:01+01;1199
2016-03-18 13:59:01+01;1179
2016-03-18 18:28:01+01;1179
2016-03-18 21:59:01+01;1399
2016-03-19 06:44:01+01;1259
2016-03-19 07:24:01+01;1239
2016-03-19 10:34:01+01;1219
2016-03-19 10:37:01+01;1219
2016-03-19 10:55:01+01;1209
2016-03-19 11:53:01+01;1209
2016-03-19 12:08:01+01;1249
2016-03-19 13:38:01+01;1209
2016-03-19 15:30:01+01;1179
2016-03-19 21:56:01+01;1399
2016-03-20 07:45:01+01;1239
2016-03-20 12:05:01+01;1239
2016-03-20 12:08:01+01;1229
2016-03-20 13:35:01+01;1189
2016-03-20 21:56:01+01;1399
2016-03-21 05:41:01+01;1299
2016-03-21 06:14:01+01;1179
2016-03-21 12:07:01+01;1219
2016-03-21 13:34:01+01;1209
2016-03-21 18:39:01+01;1209
2016-03-21 21:58:01+01;1399
2016-03-22 05:38:01+01;1339
2016-03-22 06:14:01+01;1249
2016-03-22 09:39:01+01;1249
2016-03-22 11:07:01+01;1209
2016-03-22 12:07:01+01;1249
2016-03-22 13:35:02+01;1229
2016-03-22 17:18:01+01;1189
2016-03-22 17:21:01+01;1189
2016-03-22 22:05:01+01;1419
2016-03-23 05:38:01+01;1339
2016-03-23 06:20:01+01;1269
2016-03-23 08:45:01+01;1249
2016-03-23 09:09:01+01;1229
2016-03-23 10:52:01+01;1209
2016-03-23 12:07:01+01;1249
2016-03-23 13:50:01+01;1229
2016-03-23 18:00:01+01;1209
2016-03-23 21:56:01+01;1419
2016-03-24 06:14:01+01;1259
2016-03-24 08:51:01+01;1249
2016-03-24 10:19:01+01;1249
2016-03-24 11:53:01+01;1209
2016-03-24 12:02:01+01;1249
2016-03-24 12:05:02+01;1249
2016-03-24 13:38:01+01;1229
2016-03-24 15:18:01+01;1209
2016-03-24 20:26:01+01;1179
2016-03-24 22:02:01+01;1449
2016-03-25 07:58:01+01;1259
2016-03-25 10:25:01+01;1219
2016-03-25 12:05:01+01;1229
2016-03-25 13:39:01+01;1189
2016-03-25 22:03:01+01;1449
2016-03-26 08:04:01+01;1269
2016-03-26 09:34:01+01;1259
2016-03-26 10:41:01+01;1239
2016-03-26 12:03:01+01;1249
2016-03-26 12:39:01+01;1209
2016-03-26 13:00:01+01;1249
2016-03-26 13:36:01+01;1209
2016-03-26 22:01:01+01;1449
2016-03-27 07:34:01+02;1269
2016-03-27 10:42:01+02;1249
2016-03-27 12:06:01+02;1289
2016-03-27 12:30:01+02;1259
2016-03-27 13:37:02+02;1219
2016-03-27 22:01:01+02;1449
2016-03-28 07:35:01+02;1269
2016-03-28 11:06:01+02;1229
2016-03-28 12:04:01+02;1269
2016-03-28 13:37:01+02;1219
2016-03-28 22:04:01+02;1449
2016-03-29 05:41:01+02;1339
2016-03-29 06:14:01+02;1269
2016-03-29 10:03:01+02;1219
2016-03-29 12:07:01+02;1259
2016-03-29 13:47:01+02;1249
2016-03-29 14:44:01+02;1229
2016-03-29 15:54:01+02;1219
2016-03-29 16:00:01+02;1209
2016-03-29 19:07:01+02;1209
2016-03-29 20:22:01+02;1179
2016-03-29 21:59:01+02;1439
2016-03-30 05:41:01+02;1369
2016-03-30 06:18:01+02;1289
2016-03-30 07:45:01+02;1289
2016-03-30 08:55:01+02;1239
2016-03-30 09:01:01+02;1239
2016-03-30 10:23:01+02;1239
2016-03-30 10:38:01+02;1219
2016-03-30 12:07:01+02;1259
2016-03-30 13:37:02+02;1239
2016-03-30 16:26:01+02;1239
2016-03-30 19:04:01+02;1209
2016-03-30 21:59:01+02;1439
2016-03-31 05:40:01+02;1369
2016-03-31 06:08:01+02;1289
2016-03-31 08:45:02+02;1289
2016-03-31 09:06:01+02;1269
2016-03-31 09:36:01+02;1259
2016-03-31 10:49:01+02;1239
2016-03-31 11:04:01+02;1239
2016-03-31 11:22:01+02;1239
2016-03-31 12:04:01+02;1279
2016-03-31 13:38:01+02;1239
2016-03-31 15:54:01+02;1239
2016-03-31 21:59:01+02;1449
2016-04-01 05:41:01+02;1389
2016-04-01 06:15:01+02;1309
2016-04-01 09:37:01+02;1259
2016-04-01 10:19:01+02;1239
2016-04-01 12:05:01+02;1269
2016-04-01 13:36:01+02;1259
2016-04-01 14:57:01+02;1239
2016-04-01 20:14:01+02;1229
2016-04-01 22:06:01+02;1449
2016-04-02 06:39:01+02;1309
2016-04-02 07:12:01+02;1299
2016-04-02 10:29:01+02;1289
2016-04-02 11:41:01+02;1239
2016-04-02 12:05:01+02;1279
2016-04-02 13:36:01+02;1239
2016-04-02 21:57:01+02;1449
2016-04-03 08:22:01+02;1269
2016-04-03 12:24:01+02;1279
2016-04-03 12:33:01+02;1279
2016-04-03 13:36:01+02;1239
2016-04-03 21:57:01+02;1449
2016-04-04 05:42:01+02;1349
2016-04-04 06:13:01+02;1289
2016-04-04 07:55:01+02;1279
2016-04-04 10:06:01+02;1299
2016-04-04 10:21:01+02;1249
2016-04-04 10:36:01+02;1229
2016-04-04 14:04:01+02;1259
2016-04-04 14:35:01+02;1229
2016-04-04 21:53:01+02;1429
2016-04-05 05:37:01+02;1369
2016-04-05 06:25:02+02;1289
2016-04-05 08:41:01+02;1269
2016-04-05 09:11:01+02;1239
2016-04-05 10:06:01+02;1259
2016-04-05 10:36:01+02;1219
2016-04-05 16:08:01+02;1219
2016-04-05 21:56:01+02;1429
2016-04-06 05:38:01+02;1369
2016-04-06 06:08:01+02;1279
2016-04-06 09:31:01+02;1259
2016-04-06 10:04:01+02;1279
2016-04-06 10:07:01+02;1279
2016-04-06 10:37:01+02;1259
2016-04-06 10:43:01+02;1259
2016-04-06 14:03:01+02;1289
2016-04-06 14:36:01+02;1239
2016-04-06 16:25:01+02;1219
2016-04-06 21:57:01+02;1429
2016-04-07 05:37:01+02;1369
2016-04-07 05:40:01+02;1369
2016-04-07 06:14:01+02;1289
2016-04-07 06:59:01+02;1279
2016-04-07 08:12:01+02;1279
2016-04-07 08:42:01+02;1239
2016-04-07 09:58:01+02;1229
2016-04-07 10:04:01+02;1249
2016-04-07 10:37:01+02;1219
2016-04-07 14:02:01+02;1249
2016-04-07 14:35:01+02;1219
2016-04-07 21:56:01+02;1429
2016-04-08 06:18:01+02;1299
2016-04-08 08:49:01+02;1289
2016-04-08 09:22:01+02;1219
2016-04-08 10:04:01+02;1239
2016-04-08 10:37:01+02;1219
2016-04-08 14:06:01+02;1249
2016-04-08 14:45:01+02;1219
2016-04-08 21:58:01+02;1459
2016-04-09 07:42:01+02;1359
2016-04-09 08:55:01+02;1279
2016-04-09 11:23:01+02;1239
2016-04-09 11:26:01+02;1239
2016-04-09 14:06:01+02;1259
2016-04-09 14:39:01+02;1219
2016-04-09 21:56:01+02;1459
2016-04-10 08:16:01+02;1289
2016-04-10 10:53:01+02;1279
2016-04-10 13:51:01+02;1229
2016-04-10 14:06:01+02;1259
2016-04-10 14:36:01+02;1229
2016-04-10 21:57:01+02;1459
2016-04-11 05:42:01+02;1349
2016-04-11 06:09:01+02;1299
2016-04-11 06:12:01+02;1299
2016-04-11 07:55:01+02;1289
2016-04-11 09:10:01+02;1279
2016-04-11 09:38:01+02;1249
2016-04-11 10:05:01+02;1269
2016-04-11 10:38:01+02;1249
2016-04-11 11:23:01+02;1239
2016-04-11 12:24:01+02;1219
2016-04-11 21:57:01+02;1479
2016-04-12 05:39:01+02;1369
2016-04-12 06:10:01+02;1279
2016-04-12 08:23:01+02;1279
2016-04-12 10:06:01+02;1299
2016-04-12 10:36:01+02;1279
2016-04-12 10:45:01+02;1239
2016-04-12 14:07:01+02;1269
2016-04-12 14:38:01+02;1239
2016-04-12 16:23:01+02;1239
2016-04-12 21:58:01+02;1479
2016-04-13 05:41:01+02;1389
2016-04-13 06:08:01+02;1309
2016-04-13 08:15:01+02;1299
2016-04-13 10:10:01+02;1269
2016-04-13 10:37:01+02;1249
2016-04-13 10:56:01+02;1249
2016-04-13 14:06:01+02;1279
2016-04-13 14:39:01+02;1249
2016-04-13 16:13:02+02;1239
2016-04-13 17:13:01+02;1229
2016-04-13 21:57:01+02;1489
2016-04-14 05:39:01+02;1379
2016-04-14 06:15:02+02;1289
2016-04-14 08:47:01+02;1289
2016-04-14 09:23:01+02;1269
2016-04-14 10:05:01+02;1289
2016-04-14 10:39:01+02;1249
2016-04-14 10:45:02+02;1249
2016-04-14 14:04:01+02;1279
2016-04-14 14:37:01+02;1249
2016-04-14 15:50:01+02;1249
2016-04-14 16:11:01+02;1249
2016-04-14 20:58:01+02;1499
2016-04-15 05:45:01+02;1399
2016-04-15 06:12:01+02;1309
2016-04-15 07:36:01+02;1289
2016-04-15 09:04:01+02;1289
2016-04-15 09:07:01+02;1269
2016-04-15 09:31:01+02;1269
2016-04-15 10:07:01+02;1299
2016-04-15 10:38:01+02;1269
2016-04-15 11:08:01+02;1259
2016-04-15 14:06:01+02;1289
2016-04-15 14:36:01+02;1259
2016-04-15 14:39:01+02;1259
2016-04-15 20:57:01+02;1499
2016-04-16 07:01:02+02;1309
2016-04-16 08:43:01+02;1299
2016-04-16 10:17:01+02;1269
2016-04-16 13:33:01+02;1259
2016-04-16 14:06:01+02;1289
2016-04-16 14:37:01+02;1259
2016-04-16 20:57:01+02;1499
2016-04-17 07:50:01+02;1309
2016-04-17 10:54:01+02;1299
2016-04-17 11:52:01+02;1259
2016-04-17 14:04:01+02;1289
2016-04-17 14:38:01+02;1259
2016-04-17 20:55:01+02;1499
2016-04-18 05:43:01+02;1379
2016-04-18 06:07:01+02;1379
2016-04-18 06:10:01+02;1309
2016-04-18 07:59:01+02;1299
2016-04-18 10:06:01+02;1329
2016-04-18 10:36:01+02;1299
2016-04-18 14:05:01+02;1339
2016-04-18 14:38:01+02;1299
2016-04-18 15:05:01+02;1289
2016-04-18 18:19:01+02;1249
2016-04-19 07:58:01+02;1249
2016-04-19 08:01:01+02;1249
2016-04-19 08:22:01+02;1249
2016-04-19 10:05:02+02;1279
2016-04-19 10:38:01+02;1249
2016-04-19 14:04:01+02;1289
2016-04-19 14:37:01+02;1249
2016-04-19 20:57:01+02;1469
2016-04-20 06:10:01+02;1309
2016-04-20 11:24:01+02;1309
2016-04-20 12:07:01+02;1349
2016-04-20 13:37:01+02;1309
2016-04-20 16:09:01+02;1289
2016-04-20 17:48:01+02;1269
2016-04-20 21:05:02+02;1479
2016-04-21 05:41:01+02;1419
2016-04-21 06:17:01+02;1309
2016-04-21 12:04:01+02;1349
2016-04-21 13:38:01+02;1309
2016-04-21 17:52:01+02;1289
2016-04-21 22:02:01+02;1489
2016-04-22 06:00:01+02;1419
2016-04-22 06:27:01+02;1309
2016-04-22 12:05:01+02;1349
2016-04-22 13:36:01+02;1289
2016-04-22 16:52:01+02;1289
2016-04-22 20:45:01+02;1259
2016-04-22 22:06:01+02;1499
2016-04-23 07:06:01+02;1309
2016-04-23 12:05:01+02;1349
2016-04-23 13:15:01+02;1329
2016-04-23 13:39:01+02;1289
2016-04-23 17:40:01+02;1269
2016-04-23 22:03:01+02;1499
2016-04-24 08:19:01+02;1309
2016-04-24 12:05:01+02;1349
2016-04-24 13:39:01+02;1289
2016-04-24 14:45:01+02;1289
2016-04-24 17:28:01+02;1269
2016-04-24 21:46:01+02;1269
2016-04-24 22:06:01+02;1499
2016-04-25 06:18:01+02;1309
2016-04-25 12:05:01+02;1349
2016-04-25 13:36:01+02;1349
2016-04-25 13:39:01+02;1309
2016-04-25 15:51:01+02;1289
2016-04-25 22:03:01+02;1499
2016-04-26 05:45:01+02;1439
2016-04-26 05:48:01+02;1429
2016-04-26 06:15:01+02;1329
2016-04-26 11:02:01+02;1309
2016-04-26 12:05:01+02;1349
2016-04-26 13:39:01+02;1309
2016-04-26 15:37:01+02;1289
2016-04-26 21:54:01+02;1499
2016-04-27 06:19:01+02;1329
2016-04-27 12:06:01+02;1369
2016-04-27 13:34:01+02;1329
2016-04-27 13:37:01+02;1329
2016-04-27 16:08:01+02;1309
2016-04-27 22:04:01+02;1499
2016-04-27 22:07:01+02;1499
2016-04-28 06:17:01+02;1339
2016-04-28 09:54:01+02;1309
2016-04-28 12:04:01+02;1349
2016-04-28 13:38:01+02;1309
2016-04-28 15:32:01+02;1289
2016-04-28 17:07:01+02;1289
2016-04-28 22:02:02+02;1499
2016-04-29 06:19:01+02;1329
2016-04-29 10:03:01+02;1309
2016-04-29 12:04:01+02;1349
2016-04-29 12:07:01+02;1349
2016-04-29 13:37:01+02;1299
2016-04-29 18:33:01+02;1289
2016-04-29 22:02:01+02;1499
2016-04-30 06:53:01+02;1339
2016-04-30 09:24:01+02;1299
2016-04-30 11:18:01+02;1289
2016-04-30 12:07:01+02;1329
2016-04-30 13:37:01+02;1289
2016-04-30 13:40:01+02;1289
2016-04-30 19:12:01+02;1279
2016-04-30 22:04:01+02;1499
2016-05-01 07:39:01+02;1339
2016-05-01 13:59:01+02;1289
2016-05-01 18:10:01+02;1269
2016-05-01 21:26:06+02;1269
2016-05-01 22:08:01+02;1499
2016-05-01 22:09:01+02;1499
2016-05-02 06:09:01+02;1339
2016-05-02 09:37:01+02;1329
2016-05-02 10:29:01+02;1309
2016-05-02 10:49:01+02;1299
2016-05-02 12:01:01+02;1339
2016-05-02 12:41:01+02;1329
2016-05-02 14:05:01+02;1299
2016-05-02 14:53:01+02;1299
2016-05-02 15:57:01+02;1289
2016-05-02 21:53:01+02;1499
2016-05-03 05:54:01+02;1339
2016-05-03 09:25:02+02;1329
2016-05-03 11:56:01+02;1369
2016-05-03 12:41:01+02;1349
2016-05-03 14:09:01+02;1309
2016-05-03 15:12:01+02;1289
2016-05-03 21:56:01+02;1499
2016-05-04 05:53:01+02;1329
2016-05-04 11:31:01+02;1329
2016-05-04 11:37:01+02;1309
2016-05-04 11:58:01+02;1349
2016-05-04 12:19:01+02;1349
2016-05-04 14:08:01+02;1309
2016-05-04 15:29:01+02;1289
2016-05-04 15:45:01+02;1289
2016-05-04 19:19:01+02;1269
2016-05-04 21:59:01+02;1489
2016-05-05 05:57:01+02;1309
2016-05-05 11:26:01+02;1289
2016-05-05 11:56:01+02;1329
2016-05-05 13:45:01+02;1289
2016-05-05 21:57:01+02;1489
2016-05-06 05:52:01+02;1309
2016-05-06 10:29:01+02;1309
2016-05-06 11:57:01+02;1349
2016-05-06 14:10:01+02;1309
2016-05-06 14:52:01+02;1289
2016-05-06 16:14:01+02;1289
2016-05-06 16:17:01+02;1269
2016-05-06 21:55:01+02;1489
2016-05-07 05:56:01+02;1309
2016-05-07 11:58:01+02;1349
2016-05-07 13:35:01+02;1299
2016-05-07 15:14:01+02;1299
2016-05-07 15:17:02+02;1289
2016-05-07 16:48:01+02;1279
2016-05-07 21:01:01+02;1259
2016-05-07 21:56:01+02;1489
2016-05-08 05:53:01+02;1309
2016-05-08 15:09:01+02;1309
2016-05-08 15:21:01+02;1299
2016-05-08 15:24:01+02;1299
2016-05-08 16:15:01+02;1289
2016-05-08 21:56:01+02;1489
2016-05-09 06:06:01+02;1309
2016-05-09 09:28:01+02;1299
2016-05-09 09:31:01+02;1299
2016-05-09 10:50:01+02;1289
2016-05-09 11:56:01+02;1329
2016-05-09 14:09:01+02;1289
2016-05-09 15:55:01+02;1279
2016-05-09 18:17:01+02;1269
2016-05-09 18:20:01+02;1269
2016-05-09 21:57:01+02;1489
2016-05-10 05:56:01+02;1309
2016-05-10 10:00:02+02;1309
2016-05-10 10:37:01+02;1299
2016-05-10 11:58:01+02;1339
2016-05-10 13:14:01+02;1329
2016-05-10 13:20:01+02;1329
2016-05-10 13:50:01+02;1289
2016-05-10 15:15:02+02;1279
2016-05-10 16:00:01+02;1269
2016-05-10 21:56:01+02;1469
2016-05-11 05:53:01+02;1309
2016-05-11 11:56:01+02;1349
2016-05-11 12:51:02+02;1319
2016-05-11 13:31:01+02;1279
2016-05-11 15:56:01+02;1269
2016-05-11 17:15:01+02;1259
2016-05-11 21:56:01+02;1479
2016-05-12 05:54:01+02;1309
2016-05-12 10:02:01+02;1309
2016-05-12 11:33:01+02;1299
2016-05-12 12:00:01+02;1339
2016-05-12 14:10:01+02;1299
2016-05-12 14:52:01+02;1289
2016-05-12 19:27:01+02;1269
2016-05-12 21:58:01+02;1499
2016-05-13 05:55:01+02;1329
2016-05-13 09:39:01+02;1309
2016-05-13 11:55:01+02;1349
2016-05-13 14:08:01+02;1309
2016-05-13 14:11:01+02;1309
2016-05-13 15:15:01+02;1299
2016-05-13 15:30:01+02;1289
2016-05-13 17:25:01+02;1279
2016-05-13 22:00:01+02;1499
2016-05-14 05:51:01+02;1329
2016-05-14 09:56:01+02;1309
2016-05-14 11:54:01+02;1349
2016-05-14 11:57:01+02;1349
2016-05-14 12:09:02+02;1339
2016-05-14 13:31:01+02;1289
2016-05-14 17:53:01+02;1279
2016-05-14 21:58:01+02;1499
2016-05-15 06:05:01+02;1329
2016-05-15 10:37:01+02;1309
2016-05-15 11:52:01+02;1299
2016-05-15 11:55:01+02;1339
2016-05-15 14:08:01+02;1299
2016-05-15 15:08:01+02;1289
2016-05-15 16:27:01+02;1269
2016-05-15 21:56:01+02;1499
2016-05-16 05:54:01+02;1329
2016-05-16 11:05:01+02;1319
2016-05-16 11:38:01+02;1309
2016-05-16 11:56:01+02;1349
2016-05-16 14:09:01+02;1309
2016-05-16 14:57:01+02;1289
2016-05-16 21:57:01+02;1499
2016-05-17 05:55:02+02;1329
2016-05-17 09:41:01+02;1309
2016-05-17 10:17:01+02;1309
2016-05-17 11:45:01+02;1299
2016-05-17 11:57:01+02;1339
2016-05-17 14:07:01+02;1309
2016-05-17 14:37:01+02;1299
2016-05-17 15:29:01+02;1289
2016-05-17 15:32:01+02;1289
2016-05-17 20:58:01+02;1269
2016-05-17 21:59:01+02;1499
2016-05-18 05:53:01+02;1339
2016-05-18 09:58:01+02;1329
2016-05-18 10:43:01+02;1329
2016-05-18 11:59:01+02;1369
2016-05-18 12:38:01+02;1369
2016-05-18 14:09:01+02;1329
2016-05-18 14:36:01+02;1309
2016-05-18 17:07:01+02;1309
2016-05-18 17:50:01+02;1299
2016-05-18 21:55:01+02;1499
2016-05-19 05:51:01+02;1349
2016-05-19 11:26:01+02;1299
2016-05-19 11:56:01+02;1339
2016-05-19 14:09:01+02;1309
2016-05-19 14:40:01+02;1299
2016-05-19 21:58:01+02;1499
2016-05-20 05:51:01+02;1499
2016-05-20 05:54:01+02;1349
2016-05-20 10:44:01+02;1319
2016-05-20 10:53:01+02;1309
2016-05-20 11:56:01+02;1349
2016-05-20 14:09:01+02;1309
2016-05-20 14:19:01+02;1309
2016-05-20 16:56:01+02;1299
2016-05-20 17:26:01+02;1299
2016-05-20 21:55:01+02;1399
2016-05-21 06:07:01+02;1349
2016-05-21 10:42:01+02;1339
2016-05-21 11:27:01+02;1339
2016-05-21 11:33:01+02;1329
2016-05-21 11:58:01+02;1369
2016-05-21 13:22:01+02;1349
2016-05-21 13:58:01+02;1309
2016-05-21 16:29:01+02;1289
2016-05-21 18:21:01+02;1289
2016-05-21 21:58:01+02;1399
2016-05-22 05:56:01+02;1349
2016-05-22 11:34:01+02;1329
2016-05-22 11:55:02+02;1369
2016-05-22 13:35:01+02;1309
2016-05-22 16:03:01+02;1289
2016-05-22 21:59:01+02;1399
2016-05-23 05:50:01+02;1299
2016-05-23 05:56:01+02;1299
2016-05-23 10:40:01+02;1289
2016-05-23 11:58:01+02;1329
2016-05-23 14:05:01+02;1309
2016-05-23 15:21:01+02;1309
2016-05-23 18:34:01+02;1309
2016-05-23 21:57:02+02;1419
2016-05-24 05:55:01+02;1349
2016-05-24 09:08:01+02;1329
2016-05-24 12:00:01+02;1369
2016-05-24 14:07:01+02;1329
2016-05-24 14:46:01+02;1329
2016-05-24 15:22:01+02;1329
2016-05-24 15:40:01+02;1309
2016-05-24 18:29:01+02;1309
2016-05-24 21:58:01+02;1429
2016-05-25 05:55:01+02;1349
2016-05-25 09:45:01+02;1329
2016-05-25 11:57:01+02;1369
2016-05-25 14:07:01+02;1329
2016-05-25 14:47:01+02;1309
2016-05-25 19:13:01+02;1309
2016-05-25 21:56:01+02;1429
2016-05-26 05:51:01+02;1349
2016-05-26 10:05:01+02;1349
2016-05-26 10:56:01+02;1329
2016-05-26 11:02:01+02;1329
2016-05-26 11:32:01+02;1319
2016-05-26 11:56:01+02;1359
2016-05-26 14:03:01+02;1309
2016-05-26 21:57:01+02;1429
2016-05-27 05:55:02+02;1349
2016-05-27 09:44:02+02;1349
2016-05-27 09:47:01+02;1329
2016-05-27 10:17:01+02;1329
2016-05-27 11:57:01+02;1369
2016-05-27 12:48:01+02;1359
2016-05-27 14:07:01+02;1329
2016-05-27 15:37:01+02;1309
2016-05-27 15:40:01+02;1309
2016-05-27 21:55:01+02;1429
2016-05-28 05:52:01+02;1349
2016-05-28 10:42:01+02;1349
2016-05-28 11:03:01+02;1329
2016-05-28 11:58:01+02;1369
2016-05-28 12:19:01+02;1369
2016-05-28 13:56:01+02;1309
2016-05-28 21:56:01+02;1309
2016-05-28 21:59:02+02;1429
2016-05-29 05:53:01+02;1349
2016-05-29 10:31:01+02;1329
2016-05-29 11:56:01+02;1369
2016-05-29 13:54:02+02;1329
2016-05-29 13:57:01+02;1309
2016-05-29 21:57:01+02;1429
2016-05-30 06:00:01+02;1349
2016-05-30 09:49:01+02;1329
2016-05-30 11:59:01+02;1369
2016-05-30 14:09:01+02;1329
2016-05-30 16:59:01+02;1319
2016-05-30 21:55:01+02;1429
2016-05-31 07:17:01+02;1369
2016-05-31 11:52:01+02;1359
2016-05-31 11:55:01+02;1399
2016-05-31 14:08:01+02;1359
2016-05-31 14:59:01+02;1349
2016-05-31 17:21:01+02;1339
2016-05-31 21:56:01+02;1429
2016-06-01 05:54:02+02;1369
2016-06-01 11:14:01+02;1369
2016-06-01 11:23:01+02;1349
2016-06-01 11:56:01+02;1389
2016-06-01 12:23:01+02;1389
2016-06-01 14:09:01+02;1349
2016-06-01 15:00:01+02;1339
2016-06-01 16:10:01+02;1329
2016-06-01 16:58:01+02;1319
2016-06-01 21:54:01+02;1429
2016-06-02 05:55:01+02;1369
2016-06-02 11:12:01+02;1359
2016-06-02 11:34:01+02;1349
2016-06-02 11:58:01+02;1389
2016-06-02 14:08:01+02;1349
2016-06-02 14:38:01+02;1329
2016-06-02 15:47:01+02;1329
2016-06-02 16:05:01+02;1329
2016-06-02 17:09:01+02;1309
2016-06-02 21:56:01+02;1429
2016-06-03 07:24:01+02;1369
2016-06-03 12:02:01+02;1369
2016-06-03 14:09:01+02;1339
2016-06-03 14:12:01+02;1339
2016-06-03 14:30:02+02;1339
2016-06-03 15:31:01+02;1319
2016-06-03 19:32:01+02;1309
2016-06-03 21:57:02+02;1429
2016-06-04 05:55:01+02;1369
2016-06-04 11:14:01+02;1329
2016-06-04 11:56:01+02;1369
2016-06-04 14:09:01+02;1329
2016-06-04 15:27:01+02;1329
2016-06-04 15:33:01+02;1319
2016-06-04 21:56:01+02;1429
2016-06-05 05:54:01+02;1359
2016-06-05 11:35:01+02;1349
2016-06-05 11:56:01+02;1389
2016-06-05 11:59:01+02;1389
2016-06-05 14:09:02+02;1349
2016-06-05 16:01:01+02;1329
2016-06-05 21:57:01+02;1429
2016-06-06 05:57:01+02;1369
2016-06-06 11:57:01+02;1409
2016-06-06 14:07:01+02;1369
2016-06-06 21:58:01+02;1429
2016-06-07 07:17:01+02;1369
2016-06-07 11:58:01+02;1409
2016-06-07 14:08:01+02;1399
2016-06-07 14:20:01+02;1369
2016-06-07 21:59:01+02;1419
2016-06-08 07:09:01+02;1409
2016-06-08 08:28:01+02;1409
2016-06-08 08:34:01+02;1379
2016-06-08 11:56:01+02;1419
2016-06-08 14:06:01+02;1409
2016-06-08 16:04:01+02;1369
2016-06-08 16:07:01+02;1329
2016-06-08 16:13:01+02;1319
2016-06-08 17:23:01+02;1319
2016-06-08 21:57:01+02;1419
2016-06-09 05:57:01+02;1349
2016-06-09 10:11:01+02;1329
2016-06-09 12:00:01+02;1369
2016-06-09 14:10:02+02;1329
2016-06-09 15:10:01+02;1309
2016-06-09 16:41:01+02;1289
2016-06-09 19:21:01+02;1279
2016-06-09 21:58:01+02;1419
2016-06-10 05:55:01+02;1349
2016-06-10 10:15:01+02;1329
2016-06-10 10:52:01+02;1319
2016-06-10 11:58:01+02;1359
2016-06-10 13:23:01+02;1349
2016-06-10 14:02:01+02;1309
2016-06-10 16:45:01+02;1309
2016-06-10 17:39:01+02;1289
2016-06-10 21:59:01+02;1429
2016-06-11 05:51:01+02;1349
2016-06-11 11:47:01+02;1349
2016-06-11 11:50:01+02;1329
2016-06-11 11:56:01+02;1369
2016-06-11 13:45:01+02;1309
2016-06-11 16:01:01+02;1309
2016-06-11 16:58:01+02;1289
2016-06-11 21:57:01+02;1429
2016-06-12 05:57:01+02;1349
2016-06-12 10:20:02+02;1349
2016-06-12 11:02:01+02;1349
2016-06-12 11:05:01+02;1329
2016-06-12 11:57:01+02;1369
2016-06-12 12:48:01+02;1369
2016-06-12 14:10:01+02;1329
2016-06-12 14:22:01+02;1309
2016-06-12 15:52:01+02;1289
2016-06-12 21:58:01+02;1429
2016-06-13 06:10:01+02;1349
2016-06-13 09:24:01+02;1329
2016-06-13 11:27:01+02;1329
2016-06-13 11:58:01+02;1369
2016-06-13 14:08:01+02;1329
2016-06-13 16:45:01+02;1309
2016-06-13 17:00:01+02;1309
2016-06-13 19:07:01+02;1309
2016-06-13 19:55:01+02;1289
2016-06-13 21:56:01+02;1429
2016-06-14 05:41:01+02;1349
2016-06-14 10:04:01+02;1339
2016-06-14 11:26:01+02;1329
2016-06-14 11:56:01+02;1369
2016-06-14 12:32:01+02;1359
2016-06-14 13:45:01+02;1329
2016-06-14 15:36:01+02;1329
2016-06-14 15:39:01+02;1319
2016-06-14 15:48:01+02;1309
2016-06-14 16:12:01+02;1289
2016-06-14 20:32:01+02;1279
2016-06-14 21:57:02+02;1429
2016-06-15 05:42:01+02;1349
2016-06-15 07:49:01+02;1349
2016-06-15 09:25:02+02;1329
2016-06-15 11:26:01+02;1309
2016-06-15 11:59:01+02;1349
2016-06-15 14:09:01+02;1309
2016-06-15 15:37:01+02;1309
2016-06-15 15:46:01+02;1289
2016-06-15 16:13:01+02;1289
2016-06-15 17:08:01+02;1269
2016-06-15 21:58:01+02;1419
2016-06-16 05:56:01+02;1329
2016-06-16 10:05:01+02;1329
2016-06-16 10:56:01+02;1329
2016-06-16 11:56:01+02;1369
2016-06-16 12:39:02+02;1349
2016-06-16 13:12:01+02;1349
2016-06-16 13:48:01+02;1309
2016-06-16 15:28:01+02;1309
2016-06-16 15:46:01+02;1289
2016-06-16 19:32:01+02;1289
2016-06-16 21:57:01+02;1419
2016-06-17 05:55:01+02;1329
2016-06-17 07:07:01+02;1309
2016-06-17 09:56:01+02;1309
2016-06-17 10:09:01+02;1309
2016-06-17 11:54:01+02;1309
2016-06-17 11:57:01+02;1349
2016-06-17 14:07:01+02;1309
2016-06-17 14:31:01+02;1289
2016-06-17 15:32:01+02;1269
2016-06-17 21:58:01+02;1419
2016-06-18 05:50:02+02;1329
2016-06-18 10:43:01+02;1309
2016-06-18 11:59:02+02;1349
2016-06-18 14:06:01+02;1309
2016-06-18 14:36:01+02;1289
2016-06-18 16:55:01+02;1269
2016-06-18 21:57:01+02;1419
2016-06-19 05:51:01+02;1329
2016-06-19 08:28:01+02;1309
2016-06-19 11:57:01+02;1349
2016-06-19 12:51:01+02;1339
2016-06-19 13:27:01+02;1299
2016-06-19 14:58:01+02;1299
2016-06-19 15:04:01+02;1289
2016-06-19 17:20:01+02;1269
2016-06-19 21:58:01+02;1419
2016-06-20 05:54:01+02;1329
2016-06-20 08:43:01+02;1319
2016-06-20 09:26:01+02;1309
2016-06-20 12:00:01+02;1349
2016-06-20 14:10:01+02;1309
2016-06-20 14:46:01+02;1299
2016-06-20 17:17:01+02;1299
2016-06-20 21:55:01+02;1429
2016-06-21 05:52:01+02;1339
2016-06-21 10:00:01+02;1329
2016-06-21 10:48:01+02;1329
2016-06-21 11:28:01+02;1309
2016-06-21 11:46:01+02;1309
2016-06-21 11:55:02+02;1349
2016-06-21 14:08:01+02;1309
2016-06-21 14:20:01+02;1309
2016-06-21 16:21:01+02;1299
2016-06-21 17:33:01+02;1289
2016-06-21 19:40:01+02;1289
2016-06-21 21:59:01+02;1439
2016-06-22 05:53:01+02;1349
2016-06-22 07:17:01+02;1329
2016-06-22 09:00:02+02;1329
2016-06-22 11:58:01+02;1369
2016-06-22 14:11:01+02;1329
2016-06-22 15:05:02+02;1309
2016-06-22 19:16:01+02;1309
2016-06-22 21:56:01+02;1439
2016-06-23 05:38:01+02;1349
2016-06-23 09:13:01+02;1319
2016-06-23 11:56:01+02;1359
2016-06-23 11:59:01+02;1359
2016-06-23 13:23:01+02;1349
2016-06-23 13:59:01+02;1309
2016-06-23 16:06:01+02;1309
2016-06-23 18:31:01+02;1299
2016-06-23 21:57:01+02;1299
2016-06-23 22:00:01+02;1439
2016-06-24 05:54:01+02;1339
2016-06-24 10:53:01+02;1329
2016-06-24 11:41:01+02;1329
2016-06-24 11:59:01+02;1369
2016-06-24 14:12:01+02;1329
2016-06-24 14:18:01+02;1309
2016-06-24 15:52:01+02;1309
2016-06-24 17:28:01+02;1309
2016-06-24 21:57:01+02;1439
2016-06-25 05:51:01+02;1349
2016-06-25 10:29:01+02;1349
2016-06-25 10:35:02+02;1329
2016-06-25 11:56:01+02;1369
2016-06-25 14:06:01+02;1329
2016-06-25 14:27:01+02;1309
2016-06-25 15:00:02+02;1309
2016-06-25 16:49:01+02;1309
2016-06-25 16:55:01+02;1289
2016-06-25 20:45:01+02;1279
2016-06-25 21:57:01+02;1439
2016-06-26 06:45:02+02;1349
2016-06-26 10:53:01+02;1329
2016-06-26 11:56:01+02;1369
2016-06-26 14:09:01+02;1329
2016-06-26 14:54:01+02;1309
2016-06-26 16:34:01+02;1309
2016-06-26 16:37:01+02;1289
2016-06-26 21:54:01+02;1439
2016-06-27 05:54:01+02;1349
2016-06-27 11:44:01+02;1339
2016-06-27 11:56:01+02;1379
2016-06-27 13:21:01+02;1369
2016-06-27 13:24:01+02;1369
2016-06-27 14:00:01+02;1329
2016-06-27 14:03:02+02;1329
2016-06-27 14:30:02+02;1319
2016-06-27 15:40:01+02;1309
2016-06-27 21:54:01+02;1429
2016-06-27 21:57:01+02;1429
2016-06-28 05:54:01+02;1349
2016-06-28 09:56:01+02;1329
2016-06-28 11:30:01+02;1309
2016-06-28 11:57:01+02;1349
2016-06-28 14:10:01+02;1309
2016-06-28 16:14:01+02;1289
2016-06-28 21:55:01+02;1429
2016-06-29 05:52:01+02;1329
2016-06-29 10:30:01+02;1309
2016-06-29 11:55:01+02;1339
2016-06-29 14:07:01+02;1299
2016-06-29 15:02:01+02;1289
2016-06-29 17:21:01+02;1269
2016-06-29 21:55:02+02;1419
2016-06-30 05:34:01+02;1339
2016-06-30 10:30:01+02;1329
2016-06-30 11:58:01+02;1379
2016-06-30 12:19:01+02;1379
2016-06-30 12:22:01+02;1349
2016-06-30 13:52:01+02;1309
2016-06-30 16:23:01+02;1289
2016-06-30 21:55:01+02;1419
2016-07-01 05:31:01+02;1339
2016-07-01 09:24:01+02;1329
2016-07-01 11:19:01+02;1329
2016-07-01 11:55:01+02;1369
2016-07-01 12:07:01+02;1349
2016-07-01 12:16:02+02;1349
2016-07-01 13:53:01+02;1309
2016-07-01 15:21:01+02;1289
2016-07-01 21:57:02+02;1419
2016-07-02 05:43:01+02;1329
2016-07-02 05:46:01+02;1329
2016-07-02 11:57:01+02;1369
2016-07-02 13:49:01+02;1329
2016-07-02 14:04:01+02;1309
2016-07-02 21:56:01+02;1419
2016-07-03 05:35:01+02;1329
2016-07-03 06:23:01+02;1329
2016-07-03 11:56:01+02;1369
2016-07-03 13:11:01+02;1349
2016-07-03 13:32:01+02;1309
2016-07-03 16:03:02+02;1309
2016-07-03 16:22:01+02;1289
2016-07-03 21:57:01+02;1419
2016-07-04 05:42:01+02;1329
2016-07-04 11:59:01+02;1369
2016-07-04 13:24:01+02;1349
2016-07-04 13:45:01+02;1309
2016-07-04 15:39:01+02;1309
2016-07-04 15:51:01+02;1289
2016-07-04 21:59:01+02;1419
2016-07-05 05:38:01+02;1329
2016-07-05 09:00:02+02;1309
2016-07-05 11:13:01+02;1289
2016-07-05 11:58:01+02;1329
2016-07-05 13:53:01+02;1289
2016-07-05 15:18:01+02;1289
2016-07-05 16:39:01+02;1289
2016-07-05 21:56:01+02;1409
2016-07-06 05:38:01+02;1329
2016-07-06 08:03:01+02;1309
2016-07-06 11:19:01+02;1309
2016-07-06 11:55:01+02;1309
2016-07-06 11:58:01+02;1349
2016-07-06 13:44:01+02;1309
2016-07-06 13:59:01+02;1289
2016-07-06 16:57:01+02;1269
2016-07-06 17:10:02+02;1269
2016-07-06 21:57:01+02;1389
2016-07-07 05:39:01+02;1309
2016-07-07 07:49:01+02;1309
2016-07-07 08:04:01+02;1309
2016-07-07 08:43:01+02;1299
2016-07-07 09:04:01+02;1279
2016-07-07 11:20:01+02;1279
2016-07-07 12:00:01+02;1319
2016-07-07 13:52:01+02;1319
2016-07-07 13:55:01+02;1279
2016-07-07 19:57:01+02;1279
2016-07-07 21:58:01+02;1389
2016-07-08 05:39:01+02;1309
2016-07-08 08:49:01+02;1289
2016-07-08 09:43:01+02;1289
2016-07-08 11:56:01+02;1329
2016-07-08 13:54:01+02;1289
2016-07-08 14:15:02+02;1269
2016-07-08 20:21:01+02;1259
2016-07-08 21:57:01+02;1399
2016-07-09 05:37:01+02;1309
2016-07-09 10:45:01+02;1289
2016-07-09 11:57:01+02;1329
2016-07-09 13:40:01+02;1269
2016-07-09 21:58:02+02;1399
2016-07-10 05:34:01+02;1309
2016-07-10 10:21:01+02;1309
2016-07-10 11:15:01+02;1289
2016-07-10 11:57:01+02;1329
2016-07-10 13:04:01+02;1329
2016-07-10 13:10:01+02;1319
2016-07-10 13:28:01+02;1279
2016-07-10 16:59:01+02;1269
2016-07-10 19:09:01+02;1269
2016-07-10 21:58:02+02;1399
2016-07-11 05:38:01+02;1309
2016-07-11 11:25:01+02;1289
2016-07-11 11:58:01+02;1329
2016-07-11 13:53:01+02;1289
2016-07-11 13:56:01+02;1289
2016-07-11 16:03:01+02;1269
2016-07-11 16:36:01+02;1249
2016-07-11 16:48:01+02;1249
2016-07-11 21:53:01+02;1389
2016-07-12 05:39:01+02;1289
2016-07-12 08:49:02+02;1279
2016-07-12 11:59:01+02;1319
2016-07-12 12:17:01+02;1309
2016-07-12 13:56:01+02;1269
2016-07-12 17:14:01+02;1269
2016-07-12 17:17:01+02;1249
2016-07-12 21:58:01+02;1379
2016-07-13 05:38:01+02;1299
2016-07-13 09:48:01+02;1279
2016-07-13 10:13:01+02;1279
2016-07-13 11:55:01+02;1319
2016-07-13 12:20:01+02;1309
2016-07-13 12:41:01+02;1299
2016-07-13 13:53:01+02;1259
2016-07-13 14:23:01+02;1259
2016-07-13 21:57:01+02;1379
2016-07-14 05:40:01+02;1299
2016-07-14 10:33:01+02;1289
2016-07-14 11:58:01+02;1339
2016-07-14 12:19:01+02;1309
2016-07-14 13:32:01+02;1309
2016-07-14 13:35:01+02;1269
2016-07-14 17:18:01+02;1249
2016-07-14 21:56:01+02;1379
2016-07-15 05:39:01+02;1289
2016-07-15 11:56:01+02;1329
2016-07-15 12:39:01+02;1329
2016-07-15 12:54:01+02;1309
2016-07-15 13:36:01+02;1269
2016-07-15 16:34:01+02;1259
2016-07-15 21:57:01+02;1259
2016-07-15 22:00:01+02;1389
2016-07-16 07:59:01+02;1299
2016-07-16 11:57:01+02;1339
2016-07-16 12:18:01+02;1319
2016-07-16 13:55:01+02;1279
2016-07-16 16:26:01+02;1279
2016-07-16 16:41:01+02;1259
2016-07-16 19:27:01+02;1249
2016-07-16 21:58:01+02;1389
2016-07-17 05:50:01+02;1299
2016-07-17 11:34:01+02;1279
2016-07-17 11:55:01+02;1319
2016-07-17 13:53:01+02;1279
2016-07-17 17:09:01+02;1259
2016-07-17 21:59:01+02;1389
2016-07-18 05:36:01+02;1299
2016-07-18 10:45:01+02;1289
2016-07-18 11:57:01+02;1329
2016-07-18 13:56:01+02;1289
2016-07-18 14:32:01+02;1289
2016-07-18 15:29:01+02;1269
2016-07-18 15:38:01+02;1269
2016-07-18 18:58:01+02;1249
2016-07-18 21:58:01+02;1399
2016-07-19 05:39:01+02;1309
2016-07-19 06:24:01+02;1289
2016-07-19 10:59:01+02;1289
2016-07-19 11:54:01+02;1329
2016-07-19 13:55:01+02;1289
2016-07-19 13:58:01+02;1289
2016-07-19 16:11:01+02;1259
2016-07-19 16:14:01+02;1259
2016-07-19 21:59:01+02;1389
2016-07-20 05:39:01+02;1309
2016-07-20 10:31:01+02;1289
2016-07-20 11:38:01+02;1289
2016-07-20 11:56:01+02;1329
2016-07-20 13:59:01+02;1289
2016-07-20 14:23:02+02;1279
2016-07-20 15:05:01+02;1259
2016-07-20 21:56:01+02;1389
2016-07-21 05:39:01+02;1309
2016-07-21 09:09:01+02;1279
2016-07-21 11:56:01+02;1319
2016-07-21 13:53:01+02;1279
2016-07-21 16:24:01+02;1259
2016-07-21 19:35:01+02;1239
2016-07-21 21:57:01+02;1389
2016-07-22 05:39:01+02;1299
2016-07-22 10:08:01+02;1279
2016-07-22 12:00:02+02;1319
2016-07-22 13:55:01+02;1259
2016-07-22 16:11:01+02;1259
2016-07-22 16:14:01+02;1239
2016-07-22 21:58:01+02;1389
2016-07-23 05:40:01+02;1299
2016-07-23 09:36:01+02;1269
2016-07-23 11:58:01+02;1309
2016-07-23 13:53:01+02;1269
2016-07-23 15:11:02+02;1259
2016-07-23 15:59:01+02;1249
2016-07-23 21:56:02+02;1249
2016-07-23 21:59:01+02;1389
2016-07-24 05:38:01+02;1299
2016-07-24 10:58:01+02;1299
2016-07-24 11:01:01+02;1269
2016-07-24 11:59:01+02;1309
2016-07-24 13:53:01+02;1269
2016-07-24 14:11:01+02;1259
2016-07-24 15:48:01+02;1249
2016-07-24 21:57:01+02;1389
2016-07-25 05:42:01+02;1299
2016-07-25 10:32:01+02;1299
2016-07-25 10:35:01+02;1289
2016-07-25 11:57:01+02;1329
2016-07-25 14:34:01+02;1279
2016-07-25 14:55:01+02;1269
2016-07-25 15:01:01+02;1269
2016-07-25 15:43:01+02;1259
2016-07-25 21:58:01+02;1379
2016-07-26 05:41:01+02;1299
2016-07-26 10:43:01+02;1279
2016-07-26 11:58:01+02;1319
2016-07-26 13:44:01+02;1279
2016-07-26 14:02:01+02;1279
2016-07-26 16:03:01+02;1259
2016-07-26 17:52:01+02;1259
2016-07-26 18:25:01+02;1249
2016-07-26 21:56:01+02;1369
2016-07-27 05:38:02+02;1289
2016-07-27 10:50:01+02;1289
2016-07-27 10:53:01+02;1279
2016-07-27 11:56:01+02;1319
2016-07-27 12:20:01+02;1299
2016-07-27 13:48:02+02;1259
2016-07-27 14:03:01+02;1259
2016-07-27 15:55:01+02;1259
2016-07-27 18:38:01+02;1239
2016-07-27 21:54:01+02;1369
2016-07-28 05:41:01+02;1299
2016-07-28 07:35:01+02;1279
2016-07-28 09:39:01+02;1279
2016-07-28 11:52:02+02;1259
2016-07-28 11:58:01+02;1299
2016-07-28 12:23:01+02;1299
2016-07-28 13:53:01+02;1259
2016-07-28 15:09:01+02;1259
2016-07-28 15:33:01+02;1259
2016-07-28 16:15:01+02;1249
2016-07-28 21:56:01+02;1369
2016-07-29 05:39:01+02;1289
2016-07-29 11:32:01+02;1279
2016-07-29 11:36:01+02;1279
2016-07-29 11:59:01+02;1319
2016-07-29 12:21:01+02;1299
2016-07-29 12:32:01+02;1299
2016-07-29 13:56:01+02;1259
2016-07-29 15:17:01+02;1259
2016-07-29 15:46:01+02;1259
2016-07-29 15:56:01+02;1249
2016-07-29 21:56:01+02;1369
2016-07-30 05:42:01+02;1279
2016-07-30 09:45:01+02;1259
2016-07-30 10:33:01+02;1259
2016-07-30 11:59:01+02;1299
2016-07-30 12:25:01+02;1299
2016-07-30 13:52:01+02;1259
2016-07-30 16:29:01+02;1249
2016-07-30 21:59:01+02;1369
2016-07-31 05:39:01+02;1279
2016-07-31 11:16:01+02;1259
2016-07-31 11:55:01+02;1299
2016-07-31 13:35:01+02;1259
2016-07-31 13:53:01+02;1249
2016-07-31 15:29:01+02;1249
2016-07-31 21:57:01+02;1369
2016-08-01 05:42:01+02;1279
2016-08-01 11:19:01+02;1269
2016-08-01 12:00:01+02;1309
2016-08-01 13:52:01+02;1269
2016-08-01 14:35:02+02;1269
2016-08-01 16:29:01+02;1249
2016-08-01 21:56:01+02;1359
2016-08-02 05:35:01+02;1289
2016-08-02 10:31:01+02;1269
2016-08-02 11:59:01+02;1309
2016-08-02 13:53:01+02;1269
2016-08-02 14:45:01+02;1269
2016-08-02 15:51:01+02;1269
2016-08-02 16:00:01+02;1249
2016-08-02 21:09:01+02;1229
2016-08-02 21:57:01+02;1359
2016-08-03 05:40:01+02;1289
2016-08-03 09:44:01+02;1269
2016-08-03 11:57:01+02;1309
2016-08-03 13:55:01+02;1269
2016-08-03 14:44:02+02;1269
2016-08-03 15:44:01+02;1249
2016-08-03 16:23:01+02;1229
2016-08-03 17:06:01+02;1229
2016-08-03 18:31:01+02;1209
2016-08-03 21:53:01+02;1359
2016-08-03 21:59:01+02;1359
2016-08-04 05:39:01+02;1289
2016-08-04 10:40:01+02;1269
2016-08-04 11:59:01+02;1309
2016-08-04 13:53:01+02;1269
2016-08-04 15:03:01+02;1269
2016-08-04 15:24:01+02;1259
2016-08-04 15:42:01+02;1249
2016-08-04 17:31:01+02;1229
2016-08-04 19:01:01+02;1209
2016-08-04 21:57:01+02;1359
2016-08-05 05:42:01+02;1289
2016-08-05 09:47:01+02;1269
2016-08-05 11:59:01+02;1309
2016-08-05 13:55:01+02;1269
2016-08-05 14:15:02+02;1269
2016-08-05 16:07:01+02;1259
2016-08-05 21:59:01+02;1369
2016-08-06 05:41:01+02;1299
2016-08-06 07:48:01+02;1279
2016-08-06 09:33:01+02;1269
2016-08-06 10:31:01+02;1269
2016-08-06 10:46:01+02;1269
2016-08-06 11:59:01+02;1309
2016-08-06 13:51:02+02;1269
2016-08-06 14:15:01+02;1269
2016-08-06 15:33:01+02;1259
2016-08-06 15:55:01+02;1259
2016-08-06 16:36:01+02;1249
2016-08-06 17:27:01+02;1239
2016-08-06 21:56:01+02;1239
2016-08-06 21:59:02+02;1369
2016-08-07 05:39:01+02;1299
2016-08-07 10:23:01+02;1279
2016-08-07 11:16:01+02;1269
2016-08-07 11:56:01+02;1309
2016-08-07 13:53:01+02;1269
2016-08-07 14:33:01+02;1259
2016-08-07 17:43:01+02;1249
2016-08-07 22:00:01+02;1369
2016-08-08 05:39:01+02;1299
2016-08-08 10:02:01+02;1289
2016-08-08 11:56:01+02;1329
2016-08-08 13:55:01+02;1289
2016-08-08 14:40:01+02;1279
2016-08-08 15:35:01+02;1269
2016-08-08 15:49:01+02;1269
2016-08-08 19:03:01+02;1259
2016-08-08 21:59:01+02;1369
2016-08-09 05:25:01+02;1309
2016-08-09 09:15:01+02;1269
2016-08-09 11:59:01+02;1309
2016-08-09 13:56:01+02;1269
2016-08-09 15:27:01+02;1259
2016-08-09 15:39:01+02;1259
2016-08-09 17:27:01+02;1249
2016-08-09 21:56:01+02;1379
2016-08-10 05:33:01+02;1299
2016-08-10 07:01:01+02;1279
2016-08-10 10:32:01+02;1279
2016-08-10 11:57:01+02;1279
2016-08-10 12:00:01+02;1319
2016-08-10 12:09:01+02;1299
2016-08-10 13:55:01+02;1259
2016-08-10 18:39:02+02;1249
2016-08-10 21:55:01+02;1379
2016-08-11 05:41:01+02;1299
2016-08-11 11:59:01+02;1339
2016-08-11 13:53:01+02;1299
2016-08-11 14:17:01+02;1269
2016-08-11 16:39:01+02;1249
2016-08-11 21:57:01+02;1369
2016-08-12 05:37:01+02;1289
2016-08-12 11:31:01+02;1269
2016-08-12 11:59:01+02;1309
2016-08-12 13:52:01+02;1269
2016-08-12 14:20:01+02;1259
2016-08-12 14:23:01+02;1259
2016-08-12 17:12:01+02;1249
2016-08-12 17:19:01+02;1249
2016-08-12 17:36:01+02;1249
2016-08-12 18:27:01+02;1239
2016-08-12 21:59:01+02;1379
2016-08-13 05:41:01+02;1289
2016-08-13 09:35:01+02;1259
2016-08-13 11:56:01+02;1299
2016-08-13 13:53:01+02;1259
2016-08-13 15:51:01+02;1239
2016-08-13 16:03:01+02;1239
2016-08-13 17:31:01+02;1229
2016-08-13 21:57:01+02;1379
2016-08-14 05:39:01+02;1289
2016-08-14 10:29:01+02;1269
2016-08-14 11:57:01+02;1299
2016-08-14 13:55:01+02;1259
2016-08-14 14:12:01+02;1249
2016-08-14 16:40:01+02;1249
2016-08-14 16:43:01+02;1229
2016-08-14 21:57:01+02;1379
2016-08-15 05:40:01+02;1289
2016-08-15 11:59:01+02;1329
2016-08-15 13:59:01+02;1289
2016-08-15 14:23:01+02;1289
2016-08-15 15:35:01+02;1269
2016-08-15 21:56:01+02;1379
2016-08-16 05:42:01+02;1309
2016-08-16 10:56:01+02;1289
2016-08-16 11:59:01+02;1329
2016-08-16 14:00:01+02;1289
2016-08-16 14:36:01+02;1289
2016-08-16 15:07:01+02;1269
2016-08-16 15:49:01+02;1269
2016-08-16 17:08:01+02;1259
2016-08-16 17:15:01+02;1259
2016-08-16 21:56:01+02;1389
2016-08-17 05:41:01+02;1309
2016-08-17 10:28:01+02;1309
2016-08-17 11:25:01+02;1299
2016-08-17 11:59:01+02;1339
2016-08-17 13:51:01+02;1299
2016-08-17 13:55:01+02;1299
2016-08-17 15:00:01+02;1289
2016-08-17 15:55:01+02;1269
2016-08-17 17:19:01+02;1269
2016-08-17 21:55:01+02;1389
2016-08-18 05:40:01+02;1309
2016-08-18 10:39:01+02;1289
2016-08-18 10:55:01+02;1289
2016-08-18 11:57:01+02;1329
2016-08-18 12:45:02+02;1319
2016-08-18 12:59:01+02;1319
2016-08-18 13:28:01+02;1279
2016-08-18 15:17:01+02;1269
2016-08-18 18:51:01+02;1249
2016-08-18 19:00:01+02;1249
2016-08-18 21:59:01+02;1399
2016-08-19 05:43:01+02;1309
2016-08-19 10:12:01+02;1309
2016-08-19 11:03:01+02;1309
2016-08-19 11:55:01+02;1349
2016-08-19 13:53:01+02;1309
2016-08-19 14:51:01+02;1289
2016-08-19 14:53:01+02;1289
2016-08-19 17:03:01+02;1279
2016-08-19 17:12:01+02;1279
2016-08-19 18:35:02+02;1269
2016-08-19 21:56:02+02;1399
2016-08-20 05:39:01+02;1329
2016-08-20 08:16:01+02;1309
2016-08-20 09:19:01+02;1309
2016-08-20 09:25:02+02;1279
2016-08-20 11:56:01+02;1319
2016-08-20 13:55:01+02;1279
2016-08-20 21:57:01+02;1399
2016-08-21 05:39:01+02;1309
2016-08-21 11:57:02+02;1349
2016-08-21 13:03:01+02;1349
2016-08-21 13:46:01+02;1309
2016-08-21 16:29:01+02;1289
2016-08-21 21:55:01+02;1399
2016-08-22 05:40:01+02;1309
2016-08-22 09:19:01+02;1309
2016-08-22 09:36:01+02;1309
2016-08-22 10:55:01+02;1299
2016-08-22 11:55:01+02;1339
2016-08-22 13:53:01+02;1299
2016-08-22 16:36:01+02;1269
2016-08-22 17:39:01+02;1259
2016-08-22 21:56:01+02;1399
2016-08-23 05:36:01+02;1309
2016-08-23 11:08:01+02;1299
2016-08-23 11:59:01+02;1339
2016-08-23 14:00:01+02;1299
2016-08-23 15:28:01+02;1289
2016-08-23 15:37:01+02;1279
2016-08-23 16:04:01+02;1269
2016-08-23 19:24:01+02;1269
2016-08-23 21:59:02+02;1399
2016-08-24 05:39:01+02;1309
2016-08-24 08:51:01+02;1289
2016-08-24 11:23:01+02;1289
2016-08-24 11:59:01+02;1329
2016-08-24 12:23:01+02;1329
2016-08-24 12:51:01+02;1319
2016-08-24 13:57:01+02;1279
2016-08-24 15:21:01+02;1269
2016-08-24 17:04:01+02;1259
2016-08-24 18:29:01+02;1239
2016-08-24 21:57:01+02;1399
2016-08-25 05:15:01+02;1259
2016-08-25 05:29:01+02;1309
2016-08-25 06:45:01+02;1289
2016-08-25 07:09:01+02;1259
2016-08-25 07:24:01+02;1259
2016-08-25 11:56:01+02;1299
2016-08-25 14:00:01+02;1279
2016-08-25 16:11:01+02;1279
2016-08-25 16:23:01+02;1269
2016-08-25 21:57:01+02;1399
2016-08-26 05:37:01+02;1309
2016-08-26 10:24:01+02;1299
2016-08-26 10:48:01+02;1299
2016-08-26 11:04:01+02;1289
2016-08-26 11:55:01+02;1329
2016-08-26 13:59:01+02;1289
2016-08-26 15:17:02+02;1279
2016-08-26 15:29:01+02;1279
2016-08-26 19:01:00+02;1269
2016-08-26 21:56:01+02;1399
2016-08-27 05:39:01+02;1309
2016-08-27 09:31:01+02;1289
2016-08-27 12:02:01+02;1329
2016-08-27 12:27:01+02;1319
2016-08-27 13:57:01+02;1279
2016-08-27 14:24:01+02;1259
2016-08-27 21:55:01+02;1399
2016-08-28 05:40:01+02;1309
2016-08-28 09:44:01+02;1299
2016-08-28 12:00:01+02;1339
2016-08-28 12:28:01+02;1279
2016-08-28 15:02:01+02;1259
2016-08-28 21:59:01+02;1399
2016-08-29 05:32:01+02;1309
2016-08-29 10:59:01+02;1309
2016-08-29 11:59:01+02;1349
2016-08-29 13:57:01+02;1309
2016-08-29 14:55:01+02;1289
2016-08-29 15:06:02+02;1289
2016-08-29 18:15:01+02;1279
2016-08-29 21:57:01+02;1399
2016-08-29 22:00:01+02;1399
2016-08-30 05:37:01+02;1309
2016-08-30 05:40:01+02;1309
2016-08-30 09:36:01+02;1309
2016-08-30 10:37:01+02;1309
2016-08-30 11:59:01+02;1349
2016-08-30 13:56:01+02;1309
2016-08-30 14:23:01+02;1309
2016-08-30 14:27:01+02;1289
2016-08-30 15:19:01+02;1289
2016-08-30 16:24:01+02;1279
2016-08-30 19:04:01+02;1259
2016-08-30 21:57:01+02;1419
2016-08-31 05:40:01+02;1329
2016-08-31 09:45:01+02;1309
2016-08-31 10:51:01+02;1309
2016-08-31 11:58:01+02;1349
2016-08-31 12:22:01+02;1349
2016-08-31 13:38:01+02;1309
2016-08-31 13:59:01+02;1289
2016-08-31 15:18:01+02;1279
2016-08-31 16:21:01+02;1269
2016-08-31 21:56:01+02;1399
2016-09-01 05:40:01+02;1329
2016-09-01 08:59:01+02;1309
2016-09-01 11:57:01+02;1349
2016-09-01 12:30:01+02;1349
2016-09-01 13:55:01+02;1309
2016-09-01 14:56:01+02;1299
2016-09-01 15:26:01+02;1289
2016-09-01 16:14:01+02;1269
2016-09-01 21:58:01+02;1389
2016-09-02 05:41:01+02;1309
2016-09-02 11:16:01+02;1299
2016-09-02 11:59:01+02;1339
2016-09-02 13:54:01+02;1299
2016-09-02 14:09:01+02;1299
2016-09-02 14:21:01+02;1279
2016-09-02 21:57:01+02;1389
2016-09-03 05:53:01+02;1299
2016-09-03 09:42:01+02;1289
2016-09-03 11:58:01+02;1329
2016-09-03 12:23:01+02;1319
2016-09-03 13:53:01+02;1279
2016-09-03 15:42:01+02;1279
2016-09-03 15:57:01+02;1259
2016-09-03 21:56:01+02;1389
2016-09-04 05:38:01+02;1299
2016-09-04 10:44:01+02;1269
2016-09-04 11:56:01+02;1309
2016-09-04 13:42:01+02;1259
2016-09-04 21:57:01+02;1389
2016-09-05 05:40:01+02;1299
2016-09-05 11:57:01+02;1339
2016-09-05 13:52:01+02;1299
2016-09-05 15:41:01+02;1289
2016-09-05 18:18:01+02;1279
2016-09-05 19:01:01+02;1269
2016-09-05 19:52:01+02;1269
2016-09-05 21:02:02+02;1269
2016-09-05 21:08:01+02;1259
2016-09-05 21:56:01+02;1389
2016-09-06 05:44:01+02;1309
2016-09-06 11:41:01+02;1299
2016-09-06 11:56:01+02;1339
2016-09-06 13:48:01+02;1289
2016-09-06 14:12:01+02;1279
2016-09-06 14:51:01+02;1269
2016-09-06 18:14:01+02;1259
2016-09-06 18:20:01+02;1259
2016-09-06 21:58:01+02;1389
2016-09-07 05:38:31+02;1309
2016-09-07 11:26:31+02;1299
2016-09-07 11:56:31+02;1339
2016-09-07 13:54:31+02;1299
2016-09-07 15:13:31+02;1279
2016-09-07 15:22:31+02;1279
2016-09-07 16:55:31+02;1259
2016-09-07 21:54:31+02;1389
2016-09-08 05:37:31+02;1309
2016-09-08 06:44:31+02;1269
2016-09-08 11:55:31+02;1309
2016-09-08 12:19:31+02;1299
2016-09-08 13:38:31+02;1269
2016-09-08 21:59:32+02;1399
2016-09-09 05:43:31+02;1309
2016-09-09 06:40:31+02;1259
2016-09-09 11:55:31+02;1299
2016-09-09 13:53:31+02;1259
2016-09-09 21:53:31+02;1419
2016-09-10 05:39:31+02;1329
2016-09-10 06:55:31+02;1259
2016-09-10 11:54:31+02;1299
2016-09-10 13:55:31+02;1259
2016-09-10 21:58:31+02;1419
2016-09-11 05:34:31+02;1329
2016-09-11 06:26:31+02;1259
2016-09-11 12:01:31+02;1299
2016-09-11 13:56:31+02;1259
2016-09-11 21:56:31+02;1419
2016-09-12 05:38:31+02;1329
2016-09-12 06:39:31+02;1259
2016-09-12 12:02:31+02;1299
2016-09-12 13:58:31+02;1279
2016-09-12 21:58:31+02;1419
2016-09-13 05:37:31+02;1329
2016-09-13 06:17:32+02;1289
2016-09-13 12:01:31+02;1329
2016-09-13 12:34:31+02;1299
2016-09-13 13:56:31+02;1259
2016-09-13 21:57:31+02;1419
2016-09-14 02:11:31+02;1419
2016-09-14 02:14:31+02;1419
2016-09-14 05:40:31+02;1329
2016-09-14 06:32:31+02;1279
2016-09-14 09:21:31+02;1259
2016-09-14 11:58:31+02;1299
2016-09-14 13:56:31+02;1279
2016-09-14 17:57:32+02;1279
2016-09-14 19:47:31+02;1269
2016-09-14 21:11:31+02;1269
2016-09-14 21:54:31+02;1419
2016-09-15 05:41:31+02;1309
2016-09-15 07:57:31+02;1269
2016-09-15 08:09:31+02;1269
2016-09-15 08:58:31+02;1259
2016-09-15 11:56:31+02;1299
2016-09-15 13:48:31+02;1299
2016-09-15 13:54:31+02;1279
2016-09-15 15:17:31+02;1279
2016-09-15 16:35:31+02;1269
2016-09-15 17:50:31+02;1269
2016-09-15 19:05:31+02;1269
2016-09-15 19:45:31+02;1269
2016-09-15 21:58:31+02;1399
2016-09-16 05:41:31+02;1309
2016-09-16 10:45:31+02;1309
2016-09-16 11:56:31+02;1349
2016-09-16 13:23:31+02;1339
2016-09-16 13:39:31+02;1299
2016-09-16 15:42:31+02;1289
2016-09-16 18:17:31+02;1279
2016-09-16 21:57:31+02;1399
2016-09-17 05:41:31+02;1309
2016-09-17 09:49:31+02;1309
2016-09-17 09:52:31+02;1299
2016-09-17 11:55:31+02;1339
2016-09-17 12:20:31+02;1329
2016-09-17 13:29:31+02;1289
2016-09-17 13:44:31+02;1279
2016-09-17 16:06:31+02;1259
2016-09-17 21:55:31+02;1399
2016-09-18 05:38:31+02;1309
2016-09-18 10:28:31+02;1299
2016-09-18 11:58:31+02;1339
2016-09-18 13:50:31+02;1299
2016-09-18 14:08:31+02;1279
2016-09-18 14:54:31+02;1279
2016-09-18 15:33:31+02;1259
2016-09-18 15:48:31+02;1259
2016-09-18 16:15:31+02;1259
2016-09-18 17:32:31+02;1259
2016-09-18 18:44:31+02;1259
2016-09-18 19:30:31+02;1259
2016-09-18 21:54:31+02;1399
2016-09-19 05:40:31+02;1309
2016-09-19 09:18:31+02;1299
2016-09-19 10:27:31+02;1299
2016-09-19 11:07:31+02;1299
2016-09-19 11:55:31+02;1339
2016-09-19 12:22:31+02;1329
2016-09-19 13:56:31+02;1289
2016-09-19 15:26:31+02;1289
2016-09-19 16:12:31+02;1289
2016-09-19 18:16:31+02;1279
2016-09-19 19:46:31+02;1269
2016-09-19 21:56:31+02;1399
2016-09-20 05:42:31+02;1329
2016-09-20 09:55:32+02;1309
2016-09-20 10:01:31+02;1289
2016-09-20 11:56:31+02;1329
2016-09-20 13:54:31+02;1289
2016-09-20 14:18:31+02;1279
2016-09-20 17:41:31+02;1269
2016-09-20 21:55:31+02;1399
2016-09-21 05:37:31+02;1329
2016-09-21 08:52:31+02;1309
2016-09-21 09:16:31+02;1289
2016-09-21 11:56:31+02;1329
2016-09-21 13:51:31+02;1289
2016-09-21 16:01:31+02;1279
2016-09-21 17:41:31+02;1269
2016-09-21 21:55:31+02;1399
2016-09-22 05:38:31+02;1319
2016-09-22 09:25:31+02;1299
2016-09-22 11:29:31+02;1289
2016-09-22 11:56:31+02;1329
2016-09-22 14:00:31+02;1299
2016-09-22 14:36:31+02;1299
2016-09-22 14:51:31+02;1289
2016-09-22 15:58:31+02;1279
2016-09-22 17:41:31+02;1269
2016-09-22 21:58:31+02;1399
2016-09-23 05:40:31+02;1329
2016-09-23 10:11:31+02;1309
2016-09-23 12:00:31+02;1349
2016-09-23 12:05:31+02;1339
2016-09-23 13:48:31+02;1299
2016-09-23 15:13:31+02;1279
2016-09-23 17:06:31+02;1269
2016-09-23 17:14:31+02;1269
2016-09-23 22:01:31+02;1399
2016-09-24 05:33:31+02;1329
2016-09-24 09:28:31+02;1279
2016-09-24 12:03:31+02;1319
2016-09-24 13:47:31+02;1279
2016-09-24 16:12:31+02;1279
2016-09-24 16:26:31+02;1269
2016-09-24 22:01:31+02;1399
2016-09-25 05:32:31+02;1329
2016-09-25 10:38:31+02;1289
2016-09-25 12:01:31+02;1329
2016-09-25 13:48:31+02;1289
2016-09-25 16:26:31+02;1269
2016-09-25 22:01:31+02;1399
2016-09-26 05:34:31+02;1329
2016-09-26 09:35:32+02;1309
2016-09-26 10:23:31+02;1299
2016-09-26 10:54:31+02;1289
2016-09-26 12:01:31+02;1329
2016-09-26 12:16:31+02;1329
2016-09-26 13:45:31+02;1289
2016-09-26 14:02:31+02;1279
2016-09-26 15:53:31+02;1269
2016-09-26 22:03:31+02;1399
2016-09-27 06:08:31+02;1329
2016-09-27 09:23:31+02;1309
2016-09-27 09:42:31+02;1309
2016-09-27 11:38:31+02;1299
2016-09-27 12:01:31+02;1339
2016-09-27 13:39:31+02;1299
2016-09-27 13:46:31+02;1289
2016-09-27 14:08:31+02;1279
2016-09-27 15:56:31+02;1269
2016-09-27 22:01:31+02;1399
2016-09-28 05:32:31+02;1329
2016-09-28 07:29:31+02;1289
2016-09-28 12:01:31+02;1329
2016-09-28 13:48:31+02;1289
2016-09-28 14:08:31+02;1279
2016-09-28 16:11:31+02;1279
2016-09-28 22:01:31+02;1399
2016-09-29 05:33:31+02;1329
2016-09-29 09:05:31+02;1309
2016-09-29 10:59:31+02;1299
2016-09-29 12:01:31+02;1339
2016-09-29 12:16:31+02;1329
2016-09-29 12:31:31+02;1329
2016-09-29 13:48:31+02;1289
2016-09-29 15:08:31+02;1279
2016-09-29 22:01:31+02;1419
2016-09-30 05:33:31+02;1339
2016-09-30 07:29:31+02;1279
2016-09-30 12:01:31+02;1319
2016-09-30 13:48:31+02;1309
2016-09-30 14:03:31+02;1299
2016-09-30 14:07:31+02;1299
2016-09-30 15:03:31+02;1299
2016-09-30 15:10:31+02;1299
2016-09-30 15:14:31+02;1289
2016-09-30 17:23:31+02;1279
2016-09-30 22:01:31+02;1419
2016-10-01 05:34:31+02;1349
2016-10-01 07:38:31+02;1279
2016-10-01 12:01:31+02;1319
2016-10-01 13:49:31+02;1279
2016-10-01 22:01:31+02;1419
2016-10-02 05:50:31+02;1339
2016-10-02 07:35:31+02;1279
2016-10-02 12:01:31+02;1319
2016-10-02 13:23:31+02;1279
2016-10-02 22:02:31+02;1419
2016-10-03 05:34:31+02;1339
2016-10-03 07:58:31+02;1279
2016-10-03 12:00:31+02;1319
2016-10-03 13:51:31+02;1279
2016-10-03 22:01:31+02;1419
2016-10-04 05:33:31+02;1339
2016-10-04 09:32:31+02;1329
2016-10-04 10:17:31+02;1309
2016-10-04 11:20:31+02;1309
2016-10-04 12:01:31+02;1349
2016-10-04 13:46:31+02;1309
2016-10-04 14:04:31+02;1309
2016-10-04 14:59:31+02;1289
2016-10-04 17:26:31+02;1289
2016-10-04 22:01:31+02;1429
2016-10-05 05:37:31+02;1359
2016-10-05 08:29:31+02;1359
2016-10-05 09:57:31+02;1349
2016-10-05 11:25:31+02;1349
2016-10-05 12:00:31+02;1389
2016-10-05 12:08:31+02;1389
2016-10-05 13:46:31+02;1349
2016-10-05 14:02:31+02;1329
2016-10-05 14:25:31+02;1319
2016-10-05 14:59:31+02;1319
2016-10-05 15:19:31+02;1299
2016-10-05 16:24:31+02;1299
2016-10-05 22:01:31+02;1439
2016-10-06 05:34:31+02;1359
2016-10-06 09:35:31+02;1339
2016-10-06 09:40:31+02;1339
2016-10-06 09:44:31+02;1309
2016-10-06 12:02:31+02;1349
2016-10-06 13:49:31+02;1329
2016-10-06 15:05:32+02;1289
2016-10-06 22:01:31+02;1439
2016-10-07 05:50:31+02;1349
2016-10-07 09:11:31+02;1339
2016-10-07 09:44:31+02;1339
2016-10-07 11:11:31+02;1319
2016-10-07 12:01:31+02;1359
2016-10-07 13:49:31+02;1319
2016-10-07 14:31:31+02;1309
2016-10-07 15:02:31+02;1299
2016-10-07 20:05:31+02;1289
2016-10-07 22:01:31+02;1439
2016-10-08 05:50:32+02;1359
2016-10-08 10:02:31+02;1339
2016-10-08 12:02:31+02;1379
2016-10-08 13:41:31+02;1309
2016-10-08 15:26:31+02;1299
2016-10-08 15:46:31+02;1299
2016-10-08 22:04:31+02;1439
2016-10-09 05:33:31+02;1359
2016-10-09 10:23:31+02;1339
2016-10-09 12:02:31+02;1379
2016-10-09 12:40:31+02;1359
2016-10-09 12:57:31+02;1349
2016-10-09 13:36:31+02;1309
2016-10-09 15:38:32+02;1299
2016-10-09 22:04:31+02;1439
2016-10-10 05:34:31+02;1359
2016-10-10 10:36:31+02;1359
2016-10-10 10:44:31+02;1319
2016-10-10 12:01:31+02;1359
2016-10-10 13:32:31+02;1319
2016-10-10 16:08:31+02;1309
2016-10-10 18:11:31+02;1309
2016-10-10 22:01:31+02;1449
2016-10-11 05:26:31+02;1359
2016-10-11 11:02:31+02;1339
2016-10-11 12:31:31+02;1369
2016-10-11 13:48:31+02;1339
2016-10-11 14:34:31+02;1339
2016-10-11 14:43:31+02;1309
2016-10-11 15:16:31+02;1309
2016-10-11 15:56:31+02;1309
2016-10-11 17:38:31+02;1309
2016-10-11 19:47:31+02;1299
2016-10-11 22:01:31+02;1449
2016-10-12 05:16:31+02;1359
2016-10-12 09:53:31+02;1359
2016-10-12 10:41:31+02;1319
2016-10-12 12:31:31+02;1349
2016-10-12 13:49:31+02;1319
2016-10-12 15:29:31+02;1309
2016-10-12 15:35:31+02;1309
2016-10-12 22:01:31+02;1449
2016-10-13 05:50:31+02;1359
2016-10-13 12:31:31+02;1389
2016-10-13 13:30:31+02;1359
2016-10-13 13:49:31+02;1349
2016-10-13 14:07:31+02;1319
2016-10-13 19:45:31+02;1319
2016-10-13 20:00:31+02;1299
2016-10-13 22:00:31+02;1449
2016-10-14 05:49:31+02;1359
2016-10-14 09:26:31+02;1319
2016-10-14 11:47:31+02;1319
2016-10-14 11:54:31+02;1319
2016-10-14 12:31:31+02;1349
2016-10-14 12:46:31+02;1329
2016-10-14 13:46:31+02;1299
2016-10-14 16:41:31+02;1299
2016-10-14 18:23:31+02;1299
2016-10-14 22:01:31+02;1449
2016-10-15 15:50:07+02;1289
2016-10-15 22:02:31+02;1449
2016-10-16 05:32:31+02;1349
2016-10-16 11:50:31+02;1339
2016-10-16 12:31:31+02;1369
2016-10-16 12:34:31+02;1349
2016-10-16 14:05:31+02;1319
2016-10-16 15:20:31+02;1319
2016-10-16 15:29:31+02;1309
2016-10-16 17:44:32+02;1299
2016-10-16 22:01:31+02;1449
2016-10-17 05:33:31+02;1369
2016-10-17 11:01:31+02;1369
2016-10-17 11:14:31+02;1349
2016-10-17 12:31:31+02;1379
2016-10-17 13:49:31+02;1349
2016-10-17 15:49:31+02;1319
2016-10-17 16:27:31+02;1309
2016-10-17 17:59:31+02;1309
2016-10-17 18:11:31+02;1299
2016-10-17 22:01:31+02;1449
2016-10-18 05:33:31+02;1369
2016-10-18 10:49:31+02;1339
2016-10-18 12:31:31+02;1369
2016-10-18 12:46:31+02;1349
2016-10-18 13:47:31+02;1319
2016-10-18 16:26:31+02;1309
2016-10-18 17:05:31+02;1309
2016-10-18 22:01:31+02;1449
2016-10-19 05:32:31+02;1359
2016-10-19 12:00:31+02;1339
2016-10-19 12:31:31+02;1369
2016-10-19 12:46:31+02;1369
2016-10-19 13:46:31+02;1339
2016-10-19 15:02:31+02;1319
2016-10-19 15:09:31+02;1319
2016-10-19 15:13:31+02;1309
2016-10-19 16:41:31+02;1309
2016-10-19 22:01:31+02;1449
2016-10-20 07:17:31+02;1359
2016-10-20 10:14:31+02;1329
2016-10-20 12:31:32+02;1359
2016-10-20 13:49:31+02;1329
2016-10-20 15:11:31+02;1319
2016-10-20 15:23:31+02;1319
2016-10-20 15:31:31+02;1309
2016-10-20 22:02:31+02;1449
2016-10-21 05:33:31+02;1349
2016-10-21 09:06:31+02;1329
2016-10-21 11:58:31+02;1319
2016-10-21 12:31:31+02;1349
2016-10-21 12:37:31+02;1349
2016-10-21 13:28:31+02;1319
2016-10-21 14:35:31+02;1309
2016-10-21 14:47:31+02;1309
2016-10-21 22:01:31+02;1449
2016-10-22 05:34:32+02;1349
2016-10-22 10:32:31+02;1349
2016-10-22 10:52:31+02;1329
2016-10-22 11:44:31+02;1329
2016-10-22 12:31:31+02;1359
2016-10-22 12:48:31+02;1349
2016-10-22 13:46:31+02;1319
2016-10-22 15:02:31+02;1309
2016-10-22 22:01:31+02;1449
2016-10-23 05:33:31+02;1349
2016-10-23 10:32:31+02;1329
2016-10-23 10:35:31+02;1329
2016-10-23 12:31:31+02;1359
2016-10-23 13:49:31+02;1329
2016-10-23 15:50:31+02;1309
2016-10-23 18:29:31+02;1309
2016-10-23 22:01:31+02;1449
2016-10-24 05:29:31+02;1349
2016-10-24 09:13:31+02;1349
2016-10-24 12:31:31+02;1379
2016-10-24 14:04:31+02;1349
2016-10-24 16:47:31+02;1329
2016-10-24 17:41:31+02;1309
2016-10-24 22:01:32+02;1449
2016-10-25 06:43:32+02;1369
2016-10-25 11:11:31+02;1369
2016-10-25 12:31:31+02;1399
2016-10-25 12:46:31+02;1379
2016-10-25 13:46:31+02;1349
2016-10-25 14:56:31+02;1349
2016-10-25 15:08:31+02;1329
2016-10-25 16:02:31+02;1309
2016-10-25 22:04:31+02;1459
2016-10-26 06:49:31+02;1369
2016-10-26 10:07:31+02;1369
2016-10-26 10:17:31+02;1349
2016-10-26 12:17:31+02;1339
2016-10-26 12:31:31+02;1369
2016-10-26 13:32:31+02;1329
2016-10-26 14:51:31+02;1329
2016-10-26 16:47:31+02;1309
2016-10-26 17:02:31+02;1309
2016-10-26 22:00:31+02;1459
2016-10-27 06:02:31+02;1369
2016-10-27 10:47:31+02;1349
2016-10-27 12:31:31+02;1379
2016-10-27 12:46:31+02;1379
2016-10-27 13:04:31+02;1369
2016-10-27 13:25:31+02;1339
2016-10-27 14:43:31+02;1319
2016-10-27 16:44:31+02;1309
2016-10-27 16:56:31+02;1309
2016-10-27 22:01:31+02;1449
2016-10-28 06:51:31+02;1359
2016-10-28 09:59:31+02;1349
2016-10-28 12:11:31+02;1339
2016-10-28 12:31:31+02;1369
2016-10-28 13:52:31+02;1339
2016-10-28 15:05:31+02;1309
2016-10-28 17:20:31+02;1299
2016-10-28 22:01:31+02;1449
2016-10-29 06:36:31+02;1349
2016-10-29 12:31:31+02;1379
2016-10-29 12:46:31+02;1369
2016-10-29 13:05:31+02;1349
2016-10-29 13:25:31+02;1319
2016-10-29 15:08:31+02;1309
2016-10-29 15:28:31+02;1299
2016-10-29 22:01:31+02;1449
2016-10-30 05:34:31+01;1349
2016-10-30 10:32:32+01;1339
2016-10-30 12:31:31+01;1369
2016-10-30 13:50:31+01;1339
2016-10-30 15:23:31+01;1329
2016-10-30 22:01:31+01;1449
2016-10-31 05:34:31+01;1349
2016-10-31 09:26:31+01;1329
2016-10-31 12:31:31+01;1359
2016-10-31 13:50:31+01;1329
2016-10-31 15:15:31+01;1309
2016-10-31 15:29:31+01;1309
2016-10-31 22:00:31+01;1449
2016-11-01 05:33:31+01;1339
2016-11-01 08:20:31+01;1329
2016-11-01 12:31:31+01;1359
2016-11-01 13:49:31+01;1329
2016-11-01 14:56:31+01;1309
2016-11-01 17:11:31+01;1299
2016-11-01 22:01:31+01;1439
2016-11-02 05:34:31+01;1339
2016-11-02 12:31:31+01;1369
2016-11-02 14:05:31+01;1339
2016-11-02 14:47:31+01;1329
2016-11-02 15:07:31+01;1309
2016-11-02 18:50:31+01;1299
2016-11-02 22:01:31+01;1419
2016-11-03 05:33:31+01;1329
2016-11-03 09:05:31+01;1329
2016-11-03 10:14:31+01;1309
2016-11-03 11:10:31+01;1299
2016-11-03 12:31:31+01;1329
2016-11-03 12:46:31+01;1319
2016-11-03 13:31:31+01;1289
2016-11-03 15:53:31+01;1279
2016-11-03 19:26:31+01;1279
2016-11-03 22:02:31+01;1399
2016-11-04 05:56:31+01;1329
2016-11-04 10:32:31+01;1299
2016-11-04 12:31:31+01;1329
2016-11-04 12:48:31+01;1319
2016-11-04 13:25:31+01;1289
2016-11-04 14:39:31+01;1279
2016-11-04 15:26:31+01;1279
2016-11-04 18:11:31+01;1279
2016-11-04 22:01:31+01;1399
2016-11-05 05:33:31+01;1329
2016-11-05 11:41:31+01;1329
2016-11-05 12:30:31+01;1359
2016-11-05 13:46:31+01;1329
2016-11-05 14:26:31+01;1309
2016-11-05 17:08:31+01;1299
2016-11-05 19:19:31+01;1289
2016-11-05 22:01:32+01;1399
2016-11-06 05:34:31+01;1329
2016-11-06 10:51:31+01;1309
2016-11-06 11:10:31+01;1289
2016-11-06 12:31:31+01;1319
2016-11-06 13:49:31+01;1289
2016-11-06 17:05:31+01;1279
2016-11-07 00:52:31+01;1399
2016-11-07 05:32:31+01;1329
2016-11-07 12:30:31+01;1359
2016-11-07 12:46:31+01;1339
2016-11-07 13:46:31+01;1309
2016-11-07 15:32:31+01;1309
2016-11-07 15:38:31+01;1309
2016-11-07 17:11:31+01;1289
2016-11-07 18:05:31+01;1279
2016-11-07 22:00:31+01;1389
2016-11-08 05:36:31+01;1329
2016-11-08 12:31:31+01;1359
2016-11-08 13:47:31+01;1309
2016-11-08 14:42:31+01;1299
2016-11-08 16:59:31+01;1289
2016-11-08 18:08:31+01;1279
2016-11-08 18:50:31+01;1279
2016-11-08 22:01:31+01;1389
2016-11-09 05:33:31+01;1309
2016-11-09 12:31:31+01;1339
2016-11-09 13:54:31+01;1309
2016-11-09 15:08:31+01;1289
2016-11-09 17:23:31+01;1289
2016-11-09 18:02:31+01;1279
2016-11-09 18:56:31+01;1269
2016-11-09 22:44:31+01;1389
2016-11-10 05:33:31+01;1309
2016-11-10 11:41:31+01;1289
2016-11-10 12:31:31+01;1319
2016-11-10 13:50:31+01;1289
2016-11-10 15:35:31+01;1289
2016-11-10 16:13:31+01;1269
2016-11-10 16:17:31+01;1269
2016-11-10 22:01:31+01;1389
2016-11-11 05:34:31+01;1309
2016-11-11 12:05:32+01;1289
2016-11-11 12:31:31+01;1319
2016-11-11 13:48:31+01;1289
2016-11-11 15:41:31+01;1289
2016-11-11 19:32:31+01;1269
2016-11-11 22:01:31+01;1389
2016-11-12 05:33:31+01;1309
2016-11-12 11:29:31+01;1299
2016-11-12 12:31:31+01;1329
2016-11-12 12:46:31+01;1319
2016-11-12 13:11:32+01;1309
2016-11-12 13:28:31+01;1279
2016-11-12 14:50:31+01;1269
2016-11-12 22:01:31+01;1389
2016-11-13 05:33:31+01;1309
2016-11-13 12:31:31+01;1339
2016-11-13 13:22:31+01;1309
2016-11-13 13:38:31+01;1289
2016-11-13 14:11:31+01;1269
2016-11-13 22:01:31+01;1389
2016-11-14 05:33:31+01;1309
2016-11-14 11:32:31+01;1309
2016-11-14 12:31:31+01;1339
2016-11-14 13:48:31+01;1309
2016-11-14 14:30:31+01;1289
2016-11-14 15:17:31+01;1279
2016-11-14 22:01:31+01;1379
2016-11-15 05:34:31+01;1309
2016-11-15 12:31:31+01;1339
2016-11-15 12:42:31+01;1319
2016-11-15 13:24:31+01;1289
2016-11-15 15:26:31+01;1269
2016-11-15 22:01:31+01;1379
2016-11-16 05:23:31+01;1309
2016-11-16 11:21:31+01;1309
2016-11-16 11:38:31+01;1289
2016-11-16 12:31:31+01;1319
2016-11-16 13:50:31+01;1289
2016-11-16 14:35:31+01;1289
2016-11-16 15:22:31+01;1279
2016-11-16 15:55:31+01;1269
2016-11-16 16:04:31+01;1269
2016-11-16 19:32:31+01;1259
2016-11-16 22:01:31+01;1379
2016-11-17 05:33:31+01;1319
2016-11-17 08:47:31+01;1309
2016-11-17 11:08:31+01;1309
2016-11-17 12:31:31+01;1339
2016-11-17 13:48:31+01;1309
2016-11-17 14:53:31+01;1309
2016-11-17 15:11:31+01;1269
2016-11-17 17:50:31+01;1259
2016-11-17 22:01:31+01;1389
2016-11-18 05:28:31+01;1309
2016-11-18 10:54:31+01;1299
2016-11-18 11:59:31+01;1289
2016-11-18 12:31:31+01;1319
2016-11-18 12:37:31+01;1309
2016-11-18 13:49:31+01;1279
2016-11-18 14:56:32+01;1269
2016-11-18 20:17:31+01;1259
2016-11-18 22:01:31+01;1389
2016-11-19 05:33:31+01;1309
2016-11-19 10:41:31+01;1289
2016-11-19 12:31:31+01;1319
2016-11-19 13:18:31+01;1299
2016-11-19 13:29:31+01;1269
2016-11-19 15:56:31+01;1249
2016-11-19 22:01:31+01;1389
2016-11-20 05:32:31+01;1309
2016-11-20 10:44:31+01;1289
2016-11-20 12:31:31+01;1319
2016-11-20 13:49:31+01;1289
2016-11-20 14:05:31+01;1269
2016-11-20 15:42:31+01;1269
2016-11-20 15:56:31+01;1249
2016-11-20 22:01:31+01;1389
2016-11-21 05:33:31+01;1309
2016-11-21 10:35:31+01;1299
2016-11-21 12:31:32+01;1329
2016-11-21 13:35:31+01;1289
2016-11-21 15:54:31+01;1279
2016-11-21 18:20:31+01;1279
2016-11-21 18:28:31+01;1269
2016-11-21 22:01:31+01;1399
2016-11-22 05:35:31+01;1329
2016-11-22 09:35:31+01;1319
2016-11-22 10:20:31+01;1309
2016-11-22 12:31:31+01;1339
2016-11-22 12:46:31+01;1329
2016-11-22 13:28:31+01;1299
2016-11-22 15:29:31+01;1289
2016-11-22 15:35:31+01;1269
2016-11-22 22:01:31+01;1409
2016-11-23 05:33:31+01;1339
2016-11-23 09:58:31+01;1329
2016-11-23 10:29:31+01;1329
2016-11-23 11:22:31+01;1319
2016-11-23 12:31:31+01;1349
2016-11-23 13:30:31+01;1319
2016-11-23 13:34:31+01;1319
2016-11-23 13:47:31+01;1309
2016-11-23 14:41:31+01;1289
2016-11-23 15:43:31+01;1279
2016-11-23 18:11:31+01;1279
2016-11-23 22:01:31+01;1419
2016-11-24 05:33:31+01;1339
2016-11-24 10:20:31+01;1339
2016-11-24 10:32:31+01;1329
2016-11-24 12:31:31+01;1359
2016-11-24 13:22:31+01;1329
2016-11-24 13:24:31+01;1329
2016-11-24 13:38:31+01;1309
2016-11-24 16:23:31+01;1289
2016-11-24 22:01:32+01;1429
2016-11-25 05:33:31+01;1349
2016-11-25 12:31:31+01;1379
2016-11-25 13:48:31+01;1349
2016-11-25 15:49:31+01;1329
2016-11-25 15:59:31+01;1309
2016-11-25 16:05:31+01;1299
2016-11-25 16:37:31+01;1299
2016-11-25 22:01:31+01;1429
2016-11-26 05:28:31+01;1339
2016-11-26 10:01:31+01;1329
2016-11-26 11:20:31+01;1299
2016-11-26 12:31:31+01;1329
2016-11-26 13:49:32+01;1299
2016-11-26 14:31:31+01;1289
2016-11-26 14:47:31+01;1289
2016-11-26 22:00:31+01;1429
2016-11-27 05:34:31+01;1329
2016-11-27 11:11:31+01;1329
2016-11-27 12:31:31+01;1359
2016-11-27 12:46:31+01;1349
2016-11-27 13:07:31+01;1349
2016-11-27 13:28:31+01;1319
2016-11-27 14:34:31+01;1309
2016-11-27 21:26:31+01;1299
2016-11-27 22:01:31+01;1429
2016-11-28 05:34:31+01;1339
2016-11-28 09:07:31+01;1329
2016-11-28 12:33:31+01;1359
2016-11-28 13:49:31+01;1329
2016-11-28 14:07:31+01;1309
2016-11-28 14:41:31+01;1309
2016-11-28 14:53:31+01;1299
2016-11-28 16:42:31+01;1279
2016-11-28 22:01:31+01;1419
2016-11-29 05:33:31+01;1329
2016-11-29 09:53:31+01;1319
2016-11-29 10:54:31+01;1319
2016-11-29 10:59:31+01;1299
2016-11-29 12:31:31+01;1329
2016-11-29 12:46:31+01;1329
2016-11-29 13:53:31+01;1299
2016-11-29 15:24:31+01;1299
2016-11-29 15:38:31+01;1279
2016-11-29 20:35:31+01;1269
2016-11-29 22:01:31+01;1419
2016-11-30 05:36:31+01;1329
2016-11-30 09:02:31+01;1329
2016-11-30 10:35:31+01;1319
2016-11-30 12:31:31+01;1349
2016-11-30 12:46:31+01;1329
2016-11-30 13:03:31+01;1309
2016-11-30 13:23:31+01;1279
2016-11-30 15:10:31+01;1279
2016-11-30 22:01:31+01;1419
2016-12-01 05:34:31+01;1349
2016-12-01 12:31:31+01;1379
2016-12-01 14:12:31+01;1329
2016-12-01 15:13:31+01;1319
2016-12-01 18:29:31+01;1289
2016-12-01 22:01:31+01;1429
2016-12-02 05:34:31+01;1369
2016-12-02 10:41:31+01;1329
2016-12-02 12:30:31+01;1359
2016-12-02 13:58:31+01;1329
2016-12-02 16:00:31+01;1309
2016-12-02 22:01:31+01;1449
2016-12-03 05:33:32+01;1369
2016-12-03 10:20:31+01;1359
2016-12-03 10:46:31+01;1329
2016-12-03 12:31:31+01;1359
2016-12-03 12:46:31+01;1359
2016-12-03 13:07:31+01;1349
2016-12-03 13:28:31+01;1319
2016-12-03 14:50:31+01;1309
2016-12-03 22:00:31+01;1449
2016-12-04 05:49:31+01;1369
2016-12-04 10:44:31+01;1349
2016-12-04 12:31:31+01;1379
2016-12-04 13:27:31+01;1349
2016-12-04 13:44:31+01;1339
2016-12-04 15:33:31+01;1329
2016-12-04 15:44:31+01;1329
2016-12-04 22:01:31+01;1449
2016-12-05 05:34:31+01;1369
2016-12-05 12:31:31+01;1399
2016-12-05 12:46:31+01;1399
2016-12-05 13:01:31+01;1389
2016-12-05 13:22:31+01;1359
2016-12-05 13:23:31+01;1349
2016-12-05 14:44:31+01;1339
2016-12-05 14:47:31+01;1339
2016-12-05 16:59:31+01;1329
2016-12-05 17:11:31+01;1329
2016-12-05 22:01:31+01;1459
2016-12-06 05:34:31+01;1379
2016-12-06 08:58:31+01;1369
2016-12-06 09:21:31+01;1339
2016-12-06 10:09:31+01;1339
2016-12-06 12:31:31+01;1369
2016-12-06 14:07:31+01;1339
2016-12-06 15:25:31+01;1329
2016-12-06 22:01:31+01;1459
2016-12-07 05:37:31+01;1379
2016-12-07 10:16:31+01;1369
2016-12-07 12:31:31+01;1399
2016-12-07 12:46:31+01;1389
2016-12-07 12:59:31+01;1389
2016-12-07 13:32:31+01;1359
2016-12-07 15:25:31+01;1329
2016-12-07 22:01:31+01;1459
2016-12-08 05:34:31+01;1379
2016-12-08 09:52:31+01;1359
2016-12-08 09:53:31+01;1329
2016-12-08 10:47:31+01;1319
2016-12-08 11:28:31+01;1309
2016-12-08 12:31:31+01;1339
2016-12-08 14:04:31+01;1309
2016-12-08 22:01:31+01;1459
2016-12-09 05:16:31+01;1359
2016-12-09 11:44:31+01;1359
2016-12-09 12:31:31+01;1389
2016-12-09 12:46:31+01;1369
2016-12-09 13:46:31+01;1339
2016-12-09 14:25:31+01;1339
2016-12-09 14:38:31+01;1329
2016-12-09 15:15:31+01;1319
2016-12-09 15:29:31+01;1319
2016-12-09 15:49:31+01;1309
2016-12-09 22:01:31+01;1459
2016-12-10 05:28:31+01;1359
2016-12-10 10:35:31+01;1339
2016-12-10 12:31:31+01;1369
2016-12-10 12:46:31+01;1349
2016-12-10 13:24:31+01;1319
2016-12-10 13:41:31+01;1319
2016-12-10 14:44:31+01;1319
2016-12-10 15:27:31+01;1319
2016-12-10 15:38:31+01;1299
2016-12-10 22:01:31+01;1459
2016-12-11 05:28:31+01;1359
2016-12-11 09:59:31+01;1349
2016-12-11 10:38:31+01;1339
2016-12-11 12:31:31+01;1369
2016-12-11 13:36:31+01;1339
2016-12-11 13:53:31+01;1319
2016-12-11 15:50:31+01;1299
2016-12-11 22:01:31+01;1459
2016-12-12 05:33:31+01;1359
2016-12-12 11:59:31+01;1359
2016-12-12 13:07:31+01;1389
2016-12-12 13:29:31+01;1359
2016-12-12 14:46:31+01;1329
2016-12-12 17:04:31+01;1319
2016-12-12 22:01:31+01;1469
2016-12-13 05:34:31+01;1389
2016-12-13 11:42:31+01;1379
2016-12-13 11:47:31+01;1359
2016-12-13 12:31:31+01;1389
2016-12-13 12:37:31+01;1389
2016-12-13 13:25:31+01;1359
2016-12-13 15:41:31+01;1339
2016-12-13 16:14:31+01;1329
2016-12-13 22:01:31+01;1469
2016-12-14 05:33:31+01;1379
2016-12-14 10:56:31+01;1379
2016-12-14 12:31:31+01;1409
2016-12-14 12:46:31+01;1399
2016-12-14 13:30:31+01;1369
2016-12-14 13:33:31+01;1369
2016-12-14 13:46:31+01;1349
2016-12-14 15:22:31+01;1329
2016-12-14 22:01:31+01;1469
2016-12-15 05:33:31+01;1379
2016-12-15 11:35:31+01;1359
2016-12-15 11:56:31+01;1349
2016-12-15 12:31:31+01;1379
2016-12-15 12:46:31+01;1379
2016-12-15 13:45:31+01;1349
2016-12-15 14:37:31+01;1339
2016-12-15 16:11:31+01;1319
2016-12-15 22:01:31+01;1469
2016-12-16 05:33:31+01;1469
2016-12-16 06:49:31+01;1319
2016-12-16 12:17:31+01;1319
2016-12-16 12:31:31+01;1349
2016-12-16 13:49:31+01;1319
2016-12-16 15:20:31+01;1319
2016-12-16 17:18:31+01;1319
2016-12-16 22:01:31+01;1469
2016-12-17 05:33:31+01;1379
2016-12-17 12:31:31+01;1409
2016-12-17 13:32:31+01;1349
2016-12-17 14:44:31+01;1349
2016-12-17 15:04:31+01;1329
2016-12-17 22:01:31+01;1469
2016-12-18 05:33:31+01;1379
2016-12-18 11:05:31+01;1379
2016-12-18 12:31:31+01;1409
2016-12-18 14:19:31+01;1379
2016-12-18 15:29:31+01;1359
2016-12-18 22:01:31+01;1469
2016-12-19 05:33:31+01;1389
2016-12-19 10:23:31+01;1379
2016-12-19 10:42:31+01;1369
2016-12-19 11:45:31+01;1359
2016-12-19 11:48:31+01;1359
2016-12-19 12:31:31+01;1389
2016-12-19 13:28:31+01;1359
2016-12-19 15:14:31+01;1339
2016-12-19 22:01:31+01;1479
2016-12-20 05:34:31+01;1399
2016-12-20 10:47:31+01;1359
2016-12-20 11:53:31+01;1359
2016-12-20 12:31:31+01;1389
2016-12-20 13:31:31+01;1359
2016-12-20 15:05:31+01;1359
2016-12-20 16:17:31+01;1349
2016-12-20 17:42:31+01;1339
2016-12-20 18:03:31+01;1339
2016-12-20 22:01:31+01;1479
2016-12-21 05:33:31+01;1399
2016-12-21 08:11:31+01;1389
2016-12-21 09:20:31+01;1359
2016-12-21 11:38:31+01;1359
2016-12-21 12:31:31+01;1389
2016-12-21 12:46:31+01;1389
2016-12-21 13:06:31+01;1379
2016-12-21 13:25:31+01;1349
2016-12-21 16:41:31+01;1339
2016-12-21 22:01:31+01;1489
2016-12-22 05:33:31+01;1399
2016-12-22 11:00:31+01;1399
2016-12-22 12:31:31+01;1429
2016-12-22 12:46:31+01;1419
2016-12-22 13:47:31+01;1389
2016-12-22 14:49:31+01;1359
2016-12-22 15:56:31+01;1349
2016-12-22 22:03:31+01;1489
2016-12-23 05:34:31+01;1399
2016-12-23 10:20:31+01;1379
2016-12-23 10:39:31+01;1379
2016-12-23 11:45:31+01;1369
2016-12-23 12:31:31+01;1399
2016-12-23 13:48:31+01;1369
2016-12-23 14:25:31+01;1359
2016-12-23 15:05:31+01;1349
2016-12-23 16:11:31+01;1339
2016-12-23 22:01:31+01;1489
2016-12-24 06:36:31+01;1399
2016-12-24 08:50:31+01;1379
2016-12-24 10:08:31+01;1369
2016-12-24 11:14:31+01;1359
2016-12-24 11:29:31+01;1359
2016-12-24 12:31:31+01;1389
2016-12-24 12:46:31+01;1379
2016-12-24 14:30:31+01;1349
2016-12-24 14:47:31+01;1339
2016-12-24 22:01:31+01;1489
2016-12-25 06:35:31+01;1389
2016-12-25 09:45:31+01;1389
2016-12-25 09:59:31+01;1379
2016-12-25 11:47:31+01;1369
2016-12-25 12:31:31+01;1399
2016-12-25 14:37:31+01;1369
2016-12-25 14:54:31+01;1349
2016-12-25 22:01:31+01;1489
2016-12-26 06:36:31+01;1389
2016-12-26 11:08:31+01;1369
2016-12-26 11:23:31+01;1369
2016-12-26 12:31:31+01;1399
2016-12-26 12:46:31+01;1389
2016-12-26 14:33:31+01;1359
2016-12-26 17:14:31+01;1349
2016-12-26 22:01:31+01;1489
2016-12-27 06:37:31+01;1399
2016-12-27 08:17:31+01;1399
2016-12-27 09:43:31+01;1399
2016-12-27 10:47:31+01;1379
2016-12-27 12:30:31+01;1409
2016-12-27 12:46:31+01;1389
2016-12-27 13:28:31+01;1359
2016-12-27 14:58:31+01;1349
2016-12-27 15:18:31+01;1339
2016-12-27 15:31:31+01;1339
2016-12-27 22:01:31+01;1489
2016-12-28 05:33:31+01;1399
2016-12-28 10:50:31+01;1389
2016-12-28 11:51:31+01;1389
2016-12-28 12:31:31+01;1419
2016-12-28 12:46:31+01;1419
2016-12-28 13:07:31+01;1399
2016-12-28 13:27:31+01;1369
2016-12-28 14:47:31+01;1359
2016-12-28 16:02:31+01;1349
2016-12-28 22:01:31+01;1499
2016-12-29 05:33:31+01;1409
2016-12-29 10:41:31+01;1389
2016-12-29 12:31:31+01;1419
2016-12-29 12:46:31+01;1409
2016-12-29 13:45:31+01;1379
2016-12-29 15:15:31+01;1369
2016-12-29 22:01:31+01;1499
2016-12-30 05:34:31+01;1409
2016-12-30 10:47:31+01;1399
2016-12-30 11:28:31+01;1399
2016-12-30 11:48:31+01;1389
2016-12-30 12:31:31+01;1419
2016-12-30 13:49:31+01;1389
2016-12-30 14:43:31+01;1369
2016-12-30 17:06:31+01;1369
2016-12-30 17:20:31+01;1359
2016-12-30 22:01:31+01;1499
2016-12-31 05:34:31+01;1399
2016-12-31 09:38:31+01;1389
2016-12-31 11:00:31+01;1389
2016-12-31 11:14:31+01;1379
2016-12-31 12:31:31+01;1409
2016-12-31 12:32:31+01;1409
2016-12-31 12:39:31+01;1389
2016-12-31 13:22:31+01;1359
2016-12-31 14:46:31+01;1359
2016-12-31 22:01:32+01;1499
2017-01-01 06:19:31+01;1489
2017-01-01 08:32:31+01;1399
2017-01-01 10:26:31+01;1359
2017-01-01 12:31:31+01;1389
2017-01-01 13:48:31+01;1359
2017-01-01 22:01:31+01;1499
2017-01-02 05:33:31+01;1399
2017-01-02 10:29:31+01;1399
2017-01-02 12:31:31+01;1429
2017-01-02 12:45:31+01;1419
2017-01-02 13:25:31+01;1389
2017-01-02 14:54:31+01;1369
2017-01-02 15:08:31+01;1369
2017-01-02 22:01:31+01;1489
2017-01-03 05:33:31+01;1409
2017-01-03 09:40:31+01;1379
2017-01-03 10:39:32+01;1379
2017-01-03 12:31:32+01;1409
2017-01-03 12:46:31+01;1399
2017-01-03 13:28:31+01;1369
2017-01-03 15:14:31+01;1369
2017-01-03 17:02:31+01;1359
2017-01-03 18:26:31+01;1359
2017-01-03 22:01:32+01;1479
2017-01-04 05:33:31+01;1409
2017-01-04 11:02:31+01;1409
2017-01-04 12:31:31+01;1439
2017-01-04 12:46:31+01;1419
2017-01-04 13:46:31+01;1389
2017-01-04 16:14:31+01;1379
2017-01-04 17:17:31+01;1369
2017-01-04 22:01:31+01;1499
2017-01-05 05:33:31+01;1409
2017-01-05 10:50:31+01;1399
2017-01-05 12:31:32+01;1429
2017-01-05 13:49:31+01;1399
2017-01-05 14:11:31+01;1389
2017-01-05 14:30:31+01;1379
2017-01-05 15:23:31+01;1369
2017-01-05 16:33:31+01;1359
2017-01-05 22:02:31+01;1499
2017-01-06 05:27:31+01;1409
2017-01-06 10:57:31+01;1399
2017-01-06 12:04:31+01;1379
2017-01-06 12:31:31+01;1409
2017-01-06 13:49:31+01;1379
2017-01-06 14:23:31+01;1369
2017-01-06 14:32:31+01;1369
2017-01-06 22:01:31+01;1499
2017-01-07 05:33:31+01;1409
2017-01-07 11:32:31+01;1409
2017-01-07 11:45:31+01;1389
2017-01-07 11:52:31+01;1389
2017-01-07 12:33:31+01;1419
2017-01-07 13:49:31+01;1389
2017-01-07 14:30:31+01;1379
2017-01-07 15:41:31+01;1369
2017-01-07 16:41:31+01;1369
2017-01-07 22:01:31+01;1499
2017-01-08 05:34:31+01;1409
2017-01-08 10:44:31+01;1389
2017-01-08 12:31:31+01;1419
2017-01-08 13:49:31+01;1389
2017-01-08 15:34:31+01;1379
2017-01-08 17:07:31+01;1369
2017-01-08 22:01:31+01;1499
2017-01-09 05:33:31+01;1409
2017-01-09 09:35:31+01;1399
2017-01-09 11:32:31+01;1389
2017-01-09 12:31:31+01;1419
2017-01-09 12:46:31+01;1399
2017-01-09 13:25:31+01;1369
2017-01-09 15:13:31+01;1369
2017-01-09 22:01:31+01;1499
2017-01-10 05:27:31+01;1409
2017-01-10 09:50:31+01;1399
2017-01-10 10:55:31+01;1379
2017-01-10 12:31:31+01;1409
2017-01-10 13:49:31+01;1379
2017-01-10 15:32:31+01;1369
2017-01-10 17:39:31+01;1359
2017-01-10 17:47:31+01;1359
2017-01-10 22:01:31+01;1489
2017-01-11 05:33:31+01;1399
2017-01-11 10:47:31+01;1389
2017-01-11 11:07:31+01;1379
2017-01-11 12:30:31+01;1409
2017-01-11 12:46:31+01;1399
2017-01-11 13:25:31+01;1369
2017-01-11 14:37:31+01;1369
2017-01-11 14:57:31+01;1359
2017-01-11 15:45:31+01;1349
2017-01-11 22:01:31+01;1479
2017-01-12 05:33:31+01;1399
2017-01-12 12:31:31+01;1429
2017-01-12 12:46:31+01;1429
2017-01-12 13:08:31+01;1419
2017-01-12 13:25:31+01;1389
2017-01-12 14:04:31+01;1379
2017-01-12 14:59:31+01;1369
2017-01-12 16:36:31+01;1359
2017-01-12 16:41:31+01;1359
2017-01-12 22:01:31+01;1499
2017-01-13 05:33:31+01;1409
2017-01-13 11:29:31+01;1399
2017-01-13 12:30:31+01;1429
2017-01-13 12:46:31+01;1419
2017-01-13 13:25:31+01;1389
2017-01-13 15:02:31+01;1359
2017-01-13 16:00:31+01;1359
2017-01-13 16:02:31+01;1349
2017-01-13 17:53:31+01;1349
2017-01-13 22:01:31+01;1499
2017-01-14 05:34:31+01;1409
2017-01-14 10:39:31+01;1389
2017-01-14 10:54:31+01;1389
2017-01-14 12:31:31+01;1419
2017-01-14 12:40:31+01;1409
2017-01-14 12:50:31+01;1399
2017-01-14 13:28:31+01;1369
2017-01-14 14:57:31+01;1349
2017-01-14 22:02:31+01;1499
2017-01-15 05:33:31+01;1409
2017-01-15 10:02:31+01;1389
2017-01-15 12:31:31+01;1419
2017-01-15 12:49:31+01;1419
2017-01-15 12:54:31+01;1399
2017-01-15 13:28:31+01;1369
2017-01-15 14:53:31+01;1349
2017-01-15 22:01:31+01;1499
2017-01-16 05:49:31+01;1409
2017-01-16 10:50:31+01;1399
2017-01-16 12:31:31+01;1429
2017-01-16 13:38:31+01;1389
2017-01-16 15:47:31+01;1379
2017-01-16 22:01:31+01;1489
2017-01-17 05:34:31+01;1409
2017-01-17 09:47:31+01;1409
2017-01-17 10:53:31+01;1389
2017-01-17 12:31:31+01;1439
2017-01-17 12:34:31+01;1419
2017-01-17 13:50:31+01;1389
2017-01-17 15:05:31+01;1379
2017-01-17 15:56:31+01;1369
2017-01-17 22:01:31+01;1499
2017-01-18 05:33:31+01;1409
2017-01-18 11:35:31+01;1399
2017-01-18 12:31:31+01;1429
2017-01-18 13:26:31+01;1399
2017-01-18 13:30:31+01;1399
2017-01-18 13:44:31+01;1389
2017-01-18 15:57:31+01;1379
2017-01-18 17:09:31+01;1369
2017-01-18 20:50:31+01;1369
2017-01-18 22:01:31+01;1499
2017-01-19 05:33:31+01;1409
2017-01-19 09:00:31+01;1379
2017-01-19 09:05:31+01;1369
2017-01-19 12:31:31+01;1399
2017-01-19 13:49:31+01;1369
2017-01-19 16:32:31+01;1369
2017-01-19 22:01:31+01;1489
2017-01-20 05:34:31+01;1409
2017-01-20 12:31:31+01;1439
2017-01-20 12:46:31+01;1419
2017-01-20 13:25:31+01;1389
2017-01-20 15:12:31+01;1369
2017-01-20 15:26:31+01;1369
2017-01-20 17:38:31+01;1369
2017-01-20 19:53:31+01;1349
2017-01-20 20:38:31+01;1349
2017-01-20 22:01:31+01;1479
2017-01-21 05:33:31+01;1409
2017-01-21 10:05:31+01;1399
2017-01-21 12:31:31+01;1429
2017-01-21 13:49:31+01;1399
2017-01-21 14:26:31+01;1389
2017-01-21 14:36:31+01;1389
2017-01-21 14:41:31+01;1369
2017-01-21 14:45:31+01;1369
2017-01-21 16:54:31+01;1359
2017-01-21 16:59:31+01;1359
2017-01-21 19:14:31+01;1349
2017-01-21 20:32:31+01;1349
2017-01-21 22:01:31+01;1479
2017-01-22 05:34:31+01;1409
2017-01-22 12:31:31+01;1439
2017-01-22 13:39:31+01;1409
2017-01-22 13:56:32+01;1389
2017-01-22 17:41:31+01;1379
2017-01-22 19:15:31+01;1369
2017-01-22 22:01:31+01;1479
2017-01-23 05:27:31+01;1409
2017-01-23 09:05:31+01;1399
2017-01-23 10:00:31+01;1389
2017-01-23 10:18:32+01;1389
2017-01-23 12:31:31+01;1419
2017-01-23 12:46:31+01;1409
2017-01-23 13:25:31+01;1379
2017-01-23 13:44:31+01;1379
2017-01-23 15:44:31+01;1369
2017-01-23 22:01:31+01;1489
2017-01-24 05:33:31+01;1409
2017-01-24 12:31:31+01;1439
2017-01-24 12:39:32+01;1429
2017-01-24 12:47:31+01;1429
2017-01-24 13:25:32+01;1399
2017-01-24 14:23:31+01;1399
2017-01-24 15:02:31+01;1379
2017-01-24 15:56:31+01;1379
2017-01-24 17:17:31+01;1369
2017-01-24 22:01:31+01;1479
2017-01-25 05:33:31+01;1409
2017-01-25 09:14:31+01;1399
2017-01-25 11:14:31+01;1379
2017-01-25 12:31:31+01;1409
2017-01-25 12:48:31+01;1409
2017-01-25 13:31:31+01;1429
2017-01-25 14:10:31+01;1379
2017-01-25 14:50:31+01;1379
2017-01-25 15:23:31+01;1369
2017-01-25 19:14:31+01;1369
2017-01-25 19:29:31+01;1359
2017-01-25 22:01:31+01;1489
2017-01-26 05:33:31+01;1399
2017-01-26 12:02:31+01;1389
2017-01-26 12:31:31+01;1419
2017-01-26 13:15:31+01;1399
2017-01-26 13:29:31+01;1369
2017-01-26 15:40:31+01;1369
2017-01-26 15:53:31+01;1359
2017-01-26 22:01:31+01;1489
2017-01-27 05:33:31+01;1399
2017-01-27 12:31:31+01;1429
2017-01-27 12:46:31+01;1409
2017-01-27 13:25:31+01;1379
2017-01-27 19:29:31+01;1369
2017-01-27 22:01:31+01;1489
2017-01-28 05:33:31+01;1399
2017-01-28 10:21:31+01;1379
2017-01-28 10:35:31+01;1379
2017-01-28 11:33:31+01;1379
2017-01-28 11:44:31+01;1379
2017-01-28 12:31:31+01;1409
2017-01-28 12:46:31+01;1389
2017-01-28 13:25:31+01;1359
2017-01-28 15:44:31+01;1339
2017-01-28 22:01:31+01;1489
2017-01-29 05:33:31+01;1399
2017-01-29 10:53:31+01;1379
2017-01-29 12:31:31+01;1409
2017-01-29 13:36:31+01;1379
2017-01-29 13:53:31+01;1359
2017-01-29 15:35:31+01;1339
2017-01-29 22:02:31+01;1489
2017-01-30 05:34:31+01;1399
2017-01-30 12:31:31+01;1429
2017-01-30 13:36:31+01;1399
2017-01-30 13:42:31+01;1399
2017-01-30 13:53:31+01;1389
2017-01-30 14:31:31+01;1369
2017-01-30 15:28:31+01;1369
2017-01-30 19:20:31+01;1359
2017-01-30 20:42:31+01;1359
2017-01-30 22:01:31+01;1489
2017-01-31 05:33:31+01;1409
2017-01-31 09:17:31+01;1399
2017-01-31 11:32:31+01;1379
2017-01-31 12:31:31+01;1409
2017-01-31 13:49:31+01;1379
2017-01-31 15:53:31+01;1369
2017-01-31 18:08:31+01;1359
2017-01-31 20:04:31+01;1359
2017-01-31 22:01:31+01;1479
2017-02-01 05:34:31+01;1409
2017-02-01 08:23:31+01;1389
2017-02-01 09:05:31+01;1359
2017-02-01 12:31:31+01;1389
2017-02-01 12:47:31+01;1389
2017-02-01 13:25:31+01;1359
2017-02-01 15:26:31+01;1359
2017-02-01 19:11:31+01;1349
2017-02-01 22:01:31+01;1489
2017-02-02 05:33:31+01;1409
2017-02-02 07:51:31+01;1389
2017-02-02 08:32:31+01;1369
2017-02-02 08:52:31+01;1349
2017-02-02 12:31:31+01;1379
2017-02-02 13:48:31+01;1349
2017-02-02 22:01:31+01;1499
2017-02-03 05:27:31+01;1409
2017-02-03 10:47:31+01;1389
2017-02-03 12:31:31+01;1419
2017-02-03 12:46:31+01;1409
2017-02-03 13:25:31+01;1379
2017-02-03 14:30:31+01;1379
2017-02-03 14:34:31+01;1369
2017-02-03 15:56:31+01;1369
2017-02-03 17:41:31+01;1359
2017-02-03 22:01:31+01;1499
2017-02-04 05:34:31+01;1399
2017-02-04 10:44:31+01;1389
2017-02-04 12:31:31+01;1419
2017-02-04 13:27:31+01;1389
2017-02-04 13:30:31+01;1379
2017-02-04 13:44:31+01;1379
2017-02-04 15:44:31+01;1369
2017-02-04 17:41:31+01;1359
2017-02-04 22:01:31+01;1499
2017-02-05 05:34:31+01;1399
2017-02-05 11:02:31+01;1379
2017-02-05 12:31:31+01;1409
2017-02-05 13:25:31+01;1379
2017-02-05 15:56:32+01;1359
2017-02-05 22:01:31+01;1499
2017-02-06 05:34:31+01;1399
2017-02-06 12:31:31+01;1429
2017-02-06 12:46:31+01;1409
2017-02-06 13:25:31+01;1379
2017-02-06 14:37:31+01;1379
2017-02-06 15:59:31+01;1369
2017-02-06 22:02:31+01;1499
2017-02-07 05:46:31+01;1409
2017-02-07 08:14:31+01;1409
2017-02-07 11:02:31+01;1379
2017-02-07 12:31:31+01;1409
2017-02-07 13:25:31+01;1379
2017-02-07 14:47:31+01;1369
2017-02-07 19:59:31+01;1359
2017-02-07 22:01:31+01;1499
2017-02-08 05:33:31+01;1409
2017-02-08 08:14:31+01;1369
2017-02-08 09:41:31+01;1369
2017-02-08 11:50:31+01;1359
2017-02-08 12:32:31+01;1389
2017-02-08 13:49:31+01;1359
2017-02-08 19:50:31+01;1349
2017-02-08 22:02:31+01;1489
2017-02-09 05:34:31+01;1409
2017-02-09 12:02:31+01;1399
2017-02-09 12:31:31+01;1429
2017-02-09 13:50:31+01;1399
2017-02-09 15:25:31+01;1389
2017-02-09 17:02:31+01;1359
2017-02-09 19:38:31+01;1359
2017-02-09 20:11:31+01;1359
2017-02-09 20:23:31+01;1349
2017-02-09 21:46:31+01;1499
2017-02-10 05:33:31+01;1409
2017-02-10 09:59:31+01;1399
2017-02-10 12:31:31+01;1429
2017-02-10 13:29:31+01;1399
2017-02-10 15:02:31+01;1389
2017-02-10 16:20:31+01;1379
2017-02-10 18:42:32+01;1379
2017-02-10 18:50:31+01;1369
2017-02-10 21:11:31+01;1369
2017-02-10 22:01:31+01;1519
2017-02-11 05:33:31+01;1409
2017-02-11 09:53:31+01;1369
2017-02-11 10:07:31+01;1369
2017-02-11 10:20:31+01;1369
2017-02-11 12:31:31+01;1399
2017-02-11 13:49:31+01;1369
2017-02-11 15:53:31+01;1359
2017-02-11 22:06:31+01;1519
2017-02-12 05:33:31+01;1409
2017-02-12 09:06:31+01;1379
2017-02-12 09:30:31+01;1369
2017-02-12 10:03:31+01;1369
2017-02-12 10:12:31+01;1369
2017-02-12 12:31:31+01;1399
2017-02-12 13:49:31+01;1369
2017-02-12 22:01:31+01;1519
2017-02-13 05:28:31+01;1409
2017-02-13 12:31:31+01;1439
2017-02-13 13:51:31+01;1409
2017-02-13 14:28:31+01;1399
2017-02-13 14:59:31+01;1379
2017-02-13 20:56:31+01;1369
2017-02-13 22:01:31+01;1519
2017-02-14 05:37:32+01;1409
2017-02-14 12:31:31+01;1439
2017-02-14 13:24:31+01;1409
2017-02-14 13:41:31+01;1389
2017-02-14 15:44:31+01;1369
2017-02-14 22:02:31+01;1519
2017-02-15 05:33:31+01;1409
2017-02-15 10:35:31+01;1409
2017-02-15 12:31:31+01;1439
2017-02-15 12:36:31+01;1439
2017-02-15 12:47:31+01;1429
2017-02-15 13:40:31+01;1399
2017-02-15 15:50:31+01;1399
2017-02-15 16:29:31+01;1389
2017-02-15 18:20:31+01;1379
2017-02-15 18:59:31+01;1379
2017-02-15 20:32:31+01;1369
2017-02-15 22:01:31+01;1519
2017-02-16 05:27:31+01;1409
2017-02-16 09:46:31+01;1399
2017-02-16 12:30:31+01;1429
2017-02-16 14:05:31+01;1399
2017-02-16 16:02:31+01;1399
2017-02-16 17:26:31+01;1389
2017-02-16 17:46:31+01;1379
2017-02-16 19:50:31+01;1379
2017-02-16 22:01:31+01;1519
2017-02-17 05:48:31+01;1409
2017-02-17 12:31:31+01;1439
2017-02-17 13:48:31+01;1409
2017-02-17 14:05:31+01;1409
2017-02-17 14:26:31+01;1399
2017-02-17 15:45:31+01;1389
2017-02-17 15:59:31+01;1389
2017-02-17 17:47:31+01;1379
2017-02-17 20:02:31+01;1369
2017-02-17 22:01:31+01;1499
2017-02-18 05:33:31+01;1409
2017-02-18 11:29:31+01;1399
2017-02-18 12:31:31+01;1429
2017-02-18 13:24:31+01;1399
2017-02-18 13:41:31+01;1389
2017-02-18 17:20:31+01;1379
2017-02-18 22:01:31+01;1499
2017-02-19 05:33:31+01;1409
2017-02-19 12:31:31+01;1439
2017-02-19 13:36:31+01;1409
2017-02-19 13:53:31+01;1399
2017-02-19 15:59:31+01;1389
2017-02-19 22:01:31+01;1499
2017-02-20 05:34:31+01;1409
2017-02-20 11:44:31+01;1409
2017-02-20 12:34:31+01;1439
2017-02-20 12:37:31+01;1429
2017-02-20 13:25:31+01;1399
2017-02-20 14:23:31+01;1399
2017-02-20 14:38:31+01;1379
2017-02-20 18:53:31+01;1359
2017-02-20 19:13:31+01;1359
2017-02-20 22:01:31+01;1489
2017-02-21 05:33:31+01;1409
2017-02-21 10:23:31+01;1399
2017-02-21 11:05:31+01;1399
2017-02-21 11:16:31+01;1379
2017-02-21 12:31:32+01;1409
2017-02-21 13:25:32+01;1379
2017-02-21 15:30:31+01;1369
2017-02-21 19:44:31+01;1359
2017-02-21 22:01:31+01;1489
2017-02-22 05:34:31+01;1419
2017-02-22 10:26:31+01;1369
2017-02-22 11:06:31+01;1369
2017-02-22 12:31:31+01;1399
2017-02-22 13:25:31+01;1369
2017-02-22 16:20:31+01;1359
2017-02-22 22:33:31+01;1499
2017-02-23 05:33:31+01;1419
2017-02-23 10:11:31+01;1409
2017-02-23 11:20:31+01;1399
2017-02-23 12:13:31+01;1389
2017-02-23 14:56:31+01;1389
2017-02-23 15:41:31+01;1359
2017-02-23 19:32:31+01;1359
2017-02-23 22:01:31+01;1499
2017-02-24 05:34:31+01;1409
2017-02-24 10:20:31+01;1409
2017-02-24 11:41:31+01;1399
2017-02-24 12:31:31+01;1429
2017-02-24 13:49:31+01;1399
2017-02-24 14:44:31+01;1379
2017-02-24 15:59:31+01;1359
2017-02-24 18:11:31+01;1359
2017-02-24 19:33:31+01;1359
2017-02-24 22:01:31+01;1499
2017-02-25 05:33:31+01;1409
2017-02-25 10:30:31+01;1389
2017-02-25 12:31:31+01;1419
2017-02-25 13:28:31+01;1389
2017-02-25 13:42:31+01;1369
2017-02-25 16:20:31+01;1349
2017-02-25 22:00:31+01;1499
2017-02-26 05:34:31+01;1409
2017-02-26 10:20:31+01;1389
2017-02-26 10:37:31+01;1389
2017-02-26 12:32:31+01;1419
2017-02-26 13:34:31+01;1389
2017-02-26 13:50:31+01;1369
2017-02-26 15:38:31+01;1349
2017-02-26 22:01:31+01;1499
2017-02-27 05:33:31+01;1409
2017-02-27 10:44:31+01;1389
2017-02-27 12:31:31+01;1419
2017-02-27 13:08:31+01;1399
2017-02-27 13:26:31+01;1369
2017-02-27 15:52:31+01;1349
2017-02-27 22:01:31+01;1489
2017-02-28 05:33:31+01;1409
2017-02-28 07:20:31+01;1399
2017-02-28 08:47:31+01;1369
2017-02-28 09:03:31+01;1369
2017-02-28 12:31:31+01;1399
2017-02-28 13:48:31+01;1369
2017-02-28 15:38:31+01;1369
2017-02-28 22:01:31+01;1489
2017-03-01 05:32:31+01;1409
2017-03-01 10:00:31+01;1409
2017-03-01 11:05:31+01;1409
2017-03-01 11:16:32+01;1379
2017-03-01 12:35:31+01;1409
2017-03-01 13:50:31+01;1379
2017-03-01 15:01:31+01;1369
2017-03-01 18:53:31+01;1369
2017-03-01 19:39:31+01;1359
2017-03-01 20:54:31+01;1349
2017-03-01 22:01:31+01;1479
2017-03-02 05:34:31+01;1409
2017-03-02 11:40:31+01;1379
2017-03-02 12:31:31+01;1409
2017-03-02 13:22:31+01;1379
2017-03-02 13:38:31+01;1379
2017-03-02 15:53:31+01;1369
2017-03-02 18:48:31+01;1349
2017-03-02 18:58:31+01;1349
2017-03-02 22:01:31+01;1489
2017-03-03 05:33:31+01;1409
2017-03-03 10:35:32+01;1409
2017-03-03 10:42:31+01;1409
2017-03-03 11:50:31+01;1389
2017-03-03 12:31:31+01;1419
2017-03-03 13:25:31+01;1389
2017-03-03 14:25:31+01;1369
2017-03-03 16:47:31+01;1369
2017-03-03 17:45:31+01;1359
2017-03-03 17:50:31+01;1359
2017-03-03 18:56:31+01;1349
2017-03-03 20:35:31+01;1339
2017-03-03 22:01:31+01;1479
2017-03-04 05:34:31+01;1389
2017-03-04 10:55:31+01;1369
2017-03-04 12:30:31+01;1399
2017-03-04 13:33:31+01;1369
2017-03-04 13:36:31+01;1369
2017-03-04 13:50:31+01;1349
2017-03-04 19:47:31+01;1339
2017-03-04 22:01:31+01;1479
2017-03-05 05:33:31+01;1389
2017-03-05 10:08:32+01;1369
2017-03-05 11:23:31+01;1359
2017-03-05 12:31:31+01;1389
2017-03-05 12:55:31+01;1379
2017-03-05 13:25:31+01;1349
2017-03-05 22:01:31+01;1479
2017-03-06 05:33:31+01;1409
2017-03-06 08:08:31+01;1409
2017-03-06 09:03:31+01;1369
2017-03-06 09:22:31+01;1359
2017-03-06 12:31:31+01;1389
2017-03-06 12:46:31+01;1369
2017-03-06 12:58:31+01;1369
2017-03-06 13:25:31+01;1339
2017-03-06 14:48:31+01;1339
2017-03-06 16:05:31+01;1329
2017-03-06 18:49:31+01;1329
2017-03-06 22:01:31+01;1469
2017-03-07 05:33:31+01;1399
2017-03-07 09:41:31+01;1389
2017-03-07 09:59:31+01;1359
2017-03-07 10:40:31+01;1359
2017-03-07 10:47:31+01;1359
2017-03-07 11:44:31+01;1339
2017-03-07 12:31:31+01;1369
2017-03-07 13:45:31+01;1339
2017-03-07 14:47:31+01;1329
2017-03-07 22:01:31+01;1469
2017-03-08 05:33:31+01;1409
2017-03-08 09:41:31+01;1389
2017-03-08 10:29:31+01;1389
2017-03-08 11:56:31+01;1359
2017-03-08 12:31:31+01;1389
2017-03-08 12:35:31+01;1379
2017-03-08 13:25:31+01;1349
2017-03-08 14:46:31+01;1339
2017-03-08 17:11:31+01;1339
2017-03-08 19:47:31+01;1329
2017-03-08 20:05:31+01;1329
2017-03-08 22:01:31+01;1479
2017-03-09 05:33:31+01;1409
2017-03-09 10:00:31+01;1399
2017-03-09 10:20:31+01;1399
2017-03-09 12:31:31+01;1429
2017-03-09 12:56:31+01;1409
2017-03-09 13:25:31+01;1379
2017-03-09 15:14:31+01;1359
2017-03-09 15:53:31+01;1359
2017-03-09 18:41:31+01;1349
2017-03-09 20:02:31+01;1339
2017-03-09 21:24:31+01;1329
2017-03-09 22:01:31+01;1479
2017-03-10 05:34:31+01;1399
2017-03-10 11:11:31+01;1379
2017-03-10 11:50:31+01;1359
2017-03-10 12:31:31+01;1389
2017-03-10 13:24:31+01;1359
2017-03-10 13:41:31+01;1359
2017-03-10 14:47:31+01;1339
2017-03-10 15:53:31+01;1339
2017-03-10 16:47:31+01;1329
2017-03-10 21:20:31+01;1319
2017-03-10 22:01:31+01;1469
2017-03-11 05:34:31+01;1379
2017-03-11 10:11:31+01;1369
2017-03-11 10:54:31+01;1369
2017-03-11 11:07:31+01;1339
2017-03-11 12:31:31+01;1369
2017-03-11 12:46:31+01;1359
2017-03-11 13:25:31+01;1329
2017-03-11 16:20:32+01;1329
2017-03-11 22:01:31+01;1469
2017-03-12 05:33:31+01;1379
2017-03-12 12:31:31+01;1409
2017-03-12 12:59:31+01;1389
2017-03-12 13:37:31+01;1359
2017-03-12 14:56:31+01;1329
2017-03-12 22:01:31+01;1469
2017-03-13 05:16:31+01;1389
2017-03-13 10:11:31+01;1379
2017-03-13 11:50:31+01;1359
2017-03-13 12:31:31+01;1389
2017-03-13 12:46:31+01;1369
2017-03-13 13:05:32+01;1369
2017-03-13 13:24:31+01;1339
2017-03-13 15:11:31+01;1319
2017-03-13 15:46:31+01;1319
2017-03-13 16:52:31+01;1309
2017-03-13 20:11:31+01;1309
2017-03-13 22:01:31+01;1459
2017-03-14 05:34:31+01;1379
2017-03-14 10:21:31+01;1359
2017-03-14 11:11:31+01;1339
2017-03-14 11:51:31+01;1319
2017-03-14 12:31:31+01;1349
2017-03-14 12:46:31+01;1349
2017-03-14 13:08:31+01;1329
2017-03-14 13:25:31+01;1299
2017-03-14 15:43:31+01;1299
2017-03-14 17:08:31+01;1299
2017-03-14 22:01:31+01;1449
2017-03-15 05:32:31+01;1369
2017-03-15 08:23:31+01;1319
2017-03-15 11:04:31+01;1309
2017-03-15 11:11:31+01;1309
2017-03-15 11:31:31+01;1299
2017-03-15 12:31:31+01;1329
2017-03-15 12:49:31+01;1329
2017-03-15 13:30:31+01;1299
2017-03-15 19:56:31+01;1299
2017-03-15 22:01:31+01;1439
2017-03-16 05:16:31+01;1379
2017-03-16 10:01:31+01;1359
2017-03-16 10:56:31+01;1359
2017-03-16 11:02:31+01;1349
2017-03-16 12:31:31+01;1379
2017-03-16 12:46:31+01;1379
2017-03-16 13:05:31+01;1359
2017-03-16 13:24:31+01;1329
2017-03-16 13:43:31+01;1329
2017-03-16 15:44:31+01;1329
2017-03-16 15:56:31+01;1319
2017-03-16 17:59:31+01;1309
2017-03-16 19:53:31+01;1299
2017-03-16 22:01:31+01;1439
2017-03-17 05:34:31+01;1379
2017-03-17 08:50:31+01;1349
2017-03-17 09:10:31+01;1319
2017-03-17 12:30:31+01;1349
2017-03-17 13:49:31+01;1319
2017-03-17 15:35:31+01;1319
2017-03-17 16:10:31+01;1309
2017-03-17 18:02:31+01;1299
2017-03-17 22:01:31+01;1449
2017-03-18 05:32:31+01;1359
2017-03-18 08:50:31+01;1319
2017-03-18 09:26:31+01;1299
2017-03-18 10:12:32+01;1299
2017-03-18 10:44:31+01;1289
2017-03-18 12:31:31+01;1319
2017-03-18 12:48:31+01;1319
2017-03-18 13:48:31+01;1289
2017-03-18 18:27:31+01;1289
2017-03-18 22:00:31+01;1449
2017-03-19 05:33:31+01;1359
2017-03-19 10:11:31+01;1359
2017-03-19 10:28:31+01;1359
2017-03-19 10:49:31+01;1339
2017-03-19 11:58:31+01;1319
2017-03-19 12:31:31+01;1349
2017-03-19 13:25:31+01;1319
2017-03-19 22:01:31+01;1449
2017-03-20 05:06:31+01;1449
2017-03-20 05:24:31+01;1359
2017-03-20 07:51:31+01;1349
2017-03-20 09:02:31+01;1349
2017-03-20 09:30:31+01;1349
2017-03-20 09:43:31+01;1319
2017-03-20 11:06:31+01;1309
2017-03-20 12:31:31+01;1339
2017-03-20 13:25:31+01;1309
2017-03-20 22:01:31+01;1449
2017-03-21 05:32:31+01;1369
2017-03-21 08:44:31+01;1339
2017-03-21 08:57:31+01;1319
2017-03-21 09:04:31+01;1319
2017-03-21 11:14:32+01;1309
2017-03-21 11:36:31+01;1299
2017-03-21 12:31:31+01;1329
2017-03-21 13:25:31+01;1299
2017-03-21 14:47:31+01;1299
2017-03-21 16:05:31+01;1289
2017-03-21 22:01:31+01;1449
2017-03-22 05:32:31+01;1379
2017-03-22 07:32:31+01;1339
2017-03-22 08:21:32+01;1309
2017-03-22 08:27:31+01;1299
2017-03-22 09:25:31+01;1299
2017-03-22 10:14:31+01;1299
2017-03-22 12:31:31+01;1329
2017-03-22 13:25:31+01;1299
2017-03-22 14:45:31+01;1299
2017-03-22 17:11:31+01;1299
2017-03-22 17:47:31+01;1299
2017-03-22 18:47:31+01;1299
2017-03-22 22:01:31+01;1439
2017-03-23 05:14:31+01;1439
2017-03-23 05:32:31+01;1369
2017-03-23 07:46:31+01;1369
2017-03-23 09:05:31+01;1369
2017-03-23 10:11:31+01;1369
2017-03-23 10:53:31+01;1299
2017-03-23 11:05:31+01;1299
2017-03-23 12:31:31+01;1329
2017-03-23 13:58:31+01;1299
2017-03-23 15:59:31+01;1289
2017-03-23 22:01:31+01;1439
2017-03-24 05:34:31+01;1369
2017-03-24 10:01:31+01;1299
2017-03-24 10:08:31+01;1299
2017-03-24 12:31:31+01;1329
2017-03-24 12:46:32+01;1319
2017-03-24 13:28:31+01;1289
2017-03-24 16:02:31+01;1279
2017-03-24 22:00:31+01;1459
2017-03-25 05:32:31+01;1359
2017-03-25 10:16:31+01;1349
2017-03-25 10:56:31+01;1349
2017-03-25 11:43:31+01;1299
2017-03-25 11:56:31+01;1289
2017-03-25 12:30:31+01;1319
2017-03-25 12:46:31+01;1319
2017-03-25 13:25:31+01;1289
2017-03-25 22:01:31+01;1459
2017-03-26 06:49:31+02;1359
2017-03-26 12:27:31+02;1319
2017-03-26 13:30:31+02;1349
2017-03-26 13:53:31+02;1329
2017-03-26 14:49:31+02;1299
2017-03-26 23:01:31+02;1459
2017-03-27 05:32:31+02;1379
2017-03-27 09:44:31+02;1309
2017-03-27 12:31:31+02;1339
2017-03-27 12:34:31+02;1339
2017-03-27 13:49:31+02;1309
2017-03-27 15:48:31+02;1309
2017-03-27 16:10:32+02;1289
2017-03-27 22:01:31+02;1449
2017-03-28 05:32:31+02;1369
2017-03-28 08:50:31+02;1319
2017-03-28 10:39:32+02;1319
2017-03-28 10:49:31+02;1299
2017-03-28 12:31:31+02;1329
2017-03-28 13:48:31+02;1299
2017-03-28 22:00:31+02;1459
2017-03-29 05:33:31+02;1389
2017-03-29 08:56:31+02;1379
2017-03-29 09:40:31+02;1359
2017-03-29 10:03:31+02;1349
2017-03-29 10:37:31+02;1339
2017-03-29 12:31:31+02;1369
2017-03-29 12:48:31+02;1359
2017-03-29 13:47:31+02;1329
2017-03-29 15:59:31+02;1319
2017-03-29 17:41:31+02;1309
2017-03-29 20:29:31+02;1309
2017-03-29 21:26:31+02;1309
2017-03-29 22:00:31+02;1459
2017-03-30 05:32:31+02;1399
2017-03-30 09:17:31+02;1389
2017-03-30 10:40:31+02;1349
2017-03-30 12:30:31+02;1379
2017-03-30 13:47:31+02;1349
2017-03-30 16:13:31+02;1339
2017-03-30 16:32:31+02;1339
2017-03-30 16:52:31+02;1329
2017-03-30 17:33:31+02;1319
2017-03-30 20:41:31+02;1319
2017-03-30 22:00:31+02;1479
2017-03-31 05:35:31+02;1409
2017-03-31 08:26:31+02;1359
2017-03-31 08:46:31+02;1349
2017-03-31 10:29:31+02;1339
2017-03-31 12:31:31+02;1369
2017-03-31 13:48:31+02;1339
2017-03-31 15:35:31+02;1329
2017-03-31 20:06:31+02;1319
2017-03-31 22:01:31+02;1499
2017-04-01 05:30:31+02;1499
2017-04-01 05:40:31+02;1399
2017-04-01 10:41:31+02;1389
2017-04-01 11:26:31+02;1369
2017-04-01 12:31:31+02;1399
2017-04-01 12:46:31+02;1389
2017-04-01 13:25:31+02;1359
2017-04-01 14:37:31+02;1359
2017-04-01 15:15:31+02;1339
2017-04-01 15:20:31+02;1339
2017-04-01 15:32:31+02;1329
2017-04-01 20:41:31+02;1329
2017-04-01 22:00:31+02;1499
2017-04-02 05:36:31+02;1399
2017-04-02 12:31:31+02;1429
2017-04-02 12:46:31+02;1419
2017-04-02 13:25:31+02;1389
2017-04-02 16:33:31+02;1369
2017-04-02 16:41:31+02;1369
2017-04-02 17:27:32+02;1359
2017-04-02 17:35:31+02;1359
2017-04-02 18:34:31+02;1359
2017-04-02 19:15:31+02;1349
2017-04-02 20:27:31+02;1339
2017-04-02 22:01:31+02;1499
2017-04-03 05:15:31+02;1409
2017-04-03 07:52:31+02;1349
2017-04-03 08:22:31+02;1349
2017-04-03 08:38:31+02;1339
2017-04-03 08:57:32+02;1339
2017-04-03 12:31:31+02;1369
2017-04-03 13:48:31+02;1339
2017-04-03 15:02:31+02;1339
2017-04-03 15:50:31+02;1339
2017-04-03 22:01:31+02;1499
2017-04-04 05:32:31+02;1409
2017-04-04 08:56:31+02;1399
2017-04-04 09:18:31+02;1369
2017-04-04 11:11:31+02;1369
2017-04-04 12:31:31+02;1399
2017-04-04 12:46:31+02;1389
2017-04-04 13:48:31+02;1359
2017-04-04 15:36:31+02;1359
2017-04-04 15:50:31+02;1349
2017-04-04 17:41:31+02;1339
2017-04-04 22:01:31+02;1499
2017-04-05 05:18:31+02;1409
2017-04-05 07:48:31+02;1389
2017-04-05 07:54:31+02;1389
2017-04-05 07:59:31+02;1379
2017-04-05 08:57:31+02;1379
2017-04-05 09:53:31+02;1359
2017-04-05 11:27:31+02;1359
2017-04-05 12:31:32+02;1389
2017-04-05 13:48:31+02;1359
2017-04-05 22:00:31+02;1499
2017-04-06 05:33:31+02;1409
2017-04-06 10:32:31+02;1399
2017-04-06 11:32:31+02;1389
2017-04-06 12:31:31+02;1419
2017-04-06 12:32:31+02;1409
2017-04-06 13:26:31+02;1379
2017-04-06 13:44:31+02;1379
2017-04-06 14:59:31+02;1379
2017-04-06 15:56:31+02;1379
2017-04-06 16:41:31+02;1369
2017-04-06 17:47:31+02;1359
2017-04-06 18:24:31+02;1359
2017-04-06 18:32:31+02;1349
2017-04-06 22:00:31+02;1499
2017-04-07 05:34:31+02;1409
2017-04-07 11:08:31+02;1379
2017-04-07 12:31:31+02;1409
2017-04-07 12:46:31+02;1409
2017-04-07 13:03:31+02;1399
2017-04-07 13:24:31+02;1369
2017-04-07 13:41:31+02;1369
2017-04-07 15:47:31+02;1359
2017-04-07 19:41:31+02;1349
2017-04-07 20:41:31+02;1349
2017-04-07 22:01:31+02;1499
2017-04-08 05:32:31+02;1409
2017-04-08 08:56:31+02;1349
2017-04-08 12:01:31+02;1349
2017-04-08 12:30:31+02;1379
2017-04-08 12:46:31+02;1379
2017-04-08 13:27:31+02;1349
2017-04-08 15:03:31+02;1349
2017-04-08 15:14:31+02;1349
2017-04-08 15:33:32+02;1349
2017-04-08 22:00:31+02;1499
2017-04-09 05:33:31+02;1409
2017-04-09 11:50:31+02;1409
2017-04-09 11:59:31+02;1399
2017-04-09 12:31:31+02;1429
2017-04-09 13:25:31+02;1399
2017-04-09 14:37:31+02;1389
2017-04-09 22:01:31+02;1499
2017-04-10 05:33:31+02;1409
2017-04-10 08:17:31+02;1399
2017-04-10 09:53:31+02;1379
2017-04-10 10:11:31+02;1379
2017-04-10 11:17:31+02;1369
2017-04-10 12:31:31+02;1399
2017-04-10 13:47:31+02;1369
2017-04-10 15:26:31+02;1369
2017-04-10 15:32:31+02;1369
2017-04-10 18:05:31+02;1359
2017-04-10 18:24:31+02;1359
2017-04-10 22:01:31+02;1499
2017-04-11 05:27:31+02;1409
2017-04-11 10:11:31+02;1399
2017-04-11 11:25:31+02;1399
2017-04-11 12:31:31+02;1429
2017-04-11 12:45:32+02;1419
2017-04-11 13:07:31+02;1409
2017-04-11 13:24:31+02;1379
2017-04-11 19:56:31+02;1369
2017-04-11 20:02:31+02;1369
2017-04-11 20:53:31+02;1359
2017-04-11 22:01:31+02;1509
2017-04-12 05:18:31+02;1409
2017-04-12 11:41:31+02;1409
2017-04-12 12:30:31+02;1439
2017-04-12 12:50:31+02;1429
2017-04-12 13:25:31+02;1399
2017-04-12 15:34:31+02;1399
2017-04-12 15:46:31+02;1389
2017-04-12 17:40:31+02;1379
2017-04-12 18:30:31+02;1369
2017-04-12 18:44:31+02;1369
2017-04-12 22:01:31+02;1519
2017-04-13 05:33:31+02;1429
2017-04-13 11:33:31+02;1429
2017-04-13 11:44:31+02;1419
2017-04-13 12:30:31+02;1449
2017-04-13 12:50:31+02;1429
2017-04-13 13:28:31+02;1399
2017-04-13 13:45:31+02;1399
2017-04-13 15:05:31+02;1389
2017-04-13 15:37:31+02;1389
2017-04-13 17:38:31+02;1379
2017-04-13 19:41:31+02;1369
2017-04-13 22:00:31+02;1529
2017-04-14 05:32:31+02;1409
2017-04-14 12:32:31+02;1439
2017-04-14 13:52:31+02;1409
2017-04-14 15:41:31+02;1409
2017-04-14 19:41:31+02;1399
2017-04-14 22:02:31+02;1529
2017-04-15 05:33:32+02;1409
2017-04-15 12:31:31+02;1439
2017-04-15 12:46:31+02;1429
2017-04-15 13:03:31+02;1419
2017-04-15 13:21:31+02;1389
2017-04-15 15:12:31+02;1379
2017-04-15 15:26:31+02;1379
2017-04-15 15:34:31+02;1379
2017-04-15 15:46:31+02;1369
2017-04-15 18:41:31+02;1369
2017-04-15 20:35:31+02;1369
2017-04-15 22:01:31+02;1529
2017-04-16 05:27:31+02;1409
2017-04-16 08:08:31+02;1399
2017-04-16 08:44:31+02;1389
2017-04-16 09:54:31+02;1379
2017-04-16 12:31:31+02;1409
2017-04-16 13:47:31+02;1379
2017-04-16 15:50:31+02;1379
2017-04-16 22:00:31+02;1529
2017-04-17 05:32:31+02;1409
2017-04-17 10:33:31+02;1399
2017-04-17 11:20:31+02;1399
2017-04-17 12:31:31+02;1429
2017-04-17 12:32:31+02;1429
2017-04-17 13:25:31+02;1399
2017-04-17 22:00:32+02;1529
2017-04-18 05:33:31+02;1409
2017-04-18 09:50:31+02;1399
2017-04-18 10:16:31+02;1399
2017-04-18 11:36:31+02;1379
2017-04-18 12:30:31+02;1409
2017-04-18 12:46:31+02;1409
2017-04-18 13:25:31+02;1379
2017-04-18 15:49:31+02;1379
2017-04-18 19:59:31+02;1369
2017-04-18 22:01:31+02;1519
2017-04-19 05:33:31+02;1409
2017-04-19 08:25:31+02;1409
2017-04-19 10:23:31+02;1409
2017-04-19 11:04:31+02;1399
2017-04-19 11:32:31+02;1389
2017-04-19 11:41:31+02;1389
2017-04-19 12:31:31+02;1419
2017-04-19 13:25:31+02;1389
2017-04-19 15:28:31+02;1369
2017-04-19 22:01:31+02;1499
2017-04-20 05:28:31+02;1429
2017-04-20 10:24:31+02;1429
2017-04-20 11:30:32+02;1409
2017-04-20 11:45:31+02;1409
2017-04-20 11:47:31+02;1399
2017-04-20 12:30:31+02;1429
2017-04-20 12:46:31+02;1419
2017-04-20 13:09:31+02;1419
2017-04-20 13:24:31+02;1389
2017-04-20 15:45:31+02;1379
2017-04-20 18:26:31+02;1359
2017-04-20 19:56:24+02;1359
2017-04-20 22:01:31+02;1489
2017-04-21 05:34:31+02;1409
2017-04-21 10:32:31+02;1369
2017-04-21 11:23:31+02;1369
2017-04-21 11:33:31+02;1359
2017-04-21 12:31:31+02;1389
2017-04-21 13:48:31+02;1359
2017-04-21 15:29:31+02;1349
2017-04-21 16:04:31+02;1349
2017-04-21 22:00:31+02;1489
2017-04-22 05:27:31+02;1409
2017-04-22 08:11:31+02;1409
2017-04-22 08:48:31+02;1409
2017-04-22 08:56:31+02;1409
2017-04-22 10:22:31+02;1389
2017-04-22 12:15:31+02;1369
2017-04-22 12:30:31+02;1399
2017-04-22 12:46:31+02;1389
2017-04-22 13:29:31+02;1359
2017-04-22 15:24:31+02;1349
2017-04-22 22:00:31+02;1489
2017-04-23 05:33:31+02;1409
2017-04-23 08:38:31+02;1369
2017-04-23 09:54:31+02;1359
2017-04-23 10:58:31+02;1359
2017-04-23 12:31:31+02;1389
2017-04-23 12:34:31+02;1389
2017-04-23 13:49:31+02;1359
2017-04-23 22:01:31+02;1489
2017-04-24 05:32:31+02;1489
2017-04-24 06:12:31+02;1479
2017-04-24 07:20:31+02;1359
2017-04-24 10:41:31+02;1349
2017-04-24 11:32:31+02;1349
2017-04-24 11:33:31+02;1339
2017-04-24 11:36:31+02;1349
2017-04-24 11:37:31+02;1339
2017-04-24 12:31:31+02;1369
2017-04-24 13:33:31+02;1339
2017-04-24 22:00:31+02;1479
2017-04-25 05:34:31+02;1409
2017-04-25 09:33:31+02;1409
2017-04-25 09:36:31+02;1379
2017-04-25 10:42:31+02;1369
2017-04-25 11:12:31+02;1369
2017-04-25 11:15:31+02;1359
2017-04-25 12:30:31+02;1389
2017-04-25 13:48:31+02;1359
2017-04-25 15:12:31+02;1359
2017-04-25 15:14:31+02;1349
2017-04-25 17:23:31+02;1349
2017-04-25 19:51:31+02;1339
2017-04-25 22:01:31+02;1469
2017-04-26 05:32:31+02;1409
2017-04-26 07:47:31+02;1359
2017-04-26 11:18:31+02;1359
2017-04-26 12:31:31+02;1389
2017-04-26 13:48:32+02;1359
2017-04-26 16:17:31+02;1349
2017-04-26 22:01:31+02;1469
2017-04-27 05:33:31+02;1409
2017-04-27 06:58:31+02;1369
2017-04-27 12:30:31+02;1399
2017-04-27 12:32:31+02;1399
2017-04-27 13:49:31+02;1369
2017-04-27 15:22:31+02;1349
2017-04-27 16:04:31+02;1349
2017-04-27 16:24:31+02;1339
2017-04-27 17:00:31+02;1359
2017-04-27 18:07:31+02;1339
2017-04-27 20:15:31+02;1329
2017-04-27 22:01:31+02;1469
2017-04-28 05:34:31+02;1399
2017-04-28 07:38:31+02;1399
2017-04-28 08:20:31+02;1399
2017-04-28 08:39:31+02;1369
2017-04-28 08:58:31+02;1369
2017-04-28 11:58:31+02;1369
2017-04-28 12:30:31+02;1399
2017-04-28 13:50:31+02;1369
2017-04-28 14:33:31+02;1359
2017-04-28 14:57:31+02;1339
2017-04-28 17:00:31+02;1359
2017-04-28 18:18:31+02;1339
2017-04-28 19:24:31+02;1329
2017-04-28 20:12:31+02;1319
2017-04-28 22:00:31+02;1469
2017-04-29 05:34:31+02;1389
2017-04-29 07:50:31+02;1369
2017-04-29 09:39:32+02;1339
2017-04-29 12:30:32+02;1369
2017-04-29 13:47:31+02;1339
2017-04-29 16:30:31+02;1339
2017-04-29 17:00:31+02;1359
2017-04-29 18:09:31+02;1339
2017-04-29 19:21:31+02;1329
2017-04-29 22:00:31+02;1469
2017-04-30 05:34:31+02;1389
2017-04-30 10:34:31+02;1359
2017-04-30 12:31:31+02;1389
2017-04-30 13:48:31+02;1359
2017-04-30 15:24:31+02;1349
2017-04-30 17:01:32+02;1369
2017-04-30 18:18:31+02;1349
2017-04-30 22:01:31+02;1469
2017-05-01 08:19:31+02;1389
2017-05-01 09:14:31+02;1389
2017-05-01 10:36:31+02;1369
2017-05-01 12:31:31+02;1399
2017-05-01 13:49:31+02;1369
2017-05-01 15:47:31+02;1359
2017-05-01 17:00:31+02;1379
2017-05-01 18:18:31+02;1359
2017-05-01 22:01:31+02;1469
2017-05-02 05:34:31+02;1409
2017-05-02 08:20:31+02;1399
2017-05-02 09:24:31+02;1389
2017-05-02 09:42:31+02;1369
2017-05-02 09:54:31+02;1359
2017-05-02 10:24:31+02;1349
2017-05-02 10:33:31+02;1349
2017-05-02 11:18:31+02;1339
2017-05-02 12:31:31+02;1369
2017-05-02 13:48:31+02;1339
2017-05-02 15:24:31+02;1339
2017-05-02 17:00:31+02;1359
2017-05-02 18:19:31+02;1339
2017-05-02 22:01:31+02;1459
2017-05-03 05:33:31+02;1389
2017-05-03 10:04:31+02;1379
2017-05-03 10:33:31+02;1369
2017-05-03 11:12:31+02;1369
2017-05-03 11:14:31+02;1359
2017-05-03 11:23:31+02;1349
2017-05-03 12:34:31+02;1379
2017-05-03 12:46:31+02;1369
2017-05-03 13:00:31+02;1359
2017-05-03 13:48:31+02;1329
2017-05-03 15:24:31+02;1309
2017-05-03 17:02:31+02;1329
2017-05-03 17:10:31+02;1329
2017-05-03 18:34:31+02;1309
2017-05-03 22:03:31+02;1459
2017-05-04 05:30:31+02;1399
2017-05-04 09:05:31+02;1359
2017-05-04 09:24:31+02;1329
2017-05-04 10:11:31+02;1319
2017-05-04 11:00:31+02;1319
2017-05-04 11:30:31+02;1319
2017-05-04 12:30:31+02;1349
2017-05-04 12:46:31+02;1349
2017-05-04 13:09:31+02;1339
2017-05-04 13:27:31+02;1309
2017-05-04 17:01:31+02;1329
2017-05-04 18:07:31+02;1309
2017-05-04 22:01:31+02;1459
2017-05-05 05:28:31+02;1389
2017-05-05 08:19:31+02;1359
2017-05-05 08:26:31+02;1359
2017-05-05 09:13:31+02;1359
2017-05-05 09:29:31+02;1349
2017-05-05 09:37:31+02;1339
2017-05-05 09:58:31+02;1329
2017-05-05 11:23:31+02;1319
2017-05-05 12:31:31+02;1349
2017-05-05 13:45:31+02;1319
2017-05-05 16:02:31+02;1309
2017-05-05 17:00:31+02;1329
2017-05-05 18:08:31+02;1309
2017-05-05 19:47:31+02;1299
2017-05-05 22:03:31+02;1449
2017-05-06 05:38:31+02;1379
2017-05-06 10:44:31+02;1369
2017-05-06 11:13:31+02;1359
2017-05-06 12:30:31+02;1389
2017-05-06 12:45:31+02;1379
2017-05-06 13:08:32+02;1359
2017-05-06 13:27:31+02;1329
2017-05-06 15:39:31+02;1319
2017-05-06 17:01:31+02;1339
2017-05-06 18:08:31+02;1319
2017-05-06 22:01:31+02;1449
2017-05-07 05:48:31+02;1379
2017-05-07 09:53:31+02;1349
2017-05-07 12:32:31+02;1379
2017-05-07 13:48:31+02;1349
2017-05-07 15:41:31+02;1349
2017-05-07 17:01:31+02;1369
2017-05-07 18:08:31+02;1349
2017-05-07 22:01:31+02;1449
2017-05-08 05:27:31+02;1379
2017-05-08 09:29:31+02;1349
2017-05-08 10:06:31+02;1349
2017-05-08 12:31:31+02;1379
2017-05-08 13:49:31+02;1349
2017-05-08 14:59:31+02;1339
2017-05-08 15:59:31+02;1339
2017-05-08 16:09:31+02;1329
2017-05-08 17:01:31+02;1349
2017-05-08 17:28:31+02;1339
2017-05-08 17:48:31+02;1319
2017-05-08 19:41:31+02;1309
2017-05-08 19:45:31+02;1309
2017-05-08 22:01:31+02;1449
2017-05-09 05:27:31+02;1389
2017-05-09 09:24:31+02;1349
2017-05-09 12:31:31+02;1379
2017-05-09 13:32:31+02;1349
2017-05-09 15:02:31+02;1339
2017-05-09 17:00:32+02;1359
2017-05-09 18:20:31+02;1339
2017-05-09 19:13:32+02;1329
2017-05-09 22:00:31+02;1449
2017-05-10 05:37:31+02;1389
2017-05-10 08:35:31+02;1379
2017-05-10 09:01:31+02;1369
2017-05-10 10:37:31+02;1359
2017-05-10 11:32:31+02;1349
2017-05-10 12:31:31+02;1379
2017-05-10 12:46:31+02;1369
2017-05-10 13:22:31+02;1339
2017-05-10 15:38:31+02;1339
2017-05-10 17:01:31+02;1359
2017-05-10 17:30:31+02;1349
2017-05-10 17:51:31+02;1329
2017-05-10 19:14:31+02;1329
2017-05-10 20:14:31+02;1319
2017-05-10 22:01:31+02;1449
2017-05-11 05:39:31+02;1389
2017-05-11 08:11:31+02;1379
2017-05-11 10:10:31+02;1369
2017-05-11 11:14:31+02;1359
2017-05-11 12:31:31+02;1389
2017-05-11 12:32:31+02;1379
2017-05-11 13:58:31+02;1349
2017-05-11 15:35:31+02;1349
2017-05-11 17:01:31+02;1369
2017-05-11 17:14:31+02;1359
2017-05-11 17:54:31+02;1339
2017-05-11 19:38:31+02;1329
2017-05-11 22:01:31+02;1459
2017-05-12 05:39:31+02;1399
2017-05-12 09:07:31+02;1349
2017-05-12 10:18:31+02;1339
2017-05-12 10:20:31+02;1339
2017-05-12 11:05:31+02;1339
2017-05-12 12:31:31+02;1369
2017-05-12 13:49:31+02;1339
2017-05-12 15:36:31+02;1329
2017-05-12 16:08:31+02;1329
2017-05-12 17:01:32+02;1349
2017-05-12 17:51:31+02;1329
2017-05-12 20:23:31+02;1319
2017-05-12 22:01:31+02;1479
2017-05-13 05:06:31+02;1479
2017-05-13 05:27:31+02;1379
2017-05-13 09:05:31+02;1379
2017-05-13 10:39:31+02;1379
2017-05-13 11:19:31+02;1379
2017-05-13 12:30:31+02;1409
2017-05-13 12:46:31+02;1399
2017-05-13 13:23:31+02;1359
2017-05-13 15:04:31+02;1349
2017-05-13 17:01:31+02;1369
2017-05-13 17:06:31+02;1359
2017-05-13 18:20:31+02;1339
2017-05-13 22:01:32+02;1479
2017-05-14 05:37:31+02;1379
2017-05-14 10:26:32+02;1379
2017-05-14 10:29:35+02;1359
2017-05-14 12:30:31+02;1389
2017-05-14 13:59:31+02;1359
2017-05-14 15:26:31+02;1339
2017-05-14 15:29:31+02;1339
2017-05-14 17:01:31+02;1359
2017-05-14 17:51:31+02;1339
2017-05-14 22:01:31+02;1479
2017-05-15 05:36:31+02;1399
2017-05-15 09:47:31+02;1389
2017-05-15 10:11:31+02;1379
2017-05-15 10:32:31+02;1359
2017-05-15 11:56:31+02;1359
2017-05-15 12:31:31+02;1389
2017-05-15 12:46:31+02;1389
2017-05-15 13:27:32+02;1359
2017-05-15 17:01:31+02;1379
2017-05-15 17:57:31+02;1359
2017-05-15 19:47:31+02;1339
2017-05-15 19:50:31+02;1339
2017-05-15 22:01:31+02;1479
2017-05-16 05:39:31+02;1409
2017-05-16 09:39:31+02;1399
2017-05-16 10:09:31+02;1389
2017-05-16 10:30:31+02;1379
2017-05-16 11:09:31+02;1379
2017-05-16 11:20:31+02;1369
2017-05-16 12:00:31+02;1359
2017-05-16 12:31:31+02;1389
2017-05-16 12:38:31+02;1389
2017-05-16 13:49:31+02;1359
2017-05-16 15:03:31+02;1349
2017-05-16 17:01:31+02;1369
2017-05-16 17:49:31+02;1349
2017-05-16 22:01:31+02;1479
2017-05-17 05:21:31+02;1409
2017-05-17 12:31:31+02;1439
2017-05-17 13:29:31+02;1369
2017-05-17 15:30:31+02;1349
2017-05-17 16:08:31+02;1329
2017-05-17 16:11:31+02;1329
2017-05-17 17:01:31+02;1349
2017-05-17 17:14:31+02;1349
2017-05-17 17:51:31+02;1329
2017-05-17 22:01:31+02;1479
2017-05-18 05:37:31+02;1389
2017-05-18 08:53:31+02;1359
2017-05-18 12:30:31+02;1389
2017-05-18 13:29:31+02;1359
2017-05-18 15:24:31+02;1349
2017-05-18 17:00:31+02;1369
2017-05-18 17:14:31+02;1349
2017-05-18 17:57:31+02;1329
2017-05-18 19:35:31+02;1319
2017-05-18 22:01:31+02;1479
2017-05-19 05:37:31+02;1389
2017-05-19 09:04:31+02;1369
2017-05-19 10:15:31+02;1349
2017-05-19 12:30:31+02;1379
2017-05-19 12:32:31+02;1369
2017-05-19 13:59:31+02;1339
2017-05-19 17:00:31+02;1359
2017-05-19 17:27:31+02;1349
2017-05-19 17:57:31+02;1329
2017-05-19 19:38:31+02;1329
2017-05-19 20:11:31+02;1319
2017-05-19 22:01:31+02;1479
2017-05-20 05:47:31+02;1369
2017-05-20 12:30:31+02;1399
2017-05-20 12:45:32+02;1389
2017-05-20 13:50:31+02;1359
2017-05-20 14:47:31+02;1359
2017-05-20 14:53:31+02;1339
2017-05-20 15:26:31+02;1339
2017-05-20 17:01:31+02;1359
2017-05-20 17:08:31+02;1349
2017-05-20 17:54:31+02;1329
2017-05-20 20:08:31+02;1329
2017-05-20 22:01:31+02;1479
2017-05-21 05:38:31+02;1369
2017-05-21 12:31:31+02;1399
2017-05-21 13:59:31+02;1369
2017-05-21 15:23:31+02;1349
2017-05-21 17:01:31+02;1369
2017-05-21 18:18:31+02;1349
2017-05-21 22:03:31+02;1479
2017-05-22 05:51:31+02;1389
2017-05-22 09:14:31+02;1379
2017-05-22 09:53:31+02;1379
2017-05-22 09:55:32+02;1369
2017-05-22 10:22:31+02;1369
2017-05-22 12:31:31+02;1399
2017-05-22 13:57:31+02;1369
2017-05-22 15:15:31+02;1359
2017-05-22 17:01:31+02;1379
2017-05-22 17:14:31+02;1369
2017-05-22 18:19:31+02;1349
2017-05-22 20:14:31+02;1339
2017-05-22 22:01:31+02;1489
2017-05-23 05:48:31+02;1409
2017-05-23 08:29:31+02;1409
2017-05-23 08:49:31+02;1379
2017-05-23 09:09:31+02;1369
2017-05-23 11:44:31+02;1359
2017-05-23 12:30:31+02;1389
2017-05-23 13:46:31+02;1359
2017-05-23 14:56:31+02;1349
2017-05-23 15:01:31+02;1349
2017-05-23 17:01:31+02;1369
2017-05-23 17:49:31+02;1349
2017-05-23 19:38:31+02;1329
2017-05-23 19:50:32+02;1329
2017-05-23 22:01:31+02;1489
2017-05-24 05:49:31+02;1409
2017-05-24 09:46:31+02;1379
2017-05-24 12:30:08+02;1409
2017-05-24 12:31:08+02;1409
2017-05-24 13:32:06+02;1369
2017-05-24 15:33:05+02;1349
2017-05-24 17:01:06+02;1369
2017-05-24 17:58:06+02;1349
2017-05-24 19:14:06+02;1349
2017-05-24 22:01:06+02;1489
2017-05-25 05:38:13+02;1389
2017-05-25 09:01:06+02;1389
2017-05-25 09:02:06+02;1389
2017-05-25 09:10:06+02;1349
2017-05-25 12:30:07+02;1379
2017-05-25 13:59:05+02;1349
2017-05-25 17:02:06+02;1369
2017-05-25 17:49:05+02;1349
2017-05-25 22:03:06+02;1489
2017-05-26 05:36:06+02;1409
2017-05-26 09:54:06+02;1409
2017-05-26 09:56:06+02;1379
2017-05-26 10:31:10+02;1379
2017-05-26 10:33:06+02;1369
2017-05-26 11:23:06+02;1359
2017-05-26 11:42:11+02;1359
2017-05-26 12:30:10+02;1389
2017-05-26 12:38:07+02;1389
2017-05-26 13:24:08+02;1359
2017-05-26 14:54:06+02;1359
2017-05-26 15:23:06+02;1349
2017-05-26 17:01:06+02;1369
2017-05-26 18:19:06+02;1349
2017-05-26 19:14:06+02;1339
2017-05-26 22:01:07+02;1489
2017-05-27 05:49:05+02;1369
2017-05-27 10:47:05+02;1349
2017-05-27 12:32:05+02;1379
2017-05-27 12:52:06+02;1379
2017-05-27 13:50:06+02;1349
2017-05-27 17:01:05+02;1369
2017-05-27 17:19:05+02;1349
2017-05-27 22:02:05+02;1489
2017-05-28 05:39:06+02;1369
2017-05-28 10:20:06+02;1369
2017-05-28 10:23:05+02;1349
2017-05-28 12:31:06+02;1379
2017-05-28 12:52:13+02;1379
2017-05-28 13:57:06+02;1349
2017-05-28 17:01:06+02;1369
2017-05-28 17:26:06+02;1349
2017-05-28 22:01:05+02;1489
2017-05-29 05:38:06+02;1389
2017-05-29 09:14:06+02;1379
2017-05-29 09:33:06+02;1379
2017-05-29 10:14:18+02;1369
2017-05-29 10:32:06+02;1369
2017-05-29 12:30:07+02;1399
2017-05-29 12:46:06+02;1389
2017-05-29 13:56:06+02;1359
2017-05-29 15:29:06+02;1349
2017-05-29 16:22:06+02;1349
2017-05-29 17:01:06+02;1369
2017-05-29 18:19:06+02;1349
2017-05-29 22:01:06+02;1469
2017-05-30 05:48:05+02;1389
2017-05-30 08:29:05+02;1389
2017-05-30 09:03:05+02;1389
2017-05-30 09:05:06+02;1369
2017-05-30 12:31:06+02;1399
2017-05-30 12:46:06+02;1389
2017-05-30 13:49:05+02;1359
2017-05-30 15:25:15+02;1349
2017-05-30 17:01:06+02;1369
2017-05-30 18:08:06+02;1349
2017-05-30 22:01:06+02;1469
2017-05-31 05:39:05+02;1389
2017-05-31 11:35:07+02;1379
2017-05-31 12:31:06+02;1409
2017-05-31 13:26:06+02;1369
2017-05-31 14:53:05+02;1359
2017-05-31 15:30:16+02;1349
2017-05-31 17:01:06+02;1369
2017-05-31 18:09:06+02;1349
2017-05-31 22:01:06+02;1469
2017-06-01 05:49:05+02;1389
2017-06-01 09:05:06+02;1369
2017-06-01 12:33:05+02;1399
2017-06-01 13:40:06+02;1369
2017-06-01 15:00:07+02;1349
2017-06-01 15:38:05+02;1349
2017-06-01 17:01:06+02;1369
2017-06-01 17:20:06+02;1359
2017-06-01 17:57:05+02;1339
2017-06-01 22:08:05+02;1459
2017-06-02 05:38:05+02;1389
2017-06-02 09:08:05+02;1389
2017-06-02 11:09:05+02;1389
2017-06-02 11:31:05+02;1389
2017-06-02 11:32:05+02;1389
2017-06-02 11:42:06+02;1379
2017-06-02 11:53:05+02;1379
2017-06-02 12:31:05+02;1409
2017-06-02 13:45:06+02;1379
2017-06-02 16:22:06+02;1349
2017-06-02 17:01:06+02;1369
2017-06-02 17:57:06+02;1349
2017-06-02 19:19:05+02;1339
2017-06-02 22:01:06+02;1469
2017-06-02 22:18:06+02;1459
2017-06-03 05:48:05+02;1379
2017-06-03 09:05:06+02;1339
2017-06-03 11:12:06+02;1339
2017-06-03 12:31:07+02;1369
2017-06-03 12:54:05+02;1369
2017-06-03 13:00:07+02;1369
2017-06-03 13:49:05+02;1339
2017-06-03 15:42:06+02;1329
2017-06-03 17:01:06+02;1349
2017-06-03 17:26:05+02;1349
2017-06-03 18:08:06+02;1329
2017-06-03 22:01:06+02;1469
2017-06-03 22:25:05+02;1459
2017-06-04 05:40:06+02;1379
2017-06-04 10:23:05+02;1359
2017-06-04 12:31:06+02;1389
2017-06-04 13:15:06+02;1369
2017-06-04 13:18:06+02;1369
2017-06-04 13:33:05+02;1339
2017-06-04 15:26:05+02;1329
2017-06-04 17:01:06+02;1349
2017-06-04 17:26:06+02;1349
2017-06-04 18:09:05+02;1329
2017-06-04 22:02:06+02;1469
2017-06-04 22:22:06+02;1459
2017-06-05 05:47:06+02;1379
2017-06-05 10:09:06+02;1369
2017-06-05 11:55:16+02;1349
2017-06-05 12:31:06+02;1379
2017-06-05 13:37:06+02;1349
2017-06-05 17:00:06+02;1369
2017-06-05 18:06:06+02;1349
2017-06-05 22:00:06+02;1469
2017-06-05 22:18:06+02;1459
2017-06-06 05:38:05+02;1379
2017-06-06 09:32:09+02;1369
2017-06-06 11:14:24+02;1369
2017-06-06 12:31:06+02;1399
2017-06-06 13:59:05+02;1369
2017-06-06 14:53:06+02;1349
2017-06-06 17:01:06+02;1369
2017-06-06 18:08:06+02;1349
2017-06-06 20:08:06+02;1339
2017-06-06 22:01:06+02;1469
2017-06-07 06:00:06+02;1379
2017-06-07 11:15:07+02;1369
2017-06-07 12:30:08+02;1399
2017-06-07 12:46:06+02;1379
2017-06-07 13:49:05+02;1349
2017-06-07 15:27:06+02;1349
2017-06-07 17:02:06+02;1369
2017-06-07 18:11:05+02;1349
2017-06-07 19:29:05+02;1339
2017-06-07 22:06:06+02;1459
2017-06-08 05:48:06+02;1389
2017-06-08 11:31:05+02;1389
2017-06-08 11:57:05+02;1379
2017-06-08 12:30:07+02;1409
2017-06-08 12:38:06+02;1409
2017-06-08 13:33:06+02;1359
2017-06-08 14:55:06+02;1339
2017-06-08 15:36:06+02;1339
2017-06-08 17:01:06+02;1359
2017-06-08 17:09:06+02;1349
2017-06-08 17:51:05+02;1329
2017-06-08 19:38:06+02;1319
2017-06-08 22:01:06+02;1449
2017-06-09 05:15:06+02;1449
2017-06-09 05:33:05+02;1379
2017-06-09 12:14:06+02;1379
2017-06-09 12:31:05+02;1409
2017-06-09 13:26:06+02;1359
2017-06-09 15:25:17+02;1359
2017-06-09 15:27:21+02;1339
2017-06-09 17:00:09+02;1359
2017-06-09 18:19:06+02;1339
2017-06-09 19:54:06+02;1329
2017-06-09 20:56:05+02;1319
2017-06-09 22:01:06+02;1449
2017-06-10 05:48:05+02;1359
2017-06-10 12:31:06+02;1389
2017-06-10 13:48:06+02;1359
2017-06-10 14:05:06+02;1339
2017-06-10 15:54:05+02;1319
2017-06-10 17:01:05+02;1339
2017-06-10 17:26:06+02;1339
2017-06-10 18:08:06+02;1319
2017-06-10 19:56:05+02;1319
2017-06-10 22:01:06+02;1449
2017-06-11 05:38:06+02;1359
2017-06-11 10:04:06+02;1349
2017-06-11 12:31:06+02;1379
2017-06-11 13:23:06+02;1349
2017-06-11 13:26:06+02;1339
2017-06-11 15:24:06+02;1329
2017-06-11 17:01:05+02;1349
2017-06-11 17:27:06+02;1349
2017-06-11 17:54:06+02;1329
2017-06-11 22:01:06+02;1449
2017-06-12 05:27:05+02;1379
2017-06-12 06:18:05+02;1339
2017-06-12 11:25:04+02;1339
2017-06-12 12:02:04+02;1339
2017-06-12 12:39:04+02;1339
2017-06-12 12:40:10+02;1369
2017-06-12 13:41:06+02;1359
2017-06-12 13:58:06+02;1329
2017-06-12 17:01:06+02;1349
2017-06-12 17:16:06+02;1339
2017-06-12 17:54:06+02;1319
2017-06-12 19:47:06+02;1309
2017-06-12 20:53:06+02;1299
2017-06-12 22:01:06+02;1439
2017-06-13 05:43:05+02;1379
2017-06-13 11:24:07+02;1369
2017-06-13 12:31:06+02;1399
2017-06-13 12:36:06+02;1389
2017-06-13 13:29:05+02;1359
2017-06-13 15:19:06+02;1349
2017-06-13 15:26:06+02;1349
2017-06-13 15:29:06+02;1339
2017-06-13 17:01:06+02;1359
2017-06-13 18:19:05+02;1339
2017-06-13 19:41:05+02;1329
2017-06-13 19:53:05+02;1319
2017-06-13 22:01:06+02;1439
2017-06-14 05:40:06+02;1379
2017-06-14 09:38:06+02;1379
2017-06-14 09:47:07+02;1379
2017-06-14 09:59:06+02;1369
2017-06-14 10:54:06+02;1359
2017-06-14 11:08:06+02;1349
2017-06-14 12:31:06+02;1379
2017-06-14 13:59:05+02;1349
2017-06-14 15:25:17+02;1339
2017-06-14 15:53:06+02;1339
2017-06-14 17:01:06+02;1359
2017-06-14 18:19:05+02;1339
2017-06-14 19:03:06+02;1329
2017-06-14 19:56:06+02;1319
2017-06-14 21:02:06+02;1309
2017-06-14 22:01:06+02;1439
2017-06-15 05:49:05+02;1359
2017-06-15 09:33:06+02;1359
2017-06-15 10:51:05+02;1339
2017-06-15 12:31:05+02;1369
2017-06-15 13:18:06+02;1349
2017-06-15 13:36:06+02;1319
2017-06-15 15:26:06+02;1319
2017-06-15 15:29:05+02;1299
2017-06-15 17:01:06+02;1319
2017-06-15 17:23:05+02;1319
2017-06-15 18:19:05+02;1299
2017-06-15 22:01:06+02;1429
2017-06-16 05:39:06+02;1359
2017-06-16 11:15:06+02;1349
2017-06-16 11:38:06+02;1339
2017-06-16 11:50:06+02;1329
2017-06-16 12:31:06+02;1359
2017-06-16 13:48:06+02;1329
2017-06-16 15:47:05+02;1309
2017-06-16 17:01:06+02;1329
2017-06-16 17:27:06+02;1329
2017-06-16 18:15:07+02;1309
2017-06-16 19:47:09+02;1309
2017-06-16 19:50:06+02;1299
2017-06-16 22:01:06+02;1399
2017-06-17 08:57:06+02;1349
2017-06-17 10:26:06+02;1329
2017-06-17 12:31:06+02;1339
2017-06-17 13:26:05+02;1309
2017-06-17 17:05:05+02;1329
2017-06-17 17:08:16+02;1309
2017-06-17 17:48:06+02;1309
2017-06-17 22:01:06+02;1429
2017-06-18 05:38:05+02;1349
2017-06-18 09:07:06+02;1349
2017-06-18 09:46:05+02;1349
2017-06-18 10:15:06+02;1329
2017-06-18 10:54:06+02;1319
2017-06-18 12:31:06+02;1349
2017-06-18 12:35:06+02;1349
2017-06-18 13:40:06+02;1309
2017-06-18 15:32:05+02;1309
2017-06-18 17:01:05+02;1329
2017-06-18 17:26:05+02;1309
2017-06-18 18:14:06+02;1309
2017-06-18 22:01:06+02;1429
2017-06-19 05:39:05+02;1349
2017-06-19 10:43:05+02;1339
2017-06-19 12:31:06+02;1369
2017-06-19 13:58:06+02;1339
2017-06-19 15:32:06+02;1329
2017-06-19 17:00:06+02;1349
2017-06-19 18:06:06+02;1329
2017-06-19 20:53:06+02;1319
2017-06-19 22:01:06+02;1429
2017-06-20 05:48:06+02;1369
2017-06-20 11:51:06+02;1359
2017-06-20 12:31:02+02;1389
2017-06-20 13:22:06+02;1349
2017-06-20 15:26:06+02;1329
2017-06-20 17:00:07+02;1349
2017-06-20 18:19:06+02;1329
2017-06-20 19:53:05+02;1319
2017-06-20 22:01:06+02;1419
2017-06-21 05:38:06+02;1369
2017-06-21 10:10:06+02;1359
2017-06-21 10:48:06+02;1349
2017-06-21 11:35:06+02;1339
2017-06-21 12:30:08+02;1369
2017-06-21 13:58:05+02;1339
2017-06-21 15:31:07+02;1319
2017-06-21 17:00:06+02;1339
2017-06-21 17:06:06+02;1329
2017-06-21 18:20:06+02;1309
2017-06-21 19:47:05+02;1299
2017-06-21 20:50:06+02;1289
2017-06-21 21:02:06+02;1289
2017-06-21 22:01:05+02;1419
2017-06-22 05:40:06+02;1359
2017-06-22 11:53:05+02;1349
2017-06-22 12:31:05+02;1379
2017-06-22 13:26:06+02;1339
2017-06-22 15:27:06+02;1319
2017-06-22 17:01:06+02;1339
2017-06-22 18:19:06+02;1319
2017-06-22 19:53:05+02;1299
2017-06-22 22:01:06+02;1419
2017-06-23 05:14:06+02;1419
2017-06-23 05:32:05+02;1359
2017-06-23 11:48:06+02;1349
2017-06-23 12:30:09+02;1379
2017-06-23 13:22:06+02;1349
2017-06-23 15:23:06+02;1329
2017-06-23 15:54:06+02;1319
2017-06-23 17:01:06+02;1339
2017-06-23 17:02:06+02;1329
2017-06-23 18:18:06+02;1309
2017-06-23 22:01:06+02;1419
2017-06-24 05:48:05+02;1349
2017-06-24 10:48:06+02;1349
2017-06-24 11:48:06+02;1349
2017-06-24 12:31:06+02;1379
2017-06-24 13:18:14+02;1349
2017-06-24 13:39:06+02;1319
2017-06-24 16:04:06+02;1279
2017-06-24 17:01:06+02;1299
2017-06-24 17:28:06+02;1299
2017-06-24 17:48:06+02;1279
2017-06-24 22:01:06+02;1419
2017-06-25 05:49:05+02;1349
2017-06-25 07:41:06+02;1349
2017-06-25 08:19:05+02;1289
2017-06-25 12:30:07+02;1319
2017-06-25 12:46:05+02;1319
2017-06-25 14:00:06+02;1289
2017-06-25 17:01:06+02;1309
2017-06-25 17:26:06+02;1309
2017-06-25 18:15:06+02;1289
2017-06-25 22:01:06+02;1419
2017-06-26 05:27:05+02;1369
2017-06-26 09:11:06+02;1339
2017-06-26 09:17:06+02;1339
2017-06-26 12:31:06+02;1369
2017-06-26 13:49:06+02;1339
2017-06-26 15:33:06+02;1339
2017-06-26 15:36:07+02;1329
2017-06-26 17:01:06+02;1349
2017-06-26 17:57:06+02;1329
2017-06-26 20:50:05+02;1309
2017-06-26 22:01:05+02;1419
2017-06-27 05:47:22+02;1369
2017-06-27 08:44:07+02;1359
2017-06-27 10:02:05+02;1339
2017-06-27 12:31:06+02;1369
2017-06-27 13:41:06+02;1329
2017-06-27 14:46:06+02;1309
2017-06-27 17:01:06+02;1329
2017-06-27 18:12:06+02;1309
2017-06-27 18:53:06+02;1299
2017-06-27 20:53:05+02;1289
2017-06-27 22:01:07+02;1429
2017-06-28 09:09:06+02;1369
2017-06-28 09:52:06+02;1359
2017-06-28 10:06:06+02;1359
2017-06-28 10:09:06+02;1349
2017-06-28 11:21:07+02;1339
2017-06-28 12:31:06+02;1369
2017-06-28 13:10:16+02;1359
2017-06-28 13:30:07+02;1329
2017-06-28 14:31:22+02;1309
2017-06-28 14:33:06+02;1309
2017-06-28 17:00:09+02;1329
2017-06-28 17:02:07+02;1329
2017-06-28 18:19:05+02;1309
2017-06-28 19:54:06+02;1299
2017-06-28 22:01:06+02;1429
2017-06-29 05:45:06+02;1369
2017-06-29 10:48:06+02;1359
2017-06-29 11:02:06+02;1349
2017-06-29 11:47:05+02;1339
2017-06-29 12:31:06+02;1369
2017-06-29 13:48:06+02;1339
2017-06-29 15:27:06+02;1329
2017-06-29 15:50:06+02;1319
2017-06-29 17:00:07+02;1339
2017-06-29 17:22:06+02;1329
2017-06-29 18:18:06+02;1309
2017-06-29 19:47:05+02;1309
2017-06-29 20:02:06+02;1299
2017-06-29 22:01:06+02;1429
2017-06-30 05:36:06+02;1369
2017-06-30 08:05:06+02;1359
2017-06-30 09:14:06+02;1339
2017-06-30 10:23:07+02;1339
2017-06-30 11:45:07+02;1329
2017-06-30 12:30:18+02;1359
2017-06-30 13:45:11+02;1329
2017-06-30 16:23:06+02;1309
2017-06-30 17:01:06+02;1329
2017-06-30 17:06:06+02;1329
2017-06-30 17:52:06+02;1309
2017-06-30 20:54:06+02;1299
2017-06-30 22:01:06+02;1429
2017-07-01 05:38:05+02;1349
2017-07-01 09:53:05+02;1309
2017-07-01 10:53:05+02;1309
2017-07-01 12:30:07+02;1339
2017-07-01 12:46:06+02;1339
2017-07-01 13:58:05+02;1309
2017-07-01 15:53:14+02;1299
2017-07-01 17:00:06+02;1319
2017-07-01 17:26:06+02;1319
2017-07-01 18:19:05+02;1299
2017-07-01 22:00:06+02;1429
2017-07-02 05:36:06+02;1359
2017-07-02 09:50:06+02;1319
2017-07-02 11:32:05+02;1319
2017-07-02 12:31:06+02;1349
2017-07-02 13:59:05+02;1309
2017-07-02 14:20:06+02;1309
2017-07-02 17:01:06+02;1329
2017-07-02 17:25:06+02;1329
2017-07-02 18:08:06+02;1309
2017-07-02 22:01:06+02;1429
2017-07-03 05:45:06+02;1369
2017-07-03 09:52:06+02;1359
2017-07-03 11:10:07+02;1349
2017-07-03 12:30:08+02;1379
2017-07-03 12:36:06+02;1379
2017-07-03 13:54:06+02;1349
2017-07-03 15:19:06+02;1319
2017-07-03 17:00:07+02;1339
2017-07-03 18:08:06+02;1319
2017-07-03 20:59:06+02;1299
2017-07-03 22:01:06+02;1429
2017-07-04 05:40:06+02;1369
2017-07-04 07:50:05+02;1299
2017-07-04 09:09:06+02;1279
2017-07-04 12:30:08+02;1309
2017-07-04 12:46:06+02;1309
2017-07-04 14:06:06+02;1279
2017-07-04 15:58:06+02;1279
2017-07-04 17:01:06+02;1299
2017-07-04 17:26:07+02;1299
2017-07-04 18:08:06+02;1279
2017-07-04 22:00:07+02;1439
2017-07-05 05:42:08+02;1359
2017-07-05 10:14:11+02;1359
2017-07-05 10:43:06+02;1349
2017-07-05 11:48:06+02;1349
2017-07-05 11:51:06+02;1339
2017-07-05 12:31:07+02;1369
2017-07-05 13:23:05+02;1329
2017-07-05 15:25:06+02;1309
2017-07-05 15:29:05+02;1309
2017-07-05 17:01:06+02;1329
2017-07-05 17:05:06+02;1319
2017-07-05 18:08:19+02;1299
2017-07-05 20:56:06+02;1289
2017-07-05 22:01:06+02;1439
2017-07-06 05:49:05+02;1359
2017-07-06 09:28:06+02;1359
2017-07-06 10:24:06+02;1339
2017-07-06 11:11:06+02;1329
2017-07-06 11:17:06+02;1329
2017-07-06 12:31:06+02;1359
2017-07-06 13:54:06+02;1329
2017-07-06 14:26:07+02;1319
2017-07-06 14:33:05+02;1319
2017-07-06 17:00:07+02;1339
2017-07-06 18:08:06+02;1319
2017-07-06 19:50:06+02;1309
2017-07-06 19:56:06+02;1299
2017-07-06 20:56:06+02;1289
2017-07-06 22:01:06+02;1439
2017-07-07 05:38:24+02;1369
2017-07-07 08:57:05+02;1349
2017-07-07 09:01:07+02;1349
2017-07-07 09:50:06+02;1319
2017-07-07 09:54:06+02;1319
2017-07-07 10:54:06+02;1319
2017-07-07 12:31:05+02;1349
2017-07-07 13:54:06+02;1319
2017-07-07 15:24:06+02;1299
2017-07-07 15:26:06+02;1299
2017-07-07 17:01:06+02;1319
2017-07-07 18:07:06+02;1299
2017-07-07 19:47:06+02;1289
2017-07-07 22:02:06+02;1439
2017-07-08 05:38:05+02;1339
2017-07-08 09:54:07+02;1309
2017-07-08 11:05:06+02;1299
2017-07-08 12:30:08+02;1329
2017-07-08 13:54:06+02;1299
2017-07-08 17:01:05+02;1319
2017-07-08 18:09:05+02;1299
2017-07-08 20:57:05+02;1289
2017-07-08 22:01:06+02;1439
2017-07-09 05:40:06+02;1339
2017-07-09 09:56:06+02;1299
2017-07-09 12:31:05+02;1329
2017-07-09 13:54:06+02;1299
2017-07-09 14:47:05+02;1299
2017-07-09 17:01:05+02;1319
2017-07-09 18:08:05+02;1299
2017-07-09 22:01:06+02;1439
2017-07-10 05:39:05+02;1359
2017-07-10 09:02:06+02;1349
2017-07-10 09:23:06+02;1329
2017-07-10 10:08:06+02;1309
2017-07-10 10:24:06+02;1299
2017-07-10 12:30:08+02;1329
2017-07-10 13:54:06+02;1299
2017-07-10 15:52:06+02;1289
2017-07-10 17:01:06+02;1309
2017-07-10 18:08:06+02;1289
2017-07-10 19:53:05+02;1289
2017-07-10 19:56:06+02;1279
2017-07-10 22:01:06+02;1429
2017-07-11 05:37:08+02;1349
2017-07-11 08:20:06+02;1319
2017-07-11 09:13:06+02;1309
2017-07-11 10:53:06+02;1299
2017-07-11 11:03:06+02;1289
2017-07-11 11:21:06+02;1279
2017-07-11 12:31:05+02;1309
2017-07-11 12:33:06+02;1309
2017-07-11 13:55:06+02;1279
2017-07-11 15:52:06+02;1279
2017-07-11 17:01:06+02;1299
2017-07-11 17:27:06+02;1299
2017-07-11 18:10:06+02;1279
2017-07-11 20:23:06+02;1279
2017-07-11 22:01:06+02;1429
2017-07-12 05:40:06+02;1349
2017-07-12 08:26:06+02;1349
2017-07-12 09:11:06+02;1329
2017-07-12 09:22:06+02;1319
2017-07-12 11:18:06+02;1299
2017-07-12 11:57:06+02;1299
2017-07-12 12:31:06+02;1329
2017-07-12 13:54:06+02;1299
2017-07-12 14:35:06+02;1289
2017-07-12 17:01:06+02;1309
2017-07-12 17:48:06+02;1289
2017-07-12 19:50:06+02;1279
2017-07-12 22:00:06+02;1439
2017-07-13 05:39:05+02;1359
2017-07-13 07:41:06+02;1359
2017-07-13 07:48:06+02;1349
2017-07-13 08:00:06+02;1349
2017-07-13 09:00:06+02;1339
2017-07-13 10:30:08+02;1319
2017-07-13 11:35:06+02;1319
2017-07-13 11:39:06+02;1309
2017-07-13 12:31:08+02;1339
2017-07-13 12:36:06+02;1329
2017-07-13 13:54:06+02;1299
2017-07-13 15:47:13+02;1279
2017-07-13 17:01:05+02;1299
2017-07-13 17:28:06+02;1299
2017-07-13 17:48:06+02;1279
2017-07-13 22:01:06+02;1439
2017-07-14 05:40:14+02;1359
2017-07-14 07:50:06+02;1359
2017-07-14 07:56:06+02;1329
2017-07-14 09:53:05+02;1309
2017-07-14 10:12:06+02;1309
2017-07-14 10:53:05+02;1299
2017-07-14 11:53:09+02;1299
2017-07-14 12:31:06+02;1329
2017-07-14 13:56:06+02;1299
2017-07-14 15:54:06+02;1299
2017-07-14 16:04:06+02;1289
2017-07-14 17:01:06+02;1309
2017-07-14 18:06:06+02;1289
2017-07-14 20:51:05+02;1279
2017-07-14 22:00:07+02;1439
2017-07-15 05:38:06+02;1329
2017-07-15 10:31:06+02;1319
2017-07-15 12:30:07+02;1349
2017-07-15 13:33:06+02;1309
2017-07-15 14:43:05+02;1309
2017-07-15 15:51:09+02;1299
2017-07-15 16:00:07+02;1289
2017-07-15 17:00:21+02;1309
2017-07-15 17:01:06+02;1309
2017-07-15 18:08:18+02;1289
2017-07-15 22:01:06+02;1439
2017-07-16 05:42:06+02;1339
2017-07-16 10:33:08+02;1339
2017-07-16 12:31:05+02;1369
2017-07-16 13:55:06+02;1339
2017-07-16 15:32:06+02;1319
2017-07-16 17:01:06+02;1339
2017-07-16 18:09:06+02;1319
2017-07-16 22:01:06+02;1439
2017-07-17 05:37:05+02;1359
2017-07-17 08:48:06+02;1319
2017-07-17 09:01:06+02;1319
2017-07-17 09:22:06+02;1309
2017-07-17 09:42:06+02;1309
2017-07-17 12:30:08+02;1339
2017-07-17 12:36:06+02;1329
2017-07-17 13:52:06+02;1299
2017-07-17 17:00:07+02;1319
2017-07-17 18:09:05+02;1299
2017-07-17 19:47:06+02;1289
2017-07-17 19:59:06+02;1289
2017-07-17 22:01:06+02;1439
2017-07-18 05:36:06+02;1369
2017-07-18 08:03:06+02;1349
2017-07-18 08:17:06+02;1349
2017-07-18 08:45:06+02;1329
2017-07-18 09:26:06+02;1319
2017-07-18 10:39:06+02;1309
2017-07-18 12:30:07+02;1339
2017-07-18 12:36:06+02;1339
2017-07-18 12:37:06+02;1329
2017-07-18 13:45:06+02;1299
2017-07-18 17:00:06+02;1319
2017-07-18 18:09:05+02;1299
2017-07-18 20:51:06+02;1289
2017-07-18 20:53:06+02;1289
2017-07-18 22:01:06+02;1439
2017-07-19 05:39:05+02;1359
2017-07-19 08:53:06+02;1339
2017-07-19 09:06:07+02;1319
2017-07-19 11:32:06+02;1299
2017-07-19 12:31:06+02;1329
2017-07-19 13:32:06+02;1299
2017-07-19 13:35:07+02;1289
2017-07-19 16:05:06+02;1289
2017-07-19 17:01:09+02;1309
2017-07-19 17:35:07+02;1299
2017-07-19 17:57:06+02;1279
2017-07-19 22:01:06+02;1439
2017-07-20 05:37:05+02;1359
2017-07-20 08:53:05+02;1319
2017-07-20 11:24:05+02;1309
2017-07-20 11:51:06+02;1299
2017-07-20 11:53:06+02;1299
2017-07-20 12:31:06+02;1329
2017-07-20 13:55:06+02;1299
2017-07-20 15:44:06+02;1289
2017-07-20 17:01:06+02;1309
2017-07-20 17:27:06+02;1309
2017-07-20 17:56:06+02;1289
2017-07-20 22:01:06+02;1449
2017-07-21 05:39:05+02;1369
2017-07-21 08:41:06+02;1349
2017-07-21 08:54:06+02;1349
2017-07-21 10:09:05+02;1349
2017-07-21 11:00:06+02;1329
2017-07-21 12:31:06+02;1359
2017-07-21 14:10:06+02;1329
2017-07-21 15:27:06+02;1319
2017-07-21 15:35:06+02;1309
2017-07-21 15:54:06+02;1309
2017-07-21 17:00:06+02;1329
2017-07-21 17:47:06+02;1309
2017-07-21 18:39:06+02;1309
2017-07-21 20:54:06+02;1299
2017-07-21 22:01:06+02;1449
2017-07-22 02:20:07+02;1449
2017-07-22 09:29:06+02;1339
2017-07-22 10:48:06+02;1329
2017-07-22 11:33:05+02;1329
2017-07-22 12:30:07+02;1359
2017-07-22 12:36:06+02;1349
2017-07-22 13:26:06+02;1309
2017-07-22 17:00:06+02;1329
2017-07-22 17:51:05+02;1309
2017-07-22 19:48:06+02;1309
2017-07-22 20:51:05+02;1289
2017-07-22 22:01:06+02;1449
2017-07-23 05:37:06+02;1339
2017-07-23 10:36:06+02;1339
2017-07-23 10:39:05+02;1329
2017-07-23 12:30:07+02;1359
2017-07-23 13:54:06+02;1329
2017-07-23 15:33:05+02;1329
2017-07-23 15:36:06+02;1309
2017-07-23 17:01:05+02;1329
2017-07-23 18:07:05+02;1309
2017-07-23 22:01:06+02;1449
2017-07-24 05:39:05+02;1359
2017-07-24 08:11:06+02;1359
2017-07-24 08:57:06+02;1319
2017-07-24 12:31:06+02;1349
2017-07-24 13:58:06+02;1319
2017-07-24 14:23:06+02;1309
2017-07-24 15:25:06+02;1309
2017-07-24 17:01:06+02;1329
2017-07-24 18:08:06+02;1309
2017-07-24 20:53:06+02;1309
2017-07-24 22:00:08+02;1439
2017-07-25 05:38:06+02;1359
2017-07-25 11:09:06+02;1339
2017-07-25 11:46:15+02;1329
2017-07-25 12:31:20+02;1359
2017-07-25 12:36:06+02;1349
2017-07-25 13:48:06+02;1319
2017-07-25 15:44:06+02;1319
2017-07-25 17:01:06+02;1339
2017-07-25 18:07:06+02;1319
2017-07-25 20:12:06+02;1299
2017-07-25 22:01:06+02;1429
2017-07-26 05:37:06+02;1359
2017-07-26 08:45:06+02;1319
2017-07-26 10:53:05+02;1309
2017-07-26 11:01:06+02;1309
2017-07-26 12:30:08+02;1339
2017-07-26 13:53:06+02;1309
2017-07-26 15:47:06+02;1299
2017-07-26 15:53:06+02;1299
2017-07-26 17:01:06+02;1319
2017-07-26 18:07:06+02;1299
2017-07-26 20:51:05+02;1289
2017-07-26 22:01:06+02;1429
2017-07-27 05:37:05+02;1369
2017-07-27 08:53:06+02;1359
2017-07-27 09:18:09+02;1349
2017-07-27 10:34:06+02;1339
2017-07-27 11:29:06+02;1319
2017-07-27 12:30:08+02;1349
2017-07-27 13:55:07+02;1319
2017-07-27 16:02:06+02;1319
2017-07-27 16:05:07+02;1309
2017-07-27 17:00:12+02;1329
2017-07-27 18:06:06+02;1309
2017-07-27 21:02:06+02;1289
2017-07-27 22:01:07+02;1439
2017-07-28 05:37:06+02;1369
2017-07-28 08:47:06+02;1359
2017-07-28 10:08:06+02;1349
2017-07-28 11:44:08+02;1349
2017-07-28 12:01:12+02;1349
2017-07-28 12:30:13+02;1389
2017-07-28 12:46:05+02;1379
2017-07-28 13:27:06+02;1329
2017-07-28 15:24:06+02;1309
2017-07-28 17:01:06+02;1329
2017-07-28 18:07:05+02;1309
2017-07-28 22:01:05+02;1449
2017-07-29 05:35:05+02;1349
2017-07-29 10:11:05+02;1329
2017-07-29 12:31:05+02;1359
2017-07-29 13:26:06+02;1309
2017-07-29 15:23:06+02;1299
2017-07-29 17:15:06+02;1319
2017-07-29 17:36:06+02;1309
2017-07-29 18:03:05+02;1299
2017-07-29 22:01:05+02;1449
2017-07-30 06:05:05+02;1349
2017-07-30 10:24:06+02;1329
2017-07-30 12:31:06+02;1359
2017-07-30 13:29:06+02;1309
2017-07-30 15:59:05+02;1299
2017-07-30 17:02:05+02;1319
2017-07-30 17:23:05+02;1309
2017-07-30 18:06:06+02;1299
2017-07-30 22:01:06+02;1449
2017-07-31 05:35:06+02;1349
2017-07-31 09:55:06+02;1339
2017-07-31 11:31:06+02;1319
2017-07-31 12:31:05+02;1349
2017-07-31 14:10:06+02;1319
2017-07-31 14:47:05+02;1309
2017-07-31 15:10:06+02;1309
2017-07-31 17:08:17+02;1329
2017-07-31 18:24:06+02;1309
2017-07-31 20:50:06+02;1299
2017-07-31 22:01:06+02;1449
2017-08-01 05:36:06+02;1369
2017-08-01 08:53:06+02;1359
2017-08-01 10:44:06+02;1339
2017-08-01 12:31:05+02;1369
2017-08-01 14:36:06+02;1339
2017-08-01 16:03:06+02;1339
2017-08-01 16:15:07+02;1329
2017-08-01 17:01:05+02;1349
2017-08-01 18:15:06+02;1329
2017-08-01 19:47:05+02;1329
2017-08-01 20:54:06+02;1319
2017-08-01 22:01:06+02;1459
2017-08-02 05:36:05+02;1389
2017-08-02 07:41:05+02;1359
2017-08-02 09:39:06+02;1339
2017-08-02 11:50:05+02;1319
2017-08-02 12:31:06+02;1349
2017-08-02 14:58:06+02;1319
2017-08-02 16:23:06+02;1309
2017-08-02 17:01:06+02;1329
2017-08-02 17:07:06+02;1329
2017-08-02 18:27:06+02;1309
2017-08-02 19:52:06+02;1309
2017-08-02 22:07:06+02;1459
2017-08-03 06:57:05+02;1379
2017-08-03 08:05:06+02;1379
2017-08-03 08:11:05+02;1359
2017-08-03 11:23:05+02;1339
2017-08-03 12:30:07+02;1369
2017-08-03 13:57:05+02;1339
2017-08-03 15:23:06+02;1339
2017-08-03 15:42:06+02;1319
2017-08-03 17:01:06+02;1339
2017-08-03 19:03:07+02;1319
2017-08-03 19:56:05+02;1309
2017-08-03 20:56:06+02;1299
2017-08-03 22:01:07+02;1459
2017-08-04 05:41:05+02;1379
2017-08-04 07:40:06+02;1369
2017-08-04 07:53:06+02;1369
2017-08-04 08:05:06+02;1349
2017-08-04 11:48:06+02;1349
2017-08-04 12:30:11+02;1379
2017-08-04 13:49:05+02;1349
2017-08-04 14:40:07+02;1339
2017-08-04 15:29:06+02;1339
2017-08-04 15:50:07+02;1329
2017-08-04 15:53:06+02;1329
2017-08-04 17:01:06+02;1349
2017-08-04 18:25:06+02;1329
2017-08-04 19:50:06+02;1319
2017-08-04 19:53:06+02;1319
2017-08-04 21:05:06+02;1299
2017-08-04 22:01:06+02;1459
2017-08-05 05:41:06+02;1359
2017-08-05 09:38:15+02;1339
2017-08-05 12:30:07+02;1369
2017-08-05 13:55:06+02;1339
2017-08-05 15:18:06+02;1329
2017-08-05 15:47:05+02;1319
2017-08-05 17:00:06+02;1339
2017-08-05 18:21:08+02;1319
2017-08-05 19:53:05+02;1309
2017-08-05 22:01:05+02;1459
2017-08-06 05:43:06+02;1359
2017-08-06 10:32:05+02;1339
2017-08-06 12:30:07+02;1369
2017-08-06 13:56:05+02;1319
2017-08-06 17:01:05+02;1339
2017-08-06 18:31:05+02;1319
2017-08-06 22:03:05+02;1459
2017-08-07 05:51:05+02;1379
2017-08-07 08:49:06+02;1369
2017-08-07 09:00:06+02;1349
2017-08-07 10:38:05+02;1349
2017-08-07 11:21:06+02;1339
2017-08-07 12:30:07+02;1369
2017-08-07 13:55:06+02;1339
2017-08-07 15:12:06+02;1329
2017-08-07 17:00:06+02;1349
2017-08-07 17:06:06+02;1339
2017-08-07 18:28:06+02;1319
2017-08-07 22:01:06+02;1449
2017-08-08 05:40:06+02;1379
2017-08-08 06:57:05+02;1379
2017-08-08 08:44:06+02;1359
2017-08-08 08:50:06+02;1339
2017-08-08 10:57:06+02;1329
2017-08-08 11:29:05+02;1329
2017-08-08 11:39:06+02;1319
2017-08-08 11:47:10+02;1319
2017-08-08 12:31:06+02;1349
2017-08-08 12:33:05+02;1349
2017-08-08 12:36:06+02;1339
2017-08-08 13:55:06+02;1309
2017-08-08 17:01:08+02;1329
2017-08-08 17:05:07+02;1319
2017-08-08 17:47:21+02;1309
2017-08-08 22:01:06+02;1449
2017-08-09 05:40:06+02;1379
2017-08-09 06:23:05+02;1369
2017-08-09 08:35:06+02;1339
2017-08-09 08:49:05+02;1329
2017-08-09 08:50:06+02;1329
2017-08-09 10:32:05+02;1319
2017-08-09 11:53:06+02;1309
2017-08-09 12:31:06+02;1339
2017-08-09 12:47:06+02;1319
2017-08-09 13:50:06+02;1309
2017-08-09 17:01:06+02;1329
2017-08-09 17:30:07+02;1309
2017-08-09 22:01:06+02;1449
2017-08-10 05:39:05+02;1359
2017-08-10 07:50:06+02;1339
2017-08-10 07:54:06+02;1329
2017-08-10 08:57:06+02;1329
2017-08-10 09:08:05+02;1309
2017-08-10 12:30:07+02;1339
2017-08-10 12:46:05+02;1309
2017-08-10 17:00:07+02;1329
2017-08-10 17:21:06+02;1309
2017-08-10 22:01:06+02;1449
2017-08-11 05:42:06+02;1359
2017-08-11 09:23:06+02;1329
2017-08-11 09:32:06+02;1309
2017-08-11 11:02:06+02;1299
2017-08-11 12:30:07+02;1329
2017-08-11 12:46:05+02;1319
2017-08-11 13:28:06+02;1299
2017-08-11 17:00:07+02;1319
2017-08-11 17:21:09+02;1299
2017-08-11 22:00:06+02;1459
2017-08-12 05:36:05+02;1359
2017-08-12 10:23:06+02;1329
2017-08-12 12:35:06+02;1359
2017-08-12 13:07:05+02;1339
2017-08-12 13:27:05+02;1309
2017-08-12 17:01:05+02;1329
2017-08-12 17:29:05+02;1309
2017-08-12 22:09:06+02;1459
2017-08-13 05:43:05+02;1359
2017-08-13 10:18:06+02;1339
2017-08-13 12:30:07+02;1369
2017-08-13 13:15:06+02;1339
2017-08-13 13:33:05+02;1309
2017-08-13 17:01:06+02;1329
2017-08-13 17:26:06+02;1309
2017-08-13 22:01:06+02;1459
2017-08-14 05:38:05+02;1359
2017-08-14 09:41:05+02;1349
2017-08-14 12:31:06+02;1379
2017-08-14 12:36:06+02;1369
2017-08-14 13:54:06+02;1339
2017-08-14 15:36:06+02;1339
2017-08-14 16:32:05+02;1329
2017-08-14 17:01:06+02;1349
2017-08-14 17:38:06+02;1339
2017-08-14 17:58:05+02;1319
2017-08-14 19:59:05+02;1309
2017-08-14 20:03:06+02;1309
2017-08-14 20:26:06+02;1309
2017-08-14 20:29:05+02;1299
2017-08-14 22:01:06+02;1449
2017-08-15 05:38:06+02;1379
2017-08-15 11:19:06+02;1369
2017-08-15 11:21:06+02;1359
2017-08-15 11:26:06+02;1359
2017-08-15 12:31:06+02;1389
2017-08-15 12:32:06+02;1369
2017-08-15 13:43:06+02;1339
2017-08-15 14:02:06+02;1329
2017-08-15 15:01:06+02;1309
2017-08-15 17:01:06+02;1329
2017-08-15 17:04:06+02;1329
2017-08-15 18:28:05+02;1309
2017-08-15 20:11:06+02;1309
2017-08-15 22:01:06+02;1449
2017-08-16 05:36:06+02;1359
2017-08-16 11:18:05+02;1359
2017-08-16 11:41:06+02;1349
2017-08-16 12:31:06+02;1379
2017-08-16 13:23:05+02;1349
2017-08-16 15:03:06+02;1329
2017-08-16 15:06:06+02;1329
2017-08-16 17:01:06+02;1349
2017-08-16 18:27:06+02;1329
2017-08-16 20:11:05+02;1319
2017-08-16 20:29:06+02;1309
2017-08-16 22:01:06+02;1449
2017-08-17 05:37:06+02;1379
2017-08-17 09:18:06+02;1349
2017-08-17 11:18:06+02;1339
2017-08-17 12:31:06+02;1369
2017-08-17 12:36:06+02;1369
2017-08-17 13:53:05+02;1339
2017-08-17 14:36:06+02;1319
2017-08-17 14:39:05+02;1319
2017-08-17 15:40:11+02;1309
2017-08-17 17:01:10+02;1329
2017-08-17 17:28:07+02;1319
2017-08-17 17:41:08+02;1309
2017-08-17 17:49:08+02;1309
2017-08-17 22:01:07+02;1449
2017-08-18 05:38:07+02;1369
2017-08-18 07:47:07+02;1329
2017-08-18 10:05:10+02;1309
2017-08-18 12:31:10+02;1339
2017-08-18 12:46:10+02;1329
2017-08-18 13:52:09+02;1309
2017-08-18 17:01:11+02;1329
2017-08-18 17:24:12+02;1309
2017-08-18 18:21:14+02;1309
2017-08-18 22:01:08+02;1449
2017-08-19 05:38:07+02;1359
2017-08-19 07:49:09+02;1319
2017-08-19 12:31:09+02;1349
2017-08-19 12:46:10+02;1339
2017-08-19 12:48:26+02;1329
2017-08-19 13:53:08+02;1319
2017-08-19 17:01:07+02;1339
2017-08-19 17:28:08+02;1319
2017-08-19 17:49:10+02;1319
2017-08-19 22:01:09+02;1449
2017-08-20 05:37:10+02;1359
2017-08-20 08:38:09+02;1329
2017-08-20 08:49:08+02;1319
2017-08-20 12:30:15+02;1349
2017-08-20 12:45:15+02;1339
2017-08-20 13:51:09+02;1319
2017-08-20 17:00:13+02;1339
2017-08-20 17:20:10+02;1329
2017-08-20 18:25:11+02;1319
2017-08-20 22:00:14+02;1449
2017-08-21 05:36:08+02;1359
2017-08-21 07:55:19+02;1339
2017-08-21 09:48:23+02;1309
2017-08-21 12:31:11+02;1329
2017-08-21 13:52:12+02;1309
2017-08-21 17:00:18+02;1329
2017-08-21 17:20:17+02;1319
2017-08-21 18:13:13+02;1309
2017-08-21 22:01:08+02;1449
2017-08-22 05:37:08+02;1369
2017-08-22 10:54:10+02;1369
2017-08-22 11:17:11+02;1359
2017-08-22 11:59:10+02;1329
2017-08-22 12:30:12+02;1359
2017-08-22 13:04:25+02;1359
2017-08-22 13:25:10+02;1329
2017-08-22 14:57:10+02;1329
2017-08-22 15:06:11+02;1319
2017-08-22 15:44:13+02;1309
2017-08-22 17:02:10+02;1329
2017-08-22 17:22:11+02;1329
2017-08-22 17:50:13+02;1309
2017-08-22 22:03:10+02;1449
2017-08-23 05:35:08+02;1369
2017-08-23 10:24:10+02;1359
2017-08-23 11:33:18+02;1349
2017-08-23 12:30:16+02;1379
2017-08-23 12:35:18+02;1369
2017-08-23 13:44:11+02;1339
2017-08-23 15:01:16+02;1339
2017-08-23 15:05:14+02;1329
2017-08-23 15:47:12+02;1309
2017-08-23 17:00:14+02;1329
2017-08-23 17:24:09+02;1329
2017-08-23 18:05:10+02;1309
2017-08-23 20:02:09+02;1309
2017-08-23 20:21:10+02;1309
2017-08-23 22:00:14+02;1449
2017-08-24 03:33:06+02;1449
2017-08-24 05:40:05+02;1369
2017-08-24 10:28:06+02;1359
2017-08-24 11:18:06+02;1349
2017-08-24 11:56:06+02;1339
2017-08-24 12:32:06+02;1369
2017-08-24 13:22:06+02;1339
2017-08-24 14:53:06+02;1329
2017-08-24 15:04:05+02;1309
2017-08-24 15:32:06+02;1309
2017-08-24 16:11:05+02;1309
2017-08-24 17:00:06+02;1329
2017-08-24 17:18:05+02;1329
2017-08-24 17:23:05+02;1319
2017-08-24 17:58:05+02;1299
2017-08-24 22:01:06+02;1449
2017-08-25 05:38:05+02;1369
2017-08-25 06:44:06+02;1349
2017-08-25 08:02:05+02;1339
2017-08-25 08:14:05+02;1329
2017-08-25 09:36:06+02;1329
2017-08-25 09:46:06+02;1319
2017-08-25 10:14:06+02;1319
2017-08-25 12:30:07+02;1349
2017-08-25 12:33:06+02;1339
2017-08-25 13:45:06+02;1309
2017-08-25 17:00:06+02;1359
2017-08-25 17:21:06+02;1329
2017-08-25 17:28:06+02;1319
2017-08-25 17:35:06+02;1319
2017-08-25 17:49:06+02;1299
2017-08-25 19:56:05+02;1299
2017-08-25 22:01:05+02;1459
2017-08-26 05:37:05+02;1379
2017-08-26 08:50:05+02;1339
2017-08-26 09:27:06+02;1329
2017-08-26 10:01:13+02;1329
2017-08-26 11:36:06+02;1319
2017-08-26 12:35:06+02;1339
2017-08-26 13:52:06+02;1309
2017-08-26 14:40:05+02;1309
2017-08-26 17:01:05+02;1329
2017-08-26 17:27:06+02;1319
2017-08-26 17:51:05+02;1309
2017-08-26 22:04:05+02;1459
2017-08-27 05:37:06+02;1369
2017-08-27 07:49:05+02;1359
2017-08-27 10:38:06+02;1349
2017-08-27 12:30:07+02;1379
2017-08-27 13:29:05+02;1349
2017-08-27 15:30:07+02;1329
2017-08-27 15:33:05+02;1329
2017-08-27 17:01:06+02;1349
2017-08-27 17:24:05+02;1349
2017-08-27 18:27:06+02;1329
2017-08-27 22:01:06+02;1459
2017-08-28 05:37:05+02;1379
2017-08-28 10:17:07+02;1379
2017-08-28 10:34:06+02;1369
2017-08-28 10:47:06+02;1369
2017-08-28 12:30:07+02;1399
2017-08-28 12:33:07+02;1389
2017-08-28 12:36:06+02;1389
2017-08-28 13:26:06+02;1349
2017-08-28 14:30:08+02;1349
2017-08-28 15:26:06+02;1329
2017-08-28 17:00:06+02;1349
2017-08-28 17:23:05+02;1349
2017-08-28 18:24:06+02;1329
2017-08-28 19:08:06+02;1329
2017-08-28 20:03:05+02;1319
2017-08-28 22:00:06+02;1459
2017-08-29 05:36:05+02;1379
2017-08-29 09:56:06+02;1349
2017-08-29 10:26:06+02;1349
2017-08-29 10:33:05+02;1349
2017-08-29 12:30:07+02;1379
2017-08-29 13:26:06+02;1329
2017-08-29 15:27:06+02;1319
2017-08-29 17:00:11+02;1339
2017-08-29 17:20:18+02;1329
2017-08-29 18:26:06+02;1319
2017-08-29 22:01:06+02;1459
2017-08-30 05:37:09+02;1379
2017-08-30 08:50:06+02;1369
2017-08-30 10:18:06+02;1369
2017-08-30 10:27:06+02;1349
2017-08-30 12:31:06+02;1379
2017-08-30 12:35:07+02;1379
2017-08-30 13:26:06+02;1329
2017-08-30 15:28:15+02;1309
2017-08-30 17:01:06+02;1329
2017-08-30 17:24:06+02;1329
2017-08-30 18:25:06+02;1309
2017-08-30 20:19:05+02;1309
2017-08-30 22:00:06+02;1469
2017-08-31 05:35:05+02;1379
2017-08-31 08:50:18+02;1369
2017-08-31 09:02:20+02;1349
2017-08-31 12:04:06+02;1339
2017-08-31 12:30:07+02;1369
2017-08-31 13:49:06+02;1339
2017-08-31 15:30:07+02;1329
2017-08-31 17:00:07+02;1349
2017-08-31 17:36:06+02;1339
2017-08-31 17:54:06+02;1319
2017-08-31 22:01:06+02;1479
2017-09-01 05:37:06+02;1399
2017-09-01 09:32:07+02;1389
2017-09-01 09:48:07+02;1349
2017-09-01 12:30:08+02;1379
2017-09-01 13:49:06+02;1349
2017-09-01 15:31:06+02;1349
2017-09-01 17:00:07+02;1369
2017-09-01 18:21:06+02;1349
2017-09-01 19:02:06+02;1339
2017-09-01 22:00:07+02;1499
2017-09-02 05:36:05+02;1409
2017-09-02 10:16:05+02;1389
2017-09-02 12:30:08+02;1419
2017-09-02 12:36:06+02;1409
2017-09-02 13:51:06+02;1379
2017-09-02 14:15:06+02;1369
2017-09-02 15:32:06+02;1369
2017-09-02 15:53:06+02;1359
2017-09-02 17:00:06+02;1379
2017-09-02 17:13:06+02;1379
2017-09-02 17:34:06+02;1369
2017-09-02 17:54:06+02;1349
2017-09-02 19:56:06+02;1349
2017-09-02 22:00:06+02;1499
2017-09-03 05:36:06+02;1409
2017-09-03 12:31:11+02;1439
2017-09-03 13:33:06+02;1369
2017-09-03 13:36:06+02;1369
2017-09-03 15:33:06+02;1369
2017-09-03 17:01:15+02;1389
2017-09-03 18:26:05+02;1369
2017-09-03 22:02:06+02;1499
2017-09-04 05:36:05+02;1439
2017-09-04 07:19:05+02;1439
2017-09-04 07:48:06+02;1409
2017-09-04 09:21:06+02;1399
2017-09-04 09:23:06+02;1399
2017-09-04 09:53:08+02;1399
2017-09-04 10:11:06+02;1389
2017-09-04 12:32:06+02;1419
2017-09-04 12:40:06+02;1409
2017-09-04 13:51:06+02;1379
2017-09-04 15:33:06+02;1369
2017-09-04 17:00:07+02;1389
2017-09-04 17:21:06+02;1379
2017-09-04 18:26:07+02;1369
2017-09-04 22:00:06+02;1499
2017-09-05 05:37:06+02;1409
2017-09-05 10:32:06+02;1399
2017-09-05 11:26:06+02;1399
2017-09-05 11:30:07+02;1389
2017-09-05 11:56:06+02;1379
2017-09-05 12:30:07+02;1409
2017-09-05 13:22:06+02;1379
2017-09-05 13:24:06+02;1369
2017-09-05 15:03:06+02;1369
2017-09-05 15:27:06+02;1349
2017-09-05 16:07:06+02;1349
2017-09-05 17:00:07+02;1369
2017-09-05 17:22:06+02;1369
2017-09-05 17:28:06+02;1359
2017-09-05 17:50:06+02;1339
2017-09-05 22:01:06+02;1489
2017-09-06 05:37:06+02;1399
2017-09-06 07:47:06+02;1379
2017-09-06 09:19:05+02;1369
2017-09-06 09:37:06+02;1369
2017-09-06 10:32:06+02;1369
2017-09-06 10:36:06+02;1359
2017-09-06 12:31:07+02;1389
2017-09-06 12:36:06+02;1379
2017-09-06 13:29:05+02;1349
2017-09-06 16:03:06+02;1339
2017-09-06 17:01:05+02;1359
2017-09-06 17:27:06+02;1359
2017-09-06 18:20:06+02;1339
2017-09-06 18:25:06+02;1329
2017-09-06 22:01:06+02;1489
2017-09-07 05:37:05+02;1399
2017-09-07 09:45:06+02;1399
2017-09-07 10:17:06+02;1389
2017-09-07 11:27:06+02;1379
2017-09-07 12:30:07+02;1409
2017-09-07 12:36:06+02;1399
2017-09-07 13:52:06+02;1369
2017-09-07 14:21:06+02;1349
2017-09-07 14:24:06+02;1349
2017-09-07 15:44:06+02;1349
2017-09-07 17:00:06+02;1379
2017-09-07 18:23:05+02;1349
2017-09-07 22:01:13+02;1499
2017-09-08 05:42:06+02;1409
2017-09-08 09:30:08+02;1379
2017-09-08 09:38:06+02;1379
2017-09-08 12:30:07+02;1409
2017-09-08 13:52:18+02;1379
2017-09-08 14:28:06+02;1369
2017-09-08 15:23:06+02;1359
2017-09-08 15:32:06+02;1349
2017-09-08 15:57:06+02;1349
2017-09-08 17:00:07+02;1379
2017-09-08 17:20:06+02;1369
2017-09-08 18:25:06+02;1339
2017-09-08 22:00:06+02;1499
2017-09-09 05:37:06+02;1399
2017-09-09 10:33:06+02;1379
2017-09-09 12:03:06+02;1369
2017-09-09 12:30:07+02;1399
2017-09-09 13:29:05+02;1369
2017-09-09 14:17:06+02;1369
2017-09-09 15:30:07+02;1359
2017-09-09 17:00:06+02;1389
2017-09-09 17:11:05+02;1379
2017-09-09 18:21:08+02;1349
2017-09-09 20:30:08+02;1339
2017-09-09 22:00:06+02;1499
2017-09-10 05:36:06+02;1399
2017-09-10 12:30:07+02;1429
2017-09-10 12:35:06+02;1429
2017-09-10 13:26:06+02;1379
2017-09-10 15:27:06+02;1359
2017-09-10 17:01:06+02;1389
2017-09-10 18:25:06+02;1359
2017-09-10 22:00:06+02;1499
2017-09-11 05:36:06+02;1409
2017-09-11 09:23:06+02;1399
2017-09-11 10:29:06+02;1399
2017-09-11 10:37:06+02;1389
2017-09-11 11:45:06+02;1389
2017-09-11 12:30:07+02;1419
2017-09-11 12:33:06+02;1409
2017-09-11 13:27:05+02;1369
2017-09-11 15:30:07+02;1349
2017-09-11 17:00:07+02;1379
2017-09-11 18:25:07+02;1349
2017-09-11 20:32:06+02;1339
2017-09-11 22:01:06+02;1489
2017-09-12 05:37:05+02;1399
2017-09-12 10:27:05+02;1389
2017-09-12 11:18:06+02;1379
2017-09-12 12:30:07+02;1409
2017-09-12 12:36:06+02;1399
2017-09-12 13:23:06+02;1369
2017-09-12 13:30:07+02;1349
2017-09-12 15:24:06+02;1349
2017-09-12 15:30:08+02;1329
2017-09-12 17:00:06+02;1359
2017-09-12 17:07:06+02;1359
2017-09-12 18:27:06+02;1329
2017-09-12 22:00:06+02;1479
2017-09-13 05:36:05+02;1379
2017-09-13 09:47:06+02;1359
2017-09-13 10:44:06+02;1349
2017-09-13 12:30:07+02;1379
2017-09-13 13:52:06+02;1349
2017-09-13 15:30:07+02;1329
2017-09-13 17:01:06+02;1349
2017-09-13 18:17:06+02;1329
2017-09-13 22:00:06+02;1479
2017-09-14 05:58:05+02;1479
2017-09-14 06:40:06+02;1329
2017-09-14 12:33:05+02;1359
2017-09-14 12:47:06+02;1359
2017-09-14 13:52:06+02;1329
2017-09-14 17:00:07+02;1349
2017-09-14 18:27:06+02;1329
2017-09-14 22:02:06+02;1479
2017-09-15 05:38:06+02;1389
2017-09-15 09:03:07+02;1379
2017-09-15 12:04:06+02;1369
2017-09-15 12:31:06+02;1399
2017-09-15 13:23:05+02;1349
2017-09-15 15:27:06+02;1329
2017-09-15 15:35:07+02;1329
2017-09-15 16:11:06+02;1329
2017-09-15 17:00:07+02;1349
2017-09-15 18:17:06+02;1329
2017-09-15 22:00:07+02;1489
2017-09-16 05:36:06+02;1369
2017-09-16 10:08:05+02;1369
2017-09-16 11:29:10+02;1369
2017-09-16 12:31:06+02;1389
2017-09-16 13:46:06+02;1359
2017-09-16 14:18:05+02;1359
2017-09-16 14:20:08+02;1349
2017-09-16 15:08:06+02;1329
2017-09-16 17:00:06+02;1349
2017-09-16 18:14:06+02;1329
2017-09-16 22:00:06+02;1489
2017-09-17 05:38:05+02;1369
2017-09-17 11:42:07+02;1349
2017-09-17 12:31:06+02;1379
2017-09-17 13:08:05+02;1359
2017-09-17 13:09:05+02;1359
2017-09-17 13:22:06+02;1329
2017-09-17 17:00:06+02;1349
2017-09-17 18:16:06+02;1329
2017-09-17 22:01:11+02;1489
2017-09-18 05:36:06+02;1379
2017-09-18 09:02:06+02;1379
2017-09-18 10:02:06+02;1369
2017-09-18 12:30:07+02;1399
2017-09-18 13:29:06+02;1349
2017-09-18 14:27:06+02;1349
2017-09-18 15:26:07+02;1329
2017-09-18 17:55:06+02;1329
2017-09-18 18:47:06+02;1329
2017-09-18 20:19:06+02;1319
2017-09-18 22:01:06+02;1479
2017-09-19 05:37:05+02;1379
2017-09-19 09:33:06+02;1379
2017-09-19 10:25:07+02;1369
2017-09-19 10:39:05+02;1369
2017-09-19 11:23:06+02;1369
2017-09-19 12:30:08+02;1399
2017-09-19 13:27:06+02;1349
2017-09-19 14:27:06+02;1349
2017-09-19 15:23:06+02;1329
2017-09-19 17:01:10+02;1349
2017-09-19 17:05:11+02;1349
2017-09-19 18:24:06+02;1329
2017-09-19 18:33:06+02;1319
2017-09-19 22:00:06+02;1479
2017-09-19 23:16:20+02;1479
2017-09-20 05:38:05+02;1379
2017-09-20 10:24:06+02;1369
2017-09-20 11:30:07+02;1369
2017-09-20 12:30:07+02;1399
2017-09-20 13:23:06+02;1349
2017-09-20 14:43:06+02;1349
2017-09-20 15:23:06+02;1329
2017-09-20 16:17:05+02;1329
2017-09-20 17:00:06+02;1349
2017-09-20 17:38:05+02;1339
2017-09-20 17:51:07+02;1319
2017-09-20 19:44:06+02;1319
2017-09-20 22:01:06+02;1479
2017-09-21 05:37:06+02;1379
2017-09-21 09:17:05+02;1379
2017-09-21 10:26:06+02;1369
2017-09-21 10:50:06+02;1369
2017-09-21 12:30:07+02;1399
2017-09-21 12:35:09+02;1399
2017-09-21 13:23:17+02;1349
2017-09-21 15:30:07+02;1329
2017-09-21 16:32:06+02;1329
2017-09-21 17:01:06+02;1349
2017-09-21 18:13:06+02;1329
2017-09-21 19:02:06+02;1329
2017-09-21 20:20:06+02;1319
2017-09-21 22:01:07+02;1479
